112
739
82
0 2
0 12
0 15
0 41
0 54
1 3
1 8
1 9
1 10
1 17
1 49
1 52
1 60
1 98
2 6
2 7
2 12
2 14
2 15
2 23
2 24
2 31
2 33
2 38
2 41
2 54
2 79
2 82
2 110
3 8
3 9
3 10
3 17
3 32
3 45
3 46
3 47
3 58
3 64
3 71
3 72
4 16
4 18
4 19
4 33
4 36
4 39
4 48
4 50
4 51
4 70
4 73
4 79
4 80
4 81
4 85
4 95
4 104
4 108
4 109
5 22
5 28
5 76
6 7
6 14
6 15
6 21
6 41
6 78
6 91
7 14
7 15
7 21
7 30
7 41
7 78
7 90
7 91
7 99
7 106
7 107
8 9
8 10
8 17
8 20
8 49
8 52
8 60
8 74
8 83
8 98
9 10
9 17
9 20
9 74
9 83
10 17
10 20
10 45
10 46
10 47
10 74
10 83
11 12
11 15
11 17
11 21
11 66
11 103
12 15
12 17
12 21
12 41
12 54
12 66
12 103
13 14
13 26
13 40
14 15
14 26
14 40
14 41
15 17
15 21
15 41
15 54
15 66
15 103
16 18
16 19
16 50
16 51
17 21
17 66
17 103
18 19
18 32
18 35
18 37
18 44
18 50
18 51
18 94
19 36
19 39
19 50
19 51
19 73
20 22
20 25
20 28
20 53
20 74
20 76
20 83
21 26
21 27
21 32
21 40
21 44
21 55
21 66
21 67
21 75
21 78
21 86
21 91
21 103
22 25
22 28
22 53
22 74
22 76
22 83
23 24
23 31
23 33
23 38
23 79
23 82
23 84
23 85
23 86
23 88
23 92
23 93
23 110
24 31
24 33
24 38
24 79
24 82
24 110
25 28
25 29
25 31
25 33
25 38
25 42
25 53
25 74
25 76
25 83
26 27
26 32
26 40
26 44
26 55
26 66
26 67
26 75
26 86
26 103
27 32
27 40
27 44
27 55
27 66
27 67
27 75
27 86
27 103
28 29
28 31
28 33
28 38
28 42
28 53
28 74
28 76
28 83
29 31
29 33
29 38
29 42
30 90
30 91
30 99
30 106
30 107
31 33
31 38
31 42
32 35
32 37
32 40
32 44
32 47
32 58
32 64
32 65
32 68
32 69
32 70
32 71
32 72
32 94
33 38
33 42
33 70
33 75
33 79
33 80
33 81
33 95
33 104
33 108
33 109
34 38
34 50
34 57
34 58
34 90
34 97
34 99
34 106
34 107
35 37
35 44
35 94
36 39
36 73
36 101
36 110
36 111
37 44
37 46
37 53
37 56
37 63
37 65
37 68
37 69
37 70
37 71
37 72
37 83
37 87
37 91
37 94
38 42
38 50
38 57
38 58
38 75
38 80
38 81
38 90
38 97
38 99
38 106
38 107
39 73
40 42
40 44
40 49
40 55
40 66
40 67
40 75
40 86
40 103
41 43
41 45
41 46
41 47
41 48
41 50
41 51
41 54
41 65
41 84
41 85
41 96
41 104
41 107
42 44
42 49
43 45
43 46
43 47
43 107
44 49
44 94
45 46
45 47
45 55
45 57
45 59
45 62
45 81
45 82
45 86
45 88
45 107
46 47
46 53
46 56
46 63
46 69
46 70
46 107
47 58
47 64
47 71
47 72
47 107
48 50
48 51
48 54
48 65
48 84
48 85
48 96
48 104
49 52
49 60
49 98
50 51
50 54
50 57
50 58
50 65
50 84
50 85
50 90
50 96
50 97
50 99
50 104
50 106
50 107
51 54
51 65
51 84
51 85
51 96
51 104
52 60
52 98
53 56
53 63
53 69
53 70
53 74
53 76
53 77
53 78
53 83
53 87
53 91
54 60
54 61
54 65
54 84
54 85
54 92
54 96
54 98
54 104
54 108
55 57
55 59
55 62
55 66
55 67
55 73
55 75
55 81
55 82
55 86
55 88
55 103
56 63
56 69
56 70
56 74
56 76
56 77
56 78
56 83
56 87
56 91
57 58
57 59
57 62
57 66
57 67
57 73
57 81
57 82
57 86
57 88
57 90
57 97
57 99
57 106
57 107
58 64
58 71
58 72
58 75
58 89
58 90
58 94
58 97
58 99
58 101
58 102
58 103
58 105
58 106
58 107
59 62
59 66
59 67
59 73
59 81
59 82
59 86
59 88
60 61
60 65
60 84
60 85
60 92
60 96
60 98
60 104
60 108
61 65
61 84
61 85
61 92
61 96
61 98
61 104
61 108
62 81
62 82
62 86
62 88
63 69
63 70
64 71
64 72
65 68
65 69
65 70
65 71
65 72
65 84
65 85
65 92
65 94
65 96
65 98
65 104
65 108
66 67
66 73
66 75
66 86
66 88
66 103
67 73
67 75
67 86
67 88
67 103
68 69
68 70
68 71
68 72
68 94
69 70
69 71
69 72
69 83
69 87
69 91
69 94
70 71
70 72
70 79
70 80
70 81
70 89
70 90
70 94
70 95
70 104
70 108
70 109
71 72
71 94
72 94
72 97
72 99
72 101
72 102
73 86
73 88
74 76
74 77
74 78
74 83
74 87
74 91
75 80
75 81
75 86
75 89
75 90
75 94
75 97
75 99
75 103
75 105
75 106
75 107
76 77
76 78
76 83
76 87
76 91
77 78
77 83
77 87
77 91
78 83
78 87
78 91
79 80
79 81
79 82
79 89
79 90
79 94
79 95
79 96
79 98
79 100
79 104
79 108
79 109
79 110
80 81
80 95
80 96
80 98
80 100
80 104
80 108
80 109
81 82
81 86
81 88
81 95
81 96
81 98
81 100
81 104
81 108
81 109
82 84
82 85
82 86
82 88
82 92
82 93
82 110
83 87
83 91
84 85
84 86
84 88
84 92
84 93
84 96
84 98
84 104
84 108
84 110
85 86
85 88
85 92
85 93
85 96
85 98
85 104
85 108
85 110
86 88
86 92
86 93
86 103
86 110
87 91
88 92
88 93
88 110
89 90
89 94
89 95
89 97
89 99
89 103
89 105
89 106
89 107
90 91
90 94
90 95
90 97
90 99
90 103
90 105
90 106
90 107
91 99
91 106
91 107
92 93
92 96
92 98
92 104
92 108
92 110
93 110
94 95
94 97
94 99
94 103
94 105
94 106
94 107
95 104
95 108
95 109
96 98
96 100
96 104
96 108
96 109
97 99
97 101
97 102
97 103
97 105
97 106
97 107
98 100
98 104
98 108
98 109
99 101
99 102
99 103
99 105
99 106
99 107
100 104
100 108
100 109
101 102
101 110
101 111
103 105
103 106
103 107
104 108
104 109
105 106
105 107
106 107
108 109
110 111
0
1
2
3 4
5
6
7 8
9
10
11
12 13
14 15
16
17
18
19
20 21
22
23
24
25 26
27 28
29
30
31
32 33
34
35
36 37
38 39
40
41 42
43
44 45
46
47
48
49 50
51
52
53 54
55
56
57 58
59
60
61
62
63
64
65 66
67
68
69
70 71
72 73
74
75 76
77
78
79 80
81 82
83 84
85 86
87
88 89
90 91
92
93 94
95
96
97
98 99
100
101
102
103 104
105
106
107 108
109 110
111
