52
128
44
0 1
0 5
0 21
0 22
1 5
1 20
1 27
2 3
2 18
2 35
3 18
5 38
6 7
6 16
6 32
6 34
7 16
7 32
7 34
8 9
8 12
8 24
8 28
8 33
8 37
8 38
8 40
8 44
8 49
9 12
9 36
10 12
10 16
10 17
12 16
12 17
13 19
13 37
14 30
15 18
15 20
15 23
15 39
15 43
16 17
16 19
16 21
16 32
16 34
17 19
17 21
18 20
18 23
18 39
18 43
19 21
19 37
20 27
21 22
23 39
23 41
23 43
23 50
24 26
24 28
24 30
24 33
24 36
24 38
25 31
25 32
25 34
25 35
25 46
26 28
26 30
26 36
26 44
28 30
28 33
28 38
29 31
30 50
31 38
31 40
31 46
32 34
32 35
33 37
33 38
33 40
33 44
33 49
34 35
36 39
36 41
36 42
36 51
37 38
37 40
37 44
37 49
38 40
38 44
38 49
39 41
39 42
39 43
39 50
39 51
40 44
40 49
41 42
41 43
41 50
41 51
42 51
43 45
43 46
43 50
44 47
44 48
44 49
45 46
45 50
46 50
47 48
48 51
0
1
2
3
4
5
6
7 8
9
10
11
12
13
14
15 16
17 18
19
20
21
22
23 24
25
26
27
28
29
30
31
32
33 34
35
36 37
38 39
40
41
42
43
44
45
46 47
48
49
50
51
