36
230
18
0 2
0 4
0 6
0 8
0 10
0 12
0 14
0 16
0 18
0 20
0 24
0 26
0 28
0 32
0 34
1 3
1 5
1 9
1 11
1 15
1 23
1 25
1 27
1 29
1 31
1 33
1 35
2 4
2 12
2 16
2 20
2 26
2 28
2 32
2 34
3 5
3 9
3 11
3 13
3 15
3 17
3 19
3 21
3 23
3 25
3 27
3 29
3 31
3 33
3 35
4 6
4 8
4 10
4 12
4 14
4 16
4 18
4 20
4 22
4 26
4 28
4 32
4 34
5 9
5 11
5 15
5 23
5 31
5 33
5 35
6 8
6 10
6 12
6 14
6 16
6 18
6 20
6 22
6 24
6 26
6 28
6 30
6 32
6 34
7 9
7 11
7 15
7 19
7 23
7 25
7 31
8 10
8 16
8 26
8 28
8 32
8 34
9 11
9 15
9 17
9 19
9 21
9 23
9 25
9 27
9 29
9 31
9 33
9 35
10 12
10 14
10 16
10 26
10 28
10 32
10 34
11 15
11 19
11 23
11 25
11 27
11 29
11 31
11 33
11 35
12 14
12 16
12 18
12 20
12 22
12 24
12 26
12 28
12 30
12 32
12 34
13 15
13 19
13 21
13 23
13 25
13 31
14 16
14 26
14 28
14 32
14 34
15 19
15 21
15 23
15 25
15 27
15 29
15 31
15 33
15 35
16 18
16 20
16 22
16 24
16 26
16 28
16 30
16 32
16 34
17 19
17 21
17 23
17 25
17 31
18 20
18 22
18 24
18 26
18 28
18 30
18 32
18 34
19 21
19 23
19 25
19 27
19 31
19 33
20 22
20 24
20 26
20 28
20 30
20 32
20 34
21 23
21 25
21 27
21 31
21 33
22 28
22 34
23 25
23 27
23 31
23 33
23 35
24 26
24 28
24 30
24 32
24 34
25 27
25 29
25 31
25 33
26 28
26 30
26 32
26 34
27 29
27 31
27 33
28 30
28 32
28 34
29 31
29 33
30 32
30 34
31 33
31 35
32 34
33 35
0 1
2 3
4 5
6 7
8 9
10 11
12 13
14 15
16 17
18 19
20 21
22 23
24 25
26 27
28 29
30 31
32 33
34 35
