260
13594
130
0 2
0 4
0 6
0 8
0 10
0 12
0 14
0 16
0 18
0 20
0 44
0 62
0 76
0 92
0 100
0 102
0 118
0 120
0 122
0 132
0 134
0 136
0 138
0 150
0 152
0 154
0 156
0 158
0 172
0 174
0 176
0 178
0 180
0 190
0 192
0 194
0 196
0 198
0 200
0 202
0 208
0 210
0 212
0 214
0 216
0 218
0 220
0 222
0 224
0 226
0 228
0 230
0 232
0 234
0 236
0 238
0 242
0 244
0 246
0 248
0 250
0 252
0 254
0 256
0 258
1 3
1 5
1 7
1 9
1 11
1 13
1 15
1 17
1 19
1 21
1 25
1 27
1 29
1 31
1 33
1 35
1 37
1 39
1 41
1 43
1 45
1 47
1 49
1 51
1 53
1 55
1 57
1 59
1 61
1 63
1 65
1 67
1 69
1 71
1 73
1 75
1 77
1 79
1 81
1 83
1 85
1 87
1 89
1 91
1 93
1 95
1 97
1 99
1 101
1 103
1 105
1 107
1 109
1 111
1 113
1 115
1 117
1 119
1 121
1 123
1 125
1 127
1 129
1 131
1 133
1 135
1 137
1 139
1 141
1 143
1 145
1 147
1 149
1 151
1 153
1 155
1 157
1 159
1 161
1 163
1 165
1 167
1 169
1 171
1 173
1 175
1 177
1 179
1 181
1 183
1 185
1 187
1 189
1 191
1 193
1 195
1 197
1 199
1 201
1 203
1 205
1 207
1 209
1 211
1 213
1 215
1 217
1 219
1 221
1 223
1 225
1 227
1 229
1 231
1 233
1 235
1 237
1 239
1 241
1 243
1 245
1 247
1 249
1 251
1 253
1 255
1 257
1 259
2 4
2 6
2 8
2 10
2 12
2 14
2 16
2 18
2 20
2 22
2 24
2 26
2 28
2 30
2 32
2 34
2 36
2 38
2 40
2 42
2 44
2 46
2 48
2 50
2 52
2 54
2 56
2 58
2 60
2 62
2 64
2 66
2 68
2 70
2 72
2 76
2 92
2 100
2 102
2 118
2 120
2 122
2 132
2 134
2 136
2 138
2 150
2 152
2 154
2 156
2 158
2 172
2 174
2 176
2 178
2 180
2 190
2 192
2 194
2 196
2 198
2 200
2 202
2 208
2 210
2 212
2 214
2 216
2 218
2 220
2 222
2 224
2 226
2 228
2 230
2 232
2 234
2 236
2 238
2 242
2 244
2 246
2 248
2 250
2 252
2 254
2 256
2 258
3 5
3 7
3 9
3 11
3 13
3 15
3 17
3 19
3 21
3 25
3 27
3 29
3 31
3 33
3 35
3 37
3 39
3 41
3 47
3 49
3 51
3 53
3 55
3 57
3 59
3 61
3 65
3 67
3 69
3 71
3 73
3 79
3 81
3 83
3 85
3 87
3 89
3 91
3 93
3 95
3 97
3 99
3 101
3 103
3 105
3 107
3 109
3 111
3 113
3 115
3 117
3 119
3 121
3 123
3 125
3 127
3 129
3 131
3 133
3 135
3 137
3 139
3 141
3 143
3 145
3 147
3 149
3 151
3 153
3 155
3 157
3 159
3 161
3 163
3 165
3 167
3 169
3 171
3 173
3 175
3 177
3 179
3 181
3 183
3 185
3 187
3 189
3 191
3 193
3 195
3 197
3 199
3 201
3 203
3 205
3 207
3 209
3 211
3 213
3 215
3 217
3 219
3 221
3 223
3 225
3 227
3 229
3 231
3 233
3 235
3 237
3 239
3 241
3 243
3 245
3 247
3 249
3 251
3 253
3 255
3 257
3 259
4 6
4 8
4 10
4 12
4 14
4 16
4 18
4 20
4 22
4 24
4 26
4 28
4 30
4 32
4 34
4 36
4 38
4 40
4 42
4 44
4 46
4 48
4 50
4 52
4 54
4 56
4 58
4 60
4 62
4 64
4 66
4 68
4 70
4 72
4 74
4 76
4 78
4 80
4 82
4 84
4 86
4 88
4 92
4 100
4 102
4 118
4 120
4 122
4 132
4 134
4 136
4 138
4 150
4 152
4 154
4 156
4 158
4 172
4 174
4 176
4 178
4 180
4 190
4 192
4 194
4 196
4 198
4 200
4 202
4 208
4 210
4 212
4 214
4 216
4 218
4 220
4 222
4 224
4 226
4 228
4 230
4 232
4 234
4 236
4 238
4 242
4 244
4 246
4 248
4 250
4 252
4 254
4 256
4 258
5 7
5 9
5 11
5 13
5 15
5 17
5 19
5 21
5 25
5 27
5 29
5 31
5 33
5 35
5 37
5 39
5 41
5 47
5 49
5 51
5 53
5 55
5 57
5 59
5 61
5 65
5 67
5 69
5 71
5 73
5 79
5 81
5 83
5 85
5 87
5 89
5 95
5 97
5 99
5 101
5 103
5 105
5 107
5 109
5 111
5 113
5 115
5 117
5 119
5 121
5 123
5 125
5 127
5 129
5 131
5 133
5 135
5 137
5 139
5 141
5 143
5 145
5 147
5 149
5 151
5 153
5 155
5 157
5 159
5 161
5 163
5 165
5 167
5 169
5 171
5 173
5 175
5 177
5 179
5 181
5 183
5 185
5 187
5 189
5 191
5 193
5 195
5 197
5 199
5 201
5 203
5 205
5 207
5 209
5 211
5 213
5 215
5 217
5 219
5 221
5 223
5 225
5 227
5 229
5 231
5 233
5 235
5 237
5 239
5 241
5 243
5 245
5 247
5 249
5 251
5 253
5 255
5 257
5 259
6 8
6 10
6 12
6 14
6 16
6 18
6 20
6 22
6 24
6 26
6 28
6 30
6 32
6 34
6 36
6 38
6 40
6 42
6 44
6 46
6 48
6 50
6 52
6 54
6 56
6 58
6 60
6 62
6 64
6 66
6 68
6 70
6 72
6 74
6 76
6 78
6 80
6 82
6 84
6 86
6 88
6 90
6 92
6 94
6 96
6 98
6 100
6 102
6 118
6 120
6 122
6 132
6 134
6 136
6 138
6 150
6 152
6 154
6 156
6 158
6 172
6 174
6 176
6 178
6 180
6 190
6 192
6 194
6 196
6 198
6 200
6 202
6 208
6 210
6 212
6 214
6 216
6 218
6 220
6 222
6 224
6 226
6 228
6 230
6 232
6 234
6 236
6 238
6 242
6 244
6 246
6 248
6 250
6 252
6 254
6 256
6 258
7 9
7 11
7 13
7 15
7 17
7 19
7 21
7 25
7 27
7 29
7 31
7 33
7 35
7 37
7 39
7 41
7 47
7 49
7 51
7 53
7 55
7 57
7 59
7 61
7 65
7 67
7 69
7 71
7 73
7 79
7 81
7 83
7 85
7 87
7 89
7 95
7 97
7 99
7 105
7 107
7 109
7 111
7 113
7 115
7 117
7 119
7 121
7 123
7 125
7 127
7 129
7 131
7 133
7 135
7 137
7 139
7 141
7 143
7 145
7 147
7 149
7 151
7 153
7 155
7 157
7 159
7 161
7 163
7 165
7 167
7 169
7 171
7 173
7 175
7 177
7 179
7 181
7 183
7 185
7 187
7 189
7 191
7 193
7 195
7 197
7 199
7 201
7 203
7 205
7 207
7 209
7 211
7 213
7 215
7 217
7 219
7 221
7 223
7 225
7 227
7 229
7 231
7 233
7 235
7 237
7 239
7 241
7 243
7 245
7 247
7 249
7 251
7 253
7 255
7 257
7 259
8 10
8 12
8 14
8 16
8 18
8 20
8 22
8 24
8 26
8 28
8 30
8 32
8 34
8 36
8 38
8 40
8 42
8 44
8 46
8 48
8 50
8 52
8 54
8 56
8 58
8 60
8 62
8 64
8 66
8 68
8 70
8 72
8 74
8 76
8 78
8 80
8 82
8 84
8 86
8 88
8 90
8 92
8 94
8 96
8 98
8 100
8 102
8 104
8 106
8 108
8 110
8 112
8 114
8 118
8 120
8 122
8 132
8 134
8 136
8 138
8 150
8 152
8 154
8 156
8 158
8 172
8 174
8 176
8 178
8 180
8 190
8 192
8 194
8 196
8 198
8 200
8 202
8 208
8 210
8 212
8 214
8 216
8 218
8 220
8 222
8 224
8 226
8 228
8 230
8 232
8 234
8 236
8 238
8 242
8 244
8 246
8 248
8 250
8 252
8 254
8 256
8 258
9 11
9 13
9 15
9 17
9 19
9 21
9 25
9 27
9 29
9 31
9 33
9 35
9 37
9 39
9 41
9 47
9 49
9 51
9 53
9 55
9 57
9 59
9 61
9 65
9 67
9 69
9 71
9 73
9 79
9 81
9 83
9 85
9 87
9 89
9 95
9 97
9 99
9 105
9 107
9 109
9 111
9 113
9 115
9 125
9 127
9 129
9 131
9 133
9 135
9 137
9 139
9 141
9 143
9 145
9 147
9 149
9 151
9 153
9 155
9 157
9 159
9 161
9 163
9 165
9 167
9 169
9 171
9 173
9 175
9 177
9 179
9 181
9 183
9 185
9 187
9 189
9 191
9 193
9 195
9 197
9 199
9 201
9 203
9 205
9 207
9 209
9 211
9 213
9 215
9 217
9 219
9 221
9 223
9 225
9 227
9 229
9 231
9 233
9 235
9 237
9 239
9 241
9 243
9 245
9 247
9 249
9 251
9 253
9 255
9 257
9 259
10 12
10 14
10 16
10 18
10 20
10 22
10 24
10 26
10 28
10 30
10 32
10 34
10 36
10 38
10 40
10 42
10 44
10 46
10 48
10 50
10 52
10 54
10 56
10 58
10 60
10 62
10 64
10 66
10 68
10 70
10 72
10 74
10 76
10 78
10 80
10 82
10 84
10 86
10 88
10 90
10 92
10 94
10 96
10 98
10 100
10 102
10 104
10 106
10 108
10 110
10 112
10 114
10 116
10 118
10 120
10 122
10 124
10 126
10 128
10 130
10 132
10 134
10 136
10 138
10 140
10 142
10 144
10 146
10 150
10 152
10 154
10 156
10 158
10 172
10 174
10 176
10 178
10 180
10 190
10 192
10 194
10 196
10 198
10 200
10 202
10 208
10 210
10 212
10 214
10 216
10 218
10 220
10 222
10 224
10 226
10 228
10 230
10 232
10 234
10 236
10 238
10 242
10 244
10 246
10 248
10 250
10 252
10 254
10 256
10 258
11 13
11 15
11 17
11 19
11 21
11 25
11 27
11 29
11 31
11 33
11 35
11 37
11 39
11 41
11 47
11 49
11 51
11 53
11 55
11 57
11 59
11 61
11 65
11 67
11 69
11 71
11 73
11 79
11 81
11 83
11 85
11 87
11 89
11 95
11 97
11 99
11 105
11 107
11 109
11 111
11 113
11 115
11 125
11 127
11 129
11 141
11 143
11 145
11 147
11 161
11 163
11 165
11 167
11 169
11 171
11 173
11 175
11 177
11 179
11 181
11 183
11 185
11 187
11 189
11 191
11 193
11 195
11 197
11 199
11 201
11 203
11 205
11 207
11 209
11 211
11 213
11 215
11 217
11 219
11 221
11 223
11 225
11 227
11 229
11 231
11 233
11 235
11 237
11 239
11 241
11 243
11 245
11 247
11 249
11 251
11 253
11 255
11 257
11 259
12 14
12 16
12 18
12 20
12 22
12 24
12 26
12 28
12 30
12 32
12 34
12 36
12 38
12 40
12 42
12 44
12 46
12 48
12 50
12 52
12 54
12 56
12 58
12 60
12 62
12 64
12 66
12 68
12 70
12 72
12 74
12 76
12 78
12 80
12 82
12 84
12 86
12 88
12 90
12 92
12 94
12 96
12 98
12 100
12 102
12 104
12 106
12 108
12 110
12 112
12 114
12 116
12 118
12 120
12 122
12 124
12 126
12 128
12 130
12 132
12 134
12 136
12 138
12 140
12 142
12 144
12 146
12 148
12 150
12 152
12 154
12 156
12 158
12 160
12 162
12 164
12 166
12 168
12 172
12 174
12 176
12 178
12 180
12 190
12 192
12 194
12 196
12 198
12 200
12 202
12 208
12 210
12 212
12 214
12 216
12 218
12 220
12 222
12 224
12 226
12 228
12 230
12 232
12 234
12 236
12 238
12 242
12 244
12 246
12 248
12 250
12 252
12 254
12 256
12 258
13 15
13 17
13 19
13 21
13 25
13 27
13 29
13 31
13 33
13 35
13 37
13 39
13 41
13 47
13 49
13 51
13 53
13 55
13 57
13 59
13 61
13 65
13 67
13 69
13 71
13 73
13 79
13 81
13 83
13 85
13 87
13 89
13 95
13 97
13 99
13 105
13 107
13 109
13 111
13 113
13 115
13 125
13 127
13 129
13 141
13 143
13 145
13 147
13 161
13 163
13 165
13 167
13 169
13 183
13 185
13 187
13 189
13 191
13 193
13 195
13 197
13 199
13 201
13 203
13 205
13 207
13 209
13 211
13 213
13 215
13 217
13 219
13 221
13 223
13 225
13 227
13 229
13 231
13 233
13 235
13 237
13 239
13 241
13 243
13 245
13 247
13 249
13 251
13 253
13 255
13 257
13 259
14 16
14 18
14 20
14 22
14 24
14 26
14 28
14 30
14 32
14 34
14 36
14 38
14 40
14 42
14 44
14 46
14 48
14 50
14 52
14 54
14 56
14 58
14 60
14 62
14 64
14 66
14 68
14 70
14 72
14 74
14 76
14 78
14 80
14 82
14 84
14 86
14 88
14 90
14 92
14 94
14 96
14 98
14 100
14 102
14 104
14 106
14 108
14 110
14 112
14 114
14 116
14 118
14 120
14 122
14 124
14 126
14 128
14 130
14 132
14 134
14 136
14 138
14 140
14 142
14 144
14 146
14 148
14 150
14 152
14 154
14 156
14 158
14 160
14 162
14 164
14 166
14 168
14 170
14 172
14 174
14 176
14 178
14 180
14 182
14 184
14 186
14 188
14 190
14 192
14 194
14 196
14 198
14 200
14 202
14 208
14 210
14 212
14 214
14 216
14 218
14 220
14 222
14 224
14 226
14 228
14 230
14 232
14 234
14 236
14 238
14 242
14 244
14 246
14 248
14 250
14 252
14 254
14 256
14 258
15 17
15 19
15 21
15 25
15 27
15 29
15 31
15 33
15 35
15 37
15 39
15 41
15 47
15 49
15 51
15 53
15 55
15 57
15 59
15 61
15 65
15 67
15 69
15 71
15 73
15 79
15 81
15 83
15 85
15 87
15 89
15 95
15 97
15 99
15 105
15 107
15 109
15 111
15 113
15 115
15 125
15 127
15 129
15 141
15 143
15 145
15 147
15 161
15 163
15 165
15 167
15 169
15 183
15 185
15 187
15 189
15 205
15 207
15 209
15 211
15 213
15 215
15 217
15 219
15 221
15 223
15 225
15 227
15 229
15 231
15 233
15 235
15 237
15 239
15 241
15 243
15 245
15 247
15 249
15 251
15 253
15 255
15 257
15 259
16 18
16 20
16 22
16 24
16 26
16 28
16 30
16 32
16 34
16 36
16 38
16 40
16 42
16 44
16 46
16 48
16 50
16 52
16 54
16 56
16 58
16 60
16 62
16 64
16 66
16 68
16 70
16 72
16 74
16 76
16 78
16 80
16 82
16 84
16 86
16 88
16 90
16 92
16 94
16 96
16 98
16 100
16 102
16 104
16 106
16 108
16 110
16 112
16 114
16 116
16 118
16 120
16 122
16 124
16 126
16 128
16 130
16 132
16 134
16 136
16 138
16 140
16 142
16 144
16 146
16 148
16 150
16 152
16 154
16 156
16 158
16 160
16 162
16 164
16 166
16 168
16 170
16 172
16 174
16 176
16 178
16 180
16 182
16 184
16 186
16 188
16 190
16 192
16 194
16 196
16 198
16 200
16 202
16 204
16 206
16 208
16 210
16 212
16 214
16 216
16 218
16 220
16 222
16 224
16 226
16 228
16 230
16 232
16 234
16 236
16 238
16 242
16 244
16 246
16 248
16 250
16 252
16 254
16 256
16 258
17 19
17 21
17 25
17 27
17 29
17 31
17 33
17 35
17 37
17 39
17 41
17 47
17 49
17 51
17 53
17 55
17 57
17 59
17 61
17 65
17 67
17 69
17 71
17 73
17 79
17 81
17 83
17 85
17 87
17 89
17 95
17 97
17 99
17 105
17 107
17 109
17 111
17 113
17 115
17 125
17 127
17 129
17 141
17 143
17 145
17 147
17 161
17 163
17 165
17 167
17 169
17 183
17 185
17 187
17 189
17 205
17 207
17 227
17 229
17 231
17 233
17 235
17 237
17 239
17 241
17 243
17 245
17 247
17 249
17 251
17 253
17 255
17 257
17 259
18 20
18 22
18 24
18 26
18 28
18 30
18 32
18 34
18 36
18 38
18 40
18 42
18 44
18 46
18 48
18 50
18 52
18 54
18 56
18 58
18 60
18 62
18 64
18 66
18 68
18 70
18 72
18 74
18 76
18 78
18 80
18 82
18 84
18 86
18 88
18 90
18 92
18 94
18 96
18 98
18 100
18 102
18 104
18 106
18 108
18 110
18 112
18 114
18 116
18 118
18 120
18 122
18 124
18 126
18 128
18 130
18 132
18 134
18 136
18 138
18 140
18 142
18 144
18 146
18 148
18 150
18 152
18 154
18 156
18 158
18 160
18 162
18 164
18 166
18 168
18 170
18 172
18 174
18 176
18 178
18 180
18 182
18 184
18 186
18 188
18 190
18 192
18 194
18 196
18 198
18 200
18 202
18 204
18 206
18 208
18 210
18 212
18 214
18 216
18 218
18 220
18 222
18 224
18 226
18 228
18 230
18 232
18 234
18 236
18 238
18 242
18 244
18 246
18 248
18 250
18 252
18 254
18 256
18 258
19 21
19 25
19 27
19 29
19 31
19 33
19 35
19 37
19 39
19 41
19 47
19 49
19 51
19 53
19 55
19 57
19 59
19 61
19 65
19 67
19 69
19 71
19 73
19 79
19 81
19 83
19 85
19 87
19 89
19 95
19 97
19 99
19 105
19 107
19 109
19 111
19 113
19 115
19 125
19 127
19 129
19 141
19 143
19 145
19 147
19 161
19 163
19 165
19 167
19 169
19 183
19 185
19 187
19 189
19 205
19 207
19 241
19 243
19 245
19 247
19 249
19 251
19 253
19 255
19 257
19 259
20 22
20 24
20 26
20 28
20 30
20 32
20 34
20 36
20 38
20 40
20 42
20 44
20 46
20 48
20 50
20 52
20 54
20 56
20 58
20 60
20 62
20 64
20 66
20 68
20 70
20 72
20 74
20 76
20 78
20 80
20 82
20 84
20 86
20 88
20 90
20 92
20 94
20 96
20 98
20 100
20 102
20 104
20 106
20 108
20 110
20 112
20 114
20 116
20 118
20 120
20 122
20 124
20 126
20 128
20 130
20 132
20 134
20 136
20 138
20 140
20 142
20 144
20 146
20 148
20 150
20 152
20 154
20 156
20 158
20 160
20 162
20 164
20 166
20 168
20 170
20 172
20 174
20 176
20 178
20 180
20 182
20 184
20 186
20 188
20 190
20 192
20 194
20 196
20 198
20 200
20 202
20 204
20 206
20 208
20 210
20 212
20 214
20 216
20 218
20 220
20 222
20 224
20 226
20 228
20 230
20 232
20 234
20 236
20 238
20 242
20 244
20 246
20 248
20 250
20 252
20 254
20 256
20 258
21 25
21 27
21 29
21 31
21 33
21 35
21 37
21 39
21 41
21 47
21 49
21 51
21 53
21 55
21 57
21 59
21 61
21 65
21 67
21 69
21 71
21 73
21 79
21 81
21 83
21 85
21 87
21 89
21 95
21 97
21 99
21 105
21 107
21 109
21 111
21 113
21 115
21 125
21 127
21 129
21 141
21 143
21 145
21 147
21 161
21 163
21 165
21 167
21 169
21 183
21 185
21 187
21 189
21 205
21 207
22 24
22 26
22 28
22 30
22 32
22 34
22 36
22 38
22 40
22 42
22 44
22 46
22 48
22 50
22 52
22 54
22 56
22 58
22 60
22 62
22 64
22 66
22 68
22 70
22 72
22 74
22 76
22 78
22 80
22 82
22 84
22 86
22 88
22 90
22 92
22 94
22 96
22 98
22 100
22 102
22 104
22 106
22 108
22 110
22 112
22 114
22 116
22 118
22 120
22 122
22 124
22 126
22 128
22 130
22 132
22 134
22 136
22 138
22 140
22 142
22 144
22 146
22 148
22 150
22 152
22 154
22 156
22 158
22 160
22 162
22 164
22 166
22 168
22 170
22 172
22 174
22 176
22 178
22 180
22 182
22 184
22 186
22 188
22 190
22 192
22 194
22 196
22 198
22 200
22 202
22 204
22 206
22 208
22 210
22 212
22 214
22 216
22 218
22 220
22 222
22 224
22 226
22 228
22 230
22 232
22 234
22 236
22 238
22 240
22 242
22 244
22 246
22 248
22 250
22 252
22 254
22 256
22 258
23 25
23 27
23 29
23 31
23 33
23 35
23 37
23 39
23 41
23 43
23 47
23 49
23 51
23 53
23 55
23 57
23 59
23 61
23 65
23 67
23 69
23 71
23 73
23 75
23 79
23 81
23 83
23 85
23 87
23 89
23 91
23 95
23 97
23 99
23 105
23 107
23 109
23 111
23 113
23 115
23 117
23 125
23 127
23 129
23 131
23 141
23 143
23 145
23 147
23 149
23 161
23 163
23 165
23 167
23 169
23 171
23 183
23 185
23 187
23 189
23 205
23 207
23 241
24 26
24 28
24 30
24 32
24 34
24 36
24 38
24 40
24 62
24 92
24 100
24 102
24 118
24 120
24 122
24 134
24 136
24 138
24 152
24 154
24 156
24 158
24 172
24 174
24 176
24 178
24 180
24 192
24 194
24 196
24 198
24 200
24 202
24 210
24 212
24 214
24 216
24 218
24 220
24 222
24 224
24 226
24 228
24 230
24 232
24 234
24 236
24 238
24 244
24 246
24 248
24 250
24 252
24 254
24 256
24 258
25 27
25 29
25 31
25 33
25 35
25 37
25 39
25 41
25 43
25 47
25 49
25 51
25 53
25 55
25 57
25 59
25 61
25 63
25 65
25 67
25 69
25 71
25 73
25 75
25 77
25 79
25 81
25 83
25 85
25 87
25 89
25 91
25 93
25 95
25 97
25 99
25 101
25 103
25 105
25 107
25 109
25 111
25 113
25 115
25 117
25 119
25 121
25 123
25 125
25 127
25 129
25 131
25 133
25 135
25 137
25 139
25 141
25 143
25 145
25 147
25 149
25 151
25 153
25 155
25 157
25 159
25 161
25 163
25 165
25 167
25 169
25 171
25 173
25 175
25 177
25 179
25 181
25 183
25 185
25 187
25 189
25 191
25 193
25 195
25 197
25 199
25 201
25 203
25 205
25 207
25 209
25 211
25 213
25 215
25 217
25 219
25 221
25 223
25 225
25 227
25 229
25 231
25 233
25 235
25 237
25 239
25 241
25 243
25 245
25 247
25 249
25 251
25 253
25 255
25 257
25 259
26 28
26 30
26 32
26 34
26 36
26 38
26 40
26 42
26 44
26 46
26 48
26 50
26 52
26 54
26 56
26 58
26 60
26 62
26 64
26 66
26 68
26 70
26 72
26 74
26 76
26 78
26 80
26 82
26 84
26 86
26 88
26 92
26 100
26 102
26 118
26 120
26 122
26 134
26 136
26 138
26 152
26 154
26 156
26 158
26 172
26 174
26 176
26 178
26 180
26 192
26 194
26 196
26 198
26 200
26 202
26 210
26 212
26 214
26 216
26 218
26 220
26 222
26 224
26 226
26 228
26 230
26 232
26 234
26 236
26 238
26 244
26 246
26 248
26 250
26 252
26 254
26 256
26 258
27 29
27 31
27 33
27 35
27 37
27 39
27 41
27 43
27 47
27 49
27 51
27 53
27 55
27 57
27 59
27 61
27 65
27 67
27 69
27 71
27 73
27 75
27 79
27 81
27 83
27 85
27 87
27 89
27 91
27 95
27 97
27 99
27 101
27 103
27 105
27 107
27 109
27 111
27 113
27 115
27 117
27 119
27 121
27 123
27 125
27 127
27 129
27 131
27 133
27 135
27 137
27 139
27 141
27 143
27 145
27 147
27 149
27 151
27 153
27 155
27 157
27 159
27 161
27 163
27 165
27 167
27 169
27 171
27 173
27 175
27 177
27 179
27 181
27 183
27 185
27 187
27 189
27 191
27 193
27 195
27 197
27 199
27 201
27 203
27 205
27 207
27 209
27 211
27 213
27 215
27 217
27 219
27 221
27 223
27 225
27 227
27 229
27 231
27 233
27 235
27 237
27 239
27 241
27 243
27 245
27 247
27 249
27 251
27 253
27 255
27 257
27 259
28 30
28 32
28 34
28 36
28 38
28 40
28 42
28 44
28 46
28 48
28 50
28 52
28 54
28 56
28 58
28 60
28 62
28 64
28 66
28 68
28 70
28 72
28 74
28 76
28 78
28 80
28 82
28 84
28 86
28 88
28 90
28 92
28 94
28 96
28 98
28 100
28 102
28 118
28 120
28 122
28 134
28 136
28 138
28 152
28 154
28 156
28 158
28 172
28 174
28 176
28 178
28 180
28 192
28 194
28 196
28 198
28 200
28 202
28 210
28 212
28 214
28 216
28 218
28 220
28 222
28 224
28 226
28 228
28 230
28 232
28 234
28 236
28 238
28 244
28 246
28 248
28 250
28 252
28 254
28 256
28 258
29 31
29 33
29 35
29 37
29 39
29 41
29 43
29 47
29 49
29 51
29 53
29 55
29 57
29 59
29 61
29 65
29 67
29 69
29 71
29 73
29 75
29 79
29 81
29 83
29 85
29 87
29 89
29 91
29 95
29 97
29 99
29 105
29 107
29 109
29 111
29 113
29 115
29 117
29 119
29 121
29 123
29 125
29 127
29 129
29 131
29 133
29 135
29 137
29 139
29 141
29 143
29 145
29 147
29 149
29 151
29 153
29 155
29 157
29 159
29 161
29 163
29 165
29 167
29 169
29 171
29 173
29 175
29 177
29 179
29 181
29 183
29 185
29 187
29 189
29 191
29 193
29 195
29 197
29 199
29 201
29 203
29 205
29 207
29 209
29 211
29 213
29 215
29 217
29 219
29 221
29 223
29 225
29 227
29 229
29 231
29 233
29 235
29 237
29 239
29 241
29 243
29 245
29 247
29 249
29 251
29 253
29 255
29 257
29 259
30 32
30 34
30 36
30 38
30 40
30 42
30 44
30 46
30 48
30 50
30 52
30 54
30 56
30 58
30 60
30 62
30 64
30 66
30 68
30 70
30 72
30 74
30 76
30 78
30 80
30 82
30 84
30 86
30 88
30 90
30 92
30 94
30 96
30 98
30 100
30 102
30 104
30 106
30 108
30 110
30 112
30 114
30 118
30 120
30 122
30 134
30 136
30 138
30 152
30 154
30 156
30 158
30 172
30 174
30 176
30 178
30 180
30 192
30 194
30 196
30 198
30 200
30 202
30 210
30 212
30 214
30 216
30 218
30 220
30 222
30 224
30 226
30 228
30 230
30 232
30 234
30 236
30 238
30 244
30 246
30 248
30 250
30 252
30 254
30 256
30 258
31 33
31 35
31 37
31 39
31 41
31 43
31 47
31 49
31 51
31 53
31 55
31 57
31 59
31 61
31 65
31 67
31 69
31 71
31 73
31 75
31 79
31 81
31 83
31 85
31 87
31 89
31 91
31 95
31 97
31 99
31 105
31 107
31 109
31 111
31 113
31 115
31 117
31 125
31 127
31 129
31 131
31 133
31 135
31 137
31 139
31 141
31 143
31 145
31 147
31 149
31 151
31 153
31 155
31 157
31 159
31 161
31 163
31 165
31 167
31 169
31 171
31 173
31 175
31 177
31 179
31 181
31 183
31 185
31 187
31 189
31 191
31 193
31 195
31 197
31 199
31 201
31 203
31 205
31 207
31 209
31 211
31 213
31 215
31 217
31 219
31 221
31 223
31 225
31 227
31 229
31 231
31 233
31 235
31 237
31 239
31 241
31 243
31 245
31 247
31 249
31 251
31 253
31 255
31 257
31 259
32 34
32 36
32 38
32 40
32 42
32 44
32 46
32 48
32 50
32 52
32 54
32 56
32 58
32 60
32 62
32 64
32 66
32 68
32 70
32 72
32 74
32 76
32 78
32 80
32 82
32 84
32 86
32 88
32 90
32 92
32 94
32 96
32 98
32 100
32 102
32 104
32 106
32 108
32 110
32 112
32 114
32 116
32 118
32 120
32 122
32 124
32 126
32 128
32 134
32 136
32 138
32 152
32 154
32 156
32 158
32 172
32 174
32 176
32 178
32 180
32 192
32 194
32 196
32 198
32 200
32 202
32 210
32 212
32 214
32 216
32 218
32 220
32 222
32 224
32 226
32 228
32 230
32 232
32 234
32 236
32 238
32 244
32 246
32 248
32 250
32 252
32 254
32 256
32 258
33 35
33 37
33 39
33 41
33 43
33 47
33 49
33 51
33 53
33 55
33 57
33 59
33 61
33 65
33 67
33 69
33 71
33 73
33 75
33 79
33 81
33 83
33 85
33 87
33 89
33 91
33 95
33 97
33 99
33 105
33 107
33 109
33 111
33 113
33 115
33 117
33 125
33 127
33 129
33 131
33 141
33 143
33 145
33 147
33 149
33 151
33 153
33 155
33 157
33 159
33 161
33 163
33 165
33 167
33 169
33 171
33 173
33 175
33 177
33 179
33 181
33 183
33 185
33 187
33 189
33 191
33 193
33 195
33 197
33 199
33 201
33 203
33 205
33 207
33 209
33 211
33 213
33 215
33 217
33 219
33 221
33 223
33 225
33 227
33 229
33 231
33 233
33 235
33 237
33 239
33 241
33 243
33 245
33 247
33 249
33 251
33 253
33 255
33 257
33 259
34 36
34 38
34 40
34 42
34 44
34 46
34 48
34 50
34 52
34 54
34 56
34 58
34 60
34 62
34 64
34 66
34 68
34 70
34 72
34 74
34 76
34 78
34 80
34 82
34 84
34 86
34 88
34 90
34 92
34 94
34 96
34 98
34 100
34 102
34 104
34 106
34 108
34 110
34 112
34 114
34 116
34 118
34 120
34 122
34 124
34 126
34 128
34 130
34 132
34 134
34 136
34 138
34 140
34 142
34 144
34 146
34 152
34 154
34 156
34 158
34 172
34 174
34 176
34 178
34 180
34 192
34 194
34 196
34 198
34 200
34 202
34 210
34 212
34 214
34 216
34 218
34 220
34 222
34 224
34 226
34 228
34 230
34 232
34 234
34 236
34 238
34 244
34 246
34 248
34 250
34 252
34 254
34 256
34 258
35 37
35 39
35 41
35 43
35 47
35 49
35 51
35 53
35 55
35 57
35 59
35 61
35 65
35 67
35 69
35 71
35 73
35 75
35 79
35 81
35 83
35 85
35 87
35 89
35 91
35 95
35 97
35 99
35 105
35 107
35 109
35 111
35 113
35 115
35 117
35 125
35 127
35 129
35 131
35 141
35 143
35 145
35 147
35 149
35 161
35 163
35 165
35 167
35 169
35 171
35 173
35 175
35 177
35 179
35 181
35 183
35 185
35 187
35 189
35 191
35 193
35 195
35 197
35 199
35 201
35 203
35 205
35 207
35 209
35 211
35 213
35 215
35 217
35 219
35 221
35 223
35 225
35 227
35 229
35 231
35 233
35 235
35 237
35 239
35 241
35 243
35 245
35 247
35 249
35 251
35 253
35 255
35 257
35 259
36 38
36 40
36 42
36 44
36 46
36 48
36 50
36 52
36 54
36 56
36 58
36 60
36 62
36 64
36 66
36 68
36 70
36 72
36 74
36 76
36 78
36 80
36 82
36 84
36 86
36 88
36 90
36 92
36 94
36 96
36 98
36 100
36 102
36 104
36 106
36 108
36 110
36 112
36 114
36 116
36 118
36 120
36 122
36 124
36 126
36 128
36 130
36 132
36 134
36 136
36 138
36 140
36 142
36 144
36 146
36 148
36 150
36 152
36 154
36 156
36 158
36 160
36 162
36 164
36 166
36 168
36 170
36 172
36 174
36 176
36 178
36 180
36 182
36 184
36 186
36 188
36 192
36 194
36 196
36 198
36 200
36 202
36 210
36 212
36 214
36 216
36 218
36 220
36 222
36 224
36 226
36 228
36 230
36 232
36 234
36 236
36 238
36 244
36 246
36 248
36 250
36 252
36 254
36 256
36 258
37 39
37 41
37 43
37 47
37 49
37 51
37 53
37 55
37 57
37 59
37 61
37 65
37 67
37 69
37 71
37 73
37 75
37 79
37 81
37 83
37 85
37 87
37 89
37 91
37 95
37 97
37 99
37 105
37 107
37 109
37 111
37 113
37 115
37 117
37 125
37 127
37 129
37 131
37 141
37 143
37 145
37 147
37 149
37 161
37 163
37 165
37 167
37 169
37 171
37 183
37 185
37 187
37 189
37 205
37 207
37 209
37 211
37 213
37 215
37 217
37 219
37 221
37 223
37 225
37 227
37 229
37 231
37 233
37 235
37 237
37 239
37 241
37 243
37 245
37 247
37 249
37 251
37 253
37 255
37 257
37 259
38 40
38 42
38 44
38 46
38 48
38 50
38 52
38 54
38 56
38 58
38 60
38 62
38 64
38 66
38 68
38 70
38 72
38 74
38 76
38 78
38 80
38 82
38 84
38 86
38 88
38 90
38 92
38 94
38 96
38 98
38 100
38 102
38 104
38 106
38 108
38 110
38 112
38 114
38 116
38 118
38 120
38 122
38 124
38 126
38 128
38 130
38 132
38 134
38 136
38 138
38 140
38 142
38 144
38 146
38 148
38 150
38 152
38 154
38 156
38 158
38 160
38 162
38 164
38 166
38 168
38 170
38 172
38 174
38 176
38 178
38 180
38 182
38 184
38 186
38 188
38 190
38 192
38 194
38 196
38 198
38 200
38 202
38 204
38 206
38 208
38 210
38 212
38 214
38 216
38 218
38 220
38 222
38 224
38 226
38 228
38 230
38 232
38 234
38 236
38 238
38 244
38 246
38 248
38 250
38 252
38 254
38 256
38 258
39 41
39 43
39 47
39 49
39 51
39 53
39 55
39 57
39 59
39 61
39 65
39 67
39 69
39 71
39 73
39 75
39 79
39 81
39 83
39 85
39 87
39 89
39 91
39 95
39 97
39 99
39 105
39 107
39 109
39 111
39 113
39 115
39 117
39 125
39 127
39 129
39 131
39 141
39 143
39 145
39 147
39 149
39 161
39 163
39 165
39 167
39 169
39 171
39 183
39 185
39 187
39 189
39 205
39 207
39 241
39 243
39 245
39 247
39 249
39 251
39 253
39 255
39 257
39 259
40 42
40 44
40 46
40 48
40 50
40 52
40 54
40 56
40 58
40 60
40 62
40 64
40 66
40 68
40 70
40 72
40 74
40 76
40 78
40 80
40 82
40 84
40 86
40 88
40 90
40 92
40 94
40 96
40 98
40 100
40 102
40 104
40 106
40 108
40 110
40 112
40 114
40 116
40 118
40 120
40 122
40 124
40 126
40 128
40 130
40 132
40 134
40 136
40 138
40 140
40 142
40 144
40 146
40 148
40 150
40 152
40 154
40 156
40 158
40 160
40 162
40 164
40 166
40 168
40 170
40 172
40 174
40 176
40 178
40 180
40 182
40 184
40 186
40 188
40 190
40 192
40 194
40 196
40 198
40 200
40 202
40 204
40 206
40 208
40 210
40 212
40 214
40 216
40 218
40 220
40 222
40 224
40 226
40 228
40 230
40 232
40 234
40 236
40 238
40 244
40 246
40 248
40 250
40 252
40 254
40 256
40 258
41 43
41 47
41 49
41 51
41 53
41 55
41 57
41 59
41 61
41 65
41 67
41 69
41 71
41 73
41 75
41 79
41 81
41 83
41 85
41 87
41 89
41 91
41 95
41 97
41 99
41 105
41 107
41 109
41 111
41 113
41 115
41 117
41 125
41 127
41 129
41 131
41 141
41 143
41 145
41 147
41 149
41 161
41 163
41 165
41 167
41 169
41 171
41 183
41 185
41 187
41 189
41 205
41 207
41 241
42 44
42 46
42 48
42 50
42 52
42 54
42 56
42 58
42 60
42 62
42 64
42 66
42 68
42 70
42 72
42 74
42 76
42 78
42 80
42 82
42 84
42 86
42 88
42 90
42 92
42 94
42 96
42 98
42 100
42 102
42 104
42 106
42 108
42 110
42 112
42 114
42 116
42 118
42 120
42 122
42 124
42 126
42 128
42 130
42 132
42 134
42 136
42 138
42 140
42 142
42 144
42 146
42 148
42 150
42 152
42 154
42 156
42 158
42 160
42 162
42 164
42 166
42 168
42 170
42 172
42 174
42 176
42 178
42 180
42 182
42 184
42 186
42 188
42 190
42 192
42 194
42 196
42 198
42 200
42 202
42 204
42 206
42 208
42 210
42 212
42 214
42 216
42 218
42 220
42 222
42 224
42 226
42 228
42 230
42 232
42 234
42 236
42 238
42 240
42 242
42 244
42 246
42 248
42 250
42 252
42 254
42 256
42 258
43 45
43 47
43 49
43 51
43 53
43 55
43 57
43 59
43 61
43 65
43 67
43 69
43 71
43 73
43 75
43 77
43 79
43 81
43 83
43 85
43 87
43 89
43 91
43 95
43 97
43 99
43 105
43 107
43 109
43 111
43 113
43 115
43 117
43 125
43 127
43 129
43 131
43 133
43 141
43 143
43 145
43 147
43 149
43 151
43 161
43 163
43 165
43 167
43 169
43 171
43 183
43 185
43 187
43 189
43 191
43 205
43 207
43 209
43 241
43 243
44 46
44 48
44 50
44 52
44 54
44 56
44 58
44 60
44 62
44 64
44 66
44 68
44 70
44 72
44 74
44 76
44 78
44 80
44 82
44 84
44 86
44 88
44 90
44 92
44 94
44 96
44 98
44 100
44 102
44 104
44 106
44 108
44 110
44 112
44 114
44 116
44 118
44 120
44 122
44 124
44 126
44 128
44 130
44 132
44 134
44 136
44 138
44 140
44 142
44 144
44 146
44 148
44 150
44 152
44 154
44 156
44 158
44 160
44 162
44 164
44 166
44 168
44 170
44 172
44 174
44 176
44 178
44 180
44 182
44 184
44 186
44 188
44 190
44 192
44 194
44 196
44 198
44 200
44 202
44 204
44 206
44 208
44 210
44 212
44 214
44 216
44 218
44 220
44 222
44 224
44 226
44 228
44 230
44 232
44 234
44 236
44 238
44 240
44 242
44 244
44 246
44 248
44 250
44 252
44 254
44 256
44 258
45 47
45 49
45 51
45 53
45 55
45 57
45 59
45 61
45 65
45 67
45 69
45 71
45 73
45 75
45 77
45 79
45 81
45 83
45 85
45 87
45 89
45 91
45 95
45 97
45 99
45 105
45 107
45 109
45 111
45 113
45 115
45 117
45 125
45 127
45 129
45 131
45 133
45 141
45 143
45 145
45 147
45 149
45 151
45 161
45 163
45 165
45 167
45 169
45 171
45 183
45 185
45 187
45 189
45 191
45 205
45 207
45 209
45 241
45 243
46 48
46 50
46 52
46 54
46 56
46 58
46 60
46 92
46 102
46 120
46 122
46 134
46 136
46 138
46 152
46 154
46 156
46 158
46 174
46 176
46 178
46 180
46 194
46 196
46 198
46 200
46 202
46 212
46 214
46 216
46 218
46 220
46 222
46 224
46 226
46 228
46 230
46 232
46 234
46 236
46 238
46 246
46 248
46 250
46 252
46 254
46 256
46 258
47 49
47 51
47 53
47 55
47 57
47 59
47 61
47 65
47 67
47 69
47 71
47 73
47 75
47 77
47 79
47 81
47 83
47 85
47 87
47 89
47 91
47 93
47 95
47 97
47 99
47 101
47 103
47 105
47 107
47 109
47 111
47 113
47 115
47 117
47 119
47 121
47 123
47 125
47 127
47 129
47 131
47 133
47 135
47 137
47 139
47 141
47 143
47 145
47 147
47 149
47 151
47 153
47 155
47 157
47 159
47 161
47 163
47 165
47 167
47 169
47 171
47 173
47 175
47 177
47 179
47 181
47 183
47 185
47 187
47 189
47 191
47 193
47 195
47 197
47 199
47 201
47 203
47 205
47 207
47 209
47 211
47 213
47 215
47 217
47 219
47 221
47 223
47 225
47 227
47 229
47 231
47 233
47 235
47 237
47 239
47 241
47 243
47 245
47 247
47 249
47 251
47 253
47 255
47 257
47 259
48 50
48 52
48 54
48 56
48 58
48 60
48 62
48 64
48 66
48 68
48 70
48 72
48 74
48 76
48 78
48 80
48 82
48 84
48 86
48 88
48 92
48 102
48 120
48 122
48 134
48 136
48 138
48 152
48 154
48 156
48 158
48 174
48 176
48 178
48 180
48 194
48 196
48 198
48 200
48 202
48 212
48 214
48 216
48 218
48 220
48 222
48 224
48 226
48 228
48 230
48 232
48 234
48 236
48 238
48 246
48 248
48 250
48 252
48 254
48 256
48 258
49 51
49 53
49 55
49 57
49 59
49 61
49 65
49 67
49 69
49 71
49 73
49 75
49 77
49 79
49 81
49 83
49 85
49 87
49 89
49 91
49 95
49 97
49 99
49 101
49 103
49 105
49 107
49 109
49 111
49 113
49 115
49 117
49 119
49 121
49 123
49 125
49 127
49 129
49 131
49 133
49 135
49 137
49 139
49 141
49 143
49 145
49 147
49 149
49 151
49 153
49 155
49 157
49 159
49 161
49 163
49 165
49 167
49 169
49 171
49 173
49 175
49 177
49 179
49 181
49 183
49 185
49 187
49 189
49 191
49 193
49 195
49 197
49 199
49 201
49 203
49 205
49 207
49 209
49 211
49 213
49 215
49 217
49 219
49 221
49 223
49 225
49 227
49 229
49 231
49 233
49 235
49 237
49 239
49 241
49 243
49 245
49 247
49 249
49 251
49 253
49 255
49 257
49 259
50 52
50 54
50 56
50 58
50 60
50 62
50 64
50 66
50 68
50 70
50 72
50 74
50 76
50 78
50 80
50 82
50 84
50 86
50 88
50 90
50 92
50 94
50 96
50 98
50 100
50 102
50 104
50 106
50 108
50 110
50 112
50 114
50 120
50 122
50 134
50 136
50 138
50 152
50 154
50 156
50 158
50 174
50 176
50 178
50 180
50 194
50 196
50 198
50 200
50 202
50 212
50 214
50 216
50 218
50 220
50 222
50 224
50 226
50 228
50 230
50 232
50 234
50 236
50 238
50 246
50 248
50 250
50 252
50 254
50 256
50 258
51 53
51 55
51 57
51 59
51 61
51 65
51 67
51 69
51 71
51 73
51 75
51 77
51 79
51 81
51 83
51 85
51 87
51 89
51 91
51 95
51 97
51 99
51 105
51 107
51 109
51 111
51 113
51 115
51 117
51 125
51 127
51 129
51 131
51 133
51 135
51 137
51 139
51 141
51 143
51 145
51 147
51 149
51 151
51 153
51 155
51 157
51 159
51 161
51 163
51 165
51 167
51 169
51 171
51 173
51 175
51 177
51 179
51 181
51 183
51 185
51 187
51 189
51 191
51 193
51 195
51 197
51 199
51 201
51 203
51 205
51 207
51 209
51 211
51 213
51 215
51 217
51 219
51 221
51 223
51 225
51 227
51 229
51 231
51 233
51 235
51 237
51 239
51 241
51 243
51 245
51 247
51 249
51 251
51 253
51 255
51 257
51 259
52 54
52 56
52 58
52 60
52 62
52 64
52 66
52 68
52 70
52 72
52 74
52 76
52 78
52 80
52 82
52 84
52 86
52 88
52 90
52 92
52 94
52 96
52 98
52 100
52 102
52 104
52 106
52 108
52 110
52 112
52 114
52 116
52 118
52 120
52 122
52 124
52 126
52 128
52 130
52 132
52 134
52 136
52 138
52 140
52 142
52 144
52 146
52 152
52 154
52 156
52 158
52 174
52 176
52 178
52 180
52 194
52 196
52 198
52 200
52 202
52 212
52 214
52 216
52 218
52 220
52 222
52 224
52 226
52 228
52 230
52 232
52 234
52 236
52 238
52 246
52 248
52 250
52 252
52 254
52 256
52 258
53 55
53 57
53 59
53 61
53 65
53 67
53 69
53 71
53 73
53 75
53 77
53 79
53 81
53 83
53 85
53 87
53 89
53 91
53 95
53 97
53 99
53 105
53 107
53 109
53 111
53 113
53 115
53 117
53 125
53 127
53 129
53 131
53 133
53 141
53 143
53 145
53 147
53 149
53 151
53 161
53 163
53 165
53 167
53 169
53 171
53 173
53 175
53 177
53 179
53 181
53 183
53 185
53 187
53 189
53 191
53 193
53 195
53 197
53 199
53 201
53 203
53 205
53 207
53 209
53 211
53 213
53 215
53 217
53 219
53 221
53 223
53 225
53 227
53 229
53 231
53 233
53 235
53 237
53 239
53 241
53 243
53 245
53 247
53 249
53 251
53 253
53 255
53 257
53 259
54 56
54 58
54 60
54 62
54 64
54 66
54 68
54 70
54 72
54 74
54 76
54 78
54 80
54 82
54 84
54 86
54 88
54 90
54 92
54 94
54 96
54 98
54 100
54 102
54 104
54 106
54 108
54 110
54 112
54 114
54 116
54 118
54 120
54 122
54 124
54 126
54 128
54 130
54 132
54 134
54 136
54 138
54 140
54 142
54 144
54 146
54 148
54 150
54 152
54 154
54 156
54 158
54 160
54 162
54 164
54 166
54 168
54 170
54 172
54 174
54 176
54 178
54 180
54 182
54 184
54 186
54 188
54 194
54 196
54 198
54 200
54 202
54 212
54 214
54 216
54 218
54 220
54 222
54 224
54 226
54 228
54 230
54 232
54 234
54 236
54 238
54 246
54 248
54 250
54 252
54 254
54 256
54 258
55 57
55 59
55 61
55 65
55 67
55 69
55 71
55 73
55 75
55 77
55 79
55 81
55 83
55 85
55 87
55 89
55 91
55 95
55 97
55 99
55 105
55 107
55 109
55 111
55 113
55 115
55 117
55 125
55 127
55 129
55 131
55 133
55 141
55 143
55 145
55 147
55 149
55 151
55 161
55 163
55 165
55 167
55 169
55 171
55 183
55 185
55 187
55 189
55 191
55 205
55 207
55 209
55 211
55 213
55 215
55 217
55 219
55 221
55 223
55 225
55 227
55 229
55 231
55 233
55 235
55 237
55 239
55 241
55 243
55 245
55 247
55 249
55 251
55 253
55 255
55 257
55 259
56 58
56 60
56 62
56 64
56 66
56 68
56 70
56 72
56 74
56 76
56 78
56 80
56 82
56 84
56 86
56 88
56 90
56 92
56 94
56 96
56 98
56 100
56 102
56 104
56 106
56 108
56 110
56 112
56 114
56 116
56 118
56 120
56 122
56 124
56 126
56 128
56 130
56 132
56 134
56 136
56 138
56 140
56 142
56 144
56 146
56 148
56 150
56 152
56 154
56 156
56 158
56 160
56 162
56 164
56 166
56 168
56 170
56 172
56 174
56 176
56 178
56 180
56 182
56 184
56 186
56 188
56 190
56 192
56 194
56 196
56 198
56 200
56 202
56 204
56 206
56 212
56 214
56 216
56 218
56 220
56 222
56 224
56 226
56 228
56 230
56 232
56 234
56 236
56 238
56 246
56 248
56 250
56 252
56 254
56 256
56 258
57 59
57 61
57 65
57 67
57 69
57 71
57 73
57 75
57 77
57 79
57 81
57 83
57 85
57 87
57 89
57 91
57 95
57 97
57 99
57 105
57 107
57 109
57 111
57 113
57 115
57 117
57 125
57 127
57 129
57 131
57 133
57 141
57 143
57 145
57 147
57 149
57 151
57 161
57 163
57 165
57 167
57 169
57 171
57 183
57 185
57 187
57 189
57 191
57 205
57 207
57 209
57 227
57 229
57 231
57 233
57 235
57 237
57 239
57 241
57 243
57 245
57 247
57 249
57 251
57 253
57 255
57 257
57 259
58 60
58 62
58 64
58 66
58 68
58 70
58 72
58 74
58 76
58 78
58 80
58 82
58 84
58 86
58 88
58 90
58 92
58 94
58 96
58 98
58 100
58 102
58 104
58 106
58 108
58 110
58 112
58 114
58 116
58 118
58 120
58 122
58 124
58 126
58 128
58 130
58 132
58 134
58 136
58 138
58 140
58 142
58 144
58 146
58 148
58 150
58 152
58 154
58 156
58 158
58 160
58 162
58 164
58 166
58 168
58 170
58 172
58 174
58 176
58 178
58 180
58 182
58 184
58 186
58 188
58 190
58 192
58 194
58 196
58 198
58 200
58 202
58 204
58 206
58 208
58 210
58 212
58 214
58 216
58 218
58 220
58 222
58 224
58 226
58 228
58 230
58 232
58 234
58 236
58 238
58 246
58 248
58 250
58 252
58 254
58 256
58 258
59 61
59 65
59 67
59 69
59 71
59 73
59 75
59 77
59 79
59 81
59 83
59 85
59 87
59 89
59 91
59 95
59 97
59 99
59 105
59 107
59 109
59 111
59 113
59 115
59 117
59 125
59 127
59 129
59 131
59 133
59 141
59 143
59 145
59 147
59 149
59 151
59 161
59 163
59 165
59 167
59 169
59 171
59 183
59 185
59 187
59 189
59 191
59 205
59 207
59 209
59 241
59 243
59 245
59 247
59 249
59 251
59 253
59 255
59 257
59 259
60 62
60 64
60 66
60 68
60 70
60 72
60 74
60 76
60 78
60 80
60 82
60 84
60 86
60 88
60 90
60 92
60 94
60 96
60 98
60 100
60 102
60 104
60 106
60 108
60 110
60 112
60 114
60 116
60 118
60 120
60 122
60 124
60 126
60 128
60 130
60 132
60 134
60 136
60 138
60 140
60 142
60 144
60 146
60 148
60 150
60 152
60 154
60 156
60 158
60 160
60 162
60 164
60 166
60 168
60 170
60 172
60 174
60 176
60 178
60 180
60 182
60 184
60 186
60 188
60 190
60 192
60 194
60 196
60 198
60 200
60 202
60 204
60 206
60 208
60 210
60 212
60 214
60 216
60 218
60 220
60 222
60 224
60 226
60 228
60 230
60 232
60 234
60 236
60 238
60 246
60 248
60 250
60 252
60 254
60 256
60 258
61 65
61 67
61 69
61 71
61 73
61 75
61 77
61 79
61 81
61 83
61 85
61 87
61 89
61 91
61 95
61 97
61 99
61 105
61 107
61 109
61 111
61 113
61 115
61 117
61 125
61 127
61 129
61 131
61 133
61 141
61 143
61 145
61 147
61 149
61 151
61 161
61 163
61 165
61 167
61 169
61 171
61 183
61 185
61 187
61 189
61 191
61 205
61 207
61 209
61 241
61 243
62 64
62 66
62 68
62 70
62 72
62 74
62 76
62 78
62 80
62 82
62 84
62 86
62 88
62 90
62 92
62 94
62 96
62 98
62 100
62 102
62 104
62 106
62 108
62 110
62 112
62 114
62 116
62 118
62 120
62 122
62 124
62 126
62 128
62 130
62 132
62 134
62 136
62 138
62 140
62 142
62 144
62 146
62 148
62 150
62 152
62 154
62 156
62 158
62 160
62 162
62 164
62 166
62 168
62 170
62 172
62 174
62 176
62 178
62 180
62 182
62 184
62 186
62 188
62 190
62 192
62 194
62 196
62 198
62 200
62 202
62 204
62 206
62 208
62 210
62 212
62 214
62 216
62 218
62 220
62 222
62 224
62 226
62 228
62 230
62 232
62 234
62 236
62 238
62 240
62 242
62 244
62 246
62 248
62 250
62 252
62 254
62 256
62 258
63 65
63 67
63 69
63 71
63 73
63 75
63 77
63 79
63 81
63 83
63 85
63 87
63 89
63 91
63 95
63 97
63 99
63 101
63 105
63 107
63 109
63 111
63 113
63 115
63 117
63 119
63 125
63 127
63 129
63 131
63 133
63 141
63 143
63 145
63 147
63 149
63 151
63 161
63 163
63 165
63 167
63 169
63 171
63 173
63 183
63 185
63 187
63 189
63 191
63 193
63 205
63 207
63 209
63 211
63 241
63 243
63 245
64 66
64 68
64 70
64 72
64 92
64 102
64 122
64 136
64 138
64 154
64 156
64 158
64 176
64 178
64 180
64 194
64 196
64 198
64 200
64 202
64 214
64 216
64 218
64 220
64 222
64 224
64 228
64 230
64 232
64 234
64 236
64 238
64 246
64 248
64 250
64 252
64 254
64 256
64 258
65 67
65 69
65 71
65 73
65 75
65 77
65 79
65 81
65 83
65 85
65 87
65 89
65 91
65 93
65 95
65 97
65 99
65 101
65 103
65 105
65 107
65 109
65 111
65 113
65 115
65 117
65 119
65 121
65 123
65 125
65 127
65 129
65 131
65 133
65 135
65 137
65 139
65 141
65 143
65 145
65 147
65 149
65 151
65 153
65 155
65 157
65 159
65 161
65 163
65 165
65 167
65 169
65 171
65 173
65 175
65 177
65 179
65 181
65 183
65 185
65 187
65 189
65 191
65 193
65 195
65 197
65 199
65 201
65 203
65 205
65 207
65 209
65 211
65 213
65 215
65 217
65 219
65 221
65 223
65 225
65 227
65 229
65 231
65 233
65 235
65 237
65 239
65 241
65 243
65 245
65 247
65 249
65 251
65 253
65 255
65 257
65 259
66 68
66 70
66 72
66 74
66 76
66 78
66 80
66 82
66 84
66 86
66 88
66 90
66 92
66 94
66 96
66 98
66 100
66 102
66 104
66 106
66 108
66 110
66 112
66 114
66 122
66 136
66 138
66 154
66 156
66 158
66 176
66 178
66 180
66 194
66 196
66 198
66 200
66 202
66 214
66 216
66 218
66 220
66 222
66 224
66 228
66 230
66 232
66 234
66 236
66 238
66 246
66 248
66 250
66 252
66 254
66 256
66 258
67 69
67 71
67 73
67 75
67 77
67 79
67 81
67 83
67 85
67 87
67 89
67 91
67 95
67 97
67 99
67 101
67 105
67 107
67 109
67 111
67 113
67 115
67 117
67 119
67 125
67 127
67 129
67 131
67 133
67 135
67 137
67 139
67 141
67 143
67 145
67 147
67 149
67 151
67 153
67 155
67 157
67 159
67 161
67 163
67 165
67 167
67 169
67 171
67 173
67 175
67 177
67 179
67 181
67 183
67 185
67 187
67 189
67 191
67 193
67 195
67 197
67 199
67 201
67 203
67 205
67 207
67 209
67 211
67 213
67 215
67 217
67 219
67 221
67 223
67 225
67 227
67 229
67 231
67 233
67 235
67 237
67 239
67 241
67 243
67 245
67 247
67 249
67 251
67 253
67 255
67 257
67 259
68 70
68 72
68 74
68 76
68 78
68 80
68 82
68 84
68 86
68 88
68 90
68 92
68 94
68 96
68 98
68 100
68 102
68 104
68 106
68 108
68 110
68 112
68 114
68 116
68 118
68 120
68 122
68 124
68 126
68 128
68 136
68 138
68 154
68 156
68 158
68 176
68 178
68 180
68 194
68 196
68 198
68 200
68 202
68 214
68 216
68 218
68 220
68 222
68 224
68 228
68 230
68 232
68 234
68 236
68 238
68 246
68 248
68 250
68 252
68 254
68 256
68 258
69 71
69 73
69 75
69 77
69 79
69 81
69 83
69 85
69 87
69 89
69 91
69 95
69 97
69 99
69 101
69 105
69 107
69 109
69 111
69 113
69 115
69 117
69 119
69 125
69 127
69 129
69 131
69 133
69 141
69 143
69 145
69 147
69 149
69 151
69 153
69 155
69 157
69 159
69 161
69 163
69 165
69 167
69 169
69 171
69 173
69 175
69 177
69 179
69 181
69 183
69 185
69 187
69 189
69 191
69 193
69 195
69 197
69 199
69 201
69 203
69 205
69 207
69 209
69 211
69 213
69 215
69 217
69 219
69 221
69 223
69 225
69 227
69 229
69 231
69 233
69 235
69 237
69 239
69 241
69 243
69 245
69 247
69 249
69 251
69 253
69 255
69 257
69 259
70 72
70 74
70 76
70 78
70 80
70 82
70 84
70 86
70 88
70 90
70 92
70 94
70 96
70 98
70 100
70 102
70 104
70 106
70 108
70 110
70 112
70 114
70 116
70 118
70 120
70 122
70 124
70 126
70 128
70 130
70 132
70 134
70 136
70 138
70 140
70 142
70 144
70 146
70 148
70 150
70 152
70 154
70 156
70 158
70 160
70 162
70 164
70 166
70 168
70 170
70 172
70 174
70 176
70 178
70 180
70 182
70 184
70 186
70 188
70 194
70 196
70 198
70 200
70 202
70 214
70 216
70 218
70 220
70 222
70 224
70 228
70 230
70 232
70 234
70 236
70 238
70 246
70 248
70 250
70 252
70 254
70 256
70 258
71 73
71 75
71 77
71 79
71 81
71 83
71 85
71 87
71 89
71 91
71 95
71 97
71 99
71 101
71 105
71 107
71 109
71 111
71 113
71 115
71 117
71 119
71 125
71 127
71 129
71 131
71 133
71 141
71 143
71 145
71 147
71 149
71 151
71 161
71 163
71 165
71 167
71 169
71 171
71 173
71 183
71 185
71 187
71 189
71 191
71 193
71 205
71 207
71 209
71 211
71 213
71 215
71 217
71 219
71 221
71 223
71 225
71 227
71 229
71 231
71 233
71 235
71 237
71 239
71 241
71 243
71 245
71 247
71 249
71 251
71 253
71 255
71 257
71 259
72 74
72 76
72 78
72 80
72 82
72 84
72 86
72 88
72 90
72 92
72 94
72 96
72 98
72 100
72 102
72 104
72 106
72 108
72 110
72 112
72 114
72 116
72 118
72 120
72 122
72 124
72 126
72 128
72 130
72 132
72 134
72 136
72 138
72 140
72 142
72 144
72 146
72 148
72 150
72 152
72 154
72 156
72 158
72 160
72 162
72 164
72 166
72 168
72 170
72 172
72 174
72 176
72 178
72 180
72 182
72 184
72 186
72 188
72 190
72 192
72 194
72 196
72 198
72 200
72 202
72 204
72 206
72 208
72 210
72 212
72 214
72 216
72 218
72 220
72 222
72 224
72 228
72 230
72 232
72 234
72 236
72 238
72 246
72 248
72 250
72 252
72 254
72 256
72 258
73 75
73 77
73 79
73 81
73 83
73 85
73 87
73 89
73 91
73 95
73 97
73 99
73 101
73 105
73 107
73 109
73 111
73 113
73 115
73 117
73 119
73 125
73 127
73 129
73 131
73 133
73 141
73 143
73 145
73 147
73 149
73 151
73 161
73 163
73 165
73 167
73 169
73 171
73 173
73 183
73 185
73 187
73 189
73 191
73 193
73 205
73 207
73 209
73 211
73 241
73 243
73 245
73 247
73 249
73 251
73 253
73 255
73 257
73 259
74 76
74 78
74 80
74 82
74 84
74 86
74 88
74 90
74 92
74 94
74 96
74 98
74 100
74 102
74 104
74 106
74 108
74 110
74 112
74 114
74 116
74 118
74 120
74 122
74 124
74 126
74 128
74 130
74 132
74 134
74 136
74 138
74 140
74 142
74 144
74 146
74 148
74 150
74 152
74 154
74 156
74 158
74 160
74 162
74 164
74 166
74 168
74 170
74 172
74 174
74 176
74 178
74 180
74 182
74 184
74 186
74 188
74 190
74 192
74 194
74 196
74 198
74 200
74 202
74 204
74 206
74 208
74 210
74 212
74 214
74 216
74 218
74 220
74 222
74 224
74 226
74 228
74 230
74 232
74 234
74 236
74 238
74 240
74 242
74 244
74 246
74 248
74 250
74 252
74 254
74 256
74 258
75 77
75 79
75 81
75 83
75 85
75 87
75 89
75 91
75 95
75 97
75 99
75 101
75 105
75 107
75 109
75 111
75 113
75 115
75 117
75 119
75 121
75 125
75 127
75 129
75 131
75 133
75 135
75 141
75 143
75 145
75 147
75 149
75 151
75 153
75 161
75 163
75 165
75 167
75 169
75 171
75 173
75 175
75 183
75 185
75 187
75 189
75 191
75 193
75 205
75 207
75 209
75 211
75 213
75 227
75 241
75 243
75 245
76 78
76 80
76 82
76 84
76 86
76 88
76 90
76 92
76 94
76 96
76 98
76 100
76 102
76 104
76 106
76 108
76 110
76 112
76 114
76 116
76 118
76 120
76 122
76 124
76 126
76 128
76 130
76 132
76 134
76 136
76 138
76 140
76 142
76 144
76 146
76 148
76 150
76 152
76 154
76 156
76 158
76 160
76 162
76 164
76 166
76 168
76 170
76 172
76 174
76 176
76 178
76 180
76 182
76 184
76 186
76 188
76 190
76 192
76 194
76 196
76 198
76 200
76 202
76 204
76 206
76 208
76 210
76 212
76 214
76 216
76 218
76 220
76 222
76 224
76 226
76 228
76 230
76 232
76 234
76 236
76 238
76 240
76 242
76 244
76 246
76 248
76 250
76 252
76 254
76 256
76 258
77 79
77 81
77 83
77 85
77 87
77 89
77 91
77 95
77 97
77 99
77 101
77 105
77 107
77 109
77 111
77 113
77 115
77 117
77 119
77 121
77 125
77 127
77 129
77 131
77 133
77 135
77 141
77 143
77 145
77 147
77 149
77 151
77 153
77 161
77 163
77 165
77 167
77 169
77 171
77 173
77 175
77 183
77 185
77 187
77 189
77 191
77 193
77 205
77 207
77 209
77 211
77 213
77 227
77 241
77 243
77 245
78 80
78 82
78 84
78 86
78 88
78 122
78 136
78 138
78 156
78 158
78 178
78 180
78 196
78 198
78 200
78 202
78 216
78 218
78 220
78 222
78 224
78 230
78 232
78 234
78 236
78 238
78 246
78 248
78 250
78 252
78 254
78 256
78 258
79 81
79 83
79 85
79 87
79 89
79 91
79 95
79 97
79 99
79 101
79 103
79 105
79 107
79 109
79 111
79 113
79 115
79 117
79 119
79 121
79 123
79 125
79 127
79 129
79 131
79 133
79 135
79 137
79 139
79 141
79 143
79 145
79 147
79 149
79 151
79 153
79 155
79 157
79 159
79 161
79 163
79 165
79 167
79 169
79 171
79 173
79 175
79 177
79 179
79 181
79 183
79 185
79 187
79 189
79 191
79 193
79 195
79 197
79 199
79 201
79 203
79 205
79 207
79 209
79 211
79 213
79 215
79 217
79 219
79 221
79 223
79 225
79 227
79 229
79 231
79 233
79 235
79 237
79 239
79 241
79 243
79 245
79 247
79 249
79 251
79 253
79 255
79 257
79 259
80 82
80 84
80 86
80 88
80 90
80 92
80 94
80 96
80 98
80 100
80 102
80 104
80 106
80 108
80 110
80 112
80 114
80 116
80 118
80 120
80 122
80 124
80 126
80 128
80 130
80 132
80 134
80 136
80 138
80 140
80 142
80 144
80 146
80 156
80 158
80 178
80 180
80 196
80 198
80 200
80 202
80 216
80 218
80 220
80 222
80 224
80 230
80 232
80 234
80 236
80 238
80 246
80 248
80 250
80 252
80 254
80 256
80 258
81 83
81 85
81 87
81 89
81 91
81 95
81 97
81 99
81 101
81 105
81 107
81 109
81 111
81 113
81 115
81 117
81 119
81 121
81 125
81 127
81 129
81 131
81 133
81 135
81 141
81 143
81 145
81 147
81 149
81 151
81 153
81 161
81 163
81 165
81 167
81 169
81 171
81 173
81 175
81 177
81 179
81 181
81 183
81 185
81 187
81 189
81 191
81 193
81 195
81 197
81 199
81 201
81 203
81 205
81 207
81 209
81 211
81 213
81 215
81 217
81 219
81 221
81 223
81 225
81 227
81 229
81 231
81 233
81 235
81 237
81 239
81 241
81 243
81 245
81 247
81 249
81 251
81 253
81 255
81 257
81 259
82 84
82 86
82 88
82 90
82 92
82 94
82 96
82 98
82 100
82 102
82 104
82 106
82 108
82 110
82 112
82 114
82 116
82 118
82 120
82 122
82 124
82 126
82 128
82 130
82 132
82 134
82 136
82 138
82 140
82 142
82 144
82 146
82 148
82 150
82 152
82 154
82 156
82 158
82 160
82 162
82 164
82 166
82 168
82 178
82 180
82 196
82 198
82 200
82 202
82 216
82 218
82 220
82 222
82 224
82 230
82 232
82 234
82 236
82 238
82 246
82 248
82 250
82 252
82 254
82 256
82 258
83 85
83 87
83 89
83 91
83 95
83 97
83 99
83 101
83 105
83 107
83 109
83 111
83 113
83 115
83 117
83 119
83 121
83 125
83 127
83 129
83 131
83 133
83 135
83 141
83 143
83 145
83 147
83 149
83 151
83 153
83 161
83 163
83 165
83 167
83 169
83 171
83 173
83 175
83 183
83 185
83 187
83 189
83 191
83 193
83 195
83 197
83 199
83 201
83 203
83 205
83 207
83 209
83 211
83 213
83 215
83 217
83 219
83 221
83 223
83 225
83 227
83 229
83 231
83 233
83 235
83 237
83 239
83 241
83 243
83 245
83 247
83 249
83 251
83 253
83 255
83 257
83 259
84 86
84 88
84 90
84 92
84 94
84 96
84 98
84 100
84 102
84 104
84 106
84 108
84 110
84 112
84 114
84 116
84 118
84 120
84 122
84 124
84 126
84 128
84 130
84 132
84 134
84 136
84 138
84 140
84 142
84 144
84 146
84 148
84 150
84 152
84 154
84 156
84 158
84 160
84 162
84 164
84 166
84 168
84 170
84 172
84 174
84 176
84 178
84 180
84 182
84 184
84 186
84 188
84 190
84 192
84 194
84 196
84 198
84 200
84 202
84 204
84 206
84 216
84 218
84 220
84 222
84 224
84 230
84 232
84 234
84 236
84 238
84 246
84 248
84 250
84 252
84 254
84 256
84 258
85 87
85 89
85 91
85 95
85 97
85 99
85 101
85 105
85 107
85 109
85 111
85 113
85 115
85 117
85 119
85 121
85 125
85 127
85 129
85 131
85 133
85 135
85 141
85 143
85 145
85 147
85 149
85 151
85 153
85 161
85 163
85 165
85 167
85 169
85 171
85 173
85 175
85 183
85 185
85 187
85 189
85 191
85 193
85 205
85 207
85 209
85 211
85 213
85 227
85 229
85 231
85 233
85 235
85 237
85 239
85 241
85 243
85 245
85 247
85 249
85 251
85 253
85 255
85 257
85 259
86 88
86 90
86 92
86 94
86 96
86 98
86 100
86 102
86 104
86 106
86 108
86 110
86 112
86 114
86 116
86 118
86 120
86 122
86 124
86 126
86 128
86 130
86 132
86 134
86 136
86 138
86 140
86 142
86 144
86 146
86 148
86 150
86 152
86 154
86 156
86 158
86 160
86 162
86 164
86 166
86 168
86 170
86 172
86 174
86 176
86 178
86 180
86 182
86 184
86 186
86 188
86 190
86 192
86 194
86 196
86 198
86 200
86 202
86 204
86 206
86 208
86 210
86 212
86 214
86 216
86 218
86 220
86 222
86 224
86 230
86 232
86 234
86 236
86 238
86 246
86 248
86 250
86 252
86 254
86 256
86 258
87 89
87 91
87 95
87 97
87 99
87 101
87 105
87 107
87 109
87 111
87 113
87 115
87 117
87 119
87 121
87 125
87 127
87 129
87 131
87 133
87 135
87 141
87 143
87 145
87 147
87 149
87 151
87 153
87 161
87 163
87 165
87 167
87 169
87 171
87 173
87 175
87 183
87 185
87 187
87 189
87 191
87 193
87 205
87 207
87 209
87 211
87 213
87 227
87 241
87 243
87 245
87 247
87 249
87 251
87 253
87 255
87 257
87 259
88 90
88 92
88 94
88 96
88 98
88 100
88 102
88 104
88 106
88 108
88 110
88 112
88 114
88 116
88 118
88 120
88 122
88 124
88 126
88 128
88 130
88 132
88 134
88 136
88 138
88 140
88 142
88 144
88 146
88 148
88 150
88 152
88 154
88 156
88 158
88 160
88 162
88 164
88 166
88 168
88 170
88 172
88 174
88 176
88 178
88 180
88 182
88 184
88 186
88 188
88 190
88 192
88 194
88 196
88 198
88 200
88 202
88 204
88 206
88 208
88 210
88 212
88 214
88 216
88 218
88 220
88 222
88 224
88 226
88 228
88 230
88 232
88 234
88 236
88 238
88 246
88 248
88 250
88 252
88 254
88 256
88 258
89 91
89 95
89 97
89 99
89 101
89 105
89 107
89 109
89 111
89 113
89 115
89 117
89 119
89 121
89 125
89 127
89 129
89 131
89 133
89 135
89 141
89 143
89 145
89 147
89 149
89 151
89 153
89 161
89 163
89 165
89 167
89 169
89 171
89 173
89 175
89 183
89 185
89 187
89 189
89 191
89 193
89 205
89 207
89 209
89 211
89 213
89 227
89 241
89 243
89 245
90 92
90 94
90 96
90 98
90 100
90 102
90 104
90 106
90 108
90 110
90 112
90 114
90 116
90 118
90 120
90 122
90 124
90 126
90 128
90 130
90 132
90 134
90 136
90 138
90 140
90 142
90 144
90 146
90 148
90 150
90 152
90 154
90 156
90 158
90 160
90 162
90 164
90 166
90 168
90 170
90 172
90 174
90 176
90 178
90 180
90 182
90 184
90 186
90 188
90 190
90 192
90 194
90 196
90 198
90 200
90 202
90 204
90 206
90 208
90 210
90 212
90 214
90 216
90 218
90 220
90 222
90 224
90 226
90 228
90 230
90 232
90 234
90 236
90 238
90 240
90 242
90 244
90 246
90 248
90 250
90 252
90 254
90 256
90 258
91 93
91 95
91 97
91 99
91 101
91 103
91 105
91 107
91 109
91 111
91 113
91 115
91 117
91 119
91 121
91 125
91 127
91 129
91 131
91 133
91 135
91 141
91 143
91 145
91 147
91 149
91 151
91 153
91 155
91 161
91 163
91 165
91 167
91 169
91 171
91 173
91 175
91 177
91 183
91 185
91 187
91 189
91 191
91 193
91 195
91 205
91 207
91 209
91 211
91 213
91 215
91 227
91 229
91 241
91 243
91 245
92 94
92 96
92 98
92 100
92 102
92 104
92 106
92 108
92 110
92 112
92 114
92 116
92 118
92 120
92 122
92 124
92 126
92 128
92 130
92 132
92 134
92 136
92 138
92 140
92 142
92 144
92 146
92 148
92 150
92 152
92 154
92 156
92 158
92 160
92 162
92 164
92 166
92 168
92 170
92 172
92 174
92 176
92 178
92 180
92 182
92 184
92 186
92 188
92 190
92 192
92 194
92 196
92 198
92 200
92 202
92 204
92 206
92 208
92 210
92 212
92 214
92 216
92 218
92 220
92 222
92 224
92 226
92 228
92 230
92 232
92 234
92 236
92 238
92 240
92 242
92 244
92 246
92 248
92 250
92 252
92 254
92 256
92 258
93 95
93 97
93 99
93 101
93 103
93 105
93 107
93 109
93 111
93 113
93 115
93 117
93 119
93 121
93 125
93 127
93 129
93 131
93 133
93 135
93 141
93 143
93 145
93 147
93 149
93 151
93 153
93 155
93 161
93 163
93 165
93 167
93 169
93 171
93 173
93 175
93 177
93 183
93 185
93 187
93 189
93 191
93 193
93 195
93 205
93 207
93 209
93 211
93 213
93 215
93 227
93 229
93 241
93 243
93 245
94 96
94 98
94 100
94 102
94 104
94 106
94 108
94 110
94 112
94 114
94 116
94 118
94 120
94 122
94 124
94 126
94 128
94 138
94 156
94 158
94 180
94 196
94 198
94 200
94 202
94 216
94 218
94 220
94 222
94 224
94 232
94 234
94 236
94 238
94 246
94 248
94 250
94 252
94 254
94 256
94 258
95 97
95 99
95 101
95 103
95 105
95 107
95 109
95 111
95 113
95 115
95 117
95 119
95 121
95 125
95 127
95 129
95 131
95 133
95 135
95 141
95 143
95 145
95 147
95 149
95 151
95 153
95 155
95 157
95 159
95 161
95 163
95 165
95 167
95 169
95 171
95 173
95 175
95 177
95 179
95 181
95 183
95 185
95 187
95 189
95 191
95 193
95 195
95 197
95 199
95 201
95 203
95 205
95 207
95 209
95 211
95 213
95 215
95 217
95 219
95 221
95 223
95 225
95 227
95 229
95 231
95 233
95 235
95 237
95 239
95 241
95 243
95 245
95 247
95 249
95 251
95 253
95 255
95 257
95 259
96 98
96 100
96 102
96 104
96 106
96 108
96 110
96 112
96 114
96 116
96 118
96 120
96 122
96 124
96 126
96 128
96 130
96 132
96 134
96 136
96 138
96 140
96 142
96 144
96 146
96 148
96 150
96 152
96 154
96 156
96 158
96 160
96 162
96 164
96 166
96 168
96 170
96 172
96 174
96 176
96 178
96 180
96 182
96 184
96 186
96 188
96 196
96 198
96 200
96 202
96 216
96 218
96 220
96 222
96 224
96 232
96 234
96 236
96 238
96 246
96 248
96 250
96 252
96 254
96 256
96 258
97 99
97 101
97 103
97 105
97 107
97 109
97 111
97 113
97 115
97 117
97 119
97 121
97 125
97 127
97 129
97 131
97 133
97 135
97 141
97 143
97 145
97 147
97 149
97 151
97 153
97 155
97 161
97 163
97 165
97 167
97 169
97 171
97 173
97 175
97 177
97 183
97 185
97 187
97 189
97 191
97 193
97 195
97 205
97 207
97 209
97 211
97 213
97 215
97 217
97 219
97 221
97 223
97 225
97 227
97 229
97 231
97 233
97 235
97 237
97 239
97 241
97 243
97 245
97 247
97 249
97 251
97 253
97 255
97 257
97 259
98 100
98 102
98 104
98 106
98 108
98 110
98 112
98 114
98 116
98 118
98 120
98 122
98 124
98 126
98 128
98 130
98 132
98 134
98 136
98 138
98 140
98 142
98 144
98 146
98 148
98 150
98 152
98 154
98 156
98 158
98 160
98 162
98 164
98 166
98 168
98 170
98 172
98 174
98 176
98 178
98 180
98 182
98 184
98 186
98 188
98 190
98 192
98 194
98 196
98 198
98 200
98 202
98 204
98 206
98 208
98 210
98 212
98 214
98 216
98 218
98 220
98 222
98 224
98 232
98 234
98 236
98 238
98 246
98 248
98 250
98 252
98 254
98 256
98 258
99 101
99 103
99 105
99 107
99 109
99 111
99 113
99 115
99 117
99 119
99 121
99 125
99 127
99 129
99 131
99 133
99 135
99 141
99 143
99 145
99 147
99 149
99 151
99 153
99 155
99 161
99 163
99 165
99 167
99 169
99 171
99 173
99 175
99 177
99 183
99 185
99 187
99 189
99 191
99 193
99 195
99 205
99 207
99 209
99 211
99 213
99 215
99 227
99 229
99 241
99 243
99 245
99 247
99 249
99 251
99 253
99 255
99 257
99 259
100 102
100 104
100 106
100 108
100 110
100 112
100 114
100 116
100 118
100 120
100 122
100 124
100 126
100 128
100 130
100 132
100 134
100 136
100 138
100 140
100 142
100 144
100 146
100 148
100 150
100 152
100 154
100 156
100 158
100 160
100 162
100 164
100 166
100 168
100 170
100 172
100 174
100 176
100 178
100 180
100 182
100 184
100 186
100 188
100 190
100 192
100 194
100 196
100 198
100 200
100 202
100 204
100 206
100 208
100 210
100 212
100 214
100 216
100 218
100 220
100 222
100 224
100 226
100 228
100 230
100 232
100 234
100 236
100 238
100 240
100 242
100 244
100 246
100 248
100 250
100 252
100 254
100 256
100 258
101 103
101 105
101 107
101 109
101 111
101 113
101 115
101 117
101 119
101 121
101 125
101 127
101 129
101 131
101 133
101 135
101 137
101 141
101 143
101 145
101 147
101 149
101 151
101 153
101 155
101 161
101 163
101 165
101 167
101 169
101 171
101 173
101 175
101 177
101 179
101 183
101 185
101 187
101 189
101 191
101 193
101 195
101 205
101 207
101 209
101 211
101 213
101 215
101 227
101 229
101 231
101 241
101 243
101 245
102 104
102 106
102 108
102 110
102 112
102 114
102 116
102 118
102 120
102 122
102 124
102 126
102 128
102 130
102 132
102 134
102 136
102 138
102 140
102 142
102 144
102 146
102 148
102 150
102 152
102 154
102 156
102 158
102 160
102 162
102 164
102 166
102 168
102 170
102 172
102 174
102 176
102 178
102 180
102 182
102 184
102 186
102 188
102 190
102 192
102 194
102 196
102 198
102 200
102 202
102 204
102 206
102 208
102 210
102 212
102 214
102 216
102 218
102 220
102 222
102 224
102 226
102 228
102 230
102 232
102 234
102 236
102 238
102 240
102 242
102 244
102 246
102 248
102 250
102 252
102 254
102 256
102 258
103 105
103 107
103 109
103 111
103 113
103 115
103 117
103 119
103 121
103 125
103 127
103 129
103 131
103 133
103 135
103 137
103 141
103 143
103 145
103 147
103 149
103 151
103 153
103 155
103 161
103 163
103 165
103 167
103 169
103 171
103 173
103 175
103 177
103 179
103 183
103 185
103 187
103 189
103 191
103 193
103 195
103 205
103 207
103 209
103 211
103 213
103 215
103 227
103 229
103 231
103 241
103 243
103 245
104 106
104 108
104 110
104 112
104 114
104 158
104 180
104 198
104 200
104 202
104 216
104 218
104 220
104 222
104 224
104 234
104 236
104 238
104 248
104 250
104 252
104 254
104 256
104 258
105 107
105 109
105 111
105 113
105 115
105 117
105 119
105 121
105 125
105 127
105 129
105 131
105 133
105 135
105 137
105 139
105 141
105 143
105 145
105 147
105 149
105 151
105 153
105 155
105 157
105 159
105 161
105 163
105 165
105 167
105 169
105 171
105 173
105 175
105 177
105 179
105 181
105 183
105 185
105 187
105 189
105 191
105 193
105 195
105 197
105 199
105 201
105 203
105 205
105 207
105 209
105 211
105 213
105 215
105 217
105 219
105 221
105 223
105 225
105 227
105 229
105 231
105 233
105 235
105 237
105 239
105 241
105 243
105 245
105 247
105 249
105 251
105 253
105 255
105 257
105 259
106 108
106 110
106 112
106 114
106 116
106 118
106 120
106 122
106 124
106 126
106 128
106 130
106 132
106 134
106 136
106 138
106 140
106 142
106 144
106 146
106 158
106 180
106 198
106 200
106 202
106 216
106 218
106 220
106 222
106 224
106 234
106 236
106 238
106 248
106 250
106 252
106 254
106 256
106 258
107 109
107 111
107 113
107 115
107 117
107 119
107 121
107 125
107 127
107 129
107 131
107 133
107 135
107 137
107 141
107 143
107 145
107 147
107 149
107 151
107 153
107 155
107 161
107 163
107 165
107 167
107 169
107 171
107 173
107 175
107 177
107 179
107 181
107 183
107 185
107 187
107 189
107 191
107 193
107 195
107 197
107 199
107 201
107 203
107 205
107 207
107 209
107 211
107 213
107 215
107 217
107 219
107 221
107 223
107 225
107 227
107 229
107 231
107 233
107 235
107 237
107 239
107 241
107 243
107 245
107 247
107 249
107 251
107 253
107 255
107 257
107 259
108 110
108 112
108 114
108 116
108 118
108 120
108 122
108 124
108 126
108 128
108 130
108 132
108 134
108 136
108 138
108 140
108 142
108 144
108 146
108 148
108 150
108 152
108 154
108 156
108 158
108 160
108 162
108 164
108 166
108 168
108 170
108 172
108 174
108 176
108 178
108 180
108 182
108 184
108 186
108 188
108 198
108 200
108 202
108 216
108 218
108 220
108 222
108 224
108 234
108 236
108 238
108 248
108 250
108 252
108 254
108 256
108 258
109 111
109 113
109 115
109 117
109 119
109 121
109 125
109 127
109 129
109 131
109 133
109 135
109 137
109 141
109 143
109 145
109 147
109 149
109 151
109 153
109 155
109 161
109 163
109 165
109 167
109 169
109 171
109 173
109 175
109 177
109 179
109 183
109 185
109 187
109 189
109 191
109 193
109 195
109 205
109 207
109 209
109 211
109 213
109 215
109 217
109 219
109 221
109 223
109 225
109 227
109 229
109 231
109 233
109 235
109 237
109 239
109 241
109 243
109 245
109 247
109 249
109 251
109 253
109 255
109 257
109 259
110 112
110 114
110 116
110 118
110 120
110 122
110 124
110 126
110 128
110 130
110 132
110 134
110 136
110 138
110 140
110 142
110 144
110 146
110 148
110 150
110 152
110 154
110 156
110 158
110 160
110 162
110 164
110 166
110 168
110 170
110 172
110 174
110 176
110 178
110 180
110 182
110 184
110 186
110 188
110 190
110 192
110 194
110 196
110 198
110 200
110 202
110 204
110 206
110 216
110 218
110 220
110 222
110 224
110 234
110 236
110 238
110 248
110 250
110 252
110 254
110 256
110 258
111 113
111 115
111 117
111 119
111 121
111 125
111 127
111 129
111 131
111 133
111 135
111 137
111 141
111 143
111 145
111 147
111 149
111 151
111 153
111 155
111 161
111 163
111 165
111 167
111 169
111 171
111 173
111 175
111 177
111 179
111 183
111 185
111 187
111 189
111 191
111 193
111 195
111 205
111 207
111 209
111 211
111 213
111 215
111 227
111 229
111 231
111 233
111 235
111 237
111 239
111 241
111 243
111 245
111 247
111 249
111 251
111 253
111 255
111 257
111 259
112 114
112 116
112 118
112 120
112 122
112 124
112 126
112 128
112 130
112 132
112 134
112 136
112 138
112 140
112 142
112 144
112 146
112 148
112 150
112 152
112 154
112 156
112 158
112 160
112 162
112 164
112 166
112 168
112 170
112 172
112 174
112 176
112 178
112 180
112 182
112 184
112 186
112 188
112 190
112 192
112 194
112 196
112 198
112 200
112 202
112 204
112 206
112 208
112 210
112 212
112 214
112 216
112 218
112 220
112 222
112 224
112 234
112 236
112 238
112 248
112 250
112 252
112 254
112 256
112 258
113 115
113 117
113 119
113 121
113 125
113 127
113 129
113 131
113 133
113 135
113 137
113 141
113 143
113 145
113 147
113 149
113 151
113 153
113 155
113 161
113 163
113 165
113 167
113 169
113 171
113 173
113 175
113 177
113 179
113 183
113 185
113 187
113 189
113 191
113 193
113 195
113 205
113 207
113 209
113 211
113 213
113 215
113 227
113 229
113 231
113 241
113 243
113 245
113 247
113 249
113 251
113 253
113 255
113 257
113 259
114 116
114 118
114 120
114 122
114 124
114 126
114 128
114 130
114 132
114 134
114 136
114 138
114 140
114 142
114 144
114 146
114 148
114 150
114 152
114 154
114 156
114 158
114 160
114 162
114 164
114 166
114 168
114 170
114 172
114 174
114 176
114 178
114 180
114 182
114 184
114 186
114 188
114 190
114 192
114 194
114 196
114 198
114 200
114 202
114 204
114 206
114 208
114 210
114 212
114 214
114 216
114 218
114 220
114 222
114 224
114 226
114 228
114 230
114 232
114 234
114 236
114 238
114 248
114 250
114 252
114 254
114 256
114 258
115 117
115 119
115 121
115 125
115 127
115 129
115 131
115 133
115 135
115 137
115 141
115 143
115 145
115 147
115 149
115 151
115 153
115 155
115 161
115 163
115 165
115 167
115 169
115 171
115 173
115 175
115 177
115 179
115 183
115 185
115 187
115 189
115 191
115 193
115 195
115 205
115 207
115 209
115 211
115 213
115 215
115 227
115 229
115 231
115 241
115 243
115 245
116 118
116 120
116 122
116 124
116 126
116 128
116 130
116 132
116 134
116 136
116 138
116 140
116 142
116 144
116 146
116 148
116 150
116 152
116 154
116 156
116 158
116 160
116 162
116 164
116 166
116 168
116 170
116 172
116 174
116 176
116 178
116 180
116 182
116 184
116 186
116 188
116 190
116 192
116 194
116 196
116 198
116 200
116 202
116 204
116 206
116 208
116 210
116 212
116 214
116 216
116 218
116 220
116 222
116 224
116 226
116 228
116 230
116 232
116 234
116 236
116 238
116 240
116 242
116 244
116 246
116 248
116 250
116 252
116 254
116 256
116 258
117 119
117 121
117 123
117 125
117 127
117 129
117 131
117 133
117 135
117 137
117 139
117 141
117 143
117 145
117 147
117 149
117 151
117 153
117 155
117 157
117 161
117 163
117 165
117 167
117 169
117 171
117 173
117 175
117 177
117 179
117 183
117 185
117 187
117 189
117 191
117 193
117 195
117 197
117 205
117 207
117 209
117 211
117 213
117 215
117 227
117 229
117 231
117 233
117 241
117 243
117 245
117 247
118 120
118 122
118 124
118 126
118 128
118 130
118 132
118 134
118 136
118 138
118 140
118 142
118 144
118 146
118 148
118 150
118 152
118 154
118 156
118 158
118 160
118 162
118 164
118 166
118 168
118 170
118 172
118 174
118 176
118 178
118 180
118 182
118 184
118 186
118 188
118 190
118 192
118 194
118 196
118 198
118 200
118 202
118 204
118 206
118 208
118 210
118 212
118 214
118 216
118 218
118 220
118 222
118 224
118 226
118 228
118 230
118 232
118 234
118 236
118 238
118 240
118 242
118 244
118 246
118 248
118 250
118 252
118 254
118 256
118 258
119 121
119 123
119 125
119 127
119 129
119 131
119 133
119 135
119 137
119 139
119 141
119 143
119 145
119 147
119 149
119 151
119 153
119 155
119 157
119 161
119 163
119 165
119 167
119 169
119 171
119 173
119 175
119 177
119 179
119 183
119 185
119 187
119 189
119 191
119 193
119 195
119 197
119 205
119 207
119 209
119 211
119 213
119 215
119 227
119 229
119 231
119 233
119 241
119 243
119 245
119 247
120 122
120 124
120 126
120 128
120 130
120 132
120 134
120 136
120 138
120 140
120 142
120 144
120 146
120 148
120 150
120 152
120 154
120 156
120 158
120 160
120 162
120 164
120 166
120 168
120 170
120 172
120 174
120 176
120 178
120 180
120 182
120 184
120 186
120 188
120 190
120 192
120 194
120 196
120 198
120 200
120 202
120 204
120 206
120 208
120 210
120 212
120 214
120 216
120 218
120 220
120 222
120 224
120 226
120 228
120 230
120 232
120 234
120 236
120 238
120 240
120 242
120 244
120 246
120 248
120 250
120 252
120 254
120 256
120 258
121 123
121 125
121 127
121 129
121 131
121 133
121 135
121 137
121 139
121 141
121 143
121 145
121 147
121 149
121 151
121 153
121 155
121 157
121 161
121 163
121 165
121 167
121 169
121 171
121 173
121 175
121 177
121 179
121 183
121 185
121 187
121 189
121 191
121 193
121 195
121 197
121 205
121 207
121 209
121 211
121 213
121 215
121 227
121 229
121 231
121 233
121 241
121 243
121 245
121 247
122 124
122 126
122 128
122 130
122 132
122 134
122 136
122 138
122 140
122 142
122 144
122 146
122 148
122 150
122 152
122 154
122 156
122 158
122 160
122 162
122 164
122 166
122 168
122 170
122 172
122 174
122 176
122 178
122 180
122 182
122 184
122 186
122 188
122 190
122 192
122 194
122 196
122 198
122 200
122 202
122 204
122 206
122 208
122 210
122 212
122 214
122 216
122 218
122 220
122 222
122 224
122 226
122 228
122 230
122 232
122 234
122 236
122 238
122 240
122 242
122 244
122 246
122 248
122 250
122 252
122 254
122 256
122 258
123 125
123 127
123 129
123 131
123 133
123 135
123 137
123 139
123 141
123 143
123 145
123 147
123 149
123 151
123 153
123 155
123 157
123 161
123 163
123 165
123 167
123 169
123 171
123 173
123 175
123 177
123 179
123 183
123 185
123 187
123 189
123 191
123 193
123 195
123 197
123 205
123 207
123 209
123 211
123 213
123 215
123 227
123 229
123 231
123 233
123 241
123 243
123 245
123 247
124 126
124 128
124 180
124 200
124 202
124 218
124 220
124 222
124 224
124 234
124 236
124 238
124 250
124 252
124 254
124 256
124 258
125 127
125 129
125 131
125 133
125 135
125 137
125 139
125 141
125 143
125 145
125 147
125 149
125 151
125 153
125 155
125 157
125 159
125 161
125 163
125 165
125 167
125 169
125 171
125 173
125 175
125 177
125 179
125 181
125 183
125 185
125 187
125 189
125 191
125 193
125 195
125 197
125 199
125 201
125 203
125 205
125 207
125 209
125 211
125 213
125 215
125 217
125 219
125 221
125 223
125 225
125 227
125 229
125 231
125 233
125 235
125 237
125 239
125 241
125 243
125 245
125 247
125 249
125 251
125 253
125 255
125 257
125 259
126 128
126 130
126 132
126 134
126 136
126 138
126 140
126 142
126 144
126 146
126 148
126 150
126 152
126 154
126 156
126 158
126 160
126 162
126 164
126 166
126 168
126 180
126 200
126 202
126 218
126 220
126 222
126 224
126 234
126 236
126 238
126 250
126 252
126 254
126 256
126 258
127 129
127 131
127 133
127 135
127 137
127 139
127 141
127 143
127 145
127 147
127 149
127 151
127 153
127 155
127 157
127 161
127 163
127 165
127 167
127 169
127 171
127 173
127 175
127 177
127 179
127 183
127 185
127 187
127 189
127 191
127 193
127 195
127 197
127 199
127 201
127 203
127 205
127 207
127 209
127 211
127 213
127 215
127 217
127 219
127 221
127 223
127 225
127 227
127 229
127 231
127 233
127 235
127 237
127 239
127 241
127 243
127 245
127 247
127 249
127 251
127 253
127 255
127 257
127 259
128 130
128 132
128 134
128 136
128 138
128 140
128 142
128 144
128 146
128 148
128 150
128 152
128 154
128 156
128 158
128 160
128 162
128 164
128 166
128 168
128 170
128 172
128 174
128 176
128 178
128 180
128 182
128 184
128 186
128 188
128 190
128 192
128 194
128 196
128 198
128 200
128 202
128 204
128 206
128 218
128 220
128 222
128 224
128 234
128 236
128 238
128 250
128 252
128 254
128 256
128 258
129 131
129 133
129 135
129 137
129 139
129 141
129 143
129 145
129 147
129 149
129 151
129 153
129 155
129 157
129 161
129 163
129 165
129 167
129 169
129 171
129 173
129 175
129 177
129 179
129 183
129 185
129 187
129 189
129 191
129 193
129 195
129 197
129 205
129 207
129 209
129 211
129 213
129 215
129 227
129 229
129 231
129 233
129 235
129 237
129 239
129 241
129 243
129 245
129 247
129 249
129 251
129 253
129 255
129 257
129 259
130 132
130 134
130 136
130 138
130 140
130 142
130 144
130 146
130 148
130 150
130 152
130 154
130 156
130 158
130 160
130 162
130 164
130 166
130 168
130 170
130 172
130 174
130 176
130 178
130 180
130 182
130 184
130 186
130 188
130 190
130 192
130 194
130 196
130 198
130 200
130 202
130 204
130 206
130 208
130 210
130 212
130 214
130 216
130 218
130 220
130 222
130 224
130 226
130 228
130 230
130 232
130 234
130 236
130 238
130 240
130 242
130 244
130 246
130 248
130 250
130 252
130 254
130 256
130 258
131 133
131 135
131 137
131 139
131 141
131 143
131 145
131 147
131 149
131 151
131 153
131 155
131 157
131 159
131 161
131 163
131 165
131 167
131 169
131 171
131 173
131 175
131 177
131 179
131 183
131 185
131 187
131 189
131 191
131 193
131 195
131 197
131 199
131 205
131 207
131 209
131 211
131 213
131 215
131 217
131 227
131 229
131 231
131 233
131 241
131 243
131 245
131 247
131 249
132 134
132 136
132 138
132 140
132 142
132 144
132 146
132 148
132 150
132 152
132 154
132 156
132 158
132 160
132 162
132 164
132 166
132 168
132 170
132 172
132 174
132 176
132 178
132 180
132 182
132 184
132 186
132 188
132 190
132 192
132 194
132 196
132 198
132 200
132 202
132 204
132 206
132 208
132 210
132 212
132 214
132 216
132 218
132 220
132 222
132 224
132 226
132 228
132 230
132 232
132 234
132 236
132 238
132 240
132 242
132 244
132 246
132 248
132 250
132 252
132 254
132 256
132 258
133 135
133 137
133 139
133 141
133 143
133 145
133 147
133 149
133 151
133 153
133 155
133 157
133 159
133 161
133 163
133 165
133 167
133 169
133 171
133 173
133 175
133 177
133 179
133 183
133 185
133 187
133 189
133 191
133 193
133 195
133 197
133 199
133 205
133 207
133 209
133 211
133 213
133 215
133 217
133 227
133 229
133 231
133 233
133 241
133 243
133 245
133 247
133 249
134 136
134 138
134 140
134 142
134 144
134 146
134 148
134 150
134 152
134 154
134 156
134 158
134 160
134 162
134 164
134 166
134 168
134 170
134 172
134 174
134 176
134 178
134 180
134 182
134 184
134 186
134 188
134 190
134 192
134 194
134 196
134 198
134 200
134 202
134 204
134 206
134 208
134 210
134 212
134 214
134 216
134 218
134 220
134 222
134 224
134 226
134 228
134 230
134 232
134 234
134 236
134 238
134 240
134 242
134 244
134 246
134 248
134 250
134 252
134 254
134 256
134 258
135 137
135 139
135 141
135 143
135 145
135 147
135 149
135 151
135 153
135 155
135 157
135 159
135 161
135 163
135 165
135 167
135 169
135 171
135 173
135 175
135 177
135 179
135 183
135 185
135 187
135 189
135 191
135 193
135 195
135 197
135 199
135 205
135 207
135 209
135 211
135 213
135 215
135 217
135 227
135 229
135 231
135 233
135 241
135 243
135 245
135 247
135 249
136 138
136 140
136 142
136 144
136 146
136 148
136 150
136 152
136 154
136 156
136 158
136 160
136 162
136 164
136 166
136 168
136 170
136 172
136 174
136 176
136 178
136 180
136 182
136 184
136 186
136 188
136 190
136 192
136 194
136 196
136 198
136 200
136 202
136 204
136 206
136 208
136 210
136 212
136 214
136 216
136 218
136 220
136 222
136 224
136 226
136 228
136 230
136 232
136 234
136 236
136 238
136 240
136 242
136 244
136 246
136 248
136 250
136 252
136 254
136 256
136 258
137 139
137 141
137 143
137 145
137 147
137 149
137 151
137 153
137 155
137 157
137 159
137 161
137 163
137 165
137 167
137 169
137 171
137 173
137 175
137 177
137 179
137 183
137 185
137 187
137 189
137 191
137 193
137 195
137 197
137 199
137 205
137 207
137 209
137 211
137 213
137 215
137 217
137 227
137 229
137 231
137 233
137 241
137 243
137 245
137 247
137 249
138 140
138 142
138 144
138 146
138 148
138 150
138 152
138 154
138 156
138 158
138 160
138 162
138 164
138 166
138 168
138 170
138 172
138 174
138 176
138 178
138 180
138 182
138 184
138 186
138 188
138 190
138 192
138 194
138 196
138 198
138 200
138 202
138 204
138 206
138 208
138 210
138 212
138 214
138 216
138 218
138 220
138 222
138 224
138 226
138 228
138 230
138 232
138 234
138 236
138 238
138 240
138 242
138 244
138 246
138 248
138 250
138 252
138 254
138 256
138 258
139 141
139 143
139 145
139 147
139 149
139 151
139 153
139 155
139 157
139 159
139 161
139 163
139 165
139 167
139 169
139 171
139 173
139 175
139 177
139 179
139 183
139 185
139 187
139 189
139 191
139 193
139 195
139 197
139 199
139 205
139 207
139 209
139 211
139 213
139 215
139 217
139 227
139 229
139 231
139 233
139 241
139 243
139 245
139 247
139 249
140 142
140 144
140 146
140 202
140 220
140 222
140 224
140 236
140 238
140 252
140 254
140 256
140 258
141 143
141 145
141 147
141 149
141 151
141 153
141 155
141 157
141 159
141 161
141 163
141 165
141 167
141 169
141 171
141 173
141 175
141 177
141 179
141 181
141 183
141 185
141 187
141 189
141 191
141 193
141 195
141 197
141 199
141 201
141 203
141 205
141 207
141 209
141 211
141 213
141 215
141 217
141 219
141 221
141 223
141 225
141 227
141 229
141 231
141 233
141 235
141 237
141 239
141 241
141 243
141 245
141 247
141 249
141 251
141 253
141 255
141 257
141 259
142 144
142 146
142 148
142 150
142 152
142 154
142 156
142 158
142 160
142 162
142 164
142 166
142 168
142 202
142 220
142 222
142 224
142 236
142 238
142 252
142 254
142 256
142 258
143 145
143 147
143 149
143 151
143 153
143 155
143 157
143 159
143 161
143 163
143 165
143 167
143 169
143 171
143 173
143 175
143 177
143 179
143 183
143 185
143 187
143 189
143 191
143 193
143 195
143 197
143 199
143 201
143 203
143 205
143 207
143 209
143 211
143 213
143 215
143 217
143 219
143 221
143 223
143 225
143 227
143 229
143 231
143 233
143 235
143 237
143 239
143 241
143 243
143 245
143 247
143 249
143 251
143 253
143 255
143 257
143 259
144 146
144 148
144 150
144 152
144 154
144 156
144 158
144 160
144 162
144 164
144 166
144 168
144 170
144 172
144 174
144 176
144 178
144 180
144 182
144 184
144 186
144 188
144 202
144 220
144 222
144 224
144 236
144 238
144 252
144 254
144 256
144 258
145 147
145 149
145 151
145 153
145 155
145 157
145 159
145 161
145 163
145 165
145 167
145 169
145 171
145 173
145 175
145 177
145 179
145 183
145 185
145 187
145 189
145 191
145 193
145 195
145 197
145 199
145 205
145 207
145 209
145 211
145 213
145 215
145 217
145 219
145 221
145 223
145 225
145 227
145 229
145 231
145 233
145 235
145 237
145 239
145 241
145 243
145 245
145 247
145 249
145 251
145 253
145 255
145 257
145 259
146 148
146 150
146 152
146 154
146 156
146 158
146 160
146 162
146 164
146 166
146 168
146 170
146 172
146 174
146 176
146 178
146 180
146 182
146 184
146 186
146 188
146 190
146 192
146 194
146 196
146 198
146 200
146 202
146 204
146 206
146 220
146 222
146 224
146 236
146 238
146 252
146 254
146 256
146 258
147 149
147 151
147 153
147 155
147 157
147 159
147 161
147 163
147 165
147 167
147 169
147 171
147 173
147 175
147 177
147 179
147 183
147 185
147 187
147 189
147 191
147 193
147 195
147 197
147 199
147 205
147 207
147 209
147 211
147 213
147 215
147 217
147 227
147 229
147 231
147 233
147 235
147 237
147 239
147 241
147 243
147 245
147 247
147 249
147 251
147 253
147 255
147 257
147 259
148 150
148 152
148 154
148 156
148 158
148 160
148 162
148 164
148 166
148 168
148 170
148 172
148 174
148 176
148 178
148 180
148 182
148 184
148 186
148 188
148 190
148 192
148 194
148 196
148 198
148 200
148 202
148 204
148 206
148 208
148 210
148 212
148 214
148 216
148 218
148 220
148 222
148 224
148 226
148 228
148 230
148 232
148 234
148 236
148 238
148 240
148 242
148 244
148 246
148 248
148 250
148 252
148 254
148 256
148 258
149 151
149 153
149 155
149 157
149 159
149 161
149 163
149 165
149 167
149 169
149 171
149 173
149 175
149 177
149 179
149 181
149 183
149 185
149 187
149 189
149 191
149 193
149 195
149 197
149 199
149 201
149 205
149 207
149 209
149 211
149 213
149 215
149 217
149 219
149 227
149 229
149 231
149 233
149 235
149 241
149 243
149 245
149 247
149 249
149 251
150 152
150 154
150 156
150 158
150 160
150 162
150 164
150 166
150 168
150 170
150 172
150 174
150 176
150 178
150 180
150 182
150 184
150 186
150 188
150 190
150 192
150 194
150 196
150 198
150 200
150 202
150 204
150 206
150 208
150 210
150 212
150 214
150 216
150 218
150 220
150 222
150 224
150 226
150 228
150 230
150 232
150 234
150 236
150 238
150 240
150 242
150 244
150 246
150 248
150 250
150 252
150 254
150 256
150 258
151 153
151 155
151 157
151 159
151 161
151 163
151 165
151 167
151 169
151 171
151 173
151 175
151 177
151 179
151 181
151 183
151 185
151 187
151 189
151 191
151 193
151 195
151 197
151 199
151 201
151 205
151 207
151 209
151 211
151 213
151 215
151 217
151 219
151 227
151 229
151 231
151 233
151 235
151 241
151 243
151 245
151 247
151 249
151 251
152 154
152 156
152 158
152 160
152 162
152 164
152 166
152 168
152 170
152 172
152 174
152 176
152 178
152 180
152 182
152 184
152 186
152 188
152 190
152 192
152 194
152 196
152 198
152 200
152 202
152 204
152 206
152 208
152 210
152 212
152 214
152 216
152 218
152 220
152 222
152 224
152 226
152 228
152 230
152 232
152 234
152 236
152 238
152 240
152 242
152 244
152 246
152 248
152 250
152 252
152 254
152 256
152 258
153 155
153 157
153 159
153 161
153 163
153 165
153 167
153 169
153 171
153 173
153 175
153 177
153 179
153 181
153 183
153 185
153 187
153 189
153 191
153 193
153 195
153 197
153 199
153 201
153 205
153 207
153 209
153 211
153 213
153 215
153 217
153 219
153 227
153 229
153 231
153 233
153 235
153 241
153 243
153 245
153 247
153 249
153 251
154 156
154 158
154 160
154 162
154 164
154 166
154 168
154 170
154 172
154 174
154 176
154 178
154 180
154 182
154 184
154 186
154 188
154 190
154 192
154 194
154 196
154 198
154 200
154 202
154 204
154 206
154 208
154 210
154 212
154 214
154 216
154 218
154 220
154 222
154 224
154 226
154 228
154 230
154 232
154 234
154 236
154 238
154 240
154 242
154 244
154 246
154 248
154 250
154 252
154 254
154 256
154 258
155 157
155 159
155 161
155 163
155 165
155 167
155 169
155 171
155 173
155 175
155 177
155 179
155 181
155 183
155 185
155 187
155 189
155 191
155 193
155 195
155 197
155 199
155 201
155 205
155 207
155 209
155 211
155 213
155 215
155 217
155 219
155 227
155 229
155 231
155 233
155 235
155 241
155 243
155 245
155 247
155 249
155 251
156 158
156 160
156 162
156 164
156 166
156 168
156 170
156 172
156 174
156 176
156 178
156 180
156 182
156 184
156 186
156 188
156 190
156 192
156 194
156 196
156 198
156 200
156 202
156 204
156 206
156 208
156 210
156 212
156 214
156 216
156 218
156 220
156 222
156 224
156 226
156 228
156 230
156 232
156 234
156 236
156 238
156 240
156 242
156 244
156 246
156 248
156 250
156 252
156 254
156 256
156 258
157 159
157 161
157 163
157 165
157 167
157 169
157 171
157 173
157 175
157 177
157 179
157 181
157 183
157 185
157 187
157 189
157 191
157 193
157 195
157 197
157 199
157 201
157 205
157 207
157 209
157 211
157 213
157 215
157 217
157 219
157 227
157 229
157 231
157 233
157 235
157 241
157 243
157 245
157 247
157 249
157 251
158 160
158 162
158 164
158 166
158 168
158 170
158 172
158 174
158 176
158 178
158 180
158 182
158 184
158 186
158 188
158 190
158 192
158 194
158 196
158 198
158 200
158 202
158 204
158 206
158 208
158 210
158 212
158 214
158 216
158 218
158 220
158 222
158 224
158 226
158 228
158 230
158 232
158 234
158 236
158 238
158 240
158 242
158 244
158 246
158 248
158 250
158 252
158 254
158 256
158 258
159 161
159 163
159 165
159 167
159 169
159 171
159 173
159 175
159 177
159 179
159 181
159 183
159 185
159 187
159 189
159 191
159 193
159 195
159 197
159 199
159 201
159 205
159 207
159 209
159 211
159 213
159 215
159 217
159 219
159 227
159 229
159 231
159 233
159 235
159 241
159 243
159 245
159 247
159 249
159 251
160 162
160 164
160 166
160 168
160 202
160 222
160 224
160 236
160 238
160 254
160 256
160 258
161 163
161 165
161 167
161 169
161 171
161 173
161 175
161 177
161 179
161 181
161 183
161 185
161 187
161 189
161 191
161 193
161 195
161 197
161 199
161 201
161 203
161 205
161 207
161 209
161 211
161 213
161 215
161 217
161 219
161 221
161 223
161 225
161 227
161 229
161 231
161 233
161 235
161 237
161 239
161 241
161 243
161 245
161 247
161 249
161 251
161 253
161 255
161 257
161 259
162 164
162 166
162 168
162 170
162 172
162 174
162 176
162 178
162 180
162 182
162 184
162 186
162 188
162 202
162 222
162 224
162 236
162 238
162 254
162 256
162 258
163 165
163 167
163 169
163 171
163 173
163 175
163 177
163 179
163 181
163 183
163 185
163 187
163 189
163 191
163 193
163 195
163 197
163 199
163 201
163 205
163 207
163 209
163 211
163 213
163 215
163 217
163 219
163 221
163 223
163 225
163 227
163 229
163 231
163 233
163 235
163 237
163 239
163 241
163 243
163 245
163 247
163 249
163 251
163 253
163 255
163 257
163 259
164 166
164 168
164 170
164 172
164 174
164 176
164 178
164 180
164 182
164 184
164 186
164 188
164 190
164 192
164 194
164 196
164 198
164 200
164 202
164 204
164 206
164 222
164 224
164 236
164 238
164 254
164 256
164 258
165 167
165 169
165 171
165 173
165 175
165 177
165 179
165 181
165 183
165 185
165 187
165 189
165 191
165 193
165 195
165 197
165 199
165 201
165 205
165 207
165 209
165 211
165 213
165 215
165 217
165 219
165 227
165 229
165 231
165 233
165 235
165 237
165 239
165 241
165 243
165 245
165 247
165 249
165 251
165 253
165 255
165 257
165 259
166 168
166 170
166 172
166 174
166 176
166 178
166 180
166 182
166 184
166 186
166 188
166 190
166 192
166 194
166 196
166 198
166 200
166 202
166 204
166 206
166 208
166 210
166 212
166 214
166 216
166 218
166 220
166 222
166 224
166 236
166 238
166 254
166 256
166 258
167 169
167 171
167 173
167 175
167 177
167 179
167 181
167 183
167 185
167 187
167 189
167 191
167 193
167 195
167 197
167 199
167 201
167 205
167 207
167 209
167 211
167 213
167 215
167 217
167 219
167 227
167 229
167 231
167 233
167 235
167 241
167 243
167 245
167 247
167 249
167 251
167 253
167 255
167 257
167 259
168 170
168 172
168 174
168 176
168 178
168 180
168 182
168 184
168 186
168 188
168 190
168 192
168 194
168 196
168 198
168 200
168 202
168 204
168 206
168 208
168 210
168 212
168 214
168 216
168 218
168 220
168 222
168 224
168 226
168 228
168 230
168 232
168 234
168 236
168 238
168 254
168 256
168 258
169 171
169 173
169 175
169 177
169 179
169 181
169 183
169 185
169 187
169 189
169 191
169 193
169 195
169 197
169 199
169 201
169 205
169 207
169 209
169 211
169 213
169 215
169 217
169 219
169 227
169 229
169 231
169 233
169 235
169 241
169 243
169 245
169 247
169 249
169 251
170 172
170 174
170 176
170 178
170 180
170 182
170 184
170 186
170 188
170 190
170 192
170 194
170 196
170 198
170 200
170 202
170 204
170 206
170 208
170 210
170 212
170 214
170 216
170 218
170 220
170 222
170 224
170 226
170 228
170 230
170 232
170 234
170 236
170 238
170 240
170 242
170 244
170 246
170 248
170 250
170 252
170 254
170 256
170 258
171 173
171 175
171 177
171 179
171 181
171 183
171 185
171 187
171 189
171 191
171 193
171 195
171 197
171 199
171 201
171 205
171 207
171 209
171 211
171 213
171 215
171 217
171 219
171 221
171 227
171 229
171 231
171 233
171 235
171 241
171 243
171 245
171 247
171 249
171 251
171 253
172 174
172 176
172 178
172 180
172 182
172 184
172 186
172 188
172 190
172 192
172 194
172 196
172 198
172 200
172 202
172 204
172 206
172 208
172 210
172 212
172 214
172 216
172 218
172 220
172 222
172 224
172 226
172 228
172 230
172 232
172 234
172 236
172 238
172 240
172 242
172 244
172 246
172 248
172 250
172 252
172 254
172 256
172 258
173 175
173 177
173 179
173 181
173 183
173 185
173 187
173 189
173 191
173 193
173 195
173 197
173 199
173 201
173 205
173 207
173 209
173 211
173 213
173 215
173 217
173 219
173 221
173 227
173 229
173 231
173 233
173 235
173 241
173 243
173 245
173 247
173 249
173 251
173 253
174 176
174 178
174 180
174 182
174 184
174 186
174 188
174 190
174 192
174 194
174 196
174 198
174 200
174 202
174 204
174 206
174 208
174 210
174 212
174 214
174 216
174 218
174 220
174 222
174 224
174 226
174 228
174 230
174 232
174 234
174 236
174 238
174 240
174 242
174 244
174 246
174 248
174 250
174 252
174 254
174 256
174 258
175 177
175 179
175 181
175 183
175 185
175 187
175 189
175 191
175 193
175 195
175 197
175 199
175 201
175 205
175 207
175 209
175 211
175 213
175 215
175 217
175 219
175 221
175 227
175 229
175 231
175 233
175 235
175 241
175 243
175 245
175 247
175 249
175 251
175 253
176 178
176 180
176 182
176 184
176 186
176 188
176 190
176 192
176 194
176 196
176 198
176 200
176 202
176 204
176 206
176 208
176 210
176 212
176 214
176 216
176 218
176 220
176 222
176 224
176 226
176 228
176 230
176 232
176 234
176 236
176 238
176 240
176 242
176 244
176 246
176 248
176 250
176 252
176 254
176 256
176 258
177 179
177 181
177 183
177 185
177 187
177 189
177 191
177 193
177 195
177 197
177 199
177 201
177 205
177 207
177 209
177 211
177 213
177 215
177 217
177 219
177 221
177 227
177 229
177 231
177 233
177 235
177 241
177 243
177 245
177 247
177 249
177 251
177 253
178 180
178 182
178 184
178 186
178 188
178 190
178 192
178 194
178 196
178 198
178 200
178 202
178 204
178 206
178 208
178 210
178 212
178 214
178 216
178 218
178 220
178 222
178 224
178 226
178 228
178 230
178 232
178 234
178 236
178 238
178 240
178 242
178 244
178 246
178 248
178 250
178 252
178 254
178 256
178 258
179 181
179 183
179 185
179 187
179 189
179 191
179 193
179 195
179 197
179 199
179 201
179 205
179 207
179 209
179 211
179 213
179 215
179 217
179 219
179 221
179 227
179 229
179 231
179 233
179 235
179 241
179 243
179 245
179 247
179 249
179 251
179 253
180 182
180 184
180 186
180 188
180 190
180 192
180 194
180 196
180 198
180 200
180 202
180 204
180 206
180 208
180 210
180 212
180 214
180 216
180 218
180 220
180 222
180 224
180 226
180 228
180 230
180 232
180 234
180 236
180 238
180 240
180 242
180 244
180 246
180 248
180 250
180 252
180 254
180 256
180 258
181 183
181 185
181 187
181 189
181 191
181 193
181 195
181 197
181 199
181 201
181 205
181 207
181 209
181 211
181 213
181 215
181 217
181 219
181 221
181 227
181 229
181 231
181 233
181 235
181 241
181 243
181 245
181 247
181 249
181 251
181 253
182 184
182 186
182 188
182 224
182 238
182 256
182 258
183 185
183 187
183 189
183 191
183 193
183 195
183 197
183 199
183 201
183 205
183 207
183 209
183 211
183 213
183 215
183 217
183 219
183 221
183 223
183 225
183 227
183 229
183 231
183 233
183 235
183 237
183 239
183 241
183 243
183 245
183 247
183 249
183 251
183 253
183 255
183 257
183 259
184 186
184 188
184 190
184 192
184 194
184 196
184 198
184 200
184 202
184 204
184 206
184 224
184 238
184 256
184 258
185 187
185 189
185 191
185 193
185 195
185 197
185 199
185 201
185 205
185 207
185 209
185 211
185 213
185 215
185 217
185 219
185 221
185 227
185 229
185 231
185 233
185 235
185 237
185 239
185 241
185 243
185 245
185 247
185 249
185 251
185 253
185 255
185 257
185 259
186 188
186 190
186 192
186 194
186 196
186 198
186 200
186 202
186 204
186 206
186 208
186 210
186 212
186 214
186 216
186 218
186 220
186 222
186 224
186 238
186 256
186 258
187 189
187 191
187 193
187 195
187 197
187 199
187 201
187 205
187 207
187 209
187 211
187 213
187 215
187 217
187 219
187 221
187 227
187 229
187 231
187 233
187 235
187 241
187 243
187 245
187 247
187 249
187 251
187 253
187 255
187 257
187 259
188 190
188 192
188 194
188 196
188 198
188 200
188 202
188 204
188 206
188 208
188 210
188 212
188 214
188 216
188 218
188 220
188 222
188 224
188 226
188 228
188 230
188 232
188 234
188 236
188 238
188 256
188 258
189 191
189 193
189 195
189 197
189 199
189 201
189 205
189 207
189 209
189 211
189 213
189 215
189 217
189 219
189 221
189 227
189 229
189 231
189 233
189 235
189 241
189 243
189 245
189 247
189 249
189 251
189 253
190 192
190 194
190 196
190 198
190 200
190 202
190 204
190 206
190 208
190 210
190 212
190 214
190 216
190 218
190 220
190 222
190 224
190 226
190 228
190 230
190 232
190 234
190 236
190 238
190 240
190 242
190 244
190 246
190 248
190 250
190 252
190 254
190 256
190 258
191 193
191 195
191 197
191 199
191 201
191 203
191 205
191 207
191 209
191 211
191 213
191 215
191 217
191 219
191 221
191 223
191 227
191 229
191 231
191 233
191 235
191 237
191 241
191 243
191 245
191 247
191 249
191 251
191 253
191 255
192 194
192 196
192 198
192 200
192 202
192 204
192 206
192 208
192 210
192 212
192 214
192 216
192 218
192 220
192 222
192 224
192 226
192 228
192 230
192 232
192 234
192 236
192 238
192 240
192 242
192 244
192 246
192 248
192 250
192 252
192 254
192 256
192 258
193 195
193 197
193 199
193 201
193 203
193 205
193 207
193 209
193 211
193 213
193 215
193 217
193 219
193 221
193 223
193 227
193 229
193 231
193 233
193 235
193 237
193 241
193 243
193 245
193 247
193 249
193 251
193 253
193 255
194 196
194 198
194 200
194 202
194 204
194 206
194 208
194 210
194 212
194 214
194 216
194 218
194 220
194 222
194 224
194 226
194 228
194 230
194 232
194 234
194 236
194 238
194 240
194 242
194 244
194 246
194 248
194 250
194 252
194 254
194 256
194 258
195 197
195 199
195 201
195 203
195 205
195 207
195 209
195 211
195 213
195 215
195 217
195 219
195 221
195 223
195 227
195 229
195 231
195 233
195 235
195 237
195 241
195 243
195 245
195 247
195 249
195 251
195 253
195 255
196 198
196 200
196 202
196 204
196 206
196 208
196 210
196 212
196 214
196 216
196 218
196 220
196 222
196 224
196 226
196 228
196 230
196 232
196 234
196 236
196 238
196 240
196 242
196 244
196 246
196 248
196 250
196 252
196 254
196 256
196 258
197 199
197 201
197 203
197 205
197 207
197 209
197 211
197 213
197 215
197 217
197 219
197 221
197 223
197 227
197 229
197 231
197 233
197 235
197 237
197 241
197 243
197 245
197 247
197 249
197 251
197 253
197 255
198 200
198 202
198 204
198 206
198 208
198 210
198 212
198 214
198 216
198 218
198 220
198 222
198 224
198 226
198 228
198 230
198 232
198 234
198 236
198 238
198 240
198 242
198 244
198 246
198 248
198 250
198 252
198 254
198 256
198 258
199 201
199 203
199 205
199 207
199 209
199 211
199 213
199 215
199 217
199 219
199 221
199 223
199 227
199 229
199 231
199 233
199 235
199 237
199 241
199 243
199 245
199 247
199 249
199 251
199 253
199 255
200 202
200 204
200 206
200 208
200 210
200 212
200 214
200 216
200 218
200 220
200 222
200 224
200 226
200 228
200 230
200 232
200 234
200 236
200 238
200 240
200 242
200 244
200 246
200 248
200 250
200 252
200 254
200 256
200 258
201 203
201 205
201 207
201 209
201 211
201 213
201 215
201 217
201 219
201 221
201 223
201 227
201 229
201 231
201 233
201 235
201 237
201 241
201 243
201 245
201 247
201 249
201 251
201 253
201 255
202 204
202 206
202 208
202 210
202 212
202 214
202 216
202 218
202 220
202 222
202 224
202 226
202 228
202 230
202 232
202 234
202 236
202 238
202 240
202 242
202 244
202 246
202 248
202 250
202 252
202 254
202 256
202 258
203 205
203 207
203 209
203 211
203 213
203 215
203 217
203 219
203 221
203 223
203 227
203 229
203 231
203 233
203 235
203 237
203 241
203 243
203 245
203 247
203 249
203 251
203 253
203 255
204 206
204 238
204 258
205 207
205 209
205 211
205 213
205 215
205 217
205 219
205 221
205 223
205 227
205 229
205 231
205 233
205 235
205 237
205 239
205 241
205 243
205 245
205 247
205 249
205 251
205 253
205 255
205 257
205 259
206 208
206 210
206 212
206 214
206 216
206 218
206 220
206 222
206 224
206 238
206 258
207 209
207 211
207 213
207 215
207 217
207 219
207 221
207 223
207 227
207 229
207 231
207 233
207 235
207 237
207 241
207 243
207 245
207 247
207 249
207 251
207 253
207 255
207 257
207 259
208 210
208 212
208 214
208 216
208 218
208 220
208 222
208 224
208 226
208 228
208 230
208 232
208 234
208 236
208 238
208 240
208 242
208 244
208 246
208 248
208 250
208 252
208 254
208 256
208 258
209 211
209 213
209 215
209 217
209 219
209 221
209 223
209 225
209 227
209 229
209 231
209 233
209 235
209 237
209 241
209 243
209 245
209 247
209 249
209 251
209 253
209 255
209 257
210 212
210 214
210 216
210 218
210 220
210 222
210 224
210 226
210 228
210 230
210 232
210 234
210 236
210 238
210 240
210 242
210 244
210 246
210 248
210 250
210 252
210 254
210 256
210 258
211 213
211 215
211 217
211 219
211 221
211 223
211 225
211 227
211 229
211 231
211 233
211 235
211 237
211 241
211 243
211 245
211 247
211 249
211 251
211 253
211 255
211 257
212 214
212 216
212 218
212 220
212 222
212 224
212 226
212 228
212 230
212 232
212 234
212 236
212 238
212 240
212 242
212 244
212 246
212 248
212 250
212 252
212 254
212 256
212 258
213 215
213 217
213 219
213 221
213 223
213 225
213 227
213 229
213 231
213 233
213 235
213 237
213 241
213 243
213 245
213 247
213 249
213 251
213 253
213 255
213 257
214 216
214 218
214 220
214 222
214 224
214 226
214 228
214 230
214 232
214 234
214 236
214 238
214 240
214 242
214 244
214 246
214 248
214 250
214 252
214 254
214 256
214 258
215 217
215 219
215 221
215 223
215 225
215 227
215 229
215 231
215 233
215 235
215 237
215 241
215 243
215 245
215 247
215 249
215 251
215 253
215 255
215 257
216 218
216 220
216 222
216 224
216 226
216 228
216 230
216 232
216 234
216 236
216 238
216 240
216 242
216 244
216 246
216 248
216 250
216 252
216 254
216 256
216 258
217 219
217 221
217 223
217 225
217 227
217 229
217 231
217 233
217 235
217 237
217 241
217 243
217 245
217 247
217 249
217 251
217 253
217 255
217 257
218 220
218 222
218 224
218 226
218 228
218 230
218 232
218 234
218 236
218 238
218 240
218 242
218 244
218 246
218 248
218 250
218 252
218 254
218 256
218 258
219 221
219 223
219 225
219 227
219 229
219 231
219 233
219 235
219 237
219 241
219 243
219 245
219 247
219 249
219 251
219 253
219 255
219 257
220 222
220 224
220 226
220 228
220 230
220 232
220 234
220 236
220 238
220 240
220 242
220 244
220 246
220 248
220 250
220 252
220 254
220 256
220 258
221 223
221 225
221 227
221 229
221 231
221 233
221 235
221 237
221 241
221 243
221 245
221 247
221 249
221 251
221 253
221 255
221 257
222 224
222 226
222 228
222 230
222 232
222 234
222 236
222 238
222 240
222 242
222 244
222 246
222 248
222 250
222 252
222 254
222 256
222 258
223 225
223 227
223 229
223 231
223 233
223 235
223 237
223 241
223 243
223 245
223 247
223 249
223 251
223 253
223 255
223 257
224 226
224 228
224 230
224 232
224 234
224 236
224 238
224 240
224 242
224 244
224 246
224 248
224 250
224 252
224 254
224 256
224 258
225 227
225 229
225 231
225 233
225 235
225 237
225 241
225 243
225 245
225 247
225 249
225 251
225 253
225 255
225 257
226 228
226 230
226 232
226 234
226 236
226 238
226 240
226 242
226 244
226 246
226 248
226 250
226 252
226 254
226 256
226 258
227 229
227 231
227 233
227 235
227 237
227 239
227 241
227 243
227 245
227 247
227 249
227 251
227 253
227 255
227 257
228 230
228 232
228 234
228 236
228 238
228 240
228 242
228 244
228 246
228 248
228 250
228 252
228 254
228 256
228 258
229 231
229 233
229 235
229 237
229 239
229 241
229 243
229 245
229 247
229 249
229 251
229 253
229 255
229 257
230 232
230 234
230 236
230 238
230 240
230 242
230 244
230 246
230 248
230 250
230 252
230 254
230 256
230 258
231 233
231 235
231 237
231 239
231 241
231 243
231 245
231 247
231 249
231 251
231 253
231 255
231 257
232 234
232 236
232 238
232 240
232 242
232 244
232 246
232 248
232 250
232 252
232 254
232 256
232 258
233 235
233 237
233 239
233 241
233 243
233 245
233 247
233 249
233 251
233 253
233 255
233 257
234 236
234 238
234 240
234 242
234 244
234 246
234 248
234 250
234 252
234 254
234 256
234 258
235 237
235 239
235 241
235 243
235 245
235 247
235 249
235 251
235 253
235 255
235 257
236 238
236 240
236 242
236 244
236 246
236 248
236 250
236 252
236 254
236 256
236 258
237 239
237 241
237 243
237 245
237 247
237 249
237 251
237 253
237 255
237 257
238 240
238 242
238 244
238 246
238 248
238 250
238 252
238 254
238 256
238 258
239 241
239 243
239 245
239 247
239 249
239 251
239 253
239 255
239 257
240 242
240 244
240 246
240 248
240 250
240 252
240 254
240 256
240 258
241 243
241 245
241 247
241 249
241 251
241 253
241 255
241 257
241 259
242 244
242 246
242 248
242 250
242 252
242 254
242 256
242 258
243 245
243 247
243 249
243 251
243 253
243 255
243 257
243 259
244 246
244 248
244 250
244 252
244 254
244 256
244 258
245 247
245 249
245 251
245 253
245 255
245 257
245 259
246 248
246 250
246 252
246 254
246 256
246 258
247 249
247 251
247 253
247 255
247 257
247 259
248 250
248 252
248 254
248 256
248 258
249 251
249 253
249 255
249 257
249 259
250 252
250 254
250 256
250 258
251 253
251 255
251 257
251 259
252 254
252 256
252 258
253 255
253 257
253 259
254 256
254 258
255 257
255 259
256 258
257 259
0 1
2 3
4 5
6 7
8 9
10 11
12 13
14 15
16 17
18 19
20 21
22 23
24 25
26 27
28 29
30 31
32 33
34 35
36 37
38 39
40 41
42 43
44 45
46 47
48 49
50 51
52 53
54 55
56 57
58 59
60 61
62 63
64 65
66 67
68 69
70 71
72 73
74 75
76 77
78 79
80 81
82 83
84 85
86 87
88 89
90 91
92 93
94 95
96 97
98 99
100 101
102 103
104 105
106 107
108 109
110 111
112 113
114 115
116 117
118 119
120 121
122 123
124 125
126 127
128 129
130 131
132 133
134 135
136 137
138 139
140 141
142 143
144 145
146 147
148 149
150 151
152 153
154 155
156 157
158 159
160 161
162 163
164 165
166 167
168 169
170 171
172 173
174 175
176 177
178 179
180 181
182 183
184 185
186 187
188 189
190 191
192 193
194 195
196 197
198 199
200 201
202 203
204 205
206 207
208 209
210 211
212 213
214 215
216 217
218 219
220 221
222 223
224 225
226 227
228 229
230 231
232 233
234 235
236 237
238 239
240 241
242 243
244 245
246 247
248 249
250 251
252 253
254 255
256 257
258 259
