68
888
34
0 2
0 4
0 14
0 22
0 24
0 32
0 40
0 46
0 50
0 52
0 54
0 56
0 58
0 62
0 64
0 66
1 3
1 5
1 9
1 11
1 13
1 15
1 17
1 19
1 21
1 23
1 25
1 27
1 29
1 31
1 33
1 35
1 37
1 39
1 41
1 43
1 45
1 47
1 49
1 51
1 53
1 55
1 57
1 59
1 61
1 63
1 65
1 67
2 4
2 6
2 8
2 10
2 12
2 14
2 16
2 18
2 20
2 22
2 24
2 26
2 28
2 30
2 32
2 34
2 36
2 40
2 46
2 50
2 52
2 54
2 56
2 58
2 62
2 64
2 66
3 5
3 9
3 11
3 13
3 17
3 19
3 27
3 29
3 35
3 37
3 43
3 45
3 47
3 49
3 51
3 53
3 55
3 57
3 59
3 61
3 63
3 65
3 67
4 6
4 8
4 10
4 12
4 14
4 16
4 18
4 20
4 22
4 24
4 26
4 28
4 30
4 32
4 34
4 36
4 38
4 40
4 42
4 44
4 46
4 48
4 50
4 52
4 54
4 56
4 58
4 60
4 62
4 64
4 66
5 9
5 11
5 13
5 17
5 19
5 27
5 29
5 35
5 37
5 43
5 49
5 61
6 8
6 10
6 12
6 14
6 16
6 18
6 20
6 22
6 24
6 26
6 28
6 30
6 32
6 34
6 36
6 38
6 40
6 42
6 44
6 46
6 48
6 50
6 52
6 54
6 56
6 58
6 60
6 62
6 64
6 66
7 9
7 11
7 13
7 17
7 19
7 21
7 27
7 29
7 31
7 35
7 37
7 39
7 43
7 45
7 49
7 61
8 10
8 12
8 14
8 16
8 18
8 24
8 32
8 40
8 46
8 50
8 52
8 54
8 56
8 58
8 64
8 66
9 11
9 13
9 17
9 19
9 21
9 27
9 29
9 31
9 33
9 35
9 37
9 39
9 41
9 43
9 45
9 47
9 49
9 51
9 53
9 55
9 57
9 59
9 61
9 63
9 65
9 67
10 12
10 14
10 16
10 18
10 20
10 22
10 24
10 26
10 28
10 30
10 32
10 34
10 36
10 40
10 46
10 50
10 52
10 54
10 56
10 58
10 64
10 66
11 13
11 17
11 19
11 21
11 27
11 29
11 31
11 35
11 37
11 39
11 43
11 45
11 47
11 49
11 51
11 53
11 55
11 57
11 59
11 61
11 63
11 65
11 67
12 14
12 16
12 18
12 20
12 22
12 24
12 26
12 28
12 30
12 32
12 34
12 36
12 38
12 40
12 42
12 46
12 50
12 52
12 54
12 56
12 58
12 64
12 66
13 17
13 19
13 21
13 27
13 29
13 31
13 35
13 37
13 39
13 43
13 45
13 49
13 51
13 53
13 55
13 57
13 59
13 61
13 63
13 65
13 67
14 16
14 18
14 20
14 22
14 24
14 26
14 28
14 30
14 32
14 34
14 36
14 38
14 40
14 42
14 44
14 46
14 48
14 50
14 52
14 54
14 56
14 58
14 60
14 62
14 64
14 66
15 17
15 19
15 21
15 23
15 27
15 29
15 31
15 35
15 37
15 39
15 43
15 45
15 49
15 61
15 63
16 18
16 20
16 22
16 24
16 26
16 28
16 30
16 32
16 34
16 36
16 38
16 40
16 42
16 44
16 46
16 48
16 52
16 54
16 58
16 64
16 66
17 19
17 21
17 23
17 27
17 29
17 31
17 35
17 37
17 39
17 43
17 45
17 49
17 57
17 59
17 61
17 63
17 65
17 67
18 20
18 22
18 24
18 26
18 28
18 30
18 32
18 34
18 36
18 38
18 40
18 42
18 44
18 46
18 48
18 50
18 52
18 54
18 56
18 58
18 60
18 64
18 66
19 21
19 23
19 27
19 29
19 31
19 35
19 37
19 39
19 43
19 45
19 49
19 61
19 63
20 22
20 24
20 26
20 28
20 30
20 32
20 34
20 36
20 38
20 40
20 42
20 44
20 46
20 48
20 50
20 52
20 54
20 56
20 58
20 60
20 62
20 64
20 66
21 23
21 25
21 27
21 29
21 31
21 33
21 35
21 37
21 39
21 43
21 45
21 49
21 51
21 57
21 61
21 63
22 24
22 26
22 28
22 30
22 32
22 34
22 36
22 38
22 40
22 42
22 44
22 46
22 48
22 50
22 52
22 54
22 56
22 58
22 60
22 62
22 64
22 66
23 25
23 27
23 29
23 31
23 33
23 35
23 37
23 39
23 43
23 45
23 49
23 51
23 57
23 61
23 63
24 26
24 28
24 30
24 32
24 34
24 36
24 38
24 40
24 42
24 44
24 46
24 48
24 50
24 52
24 54
24 56
24 58
24 60
24 62
24 64
24 66
25 27
25 29
25 31
25 33
25 35
25 37
25 39
25 43
25 45
25 49
25 51
25 57
25 61
25 63
26 28
26 30
26 32
26 34
26 36
26 38
26 40
26 42
26 52
26 54
26 58
26 64
26 66
27 29
27 31
27 33
27 35
27 37
27 39
27 43
27 45
27 49
27 51
27 53
27 55
27 57
27 59
27 61
27 63
27 65
27 67
28 30
28 32
28 34
28 36
28 38
28 40
28 42
28 44
28 46
28 48
28 50
28 52
28 54
28 58
28 64
28 66
29 31
29 33
29 35
29 37
29 39
29 43
29 45
29 49
29 51
29 57
29 61
29 63
29 65
29 67
30 32
30 34
30 36
30 38
30 40
30 42
30 44
30 46
30 48
30 50
30 52
30 54
30 56
30 58
30 60
30 62
30 64
30 66
31 33
31 35
31 37
31 39
31 41
31 43
31 45
31 47
31 49
31 51
31 57
31 61
31 63
32 34
32 36
32 38
32 40
32 42
32 44
32 46
32 48
32 50
32 52
32 54
32 56
32 58
32 60
32 62
32 64
32 66
33 35
33 37
33 39
33 41
33 43
33 45
33 47
33 49
33 51
33 57
33 61
33 63
34 36
34 54
34 58
34 64
34 66
35 37
35 39
35 41
35 43
35 45
35 47
35 49
35 51
35 53
35 55
35 57
35 59
35 61
35 63
35 65
35 67
36 38
36 40
36 42
36 54
36 58
36 64
36 66
37 39
37 41
37 43
37 45
37 47
37 49
37 51
37 53
37 55
37 57
37 59
37 61
37 63
37 65
37 67
38 40
38 42
38 44
38 46
38 48
38 50
38 52
38 54
38 56
38 58
38 60
38 62
38 64
38 66
39 41
39 43
39 45
39 47
39 49
39 51
39 53
39 57
39 61
39 63
40 42
40 44
40 46
40 48
40 50
40 52
40 54
40 56
40 58
40 60
40 62
40 64
40 66
41 43
41 45
41 47
41 49
41 51
41 53
41 57
41 61
41 63
42 44
42 46
42 48
42 50
42 52
42 54
42 66
43 45
43 47
43 49
43 51
43 53
43 57
43 61
43 63
43 65
43 67
44 46
44 48
44 50
44 52
44 54
44 56
44 58
44 60
44 62
44 64
44 66
45 47
45 49
45 51
45 53
45 55
45 57
45 59
45 61
45 63
45 65
46 48
46 50
46 52
46 54
46 56
46 58
46 60
46 62
46 64
46 66
47 49
47 51
47 53
47 55
47 57
47 59
47 61
47 63
47 65
48 66
49 51
49 53
49 55
49 57
49 59
49 61
49 63
49 65
49 67
50 52
50 54
50 56
50 58
50 60
50 62
50 64
50 66
51 53
51 55
51 57
51 59
51 61
51 63
51 65
52 54
52 56
52 58
52 60
52 62
52 64
52 66
53 55
53 57
53 59
53 61
53 63
53 65
54 56
54 58
54 60
54 62
54 64
54 66
55 57
55 59
55 61
55 63
55 65
56 58
56 60
56 62
56 64
56 66
57 59
57 61
57 63
57 65
57 67
58 60
58 62
58 64
58 66
59 61
59 63
59 65
59 67
61 63
61 65
61 67
62 64
62 66
63 65
63 67
64 66
65 67
0 1
2 3
4 5
6 7
8 9
10 11
12 13
14 15
16 17
18 19
20 21
22 23
24 25
26 27
28 29
30 31
32 33
34 35
36 37
38 39
40 41
42 43
44 45
46 47
48 49
50 51
52 53
54 55
56 57
58 59
60 61
62 63
64 65
66 67
