146
4148
73
0 2
0 4
0 6
0 8
0 10
0 12
0 32
0 48
0 50
0 60
0 62
0 64
0 76
0 78
0 80
0 82
0 92
0 94
0 104
0 106
0 108
0 110
0 112
0 118
0 120
0 122
0 124
0 126
0 132
0 134
0 136
0 138
0 140
0 142
0 144
1 3
1 5
1 7
1 9
1 11
1 13
1 17
1 19
1 21
1 23
1 25
1 27
1 29
1 31
1 33
1 35
1 37
1 39
1 41
1 43
1 45
1 47
1 49
1 51
1 53
1 55
1 57
1 59
1 61
1 63
1 65
1 67
1 69
1 71
1 73
1 75
1 77
1 79
1 81
1 83
1 85
1 87
1 89
1 91
1 93
1 95
1 97
1 99
1 101
1 103
1 105
1 107
1 109
1 111
1 113
1 115
1 117
1 119
1 121
1 123
1 125
1 127
1 129
1 131
1 133
1 135
1 137
1 139
1 141
1 143
1 145
2 4
2 6
2 8
2 10
2 12
2 14
2 16
2 18
2 20
2 22
2 24
2 26
2 28
2 30
2 32
2 34
2 36
2 38
2 40
2 42
2 44
2 48
2 50
2 60
2 62
2 64
2 76
2 78
2 80
2 82
2 92
2 94
2 104
2 106
2 108
2 110
2 112
2 118
2 120
2 122
2 124
2 126
2 132
2 134
2 136
2 138
2 140
2 142
2 144
3 5
3 7
3 9
3 11
3 13
3 17
3 19
3 21
3 23
3 25
3 27
3 29
3 35
3 37
3 39
3 41
3 43
3 45
3 53
3 55
3 57
3 59
3 61
3 63
3 65
3 67
3 69
3 71
3 73
3 75
3 77
3 79
3 81
3 83
3 85
3 87
3 89
3 91
3 93
3 95
3 97
3 99
3 101
3 103
3 105
3 107
3 109
3 111
3 113
3 115
3 117
3 119
3 121
3 123
3 125
3 127
3 129
3 131
3 133
3 135
3 137
3 139
3 141
3 143
3 145
4 6
4 8
4 10
4 12
4 14
4 16
4 18
4 20
4 22
4 24
4 26
4 28
4 30
4 32
4 34
4 36
4 38
4 40
4 42
4 44
4 46
4 48
4 50
4 52
4 54
4 56
4 58
4 60
4 62
4 64
4 76
4 78
4 80
4 82
4 92
4 94
4 104
4 106
4 108
4 110
4 112
4 118
4 120
4 122
4 124
4 126
4 132
4 134
4 136
4 138
4 140
4 142
4 144
5 7
5 9
5 11
5 13
5 17
5 19
5 21
5 23
5 25
5 27
5 29
5 35
5 37
5 39
5 41
5 43
5 45
5 53
5 55
5 57
5 59
5 67
5 69
5 71
5 73
5 75
5 77
5 79
5 81
5 83
5 85
5 87
5 89
5 91
5 93
5 95
5 97
5 99
5 101
5 103
5 105
5 107
5 109
5 111
5 113
5 115
5 117
5 119
5 121
5 123
5 125
5 127
5 129
5 131
5 133
5 135
5 137
5 139
5 141
5 143
5 145
6 8
6 10
6 12
6 14
6 16
6 18
6 20
6 22
6 24
6 26
6 28
6 30
6 32
6 34
6 36
6 38
6 40
6 42
6 44
6 46
6 48
6 50
6 52
6 54
6 56
6 58
6 60
6 62
6 64
6 66
6 68
6 70
6 72
6 74
6 76
6 78
6 80
6 82
6 92
6 94
6 104
6 106
6 108
6 110
6 112
6 118
6 120
6 122
6 124
6 126
6 132
6 134
6 136
6 138
6 140
6 142
6 144
7 9
7 11
7 13
7 17
7 19
7 21
7 23
7 25
7 27
7 29
7 35
7 37
7 39
7 41
7 43
7 45
7 53
7 55
7 57
7 59
7 67
7 69
7 71
7 73
7 75
7 85
7 87
7 89
7 91
7 93
7 95
7 97
7 99
7 101
7 103
7 105
7 107
7 109
7 111
7 113
7 115
7 117
7 119
7 121
7 123
7 125
7 127
7 129
7 131
7 133
7 135
7 137
7 139
7 141
7 143
7 145
8 10
8 12
8 14
8 16
8 18
8 20
8 22
8 24
8 26
8 28
8 30
8 32
8 34
8 36
8 38
8 40
8 42
8 44
8 46
8 48
8 50
8 52
8 54
8 56
8 58
8 60
8 62
8 64
8 66
8 68
8 70
8 72
8 74
8 76
8 78
8 80
8 82
8 84
8 86
8 88
8 92
8 94
8 104
8 106
8 108
8 110
8 112
8 118
8 120
8 122
8 124
8 126
8 132
8 134
8 136
8 138
8 140
8 142
8 144
9 11
9 13
9 17
9 19
9 21
9 23
9 25
9 27
9 29
9 35
9 37
9 39
9 41
9 43
9 45
9 53
9 55
9 57
9 59
9 67
9 69
9 71
9 73
9 75
9 85
9 87
9 89
9 97
9 99
9 101
9 103
9 105
9 107
9 109
9 111
9 113
9 115
9 117
9 119
9 121
9 123
9 125
9 127
9 129
9 131
9 133
9 135
9 137
9 139
9 141
9 143
9 145
10 12
10 14
10 16
10 18
10 20
10 22
10 24
10 26
10 28
10 30
10 32
10 34
10 36
10 38
10 40
10 42
10 44
10 46
10 48
10 50
10 52
10 54
10 56
10 58
10 60
10 62
10 64
10 66
10 68
10 70
10 72
10 74
10 76
10 78
10 80
10 82
10 84
10 86
10 88
10 90
10 92
10 94
10 96
10 98
10 100
10 102
10 104
10 106
10 108
10 110
10 112
10 114
10 116
10 118
10 120
10 122
10 124
10 126
10 132
10 134
10 136
10 138
10 140
10 142
10 144
11 13
11 17
11 19
11 21
11 23
11 25
11 27
11 29
11 35
11 37
11 39
11 41
11 43
11 45
11 53
11 55
11 57
11 59
11 67
11 69
11 71
11 73
11 75
11 85
11 87
11 89
11 97
11 99
11 101
11 115
11 117
11 129
11 131
11 133
11 135
11 137
11 139
11 141
11 143
11 145
12 14
12 16
12 18
12 20
12 22
12 24
12 26
12 28
12 30
12 32
12 34
12 36
12 38
12 40
12 42
12 44
12 46
12 48
12 50
12 52
12 54
12 56
12 58
12 60
12 62
12 64
12 66
12 68
12 70
12 72
12 74
12 76
12 78
12 80
12 82
12 84
12 86
12 88
12 90
12 92
12 94
12 96
12 98
12 100
12 102
12 104
12 106
12 108
12 110
12 112
12 114
12 116
12 118
12 120
12 122
12 124
12 126
12 128
12 132
12 134
12 136
12 138
12 140
12 142
12 144
13 17
13 19
13 21
13 23
13 25
13 27
13 29
13 35
13 37
13 39
13 41
13 43
13 45
13 53
13 55
13 57
13 59
13 67
13 69
13 71
13 73
13 75
13 85
13 87
13 89
13 97
13 99
13 101
13 115
13 117
13 129
14 16
14 18
14 20
14 22
14 24
14 26
14 28
14 30
14 32
14 34
14 36
14 38
14 40
14 42
14 44
14 46
14 48
14 50
14 52
14 54
14 56
14 58
14 60
14 62
14 64
14 66
14 68
14 70
14 72
14 74
14 76
14 78
14 80
14 82
14 84
14 86
14 88
14 90
14 92
14 94
14 96
14 98
14 100
14 102
14 104
14 106
14 108
14 110
14 112
14 114
14 116
14 118
14 120
14 122
14 124
14 126
14 128
14 130
14 132
14 134
14 136
14 138
14 140
14 142
14 144
15 17
15 19
15 21
15 23
15 25
15 27
15 29
15 31
15 35
15 37
15 39
15 41
15 43
15 45
15 47
15 53
15 55
15 57
15 59
15 67
15 69
15 71
15 73
15 75
15 85
15 87
15 89
15 91
15 97
15 99
15 101
15 103
15 115
15 117
15 129
15 131
16 18
16 20
16 22
16 24
16 26
16 28
16 50
16 62
16 64
16 78
16 80
16 82
16 94
16 106
16 108
16 110
16 112
16 120
16 122
16 124
16 126
16 134
16 136
16 138
16 140
16 142
16 144
17 19
17 21
17 23
17 25
17 27
17 29
17 31
17 35
17 37
17 39
17 41
17 43
17 45
17 47
17 49
17 51
17 53
17 55
17 57
17 59
17 61
17 63
17 65
17 67
17 69
17 71
17 73
17 75
17 77
17 79
17 81
17 83
17 85
17 87
17 89
17 91
17 93
17 95
17 97
17 99
17 101
17 103
17 105
17 107
17 109
17 111
17 113
17 115
17 117
17 119
17 121
17 123
17 125
17 127
17 129
17 131
17 133
17 135
17 137
17 139
17 141
17 143
17 145
18 20
18 22
18 24
18 26
18 28
18 30
18 32
18 34
18 36
18 38
18 40
18 42
18 44
18 50
18 62
18 64
18 78
18 80
18 82
18 94
18 106
18 108
18 110
18 112
18 120
18 122
18 124
18 126
18 134
18 136
18 138
18 140
18 142
18 144
19 21
19 23
19 25
19 27
19 29
19 31
19 35
19 37
19 39
19 41
19 43
19 45
19 47
19 53
19 55
19 57
19 59
19 61
19 63
19 65
19 67
19 69
19 71
19 73
19 75
19 77
19 79
19 81
19 83
19 85
19 87
19 89
19 91
19 93
19 95
19 97
19 99
19 101
19 103
19 105
19 107
19 109
19 111
19 113
19 115
19 117
19 119
19 121
19 123
19 125
19 127
19 129
19 131
19 133
19 135
19 137
19 139
19 141
19 143
19 145
20 22
20 24
20 26
20 28
20 30
20 32
20 34
20 36
20 38
20 40
20 42
20 44
20 46
20 48
20 50
20 52
20 54
20 56
20 58
20 62
20 64
20 78
20 80
20 82
20 94
20 106
20 108
20 110
20 112
20 120
20 122
20 124
20 126
20 134
20 136
20 138
20 140
20 142
20 144
21 23
21 25
21 27
21 29
21 31
21 35
21 37
21 39
21 41
21 43
21 45
21 47
21 53
21 55
21 57
21 59
21 67
21 69
21 71
21 73
21 75
21 77
21 79
21 81
21 83
21 85
21 87
21 89
21 91
21 93
21 95
21 97
21 99
21 101
21 103
21 105
21 107
21 109
21 111
21 113
21 115
21 117
21 119
21 121
21 123
21 125
21 127
21 129
21 131
21 133
21 135
21 137
21 139
21 141
21 143
21 145
22 24
22 26
22 28
22 30
22 32
22 34
22 36
22 38
22 40
22 42
22 44
22 46
22 48
22 50
22 52
22 54
22 56
22 58
22 60
22 62
22 64
22 66
22 68
22 70
22 72
22 74
22 78
22 80
22 82
22 94
22 106
22 108
22 110
22 112
22 120
22 122
22 124
22 126
22 134
22 136
22 138
22 140
22 142
22 144
23 25
23 27
23 29
23 31
23 35
23 37
23 39
23 41
23 43
23 45
23 47
23 53
23 55
23 57
23 59
23 67
23 69
23 71
23 73
23 75
23 85
23 87
23 89
23 91
23 93
23 95
23 97
23 99
23 101
23 103
23 105
23 107
23 109
23 111
23 113
23 115
23 117
23 119
23 121
23 123
23 125
23 127
23 129
23 131
23 133
23 135
23 137
23 139
23 141
23 143
23 145
24 26
24 28
24 30
24 32
24 34
24 36
24 38
24 40
24 42
24 44
24 46
24 48
24 50
24 52
24 54
24 56
24 58
24 60
24 62
24 64
24 66
24 68
24 70
24 72
24 74
24 76
24 78
24 80
24 82
24 84
24 86
24 88
24 90
24 92
24 94
24 96
24 98
24 100
24 106
24 108
24 110
24 112
24 120
24 122
24 124
24 126
24 134
24 136
24 138
24 140
24 142
24 144
25 27
25 29
25 31
25 35
25 37
25 39
25 41
25 43
25 45
25 47
25 53
25 55
25 57
25 59
25 67
25 69
25 71
25 73
25 75
25 85
25 87
25 89
25 91
25 97
25 99
25 101
25 103
25 115
25 117
25 119
25 121
25 123
25 125
25 127
25 129
25 131
25 133
25 135
25 137
25 139
25 141
25 143
25 145
26 28
26 30
26 32
26 34
26 36
26 38
26 40
26 42
26 44
26 46
26 48
26 50
26 52
26 54
26 56
26 58
26 60
26 62
26 64
26 66
26 68
26 70
26 72
26 74
26 76
26 78
26 80
26 82
26 84
26 86
26 88
26 90
26 92
26 94
26 96
26 98
26 100
26 102
26 104
26 106
26 108
26 110
26 112
26 114
26 116
26 120
26 122
26 124
26 126
26 134
26 136
26 138
26 140
26 142
26 144
27 29
27 31
27 35
27 37
27 39
27 41
27 43
27 45
27 47
27 53
27 55
27 57
27 59
27 67
27 69
27 71
27 73
27 75
27 85
27 87
27 89
27 91
27 97
27 99
27 101
27 103
27 115
27 117
27 129
27 131
27 133
27 135
27 137
27 139
27 141
27 143
27 145
28 30
28 32
28 34
28 36
28 38
28 40
28 42
28 44
28 46
28 48
28 50
28 52
28 54
28 56
28 58
28 60
28 62
28 64
28 66
28 68
28 70
28 72
28 74
28 76
28 78
28 80
28 82
28 84
28 86
28 88
28 90
28 92
28 94
28 96
28 98
28 100
28 102
28 104
28 106
28 108
28 110
28 112
28 114
28 116
28 118
28 120
28 122
28 124
28 126
28 128
28 134
28 136
28 138
28 140
28 142
28 144
29 31
29 35
29 37
29 39
29 41
29 43
29 45
29 47
29 53
29 55
29 57
29 59
29 67
29 69
29 71
29 73
29 75
29 85
29 87
29 89
29 91
29 97
29 99
29 101
29 103
29 115
29 117
29 129
29 131
30 32
30 34
30 36
30 38
30 40
30 42
30 44
30 46
30 48
30 50
30 52
30 54
30 56
30 58
30 60
30 62
30 64
30 66
30 68
30 70
30 72
30 74
30 76
30 78
30 80
30 82
30 84
30 86
30 88
30 90
30 92
30 94
30 96
30 98
30 100
30 102
30 104
30 106
30 108
30 110
30 112
30 114
30 116
30 118
30 120
30 122
30 124
30 126
30 128
30 130
30 132
30 134
30 136
30 138
30 140
30 142
30 144
31 33
31 35
31 37
31 39
31 41
31 43
31 45
31 47
31 49
31 53
31 55
31 57
31 59
31 61
31 67
31 69
31 71
31 73
31 75
31 77
31 85
31 87
31 89
31 91
31 93
31 97
31 99
31 101
31 103
31 105
31 115
31 117
31 119
31 129
31 131
31 133
32 34
32 36
32 38
32 40
32 42
32 44
32 46
32 48
32 50
32 52
32 54
32 56
32 58
32 60
32 62
32 64
32 66
32 68
32 70
32 72
32 74
32 76
32 78
32 80
32 82
32 84
32 86
32 88
32 90
32 92
32 94
32 96
32 98
32 100
32 102
32 104
32 106
32 108
32 110
32 112
32 114
32 116
32 118
32 120
32 122
32 124
32 126
32 128
32 130
32 132
32 134
32 136
32 138
32 140
32 142
32 144
33 35
33 37
33 39
33 41
33 43
33 45
33 47
33 49
33 53
33 55
33 57
33 59
33 61
33 67
33 69
33 71
33 73
33 75
33 77
33 85
33 87
33 89
33 91
33 93
33 97
33 99
33 101
33 103
33 105
33 115
33 117
33 119
33 129
33 131
33 133
34 36
34 38
34 40
34 42
34 44
34 64
34 80
34 82
34 94
34 108
34 110
34 112
34 120
34 122
34 124
34 126
34 134
34 136
34 138
34 140
34 142
34 144
35 37
35 39
35 41
35 43
35 45
35 47
35 49
35 53
35 55
35 57
35 59
35 61
35 63
35 65
35 67
35 69
35 71
35 73
35 75
35 77
35 79
35 81
35 83
35 85
35 87
35 89
35 91
35 93
35 95
35 97
35 99
35 101
35 103
35 105
35 107
35 109
35 111
35 113
35 115
35 117
35 119
35 121
35 123
35 125
35 127
35 129
35 131
35 133
35 135
35 137
35 139
35 141
35 143
35 145
36 38
36 40
36 42
36 44
36 46
36 48
36 50
36 52
36 54
36 56
36 58
36 64
36 80
36 82
36 94
36 108
36 110
36 112
36 120
36 122
36 124
36 126
36 134
36 136
36 138
36 140
36 142
36 144
37 39
37 41
37 43
37 45
37 47
37 49
37 53
37 55
37 57
37 59
37 61
37 67
37 69
37 71
37 73
37 75
37 77
37 79
37 81
37 83
37 85
37 87
37 89
37 91
37 93
37 95
37 97
37 99
37 101
37 103
37 105
37 107
37 109
37 111
37 113
37 115
37 117
37 119
37 121
37 123
37 125
37 127
37 129
37 131
37 133
37 135
37 137
37 139
37 141
37 143
37 145
38 40
38 42
38 44
38 46
38 48
38 50
38 52
38 54
38 56
38 58
38 60
38 62
38 64
38 66
38 68
38 70
38 72
38 74
38 80
38 82
38 94
38 108
38 110
38 112
38 120
38 122
38 124
38 126
38 134
38 136
38 138
38 140
38 142
38 144
39 41
39 43
39 45
39 47
39 49
39 53
39 55
39 57
39 59
39 61
39 67
39 69
39 71
39 73
39 75
39 77
39 85
39 87
39 89
39 91
39 93
39 95
39 97
39 99
39 101
39 103
39 105
39 107
39 109
39 111
39 113
39 115
39 117
39 119
39 121
39 123
39 125
39 127
39 129
39 131
39 133
39 135
39 137
39 139
39 141
39 143
39 145
40 42
40 44
40 46
40 48
40 50
40 52
40 54
40 56
40 58
40 60
40 62
40 64
40 66
40 68
40 70
40 72
40 74
40 76
40 78
40 80
40 82
40 84
40 86
40 88
40 90
40 92
40 94
40 96
40 98
40 100
40 108
40 110
40 112
40 120
40 122
40 124
40 126
40 134
40 136
40 138
40 140
40 142
40 144
41 43
41 45
41 47
41 49
41 53
41 55
41 57
41 59
41 61
41 67
41 69
41 71
41 73
41 75
41 77
41 85
41 87
41 89
41 91
41 93
41 97
41 99
41 101
41 103
41 105
41 115
41 117
41 119
41 121
41 123
41 125
41 127
41 129
41 131
41 133
41 135
41 137
41 139
41 141
41 143
41 145
42 44
42 46
42 48
42 50
42 52
42 54
42 56
42 58
42 60
42 62
42 64
42 66
42 68
42 70
42 72
42 74
42 76
42 78
42 80
42 82
42 84
42 86
42 88
42 90
42 92
42 94
42 96
42 98
42 100
42 102
42 104
42 106
42 108
42 110
42 112
42 114
42 116
42 120
42 122
42 124
42 126
42 134
42 136
42 138
42 140
42 142
42 144
43 45
43 47
43 49
43 53
43 55
43 57
43 59
43 61
43 67
43 69
43 71
43 73
43 75
43 77
43 85
43 87
43 89
43 91
43 93
43 97
43 99
43 101
43 103
43 105
43 115
43 117
43 119
43 129
43 131
43 133
43 135
43 137
43 139
43 141
43 143
43 145
44 46
44 48
44 50
44 52
44 54
44 56
44 58
44 60
44 62
44 64
44 66
44 68
44 70
44 72
44 74
44 76
44 78
44 80
44 82
44 84
44 86
44 88
44 90
44 92
44 94
44 96
44 98
44 100
44 102
44 104
44 106
44 108
44 110
44 112
44 114
44 116
44 118
44 120
44 122
44 124
44 126
44 128
44 134
44 136
44 138
44 140
44 142
44 144
45 47
45 49
45 53
45 55
45 57
45 59
45 61
45 67
45 69
45 71
45 73
45 75
45 77
45 85
45 87
45 89
45 91
45 93
45 97
45 99
45 101
45 103
45 105
45 115
45 117
45 119
45 129
45 131
45 133
46 48
46 50
46 52
46 54
46 56
46 58
46 60
46 62
46 64
46 66
46 68
46 70
46 72
46 74
46 76
46 78
46 80
46 82
46 84
46 86
46 88
46 90
46 92
46 94
46 96
46 98
46 100
46 102
46 104
46 106
46 108
46 110
46 112
46 114
46 116
46 118
46 120
46 122
46 124
46 126
46 128
46 130
46 132
46 134
46 136
46 138
46 140
46 142
46 144
47 49
47 51
47 53
47 55
47 57
47 59
47 61
47 63
47 67
47 69
47 71
47 73
47 75
47 77
47 79
47 85
47 87
47 89
47 91
47 93
47 97
47 99
47 101
47 103
47 105
47 107
47 115
47 117
47 119
47 129
47 131
47 133
48 50
48 52
48 54
48 56
48 58
48 60
48 62
48 64
48 66
48 68
48 70
48 72
48 74
48 76
48 78
48 80
48 82
48 84
48 86
48 88
48 90
48 92
48 94
48 96
48 98
48 100
48 102
48 104
48 106
48 108
48 110
48 112
48 114
48 116
48 118
48 120
48 122
48 124
48 126
48 128
48 130
48 132
48 134
48 136
48 138
48 140
48 142
48 144
49 51
49 53
49 55
49 57
49 59
49 61
49 63
49 67
49 69
49 71
49 73
49 75
49 77
49 79
49 85
49 87
49 89
49 91
49 93
49 97
49 99
49 101
49 103
49 105
49 107
49 115
49 117
49 119
49 129
49 131
49 133
50 52
50 54
50 56
50 58
50 60
50 62
50 64
50 66
50 68
50 70
50 72
50 74
50 76
50 78
50 80
50 82
50 84
50 86
50 88
50 90
50 92
50 94
50 96
50 98
50 100
50 102
50 104
50 106
50 108
50 110
50 112
50 114
50 116
50 118
50 120
50 122
50 124
50 126
50 128
50 130
50 132
50 134
50 136
50 138
50 140
50 142
50 144
51 53
51 55
51 57
51 59
51 61
51 63
51 67
51 69
51 71
51 73
51 75
51 77
51 79
51 85
51 87
51 89
51 91
51 93
51 97
51 99
51 101
51 103
51 105
51 107
51 115
51 117
51 119
51 129
51 131
51 133
52 54
52 56
52 58
52 82
52 94
52 110
52 112
52 122
52 124
52 126
52 136
52 138
52 140
52 142
52 144
53 55
53 57
53 59
53 61
53 63
53 67
53 69
53 71
53 73
53 75
53 77
53 79
53 81
53 83
53 85
53 87
53 89
53 91
53 93
53 95
53 97
53 99
53 101
53 103
53 105
53 107
53 109
53 111
53 113
53 115
53 117
53 119
53 121
53 123
53 125
53 127
53 129
53 131
53 133
53 135
53 137
53 139
53 141
53 143
53 145
54 56
54 58
54 60
54 62
54 64
54 66
54 68
54 70
54 72
54 74
54 76
54 78
54 80
54 82
54 84
54 86
54 88
54 94
54 110
54 112
54 122
54 124
54 126
54 136
54 138
54 140
54 142
54 144
55 57
55 59
55 61
55 63
55 67
55 69
55 71
55 73
55 75
55 77
55 79
55 85
55 87
55 89
55 91
55 93
55 97
55 99
55 101
55 103
55 105
55 107
55 109
55 111
55 113
55 115
55 117
55 119
55 121
55 123
55 125
55 127
55 129
55 131
55 133
55 135
55 137
55 139
55 141
55 143
55 145
56 58
56 60
56 62
56 64
56 66
56 68
56 70
56 72
56 74
56 76
56 78
56 80
56 82
56 84
56 86
56 88
56 90
56 92
56 94
56 96
56 98
56 100
56 110
56 112
56 122
56 124
56 126
56 136
56 138
56 140
56 142
56 144
57 59
57 61
57 63
57 67
57 69
57 71
57 73
57 75
57 77
57 79
57 85
57 87
57 89
57 91
57 93
57 97
57 99
57 101
57 103
57 105
57 107
57 115
57 117
57 119
57 121
57 123
57 125
57 127
57 129
57 131
57 133
57 135
57 137
57 139
57 141
57 143
57 145
58 60
58 62
58 64
58 66
58 68
58 70
58 72
58 74
58 76
58 78
58 80
58 82
58 84
58 86
58 88
58 90
58 92
58 94
58 96
58 98
58 100
58 102
58 104
58 106
58 108
58 110
58 112
58 114
58 116
58 122
58 124
58 126
58 136
58 138
58 140
58 142
58 144
59 61
59 63
59 67
59 69
59 71
59 73
59 75
59 77
59 79
59 85
59 87
59 89
59 91
59 93
59 97
59 99
59 101
59 103
59 105
59 107
59 115
59 117
59 119
59 129
59 131
59 133
59 135
59 137
59 139
59 141
59 143
59 145
60 62
60 64
60 66
60 68
60 70
60 72
60 74
60 76
60 78
60 80
60 82
60 84
60 86
60 88
60 90
60 92
60 94
60 96
60 98
60 100
60 102
60 104
60 106
60 108
60 110
60 112
60 114
60 116
60 118
60 120
60 122
60 124
60 126
60 128
60 130
60 132
60 134
60 136
60 138
60 140
60 142
60 144
61 63
61 65
61 67
61 69
61 71
61 73
61 75
61 77
61 79
61 81
61 85
61 87
61 89
61 91
61 93
61 97
61 99
61 101
61 103
61 105
61 107
61 109
61 115
61 117
61 119
61 121
61 129
61 131
61 133
61 135
62 64
62 66
62 68
62 70
62 72
62 74
62 76
62 78
62 80
62 82
62 84
62 86
62 88
62 90
62 92
62 94
62 96
62 98
62 100
62 102
62 104
62 106
62 108
62 110
62 112
62 114
62 116
62 118
62 120
62 122
62 124
62 126
62 128
62 130
62 132
62 134
62 136
62 138
62 140
62 142
62 144
63 65
63 67
63 69
63 71
63 73
63 75
63 77
63 79
63 81
63 85
63 87
63 89
63 91
63 93
63 97
63 99
63 101
63 103
63 105
63 107
63 109
63 115
63 117
63 119
63 121
63 129
63 131
63 133
63 135
64 66
64 68
64 70
64 72
64 74
64 76
64 78
64 80
64 82
64 84
64 86
64 88
64 90
64 92
64 94
64 96
64 98
64 100
64 102
64 104
64 106
64 108
64 110
64 112
64 114
64 116
64 118
64 120
64 122
64 124
64 126
64 128
64 130
64 132
64 134
64 136
64 138
64 140
64 142
64 144
65 67
65 69
65 71
65 73
65 75
65 77
65 79
65 81
65 85
65 87
65 89
65 91
65 93
65 97
65 99
65 101
65 103
65 105
65 107
65 109
65 115
65 117
65 119
65 121
65 129
65 131
65 133
65 135
66 68
66 70
66 72
66 74
66 94
66 112
66 124
66 126
66 138
66 140
66 142
66 144
67 69
67 71
67 73
67 75
67 77
67 79
67 81
67 85
67 87
67 89
67 91
67 93
67 95
67 97
67 99
67 101
67 103
67 105
67 107
67 109
67 111
67 113
67 115
67 117
67 119
67 121
67 123
67 125
67 127
67 129
67 131
67 133
67 135
67 137
67 139
67 141
67 143
67 145
68 70
68 72
68 74
68 76
68 78
68 80
68 82
68 84
68 86
68 88
68 94
68 112
68 124
68 126
68 138
68 140
68 142
68 144
69 71
69 73
69 75
69 77
69 79
69 81
69 85
69 87
69 89
69 91
69 93
69 97
69 99
69 101
69 103
69 105
69 107
69 109
69 111
69 113
69 115
69 117
69 119
69 121
69 123
69 125
69 127
69 129
69 131
69 133
69 135
69 137
69 139
69 141
69 143
69 145
70 72
70 74
70 76
70 78
70 80
70 82
70 84
70 86
70 88
70 90
70 92
70 94
70 96
70 98
70 100
70 112
70 124
70 126
70 138
70 140
70 142
70 144
71 73
71 75
71 77
71 79
71 81
71 85
71 87
71 89
71 91
71 93
71 97
71 99
71 101
71 103
71 105
71 107
71 109
71 115
71 117
71 119
71 121
71 123
71 125
71 127
71 129
71 131
71 133
71 135
71 137
71 139
71 141
71 143
71 145
72 74
72 76
72 78
72 80
72 82
72 84
72 86
72 88
72 90
72 92
72 94
72 96
72 98
72 100
72 102
72 104
72 106
72 108
72 110
72 112
72 114
72 116
72 124
72 126
72 138
72 140
72 142
72 144
73 75
73 77
73 79
73 81
73 85
73 87
73 89
73 91
73 93
73 97
73 99
73 101
73 103
73 105
73 107
73 109
73 115
73 117
73 119
73 121
73 129
73 131
73 133
73 135
73 137
73 139
73 141
73 143
73 145
74 76
74 78
74 80
74 82
74 84
74 86
74 88
74 90
74 92
74 94
74 96
74 98
74 100
74 102
74 104
74 106
74 108
74 110
74 112
74 114
74 116
74 118
74 120
74 122
74 124
74 126
74 128
74 138
74 140
74 142
74 144
75 77
75 79
75 81
75 85
75 87
75 89
75 91
75 93
75 97
75 99
75 101
75 103
75 105
75 107
75 109
75 115
75 117
75 119
75 121
75 129
75 131
75 133
75 135
76 78
76 80
76 82
76 84
76 86
76 88
76 90
76 92
76 94
76 96
76 98
76 100
76 102
76 104
76 106
76 108
76 110
76 112
76 114
76 116
76 118
76 120
76 122
76 124
76 126
76 128
76 130
76 132
76 134
76 136
76 138
76 140
76 142
76 144
77 79
77 81
77 83
77 85
77 87
77 89
77 91
77 93
77 97
77 99
77 101
77 103
77 105
77 107
77 109
77 111
77 115
77 117
77 119
77 121
77 123
77 129
77 131
77 133
77 135
77 137
78 80
78 82
78 84
78 86
78 88
78 90
78 92
78 94
78 96
78 98
78 100
78 102
78 104
78 106
78 108
78 110
78 112
78 114
78 116
78 118
78 120
78 122
78 124
78 126
78 128
78 130
78 132
78 134
78 136
78 138
78 140
78 142
78 144
79 81
79 83
79 85
79 87
79 89
79 91
79 93
79 97
79 99
79 101
79 103
79 105
79 107
79 109
79 111
79 115
79 117
79 119
79 121
79 123
79 129
79 131
79 133
79 135
79 137
80 82
80 84
80 86
80 88
80 90
80 92
80 94
80 96
80 98
80 100
80 102
80 104
80 106
80 108
80 110
80 112
80 114
80 116
80 118
80 120
80 122
80 124
80 126
80 128
80 130
80 132
80 134
80 136
80 138
80 140
80 142
80 144
81 83
81 85
81 87
81 89
81 91
81 93
81 97
81 99
81 101
81 103
81 105
81 107
81 109
81 111
81 115
81 117
81 119
81 121
81 123
81 129
81 131
81 133
81 135
81 137
82 84
82 86
82 88
82 90
82 92
82 94
82 96
82 98
82 100
82 102
82 104
82 106
82 108
82 110
82 112
82 114
82 116
82 118
82 120
82 122
82 124
82 126
82 128
82 130
82 132
82 134
82 136
82 138
82 140
82 142
82 144
83 85
83 87
83 89
83 91
83 93
83 97
83 99
83 101
83 103
83 105
83 107
83 109
83 111
83 115
83 117
83 119
83 121
83 123
83 129
83 131
83 133
83 135
83 137
84 86
84 88
84 124
84 126
84 140
84 142
84 144
85 87
85 89
85 91
85 93
85 97
85 99
85 101
85 103
85 105
85 107
85 109
85 111
85 113
85 115
85 117
85 119
85 121
85 123
85 125
85 127
85 129
85 131
85 133
85 135
85 137
85 139
85 141
85 143
85 145
86 88
86 90
86 92
86 94
86 96
86 98
86 100
86 102
86 104
86 106
86 108
86 110
86 112
86 114
86 116
86 124
86 126
86 140
86 142
86 144
87 89
87 91
87 93
87 97
87 99
87 101
87 103
87 105
87 107
87 109
87 111
87 115
87 117
87 119
87 121
87 123
87 129
87 131
87 133
87 135
87 137
87 139
87 141
87 143
87 145
88 90
88 92
88 94
88 96
88 98
88 100
88 102
88 104
88 106
88 108
88 110
88 112
88 114
88 116
88 118
88 120
88 122
88 124
88 126
88 128
88 140
88 142
88 144
89 91
89 93
89 97
89 99
89 101
89 103
89 105
89 107
89 109
89 111
89 115
89 117
89 119
89 121
89 123
89 129
89 131
89 133
89 135
89 137
90 92
90 94
90 96
90 98
90 100
90 102
90 104
90 106
90 108
90 110
90 112
90 114
90 116
90 118
90 120
90 122
90 124
90 126
90 128
90 130
90 132
90 134
90 136
90 138
90 140
90 142
90 144
91 93
91 95
91 97
91 99
91 101
91 103
91 105
91 107
91 109
91 111
91 113
91 115
91 117
91 119
91 121
91 123
91 129
91 131
91 133
91 135
91 137
91 139
92 94
92 96
92 98
92 100
92 102
92 104
92 106
92 108
92 110
92 112
92 114
92 116
92 118
92 120
92 122
92 124
92 126
92 128
92 130
92 132
92 134
92 136
92 138
92 140
92 142
92 144
93 95
93 97
93 99
93 101
93 103
93 105
93 107
93 109
93 111
93 113
93 115
93 117
93 119
93 121
93 123
93 129
93 131
93 133
93 135
93 137
93 139
94 96
94 98
94 100
94 102
94 104
94 106
94 108
94 110
94 112
94 114
94 116
94 118
94 120
94 122
94 124
94 126
94 128
94 130
94 132
94 134
94 136
94 138
94 140
94 142
94 144
95 97
95 99
95 101
95 103
95 105
95 107
95 109
95 111
95 113
95 115
95 117
95 119
95 121
95 123
95 129
95 131
95 133
95 135
95 137
95 139
96 98
96 100
96 126
96 142
96 144
97 99
97 101
97 103
97 105
97 107
97 109
97 111
97 113
97 115
97 117
97 119
97 121
97 123
97 125
97 127
97 129
97 131
97 133
97 135
97 137
97 139
97 141
97 143
97 145
98 100
98 102
98 104
98 106
98 108
98 110
98 112
98 114
98 116
98 126
98 142
98 144
99 101
99 103
99 105
99 107
99 109
99 111
99 113
99 115
99 117
99 119
99 121
99 123
99 129
99 131
99 133
99 135
99 137
99 139
99 141
99 143
99 145
100 102
100 104
100 106
100 108
100 110
100 112
100 114
100 116
100 118
100 120
100 122
100 124
100 126
100 128
100 142
100 144
101 103
101 105
101 107
101 109
101 111
101 113
101 115
101 117
101 119
101 121
101 123
101 129
101 131
101 133
101 135
101 137
101 139
102 104
102 106
102 108
102 110
102 112
102 114
102 116
102 118
102 120
102 122
102 124
102 126
102 128
102 130
102 132
102 134
102 136
102 138
102 140
102 142
102 144
103 105
103 107
103 109
103 111
103 113
103 115
103 117
103 119
103 121
103 123
103 125
103 129
103 131
103 133
103 135
103 137
103 139
103 141
104 106
104 108
104 110
104 112
104 114
104 116
104 118
104 120
104 122
104 124
104 126
104 128
104 130
104 132
104 134
104 136
104 138
104 140
104 142
104 144
105 107
105 109
105 111
105 113
105 115
105 117
105 119
105 121
105 123
105 125
105 129
105 131
105 133
105 135
105 137
105 139
105 141
106 108
106 110
106 112
106 114
106 116
106 118
106 120
106 122
106 124
106 126
106 128
106 130
106 132
106 134
106 136
106 138
106 140
106 142
106 144
107 109
107 111
107 113
107 115
107 117
107 119
107 121
107 123
107 125
107 129
107 131
107 133
107 135
107 137
107 139
107 141
108 110
108 112
108 114
108 116
108 118
108 120
108 122
108 124
108 126
108 128
108 130
108 132
108 134
108 136
108 138
108 140
108 142
108 144
109 111
109 113
109 115
109 117
109 119
109 121
109 123
109 125
109 129
109 131
109 133
109 135
109 137
109 139
109 141
110 112
110 114
110 116
110 118
110 120
110 122
110 124
110 126
110 128
110 130
110 132
110 134
110 136
110 138
110 140
110 142
110 144
111 113
111 115
111 117
111 119
111 121
111 123
111 125
111 129
111 131
111 133
111 135
111 137
111 139
111 141
112 114
112 116
112 118
112 120
112 122
112 124
112 126
112 128
112 130
112 132
112 134
112 136
112 138
112 140
112 142
112 144
113 115
113 117
113 119
113 121
113 123
113 125
113 129
113 131
113 133
113 135
113 137
113 139
113 141
114 116
114 144
115 117
115 119
115 121
115 123
115 125
115 129
115 131
115 133
115 135
115 137
115 139
115 141
115 143
115 145
116 118
116 120
116 122
116 124
116 126
116 128
116 144
117 119
117 121
117 123
117 125
117 129
117 131
117 133
117 135
117 137
117 139
117 141
118 120
118 122
118 124
118 126
118 128
118 130
118 132
118 134
118 136
118 138
118 140
118 142
118 144
119 121
119 123
119 125
119 127
119 129
119 131
119 133
119 135
119 137
119 139
119 141
119 143
120 122
120 124
120 126
120 128
120 130
120 132
120 134
120 136
120 138
120 140
120 142
120 144
121 123
121 125
121 127
121 129
121 131
121 133
121 135
121 137
121 139
121 141
121 143
122 124
122 126
122 128
122 130
122 132
122 134
122 136
122 138
122 140
122 142
122 144
123 125
123 127
123 129
123 131
123 133
123 135
123 137
123 139
123 141
123 143
124 126
124 128
124 130
124 132
124 134
124 136
124 138
124 140
124 142
124 144
125 127
125 129
125 131
125 133
125 135
125 137
125 139
125 141
125 143
126 128
126 130
126 132
126 134
126 136
126 138
126 140
126 142
126 144
127 129
127 131
127 133
127 135
127 137
127 139
127 141
127 143
129 131
129 133
129 135
129 137
129 139
129 141
129 143
130 132
130 134
130 136
130 138
130 140
130 142
130 144
131 133
131 135
131 137
131 139
131 141
131 143
131 145
132 134
132 136
132 138
132 140
132 142
132 144
133 135
133 137
133 139
133 141
133 143
133 145
134 136
134 138
134 140
134 142
134 144
135 137
135 139
135 141
135 143
135 145
136 138
136 140
136 142
136 144
137 139
137 141
137 143
137 145
138 140
138 142
138 144
139 141
139 143
139 145
140 142
140 144
141 143
141 145
142 144
143 145
0 1
2 3
4 5
6 7
8 9
10 11
12 13
14 15
16 17
18 19
20 21
22 23
24 25
26 27
28 29
30 31
32 33
34 35
36 37
38 39
40 41
42 43
44 45
46 47
48 49
50 51
52 53
54 55
56 57
58 59
60 61
62 63
64 65
66 67
68 69
70 71
72 73
74 75
76 77
78 79
80 81
82 83
84 85
86 87
88 89
90 91
92 93
94 95
96 97
98 99
100 101
102 103
104 105
106 107
108 109
110 111
112 113
114 115
116 117
118 119
120 121
122 123
124 125
126 127
128 129
130 131
132 133
134 135
136 137
138 139
140 141
142 143
144 145
