38
270
19
0 2
0 14
0 18
0 20
0 26
0 28
0 30
0 32
0 36
1 3
1 5
1 7
1 9
1 11
1 13
1 15
1 17
1 19
1 21
1 23
1 25
1 27
1 29
1 31
1 33
1 35
1 37
2 4
2 6
2 8
2 10
2 12
2 14
2 16
2 18
2 20
2 22
2 24
2 26
2 28
2 30
2 32
2 36
3 5
3 7
3 11
3 13
3 17
3 23
3 25
3 29
3 31
3 33
3 35
3 37
4 6
4 20
4 28
4 32
5 7
5 9
5 11
5 13
5 15
5 17
5 19
5 21
5 23
5 25
5 27
5 29
5 31
5 33
5 35
5 37
6 8
6 10
6 12
6 14
6 16
6 18
6 20
6 22
6 24
6 26
6 28
6 32
7 9
7 11
7 13
7 17
7 23
7 25
7 35
7 37
8 10
8 12
8 14
8 16
8 18
8 20
8 22
8 24
8 26
8 28
8 30
8 32
8 34
8 36
9 11
9 13
9 15
9 17
9 19
9 23
9 25
9 27
9 31
9 35
9 37
10 12
10 32
11 13
11 15
11 17
11 19
11 21
11 23
11 25
11 27
11 29
11 31
11 33
11 35
11 37
12 14
12 16
12 18
12 20
12 22
12 24
12 26
12 28
12 32
13 15
13 17
13 19
13 23
13 25
13 27
13 31
13 35
13 37
14 16
14 18
14 20
14 22
14 24
14 26
14 28
14 30
14 32
14 34
14 36
15 17
15 19
15 21
15 23
15 25
15 27
15 29
15 31
15 35
15 37
16 18
16 20
16 22
16 24
16 26
16 28
17 19
17 21
17 23
17 25
17 27
17 29
17 31
17 35
17 37
18 20
18 22
18 24
18 26
18 28
18 30
18 32
18 34
18 36
19 21
19 23
19 25
19 27
19 29
19 31
19 33
19 35
19 37
20 22
20 24
20 26
20 28
20 30
20 32
20 34
20 36
21 23
21 25
21 27
21 29
21 31
21 33
21 35
21 37
23 25
23 27
23 29
23 31
23 33
23 35
23 37
24 26
24 28
24 30
24 32
24 34
25 27
25 29
25 31
25 33
25 35
25 37
26 28
26 30
26 32
26 34
26 36
27 29
27 31
27 33
27 35
27 37
28 30
28 32
28 34
28 36
29 31
29 33
29 35
29 37
30 32
30 34
30 36
31 33
31 35
31 37
32 34
32 36
33 35
33 37
35 37
0 1
2 3
4 5
6 7
8 9
10 11
12 13
14 15
16 17
18 19
20 21
22 23
24 25
26 27
28 29
30 31
32 33
34 35
36 37
