28
149
14
0 6
0 14
0 16
0 18
0 20
0 22
0 26
1 3
1 5
1 7
1 9
1 11
1 13
1 15
1 17
1 19
1 21
1 23
1 25
1 27
2 4
2 6
2 8
2 10
2 12
2 14
2 16
2 18
2 20
2 22
2 26
3 5
3 9
3 11
3 13
3 17
3 19
3 21
3 23
3 25
3 27
4 6
4 8
4 10
4 12
4 14
4 16
4 18
4 20
4 22
4 24
4 26
5 7
5 9
5 11
5 13
5 17
5 21
5 25
6 8
6 10
6 12
6 14
6 16
6 18
6 20
6 22
6 24
6 26
7 9
7 11
7 13
7 17
7 21
7 25
8 10
8 12
8 18
8 22
8 26
9 11
9 13
9 17
9 19
9 21
9 23
9 25
9 27
10 12
10 14
10 16
10 18
10 20
10 22
10 24
10 26
11 13
11 15
11 17
11 21
11 25
12 14
12 16
12 18
12 26
13 15
13 17
13 19
13 21
13 25
13 27
14 16
14 18
14 20
14 22
14 24
14 26
15 17
15 19
15 21
15 23
15 25
16 18
16 20
16 22
16 24
16 26
17 19
17 21
17 23
17 25
18 20
18 22
18 24
18 26
19 21
19 23
19 25
20 22
20 24
20 26
21 23
21 25
21 27
22 24
22 26
23 25
23 27
25 27
0 1
2 3
4 5
6 7
8 9
10 11
12 13
14 15
16 17
18 19
20 21
22 23
24 25
26 27
