82
1283
41
0 2
0 4
0 6
0 16
0 22
0 30
0 32
0 38
0 44
0 46
0 54
0 56
0 58
0 60
0 64
0 66
0 68
0 70
0 72
0 78
0 80
1 3
1 5
1 7
1 9
1 11
1 13
1 15
1 17
1 19
1 21
1 23
1 25
1 27
1 29
1 31
1 33
1 35
1 37
1 39
1 41
1 43
1 45
1 47
1 49
1 51
1 53
1 55
1 57
1 59
1 61
1 63
1 65
1 67
1 69
1 71
1 73
1 75
1 77
1 79
1 81
2 4
2 6
2 8
2 10
2 12
2 14
2 16
2 18
2 20
2 22
2 24
2 26
2 28
2 30
2 32
2 34
2 38
2 44
2 46
2 54
2 56
2 58
2 60
2 64
2 66
2 68
2 70
2 72
2 78
2 80
3 5
3 7
3 9
3 11
3 13
3 19
3 25
3 27
3 29
3 35
3 41
3 43
3 45
3 47
3 49
3 51
3 53
3 55
3 57
3 59
3 61
3 63
3 65
3 67
3 69
3 71
3 73
3 75
3 77
3 79
3 81
4 6
4 8
4 10
4 12
4 14
4 16
4 18
4 20
4 22
4 24
4 26
4 28
4 30
4 32
4 34
4 36
4 38
4 40
4 42
4 44
4 46
4 54
4 56
4 58
4 60
4 64
4 66
4 68
4 70
4 72
4 78
4 80
5 7
5 9
5 11
5 13
5 19
5 25
5 27
5 29
5 35
5 41
5 43
5 49
5 51
5 53
5 55
5 57
5 59
5 61
5 63
5 65
5 67
5 69
5 71
5 73
5 75
5 77
5 79
5 81
6 8
6 10
6 12
6 14
6 16
6 18
6 20
6 22
6 24
6 26
6 28
6 30
6 32
6 34
6 36
6 38
6 40
6 42
6 44
6 46
6 48
6 50
6 52
6 54
6 56
6 58
6 60
6 62
6 64
6 66
6 68
6 70
6 72
6 78
6 80
7 9
7 11
7 13
7 19
7 25
7 27
7 29
7 35
7 41
7 43
7 49
7 51
7 53
7 63
7 75
7 77
7 79
7 81
8 10
8 12
8 14
8 16
8 18
8 20
8 22
8 24
8 26
8 28
8 32
8 44
8 46
8 56
8 58
8 60
8 66
8 68
8 70
8 72
8 78
8 80
9 11
9 13
9 15
9 19
9 21
9 25
9 27
9 29
9 35
9 37
9 39
9 41
9 43
9 45
9 47
9 49
9 51
9 53
9 55
9 57
9 59
9 61
9 63
9 65
9 67
9 69
9 71
9 73
9 75
9 77
9 79
9 81
10 12
10 14
10 16
10 18
10 20
10 22
10 24
10 26
10 28
10 30
10 32
10 34
10 44
10 46
10 56
10 58
10 60
10 66
10 68
10 70
10 72
10 78
10 80
11 13
11 15
11 19
11 21
11 25
11 27
11 29
11 35
11 37
11 41
11 43
11 45
11 47
11 49
11 51
11 53
11 55
11 57
11 59
11 61
11 63
11 65
11 67
11 69
11 71
11 73
11 75
11 77
11 79
11 81
12 14
12 16
12 18
12 20
12 22
12 24
12 26
12 28
12 30
12 32
12 34
12 36
12 38
12 40
12 42
12 44
12 46
12 48
12 50
12 52
12 56
12 58
12 60
12 66
12 68
12 70
12 72
12 78
12 80
13 15
13 19
13 21
13 25
13 27
13 29
13 35
13 37
13 41
13 43
13 49
13 51
13 53
13 63
13 65
13 67
13 69
13 71
13 73
13 75
13 77
13 79
13 81
14 16
14 18
14 20
14 22
14 24
14 26
14 28
14 30
14 32
14 34
14 36
14 38
14 40
14 42
14 44
14 46
14 48
14 50
14 52
14 54
14 56
14 58
14 60
14 62
14 64
14 66
14 68
14 70
14 72
14 74
14 76
14 78
14 80
15 17
15 19
15 21
15 23
15 25
15 27
15 29
15 31
15 35
15 37
15 39
15 41
15 43
15 49
15 51
15 53
15 55
15 63
15 65
15 75
15 77
16 18
16 20
16 22
16 24
16 26
16 28
16 30
16 32
16 34
16 36
16 38
16 40
16 42
16 44
16 46
16 48
16 50
16 52
16 54
16 56
16 58
16 60
16 62
16 64
16 66
16 68
16 70
16 72
16 74
16 76
16 78
16 80
17 19
17 21
17 23
17 25
17 27
17 29
17 31
17 35
17 37
17 39
17 41
17 43
17 49
17 51
17 53
17 55
17 63
17 65
17 75
17 77
18 32
18 46
18 58
18 60
18 68
18 70
18 72
18 78
18 80
19 21
19 23
19 25
19 27
19 29
19 31
19 33
19 35
19 37
19 39
19 41
19 43
19 45
19 47
19 49
19 51
19 53
19 55
19 57
19 59
19 61
19 63
19 65
19 67
19 69
19 71
19 73
19 75
19 77
19 79
19 81
20 22
20 24
20 26
20 28
20 30
20 32
20 34
20 36
20 38
20 40
20 42
20 44
20 46
20 48
20 50
20 52
20 54
20 56
20 58
20 60
20 62
20 64
20 66
20 68
20 70
20 72
20 74
20 76
20 78
20 80
21 23
21 25
21 27
21 29
21 31
21 35
21 37
21 39
21 41
21 43
21 45
21 49
21 51
21 53
21 55
21 57
21 63
21 65
21 67
21 75
21 77
22 24
22 26
22 28
22 30
22 32
22 34
22 36
22 38
22 40
22 42
22 44
22 46
22 48
22 50
22 52
22 54
22 56
22 58
22 60
22 62
22 64
22 66
22 68
22 70
22 72
22 74
22 76
22 78
22 80
23 25
23 27
23 29
23 31
23 35
23 37
23 39
23 41
23 43
23 45
23 49
23 51
23 53
23 55
23 57
23 63
23 65
23 67
23 75
23 77
24 26
24 28
24 58
24 60
24 70
24 72
24 78
24 80
25 27
25 29
25 31
25 35
25 37
25 39
25 41
25 43
25 45
25 47
25 49
25 51
25 53
25 55
25 57
25 59
25 61
25 63
25 65
25 67
25 69
25 71
25 73
25 75
25 77
25 79
25 81
26 28
26 30
26 32
26 34
26 58
26 60
26 70
26 72
26 78
26 80
27 29
27 31
27 35
27 37
27 39
27 41
27 43
27 45
27 47
27 49
27 51
27 53
27 55
27 57
27 59
27 61
27 63
27 65
27 67
27 69
27 71
27 73
27 75
27 77
27 79
27 81
28 30
28 32
28 34
28 36
28 38
28 40
28 42
28 44
28 46
28 48
28 50
28 52
28 54
28 56
28 58
28 60
28 62
28 70
28 72
28 78
28 80
29 31
29 35
29 37
29 39
29 41
29 43
29 45
29 49
29 51
29 53
29 55
29 57
29 63
29 65
29 67
29 75
29 77
29 79
29 81
30 32
30 34
30 36
30 38
30 40
30 42
30 44
30 46
30 48
30 50
30 52
30 54
30 56
30 58
30 60
30 62
30 64
30 66
30 68
30 70
30 72
30 74
30 76
30 78
30 80
31 33
31 35
31 37
31 39
31 41
31 43
31 45
31 47
31 49
31 51
31 53
31 55
31 57
31 63
31 65
31 67
31 69
31 75
31 77
32 34
32 36
32 38
32 40
32 42
32 44
32 46
32 48
32 50
32 52
32 54
32 56
32 58
32 60
32 62
32 64
32 66
32 68
32 70
32 72
32 74
32 76
32 78
32 80
33 35
33 37
33 39
33 41
33 43
33 45
33 47
33 49
33 51
33 53
33 55
33 57
33 63
33 65
33 67
33 69
33 75
33 77
34 58
34 60
34 72
34 80
35 37
35 39
35 41
35 43
35 45
35 47
35 49
35 51
35 53
35 55
35 57
35 59
35 61
35 63
35 65
35 67
35 69
35 71
35 73
35 75
35 77
35 79
35 81
36 38
36 40
36 42
36 44
36 46
36 48
36 50
36 52
36 54
36 56
36 58
36 60
36 62
36 64
36 66
36 68
36 70
36 72
36 74
36 76
36 78
36 80
37 39
37 41
37 43
37 45
37 47
37 49
37 51
37 53
37 55
37 57
37 63
37 65
37 67
37 69
37 71
37 75
37 77
37 79
38 40
38 42
38 44
38 46
38 48
38 50
38 52
38 54
38 56
38 58
38 60
38 62
38 64
38 66
38 68
38 70
38 72
38 74
38 76
38 78
38 80
39 41
39 43
39 45
39 47
39 49
39 51
39 53
39 55
39 57
39 63
39 65
39 67
39 69
39 71
39 75
39 77
39 79
40 42
40 60
40 72
40 80
41 43
41 45
41 47
41 49
41 51
41 53
41 55
41 57
41 59
41 61
41 63
41 65
41 67
41 69
41 71
41 73
41 75
41 77
41 79
41 81
42 44
42 46
42 48
42 50
42 52
42 60
42 72
42 80
43 45
43 47
43 49
43 51
43 53
43 55
43 57
43 63
43 65
43 67
43 69
43 71
43 73
43 75
43 77
43 79
43 81
44 46
44 48
44 50
44 52
44 54
44 56
44 58
44 60
44 62
44 64
44 66
44 68
44 70
44 72
44 74
44 76
44 78
44 80
45 47
45 49
45 51
45 53
45 55
45 57
45 59
45 63
45 65
45 67
45 69
45 71
45 75
45 77
45 79
46 48
46 50
46 52
46 54
46 56
46 58
46 60
46 62
46 64
46 66
46 68
46 70
46 72
46 74
46 76
46 78
46 80
47 49
47 51
47 53
47 55
47 57
47 59
47 63
47 65
47 67
47 69
47 71
47 75
47 77
47 79
48 50
48 52
49 51
49 53
49 55
49 57
49 59
49 63
49 65
49 67
49 69
49 71
49 73
49 75
49 77
49 79
49 81
50 52
50 54
50 56
50 58
50 60
50 62
51 53
51 55
51 57
51 59
51 63
51 65
51 67
51 69
51 71
51 75
51 77
51 79
51 81
52 54
52 56
52 58
52 60
52 62
52 64
52 66
52 68
52 70
52 72
52 74
53 55
53 57
53 59
53 63
53 65
53 67
53 69
53 71
53 75
53 77
53 79
54 56
54 58
54 60
54 62
54 64
54 66
54 68
54 70
54 72
54 74
54 76
54 78
54 80
55 57
55 59
55 61
55 63
55 65
55 67
55 69
55 71
55 73
55 75
55 77
55 79
55 81
56 58
56 60
56 62
56 64
56 66
56 68
56 70
56 72
56 74
56 76
56 78
56 80
57 59
57 61
57 63
57 65
57 67
57 69
57 71
57 73
57 75
57 77
57 79
57 81
58 60
58 62
58 64
58 66
58 68
58 70
58 72
58 74
58 76
58 78
58 80
59 61
59 63
59 65
59 67
59 69
59 71
59 73
59 75
59 77
59 79
59 81
60 62
60 64
60 66
60 68
60 70
60 72
60 74
60 76
60 78
60 80
61 63
61 65
61 67
61 69
61 71
61 73
61 75
61 77
61 79
61 81
63 65
63 67
63 69
63 71
63 73
63 75
63 77
63 79
63 81
64 66
64 68
64 70
64 72
64 74
64 76
64 78
64 80
65 67
65 69
65 71
65 73
65 75
65 77
65 79
65 81
66 68
66 70
66 72
66 74
66 76
66 78
66 80
67 69
67 71
67 73
67 75
67 77
67 79
67 81
68 70
68 72
68 74
68 76
68 78
68 80
69 71
69 73
69 75
69 77
69 79
69 81
70 72
70 74
70 76
70 78
70 80
71 73
71 75
71 77
71 79
71 81
72 74
72 76
72 78
72 80
73 75
73 77
73 79
73 81
75 77
75 79
75 81
76 78
76 80
77 79
77 81
78 80
79 81
0 1
2 3
4 5
6 7
8 9
10 11
12 13
14 15
16 17
18 19
20 21
22 23
24 25
26 27
28 29
30 31
32 33
34 35
36 37
38 39
40 41
42 43
44 45
46 47
48 49
50 51
52 53
54 55
56 57
58 59
60 61
62 63
64 65
66 67
68 69
70 71
72 73
74 75
76 77
78 79
80 81
