114
2510
57
0 2
0 4
0 6
0 8
0 24
0 34
0 36
0 48
0 50
0 58
0 60
0 62
0 70
0 72
0 74
0 82
0 84
0 86
0 88
0 92
0 94
0 96
0 98
0 100
0 102
0 108
0 110
0 112
1 3
1 5
1 7
1 9
1 11
1 13
1 15
1 17
1 19
1 21
1 23
1 25
1 27
1 29
1 31
1 33
1 35
1 37
1 39
1 41
1 43
1 45
1 47
1 49
1 51
1 53
1 55
1 57
1 59
1 61
1 63
1 65
1 67
1 69
1 71
1 73
1 75
1 77
1 79
1 81
1 83
1 85
1 87
1 89
1 91
1 93
1 95
1 97
1 99
1 101
1 103
1 105
1 107
1 109
1 111
1 113
2 4
2 6
2 8
2 10
2 12
2 14
2 16
2 18
2 20
2 22
2 24
2 26
2 28
2 30
2 32
2 34
2 36
2 38
2 40
2 42
2 44
2 46
2 48
2 50
2 52
2 54
2 58
2 60
2 62
2 70
2 72
2 74
2 82
2 84
2 86
2 88
2 92
2 94
2 96
2 98
2 100
2 102
2 108
2 110
2 112
3 5
3 7
3 9
3 11
3 13
3 15
3 17
3 19
3 21
3 27
3 29
3 31
3 39
3 41
3 43
3 45
3 53
3 55
3 65
3 67
3 69
3 71
3 73
3 75
3 77
3 79
3 81
3 83
3 85
3 87
3 89
3 91
3 93
3 95
3 97
3 99
3 101
3 103
3 105
3 107
3 109
3 111
3 113
4 6
4 8
4 10
4 12
4 14
4 16
4 18
4 20
4 22
4 24
4 26
4 28
4 30
4 32
4 34
4 36
4 38
4 40
4 42
4 44
4 46
4 48
4 50
4 52
4 54
4 56
4 58
4 60
4 62
4 64
4 66
4 68
4 70
4 72
4 74
4 82
4 84
4 86
4 88
4 92
4 94
4 96
4 98
4 100
4 102
4 108
4 110
4 112
5 7
5 9
5 11
5 13
5 15
5 17
5 19
5 21
5 27
5 29
5 31
5 39
5 41
5 43
5 45
5 53
5 55
5 65
5 67
5 69
5 77
5 79
5 81
5 83
5 85
5 87
5 89
5 91
5 93
5 95
5 97
5 99
5 101
5 103
5 105
5 107
5 109
5 111
5 113
6 8
6 10
6 12
6 14
6 16
6 18
6 20
6 22
6 24
6 26
6 28
6 30
6 32
6 34
6 36
6 38
6 40
6 42
6 44
6 46
6 48
6 50
6 52
6 54
6 56
6 58
6 60
6 62
6 64
6 66
6 68
6 70
6 72
6 74
6 76
6 78
6 80
6 82
6 84
6 86
6 88
6 92
6 94
6 96
6 98
6 100
6 102
6 108
6 110
6 112
7 9
7 11
7 13
7 15
7 17
7 19
7 21
7 27
7 29
7 31
7 39
7 41
7 43
7 45
7 53
7 55
7 65
7 67
7 69
7 77
7 79
7 81
7 91
7 93
7 95
7 97
7 99
7 101
7 103
7 105
7 107
7 109
7 111
7 113
8 10
8 12
8 14
8 16
8 18
8 20
8 22
8 24
8 26
8 28
8 30
8 32
8 34
8 36
8 38
8 40
8 42
8 44
8 46
8 48
8 50
8 52
8 54
8 56
8 58
8 60
8 62
8 64
8 66
8 68
8 70
8 72
8 74
8 76
8 78
8 80
8 82
8 84
8 86
8 88
8 90
8 92
8 94
8 96
8 98
8 100
8 102
8 108
8 110
8 112
9 11
9 13
9 15
9 17
9 19
9 21
9 27
9 29
9 31
9 39
9 41
9 43
9 45
9 53
9 55
9 65
9 67
9 69
9 77
9 79
9 81
9 91
9 105
9 107
9 109
9 111
9 113
10 12
10 14
10 16
10 18
10 20
10 36
10 50
10 60
10 62
10 72
10 74
10 84
10 86
10 88
10 94
10 96
10 98
10 100
10 102
10 108
10 110
10 112
11 13
11 15
11 17
11 19
11 21
11 23
11 27
11 29
11 31
11 33
11 35
11 37
11 39
11 41
11 43
11 45
11 47
11 49
11 51
11 53
11 55
11 57
11 59
11 61
11 63
11 65
11 67
11 69
11 71
11 73
11 75
11 77
11 79
11 81
11 83
11 85
11 87
11 89
11 91
11 93
11 95
11 97
11 99
11 101
11 103
11 105
11 107
11 109
11 111
11 113
12 14
12 16
12 18
12 20
12 22
12 24
12 26
12 28
12 30
12 32
12 34
12 36
12 38
12 40
12 42
12 44
12 50
12 60
12 62
12 72
12 74
12 84
12 86
12 88
12 94
12 96
12 98
12 100
12 102
12 108
12 110
12 112
13 15
13 17
13 19
13 21
13 23
13 27
13 29
13 31
13 33
13 39
13 41
13 43
13 45
13 47
13 53
13 55
13 57
13 59
13 61
13 63
13 65
13 67
13 69
13 71
13 73
13 75
13 77
13 79
13 81
13 83
13 85
13 87
13 89
13 91
13 93
13 95
13 97
13 99
13 101
13 103
13 105
13 107
13 109
13 111
13 113
14 16
14 18
14 20
14 22
14 24
14 26
14 28
14 30
14 32
14 34
14 36
14 38
14 40
14 42
14 44
14 46
14 48
14 50
14 52
14 54
14 60
14 62
14 72
14 74
14 84
14 86
14 88
14 94
14 96
14 98
14 100
14 102
14 108
14 110
14 112
15 17
15 19
15 21
15 23
15 27
15 29
15 31
15 33
15 39
15 41
15 43
15 45
15 47
15 53
15 55
15 57
15 65
15 67
15 69
15 71
15 73
15 75
15 77
15 79
15 81
15 83
15 85
15 87
15 89
15 91
15 93
15 95
15 97
15 99
15 101
15 103
15 105
15 107
15 109
15 111
15 113
16 18
16 20
16 22
16 24
16 26
16 28
16 30
16 32
16 34
16 36
16 38
16 40
16 42
16 44
16 46
16 48
16 50
16 52
16 54
16 56
16 58
16 60
16 62
16 64
16 66
16 68
16 72
16 74
16 84
16 86
16 88
16 94
16 96
16 98
16 100
16 102
16 108
16 110
16 112
17 19
17 21
17 23
17 27
17 29
17 31
17 33
17 39
17 41
17 43
17 45
17 47
17 53
17 55
17 57
17 65
17 67
17 69
17 77
17 79
17 81
17 83
17 85
17 87
17 89
17 91
17 93
17 95
17 97
17 99
17 101
17 103
17 105
17 107
17 109
17 111
17 113
18 20
18 22
18 24
18 26
18 28
18 30
18 32
18 34
18 36
18 38
18 40
18 42
18 44
18 46
18 48
18 50
18 52
18 54
18 56
18 58
18 60
18 62
18 64
18 66
18 68
18 70
18 72
18 74
18 76
18 78
18 80
18 84
18 86
18 88
18 94
18 96
18 98
18 100
18 102
18 108
18 110
18 112
19 21
19 23
19 27
19 29
19 31
19 33
19 39
19 41
19 43
19 45
19 47
19 53
19 55
19 57
19 65
19 67
19 69
19 77
19 79
19 81
19 91
19 93
19 95
19 97
19 99
19 101
19 103
19 105
19 107
19 109
19 111
19 113
20 22
20 24
20 26
20 28
20 30
20 32
20 34
20 36
20 38
20 40
20 42
20 44
20 46
20 48
20 50
20 52
20 54
20 56
20 58
20 60
20 62
20 64
20 66
20 68
20 70
20 72
20 74
20 76
20 78
20 80
20 82
20 84
20 86
20 88
20 90
20 94
20 96
20 98
20 100
20 102
20 108
20 110
20 112
21 23
21 27
21 29
21 31
21 33
21 39
21 41
21 43
21 45
21 47
21 53
21 55
21 57
21 65
21 67
21 69
21 77
21 79
21 81
21 91
21 105
21 107
21 109
21 111
21 113
22 24
22 26
22 28
22 30
22 32
22 34
22 36
22 38
22 40
22 42
22 44
22 46
22 48
22 50
22 52
22 54
22 56
22 58
22 60
22 62
22 64
22 66
22 68
22 70
22 72
22 74
22 76
22 78
22 80
22 82
22 84
22 86
22 88
22 90
22 92
22 94
22 96
22 98
22 100
22 102
22 104
22 106
22 108
22 110
22 112
23 25
23 27
23 29
23 31
23 33
23 35
23 39
23 41
23 43
23 45
23 47
23 49
23 53
23 55
23 57
23 59
23 65
23 67
23 69
23 71
23 77
23 79
23 81
23 83
23 91
23 93
23 105
23 107
24 26
24 28
24 30
24 32
24 34
24 36
24 38
24 40
24 42
24 44
24 46
24 48
24 50
24 52
24 54
24 56
24 58
24 60
24 62
24 64
24 66
24 68
24 70
24 72
24 74
24 76
24 78
24 80
24 82
24 84
24 86
24 88
24 90
24 92
24 94
24 96
24 98
24 100
24 102
24 104
24 106
24 108
24 110
24 112
25 27
25 29
25 31
25 33
25 35
25 39
25 41
25 43
25 45
25 47
25 49
25 53
25 55
25 57
25 59
25 65
25 67
25 69
25 71
25 77
25 79
25 81
25 83
25 91
25 93
25 105
25 107
26 28
26 30
26 50
26 60
26 62
26 74
26 86
26 88
26 96
26 98
26 100
26 102
26 108
26 110
26 112
27 29
27 31
27 33
27 35
27 39
27 41
27 43
27 45
27 47
27 49
27 51
27 53
27 55
27 57
27 59
27 61
27 63
27 65
27 67
27 69
27 71
27 73
27 75
27 77
27 79
27 81
27 83
27 85
27 87
27 89
27 91
27 93
27 95
27 97
27 99
27 101
27 103
27 105
27 107
27 109
27 111
27 113
28 30
28 32
28 34
28 36
28 38
28 40
28 42
28 44
28 50
28 60
28 62
28 74
28 86
28 88
28 96
28 98
28 100
28 102
28 108
28 110
28 112
29 31
29 33
29 35
29 39
29 41
29 43
29 45
29 47
29 49
29 53
29 55
29 57
29 59
29 61
29 63
29 65
29 67
29 69
29 71
29 73
29 75
29 77
29 79
29 81
29 83
29 85
29 87
29 89
29 91
29 93
29 95
29 97
29 99
29 101
29 103
29 105
29 107
29 109
29 111
29 113
30 32
30 34
30 36
30 38
30 40
30 42
30 44
30 46
30 48
30 50
30 52
30 54
30 56
30 58
30 60
30 62
30 64
30 66
30 68
30 70
30 72
30 74
30 76
30 78
30 80
30 82
30 84
30 86
30 88
30 90
30 96
30 98
30 100
30 102
30 108
30 110
30 112
31 33
31 35
31 39
31 41
31 43
31 45
31 47
31 49
31 53
31 55
31 57
31 59
31 65
31 67
31 69
31 71
31 77
31 79
31 81
31 83
31 91
31 93
31 105
31 107
31 109
31 111
31 113
32 34
32 36
32 38
32 40
32 42
32 44
32 46
32 48
32 50
32 52
32 54
32 56
32 58
32 60
32 62
32 64
32 66
32 68
32 70
32 72
32 74
32 76
32 78
32 80
32 82
32 84
32 86
32 88
32 90
32 92
32 94
32 96
32 98
32 100
32 102
32 104
32 106
32 108
32 110
32 112
33 35
33 37
33 39
33 41
33 43
33 45
33 47
33 49
33 53
33 55
33 57
33 59
33 65
33 67
33 69
33 71
33 73
33 77
33 79
33 81
33 83
33 85
33 91
33 93
33 95
33 105
33 107
34 36
34 38
34 40
34 42
34 44
34 46
34 48
34 50
34 52
34 54
34 56
34 58
34 60
34 62
34 64
34 66
34 68
34 70
34 72
34 74
34 76
34 78
34 80
34 82
34 84
34 86
34 88
34 90
34 92
34 94
34 96
34 98
34 100
34 102
34 104
34 106
34 108
34 110
34 112
35 37
35 39
35 41
35 43
35 45
35 47
35 49
35 53
35 55
35 57
35 59
35 65
35 67
35 69
35 71
35 73
35 77
35 79
35 81
35 83
35 85
35 91
35 93
35 95
35 105
35 107
36 38
36 40
36 42
36 44
36 46
36 48
36 50
36 52
36 54
36 56
36 58
36 60
36 62
36 64
36 66
36 68
36 70
36 72
36 74
36 76
36 78
36 80
36 82
36 84
36 86
36 88
36 90
36 92
36 94
36 96
36 98
36 100
36 102
36 104
36 106
36 108
36 110
36 112
37 39
37 41
37 43
37 45
37 47
37 49
37 53
37 55
37 57
37 59
37 65
37 67
37 69
37 71
37 73
37 77
37 79
37 81
37 83
37 85
37 91
37 93
37 95
37 105
37 107
38 40
38 42
38 44
38 62
38 86
38 88
38 98
38 100
38 102
38 108
38 110
38 112
39 41
39 43
39 45
39 47
39 49
39 53
39 55
39 57
39 59
39 61
39 63
39 65
39 67
39 69
39 71
39 73
39 75
39 77
39 79
39 81
39 83
39 85
39 87
39 89
39 91
39 93
39 95
39 97
39 99
39 101
39 103
39 105
39 107
39 109
39 111
39 113
40 42
40 44
40 46
40 48
40 50
40 52
40 54
40 62
40 86
40 88
40 98
40 100
40 102
40 108
40 110
40 112
41 43
41 45
41 47
41 49
41 53
41 55
41 57
41 59
41 65
41 67
41 69
41 71
41 73
41 75
41 77
41 79
41 81
41 83
41 85
41 87
41 89
41 91
41 93
41 95
41 97
41 99
41 101
41 103
41 105
41 107
41 109
41 111
41 113
42 44
42 46
42 48
42 50
42 52
42 54
42 56
42 58
42 60
42 62
42 64
42 66
42 68
42 70
42 72
42 74
42 76
42 78
42 80
42 86
42 88
42 98
42 100
42 102
42 108
42 110
42 112
43 45
43 47
43 49
43 53
43 55
43 57
43 59
43 65
43 67
43 69
43 71
43 73
43 77
43 79
43 81
43 83
43 85
43 91
43 93
43 95
43 97
43 99
43 101
43 103
43 105
43 107
43 109
43 111
43 113
44 46
44 48
44 50
44 52
44 54
44 56
44 58
44 60
44 62
44 64
44 66
44 68
44 70
44 72
44 74
44 76
44 78
44 80
44 82
44 84
44 86
44 88
44 90
44 98
44 100
44 102
44 108
44 110
44 112
45 47
45 49
45 53
45 55
45 57
45 59
45 65
45 67
45 69
45 71
45 73
45 77
45 79
45 81
45 83
45 85
45 91
45 93
45 95
45 105
45 107
45 109
45 111
45 113
46 48
46 50
46 52
46 54
46 56
46 58
46 60
46 62
46 64
46 66
46 68
46 70
46 72
46 74
46 76
46 78
46 80
46 82
46 84
46 86
46 88
46 90
46 92
46 94
46 96
46 98
46 100
46 102
46 104
46 106
46 108
46 110
46 112
47 49
47 51
47 53
47 55
47 57
47 59
47 61
47 65
47 67
47 69
47 71
47 73
47 75
47 77
47 79
47 81
47 83
47 85
47 91
47 93
47 95
47 97
47 105
47 107
48 50
48 52
48 54
48 56
48 58
48 60
48 62
48 64
48 66
48 68
48 70
48 72
48 74
48 76
48 78
48 80
48 82
48 84
48 86
48 88
48 90
48 92
48 94
48 96
48 98
48 100
48 102
48 104
48 106
48 108
48 110
48 112
49 51
49 53
49 55
49 57
49 59
49 61
49 65
49 67
49 69
49 71
49 73
49 75
49 77
49 79
49 81
49 83
49 85
49 91
49 93
49 95
49 97
49 105
49 107
50 52
50 54
50 56
50 58
50 60
50 62
50 64
50 66
50 68
50 70
50 72
50 74
50 76
50 78
50 80
50 82
50 84
50 86
50 88
50 90
50 92
50 94
50 96
50 98
50 100
50 102
50 104
50 106
50 108
50 110
50 112
51 53
51 55
51 57
51 59
51 61
51 65
51 67
51 69
51 71
51 73
51 75
51 77
51 79
51 81
51 83
51 85
51 91
51 93
51 95
51 97
51 105
51 107
52 54
52 86
52 88
52 100
52 102
52 110
52 112
53 55
53 57
53 59
53 61
53 65
53 67
53 69
53 71
53 73
53 75
53 77
53 79
53 81
53 83
53 85
53 87
53 89
53 91
53 93
53 95
53 97
53 99
53 101
53 103
53 105
53 107
53 109
53 111
53 113
54 56
54 58
54 60
54 62
54 64
54 66
54 68
54 86
54 88
54 100
54 102
54 110
54 112
55 57
55 59
55 61
55 65
55 67
55 69
55 71
55 73
55 75
55 77
55 79
55 81
55 83
55 85
55 87
55 89
55 91
55 93
55 95
55 97
55 99
55 101
55 103
55 105
55 107
55 109
55 111
55 113
56 58
56 60
56 62
56 64
56 66
56 68
56 70
56 72
56 74
56 76
56 78
56 80
56 82
56 84
56 86
56 88
56 90
56 92
56 94
56 96
56 98
56 100
56 102
56 104
56 106
56 108
56 110
56 112
57 59
57 61
57 63
57 65
57 67
57 69
57 71
57 73
57 75
57 77
57 79
57 81
57 83
57 85
57 91
57 93
57 95
57 97
57 99
57 105
57 107
57 109
58 60
58 62
58 64
58 66
58 68
58 70
58 72
58 74
58 76
58 78
58 80
58 82
58 84
58 86
58 88
58 90
58 92
58 94
58 96
58 98
58 100
58 102
58 104
58 106
58 108
58 110
58 112
59 61
59 63
59 65
59 67
59 69
59 71
59 73
59 75
59 77
59 79
59 81
59 83
59 85
59 91
59 93
59 95
59 97
59 99
59 105
59 107
59 109
60 62
60 64
60 66
60 68
60 70
60 72
60 74
60 76
60 78
60 80
60 82
60 84
60 86
60 88
60 90
60 92
60 94
60 96
60 98
60 100
60 102
60 104
60 106
60 108
60 110
60 112
61 63
61 65
61 67
61 69
61 71
61 73
61 75
61 77
61 79
61 81
61 83
61 85
61 91
61 93
61 95
61 97
61 99
61 105
61 107
61 109
62 64
62 66
62 68
62 70
62 72
62 74
62 76
62 78
62 80
62 82
62 84
62 86
62 88
62 90
62 92
62 94
62 96
62 98
62 100
62 102
62 104
62 106
62 108
62 110
62 112
63 65
63 67
63 69
63 71
63 73
63 75
63 77
63 79
63 81
63 83
63 85
63 91
63 93
63 95
63 97
63 99
63 105
63 107
63 109
64 66
64 68
64 88
64 102
64 110
64 112
65 67
65 69
65 71
65 73
65 75
65 77
65 79
65 81
65 83
65 85
65 87
65 89
65 91
65 93
65 95
65 97
65 99
65 101
65 103
65 105
65 107
65 109
65 111
65 113
66 68
66 70
66 72
66 74
66 76
66 78
66 80
66 88
66 102
66 110
66 112
67 69
67 71
67 73
67 75
67 77
67 79
67 81
67 83
67 85
67 91
67 93
67 95
67 97
67 99
67 101
67 103
67 105
67 107
67 109
67 111
67 113
68 70
68 72
68 74
68 76
68 78
68 80
68 82
68 84
68 86
68 88
68 90
68 102
68 110
68 112
69 71
69 73
69 75
69 77
69 79
69 81
69 83
69 85
69 91
69 93
69 95
69 97
69 99
69 105
69 107
69 109
69 111
69 113
70 72
70 74
70 76
70 78
70 80
70 82
70 84
70 86
70 88
70 90
70 92
70 94
70 96
70 98
70 100
70 102
70 104
70 106
70 108
70 110
70 112
71 73
71 75
71 77
71 79
71 81
71 83
71 85
71 87
71 91
71 93
71 95
71 97
71 99
71 101
71 105
71 107
71 109
72 74
72 76
72 78
72 80
72 82
72 84
72 86
72 88
72 90
72 92
72 94
72 96
72 98
72 100
72 102
72 104
72 106
72 108
72 110
72 112
73 75
73 77
73 79
73 81
73 83
73 85
73 87
73 91
73 93
73 95
73 97
73 99
73 101
73 105
73 107
73 109
74 76
74 78
74 80
74 82
74 84
74 86
74 88
74 90
74 92
74 94
74 96
74 98
74 100
74 102
74 104
74 106
74 108
74 110
74 112
75 77
75 79
75 81
75 83
75 85
75 87
75 91
75 93
75 95
75 97
75 99
75 101
75 105
75 107
75 109
76 78
76 80
76 112
77 79
77 81
77 83
77 85
77 87
77 91
77 93
77 95
77 97
77 99
77 101
77 103
77 105
77 107
77 109
77 111
77 113
78 80
78 82
78 84
78 86
78 88
78 90
78 112
79 81
79 83
79 85
79 87
79 91
79 93
79 95
79 97
79 99
79 101
79 105
79 107
79 109
79 111
79 113
80 82
80 84
80 86
80 88
80 90
80 92
80 94
80 96
80 98
80 100
80 102
80 104
80 112
81 83
81 85
81 87
81 91
81 93
81 95
81 97
81 99
81 101
81 105
81 107
81 109
82 84
82 86
82 88
82 90
82 92
82 94
82 96
82 98
82 100
82 102
82 104
82 106
82 108
82 110
82 112
83 85
83 87
83 89
83 91
83 93
83 95
83 97
83 99
83 101
83 103
83 105
83 107
83 109
83 111
84 86
84 88
84 90
84 92
84 94
84 96
84 98
84 100
84 102
84 104
84 106
84 108
84 110
84 112
85 87
85 89
85 91
85 93
85 95
85 97
85 99
85 101
85 103
85 105
85 107
85 109
85 111
86 88
86 90
86 92
86 94
86 96
86 98
86 100
86 102
86 104
86 106
86 108
86 110
86 112
87 89
87 91
87 93
87 95
87 97
87 99
87 101
87 103
87 105
87 107
87 109
87 111
88 90
88 92
88 94
88 96
88 98
88 100
88 102
88 104
88 106
88 108
88 110
88 112
89 91
89 93
89 95
89 97
89 99
89 101
89 103
89 105
89 107
89 109
89 111
91 93
91 95
91 97
91 99
91 101
91 103
91 105
91 107
91 109
91 111
91 113
92 94
92 96
92 98
92 100
92 102
92 104
92 106
92 108
92 110
92 112
93 95
93 97
93 99
93 101
93 103
93 105
93 107
93 109
93 111
93 113
94 96
94 98
94 100
94 102
94 104
94 106
94 108
94 110
94 112
95 97
95 99
95 101
95 103
95 105
95 107
95 109
95 111
95 113
96 98
96 100
96 102
96 104
96 106
96 108
96 110
96 112
97 99
97 101
97 103
97 105
97 107
97 109
97 111
97 113
98 100
98 102
98 104
98 106
98 108
98 110
98 112
99 101
99 103
99 105
99 107
99 109
99 111
99 113
100 102
100 104
100 106
100 108
100 110
100 112
101 103
101 105
101 107
101 109
101 111
101 113
102 104
102 106
102 108
102 110
102 112
103 105
103 107
103 109
103 111
103 113
105 107
105 109
105 111
105 113
106 108
106 110
106 112
107 109
107 111
107 113
108 110
108 112
109 111
109 113
110 112
111 113
0 1
2 3
4 5
6 7
8 9
10 11
12 13
14 15
16 17
18 19
20 21
22 23
24 25
26 27
28 29
30 31
32 33
34 35
36 37
38 39
40 41
42 43
44 45
46 47
48 49
50 51
52 53
54 55
56 57
58 59
60 61
62 63
64 65
66 67
68 69
70 71
72 73
74 75
76 77
78 79
80 81
82 83
84 85
86 87
88 89
90 91
92 93
94 95
96 97
98 99
100 101
102 103
104 105
106 107
108 109
110 111
112 113
