26
124
13
0 2
0 4
0 6
0 8
0 10
0 12
0 14
0 16
0 18
1 3
1 5
1 7
1 11
1 17
1 23
1 25
2 4
2 6
2 8
2 10
2 12
2 14
2 16
2 18
2 20
2 22
2 24
3 5
3 7
3 9
3 11
3 13
3 17
3 21
3 23
3 25
4 6
5 7
5 9
5 11
5 13
5 15
5 17
5 19
5 21
5 23
5 25
6 8
6 10
6 12
6 14
6 16
6 18
7 9
7 11
7 13
7 17
7 21
7 23
7 25
8 10
8 12
8 14
8 16
8 18
8 20
8 22
8 24
9 11
9 13
9 15
9 17
9 19
9 21
9 23
9 25
10 12
10 14
10 16
10 18
11 13
11 15
11 17
11 19
11 21
11 23
11 25
12 14
12 16
12 18
12 20
12 22
12 24
13 15
13 17
13 19
13 21
13 23
13 25
14 16
14 18
14 20
14 22
14 24
15 17
15 19
15 21
15 23
15 25
17 19
17 21
17 23
17 25
18 20
18 22
18 24
19 21
19 23
19 25
20 22
20 24
21 23
21 25
23 25
0 1
2 3
4 5
6 7
8 9
10 11
12 13
14 15
16 17
18 19
20 21
22 23
24 25
