172
5954
86
0 2
0 4
0 6
0 8
0 10
0 12
0 14
0 16
0 18
0 20
0 22
0 24
0 26
0 28
0 30
0 32
0 34
0 36
0 38
0 40
0 42
0 44
0 46
0 48
0 60
0 62
0 72
0 82
0 84
0 86
0 88
0 90
0 92
0 100
0 106
0 108
0 110
0 112
0 114
0 116
0 122
0 124
0 126
0 128
0 130
0 134
0 136
0 138
0 140
0 142
0 144
0 146
0 148
0 150
0 152
0 154
0 156
0 162
0 164
0 166
0 168
0 170
1 3
1 5
1 7
1 9
1 11
1 15
1 17
1 19
1 23
1 25
1 31
1 33
1 35
1 41
1 43
1 45
1 51
1 53
1 55
1 57
1 59
1 61
1 63
1 65
1 67
1 69
1 71
1 73
1 75
1 77
1 79
1 81
1 83
1 85
1 87
1 89
1 91
1 93
1 95
1 97
1 99
1 101
1 103
1 105
1 107
1 109
1 111
1 113
1 115
1 117
1 119
1 121
1 123
1 125
1 127
1 129
1 131
1 133
1 135
1 137
1 139
1 141
1 143
1 145
1 147
1 149
1 151
1 153
1 155
1 157
1 159
1 161
1 163
1 165
1 167
1 169
1 171
2 4
2 6
2 8
2 10
2 12
2 14
2 16
2 18
2 20
2 22
2 24
2 26
2 28
2 30
2 32
2 34
2 36
2 38
2 40
2 42
2 44
2 46
2 48
2 50
2 52
2 54
2 56
2 58
2 60
2 62
2 64
2 66
2 68
2 70
2 72
2 74
2 76
2 78
2 80
2 82
2 84
2 86
2 88
2 90
2 92
2 94
2 96
2 98
2 100
2 102
2 104
2 106
2 108
2 110
2 112
2 114
2 116
2 122
2 124
2 126
2 128
2 130
2 134
2 136
2 138
2 140
2 142
2 144
2 146
2 148
2 150
2 152
2 154
2 156
2 162
2 164
2 166
2 168
2 170
3 5
3 7
3 9
3 11
3 15
3 17
3 19
3 23
3 25
3 31
3 33
3 35
3 41
3 43
3 45
3 51
3 53
3 55
3 57
3 59
3 65
3 67
3 69
3 71
3 75
3 77
3 79
3 81
3 95
3 97
3 99
3 103
3 105
3 113
3 115
3 117
3 119
3 121
3 123
3 125
3 127
3 129
3 131
3 133
3 135
3 137
3 139
3 141
3 143
3 145
3 147
3 149
3 151
3 153
3 155
3 157
3 159
3 161
3 163
3 165
3 167
3 169
3 171
4 6
4 8
4 10
4 12
4 14
4 16
4 18
4 20
4 22
4 24
4 26
4 28
4 30
4 32
4 34
4 36
4 38
4 40
4 42
4 44
4 46
4 48
4 50
4 52
4 54
4 56
4 58
4 60
4 62
4 64
4 66
4 68
4 70
4 72
4 74
4 76
4 78
4 80
4 82
4 84
4 86
4 88
4 90
4 92
4 94
4 96
4 98
4 100
4 102
4 104
4 106
4 108
4 110
4 112
4 114
4 116
4 118
4 120
4 122
4 124
4 126
4 128
4 130
4 132
4 134
4 136
4 138
4 140
4 142
4 144
4 146
4 148
4 150
4 152
4 154
4 156
4 162
4 164
4 166
4 168
4 170
5 7
5 9
5 11
5 15
5 17
5 19
5 23
5 25
5 31
5 33
5 35
5 41
5 43
5 45
5 51
5 53
5 55
5 57
5 59
5 65
5 67
5 69
5 71
5 75
5 77
5 79
5 81
5 95
5 97
5 99
5 103
5 105
5 119
5 133
5 151
5 153
5 155
5 157
5 159
5 161
5 163
5 165
5 167
5 169
5 171
6 8
6 10
6 12
6 14
6 16
6 18
6 20
6 22
6 24
6 26
6 28
6 30
6 32
6 34
6 36
6 38
6 40
6 42
6 44
6 46
6 48
6 50
6 52
6 54
6 56
6 58
6 60
6 62
6 64
6 66
6 68
6 70
6 72
6 74
6 76
6 78
6 80
6 82
6 84
6 86
6 88
6 90
6 92
6 100
6 106
6 108
6 110
6 112
6 114
6 116
6 122
6 126
6 128
6 130
6 136
6 138
6 140
6 142
6 144
6 146
6 148
6 152
6 154
6 156
6 162
6 164
6 166
6 168
6 170
7 9
7 11
7 15
7 17
7 19
7 21
7 23
7 25
7 31
7 33
7 35
7 37
7 41
7 43
7 45
7 51
7 53
7 55
7 57
7 59
7 65
7 67
7 69
7 71
7 75
7 77
7 79
7 81
7 95
7 97
7 99
7 101
7 103
7 105
7 107
7 109
7 111
7 113
7 115
7 117
7 119
7 121
7 123
7 125
7 127
7 129
7 131
7 133
7 135
7 137
7 139
7 141
7 143
7 145
7 147
7 149
7 151
7 153
7 155
7 157
7 159
7 161
7 163
7 165
7 167
7 169
7 171
8 10
8 12
8 14
8 16
8 18
8 20
8 22
8 24
8 26
8 28
8 30
8 32
8 34
8 36
8 38
8 40
8 42
8 44
8 46
8 48
8 50
8 52
8 54
8 56
8 58
8 60
8 62
8 64
8 66
8 68
8 70
8 72
8 74
8 76
8 78
8 80
8 82
8 84
8 86
8 88
8 90
8 92
8 94
8 96
8 98
8 100
8 102
8 104
8 106
8 108
8 110
8 112
8 114
8 116
8 122
8 126
8 128
8 130
8 136
8 138
8 140
8 142
8 144
8 146
8 148
8 152
8 154
8 156
8 162
8 164
8 166
8 168
8 170
9 11
9 15
9 17
9 19
9 21
9 23
9 25
9 31
9 33
9 35
9 37
9 41
9 43
9 45
9 51
9 53
9 55
9 57
9 59
9 65
9 67
9 69
9 71
9 75
9 77
9 79
9 81
9 95
9 97
9 99
9 103
9 105
9 113
9 115
9 117
9 119
9 121
9 123
9 125
9 127
9 129
9 131
9 133
9 135
9 137
9 139
9 141
9 143
9 145
9 147
9 149
9 151
9 153
9 155
9 157
9 159
9 161
9 163
9 165
9 167
9 169
9 171
10 12
10 14
10 16
10 18
10 20
10 22
10 24
10 26
10 28
10 30
10 32
10 34
10 36
10 38
10 40
10 42
10 44
10 46
10 48
10 50
10 52
10 54
10 56
10 58
10 60
10 62
10 64
10 66
10 68
10 70
10 72
10 74
10 76
10 78
10 80
10 82
10 84
10 86
10 88
10 90
10 92
10 94
10 96
10 98
10 100
10 102
10 104
10 106
10 108
10 110
10 112
10 114
10 116
10 118
10 122
10 126
10 128
10 130
10 136
10 138
10 140
10 142
10 144
10 146
10 148
10 152
10 154
10 156
10 162
10 164
10 166
10 168
10 170
11 15
11 17
11 19
11 21
11 23
11 25
11 31
11 33
11 35
11 37
11 41
11 43
11 45
11 51
11 53
11 55
11 57
11 59
11 65
11 67
11 69
11 71
11 75
11 77
11 79
11 81
11 95
11 97
11 99
11 103
11 105
11 119
11 121
11 125
11 127
11 129
11 131
11 133
11 135
11 137
11 139
11 141
11 143
11 145
11 147
11 149
11 151
11 153
11 155
11 157
11 159
11 161
11 163
11 165
11 167
11 169
11 171
12 14
12 16
12 18
12 20
12 22
12 24
12 26
12 28
12 30
12 32
12 34
12 36
12 38
12 40
12 42
12 44
12 46
12 48
12 50
12 52
12 54
12 56
12 58
12 60
12 62
12 64
12 66
12 68
12 70
12 72
12 74
12 76
12 78
12 80
12 82
12 84
12 86
12 88
12 90
12 92
12 94
12 96
12 98
12 100
12 102
12 104
12 106
12 108
12 110
12 112
12 114
12 116
12 118
12 120
12 122
12 124
12 126
12 128
12 130
12 132
12 134
12 136
12 138
12 140
12 142
12 144
12 146
12 148
12 150
12 152
12 154
12 156
12 158
12 160
12 162
12 164
12 166
12 168
12 170
13 15
13 17
13 19
13 21
13 23
13 25
13 27
13 31
13 33
13 35
13 37
13 41
13 43
13 45
13 47
13 51
13 53
13 55
13 57
13 59
13 61
13 65
13 67
13 69
13 71
13 75
13 77
13 79
13 81
13 95
13 97
13 99
13 103
13 105
13 119
13 121
13 125
13 133
13 135
13 151
13 159
13 161
14 16
14 18
14 20
14 22
14 24
14 28
14 48
14 62
14 72
14 82
14 84
14 86
14 90
14 92
14 106
14 108
14 110
14 112
14 114
14 116
14 122
14 128
14 130
14 138
14 140
14 142
14 144
14 146
14 148
14 152
14 154
14 156
14 162
14 164
14 166
14 168
14 170
15 17
15 19
15 21
15 23
15 25
15 27
15 31
15 33
15 35
15 37
15 39
15 41
15 43
15 45
15 47
15 49
15 51
15 53
15 55
15 57
15 59
15 61
15 63
15 65
15 67
15 69
15 71
15 73
15 75
15 77
15 79
15 81
15 83
15 85
15 87
15 89
15 91
15 93
15 95
15 97
15 99
15 101
15 103
15 105
15 107
15 109
15 111
15 113
15 115
15 117
15 119
15 121
15 123
15 125
15 127
15 129
15 131
15 133
15 135
15 137
15 139
15 141
15 143
15 145
15 147
15 149
15 151
15 153
15 155
15 157
15 159
15 161
15 163
15 165
15 167
15 169
15 171
16 18
16 20
16 22
16 24
16 26
16 28
16 30
16 32
16 34
16 36
16 38
16 40
16 42
16 44
16 46
16 48
16 50
16 52
16 54
16 56
16 58
16 60
16 62
16 64
16 66
16 68
16 70
16 72
16 74
16 76
16 78
16 80
16 82
16 84
16 86
16 88
16 90
16 92
16 94
16 96
16 98
16 100
16 102
16 104
16 106
16 108
16 110
16 112
16 114
16 116
16 122
16 128
16 130
16 138
16 140
16 142
16 144
16 146
16 148
16 152
16 154
16 156
16 162
16 164
16 166
16 168
16 170
17 19
17 21
17 23
17 25
17 27
17 31
17 33
17 35
17 37
17 41
17 43
17 45
17 47
17 51
17 53
17 55
17 57
17 59
17 61
17 65
17 67
17 69
17 71
17 75
17 77
17 79
17 81
17 95
17 97
17 99
17 103
17 105
17 113
17 115
17 117
17 119
17 121
17 123
17 125
17 127
17 129
17 131
17 133
17 135
17 137
17 139
17 141
17 143
17 145
17 147
17 149
17 151
17 153
17 155
17 157
17 159
17 161
17 163
17 165
17 167
17 169
17 171
18 20
18 22
18 24
18 26
18 28
18 30
18 32
18 34
18 36
18 38
18 40
18 42
18 44
18 46
18 48
18 50
18 52
18 54
18 56
18 58
18 60
18 62
18 64
18 66
18 68
18 70
18 72
18 74
18 76
18 78
18 80
18 82
18 84
18 86
18 88
18 90
18 92
18 94
18 96
18 98
18 100
18 102
18 104
18 106
18 108
18 110
18 112
18 114
18 116
18 118
18 120
18 122
18 124
18 126
18 128
18 130
18 132
18 134
18 136
18 138
18 140
18 142
18 144
18 146
18 148
18 152
18 154
18 156
18 162
18 164
18 166
18 168
18 170
19 21
19 23
19 25
19 27
19 31
19 33
19 35
19 37
19 41
19 43
19 45
19 47
19 51
19 53
19 55
19 57
19 59
19 61
19 65
19 67
19 69
19 71
19 75
19 77
19 79
19 81
19 95
19 97
19 99
19 103
19 105
19 119
19 121
19 125
19 133
19 135
19 151
19 159
19 161
19 163
19 165
19 167
19 169
19 171
20 22
20 24
20 26
20 28
20 30
20 32
20 34
20 36
20 38
20 40
20 42
20 44
20 46
20 48
20 50
20 52
20 54
20 56
20 58
20 60
20 62
20 64
20 66
20 68
20 70
20 72
20 74
20 76
20 78
20 80
20 82
20 84
20 86
20 88
20 90
20 92
20 94
20 96
20 98
20 100
20 102
20 104
20 106
20 108
20 110
20 112
20 114
20 116
20 118
20 120
20 122
20 124
20 126
20 128
20 130
20 132
20 134
20 136
20 138
20 140
20 142
20 144
20 146
20 148
20 150
20 152
20 154
20 156
20 158
20 160
20 162
20 164
20 166
20 168
20 170
21 23
21 25
21 27
21 31
21 33
21 35
21 37
21 39
21 41
21 43
21 45
21 47
21 51
21 53
21 55
21 57
21 59
21 61
21 65
21 67
21 69
21 71
21 75
21 77
21 79
21 81
21 89
21 95
21 97
21 99
21 101
21 103
21 105
21 119
21 121
21 125
21 127
21 133
21 135
21 137
21 151
21 159
21 161
22 24
22 26
22 28
22 30
22 32
22 34
22 48
22 62
22 72
22 84
22 86
22 90
22 92
22 106
22 108
22 110
22 114
22 116
22 122
22 128
22 130
22 138
22 140
22 142
22 144
22 146
22 148
22 152
22 154
22 156
22 162
22 164
22 166
22 168
22 170
23 25
23 27
23 31
23 33
23 35
23 37
23 39
23 41
23 43
23 45
23 47
23 49
23 51
23 53
23 55
23 57
23 59
23 61
23 63
23 65
23 67
23 69
23 71
23 73
23 75
23 77
23 79
23 81
23 83
23 85
23 87
23 89
23 91
23 93
23 95
23 97
23 99
23 101
23 103
23 105
23 107
23 109
23 111
23 113
23 115
23 117
23 119
23 121
23 123
23 125
23 127
23 129
23 131
23 133
23 135
23 137
23 139
23 141
23 143
23 145
23 147
23 149
23 151
23 153
23 155
23 157
23 159
23 161
23 163
23 165
23 167
23 169
23 171
24 26
24 28
24 30
24 32
24 34
24 36
24 38
24 40
24 42
24 44
24 46
24 48
24 50
24 52
24 54
24 56
24 58
24 60
24 62
24 64
24 66
24 68
24 70
24 72
24 74
24 76
24 78
24 80
24 82
24 84
24 86
24 88
24 90
24 92
24 94
24 96
24 98
24 100
24 102
24 104
24 106
24 108
24 110
24 112
24 114
24 116
24 118
24 120
24 122
24 124
24 126
24 128
24 130
24 132
24 138
24 140
24 142
24 144
24 146
24 148
24 152
24 154
24 156
24 162
24 164
24 166
24 168
24 170
25 27
25 31
25 33
25 35
25 37
25 39
25 41
25 43
25 45
25 47
25 51
25 53
25 55
25 57
25 59
25 61
25 65
25 67
25 69
25 71
25 75
25 77
25 79
25 81
25 89
25 95
25 97
25 99
25 101
25 103
25 105
25 119
25 121
25 125
25 127
25 133
25 135
25 137
25 151
25 153
25 155
25 157
25 159
25 161
25 163
25 165
25 167
25 169
25 171
26 28
26 30
26 32
26 34
26 36
26 38
26 40
26 42
26 44
26 46
26 48
26 50
26 52
26 54
26 56
26 58
26 60
26 62
26 64
26 66
26 68
26 70
26 72
26 74
26 76
26 78
26 80
26 82
26 84
26 86
26 88
26 90
26 92
26 94
26 96
26 98
26 100
26 102
26 104
26 106
26 108
26 110
26 112
26 114
26 116
26 118
26 120
26 122
26 124
26 126
26 128
26 130
26 132
26 134
26 136
26 138
26 140
26 142
26 144
26 146
26 148
26 150
26 152
26 154
26 156
26 158
26 160
26 162
26 164
26 166
26 168
26 170
27 29
27 31
27 33
27 35
27 37
27 39
27 41
27 43
27 45
27 47
27 51
27 53
27 55
27 57
27 59
27 61
27 65
27 67
27 69
27 71
27 75
27 77
27 79
27 81
27 83
27 89
27 95
27 97
27 99
27 101
27 103
27 105
27 113
27 119
27 121
27 125
27 127
27 133
27 135
27 137
27 151
27 159
27 161
28 30
28 32
28 34
28 36
28 38
28 40
28 42
28 44
28 46
28 48
28 50
28 52
28 54
28 56
28 58
28 60
28 62
28 64
28 66
28 68
28 70
28 72
28 74
28 76
28 78
28 80
28 82
28 84
28 86
28 88
28 90
28 92
28 94
28 96
28 98
28 100
28 102
28 104
28 106
28 108
28 110
28 112
28 114
28 116
28 118
28 120
28 122
28 124
28 126
28 128
28 130
28 132
28 134
28 136
28 138
28 140
28 142
28 144
28 146
28 148
28 150
28 152
28 154
28 156
28 158
28 160
28 162
28 164
28 166
28 168
28 170
29 31
29 33
29 35
29 37
29 39
29 41
29 43
29 45
29 47
29 51
29 53
29 55
29 57
29 59
29 61
29 65
29 67
29 69
29 71
29 75
29 77
29 79
29 81
29 83
29 89
29 95
29 97
29 99
29 101
29 103
29 105
29 113
29 119
29 121
29 125
29 127
29 133
29 135
29 137
29 151
29 159
29 161
30 32
30 34
30 36
30 38
30 40
30 42
30 44
30 48
30 62
30 84
30 86
30 92
30 106
30 108
30 110
30 114
30 116
30 122
30 128
30 130
30 140
30 142
30 144
30 146
30 148
30 152
30 154
30 156
30 164
30 166
30 168
30 170
31 33
31 35
31 37
31 39
31 41
31 43
31 45
31 47
31 51
31 53
31 55
31 57
31 59
31 61
31 63
31 65
31 67
31 69
31 71
31 73
31 75
31 77
31 79
31 81
31 83
31 85
31 87
31 89
31 91
31 93
31 95
31 97
31 99
31 101
31 103
31 105
31 107
31 109
31 111
31 113
31 115
31 117
31 119
31 121
31 123
31 125
31 127
31 129
31 131
31 133
31 135
31 137
31 139
31 141
31 143
31 145
31 147
31 149
31 151
31 153
31 155
31 157
31 159
31 161
31 163
31 165
31 167
31 169
31 171
32 34
32 36
32 38
32 40
32 42
32 44
32 46
32 48
32 50
32 52
32 54
32 56
32 58
32 60
32 62
32 64
32 66
32 68
32 70
32 72
32 74
32 76
32 78
32 80
32 82
32 84
32 86
32 88
32 90
32 92
32 94
32 96
32 98
32 106
32 108
32 110
32 114
32 116
32 122
32 128
32 130
32 140
32 142
32 144
32 146
32 148
32 152
32 154
32 156
32 164
32 166
32 168
32 170
33 35
33 37
33 39
33 41
33 43
33 45
33 47
33 51
33 53
33 55
33 57
33 59
33 61
33 65
33 67
33 69
33 71
33 75
33 77
33 79
33 81
33 83
33 89
33 95
33 97
33 99
33 101
33 103
33 105
33 107
33 109
33 111
33 113
33 115
33 117
33 119
33 121
33 123
33 125
33 127
33 129
33 131
33 133
33 135
33 137
33 139
33 141
33 143
33 145
33 147
33 149
33 151
33 153
33 155
33 157
33 159
33 161
33 163
33 165
33 167
33 169
33 171
34 36
34 38
34 40
34 42
34 44
34 46
34 48
34 50
34 52
34 54
34 56
34 58
34 60
34 62
34 64
34 66
34 68
34 70
34 72
34 74
34 76
34 78
34 80
34 82
34 84
34 86
34 88
34 90
34 92
34 94
34 96
34 98
34 100
34 102
34 104
34 106
34 108
34 110
34 112
34 114
34 116
34 118
34 122
34 128
34 130
34 140
34 142
34 144
34 146
34 148
34 152
34 154
34 156
34 164
34 166
34 168
34 170
35 37
35 39
35 41
35 43
35 45
35 47
35 51
35 53
35 55
35 57
35 59
35 61
35 65
35 67
35 69
35 71
35 75
35 77
35 79
35 81
35 83
35 89
35 95
35 97
35 99
35 101
35 103
35 105
35 113
35 119
35 121
35 125
35 127
35 129
35 131
35 133
35 135
35 137
35 139
35 141
35 143
35 145
35 147
35 149
35 151
35 153
35 155
35 157
35 159
35 161
35 163
35 165
35 167
35 169
35 171
36 38
36 40
36 42
36 44
36 46
36 48
36 50
36 52
36 54
36 56
36 58
36 60
36 62
36 64
36 66
36 68
36 70
36 72
36 74
36 76
36 78
36 80
36 82
36 84
36 86
36 88
36 90
36 92
36 94
36 96
36 98
36 100
36 102
36 104
36 106
36 108
36 110
36 112
36 114
36 116
36 118
36 120
36 122
36 124
36 126
36 128
36 130
36 132
36 134
36 136
36 138
36 140
36 142
36 144
36 146
36 148
36 150
36 152
36 154
36 156
36 158
36 160
36 162
36 164
36 166
36 168
36 170
37 39
37 41
37 43
37 45
37 47
37 51
37 53
37 55
37 57
37 59
37 61
37 65
37 67
37 69
37 71
37 73
37 75
37 77
37 79
37 81
37 83
37 89
37 91
37 95
37 97
37 99
37 101
37 103
37 105
37 113
37 119
37 121
37 125
37 127
37 133
37 135
37 137
37 139
37 151
37 159
37 161
37 163
38 40
38 42
38 44
38 46
38 48
38 50
38 52
38 54
38 56
38 58
38 60
38 62
38 64
38 66
38 68
38 70
38 72
38 74
38 76
38 78
38 80
38 82
38 84
38 86
38 88
38 90
38 92
38 94
38 96
38 98
38 100
38 102
38 104
38 106
38 108
38 110
38 112
38 114
38 116
38 118
38 120
38 122
38 124
38 126
38 128
38 130
38 132
38 134
38 136
38 138
38 140
38 142
38 144
38 146
38 148
38 150
38 152
38 154
38 156
38 158
38 160
38 162
38 164
38 166
38 168
38 170
39 41
39 43
39 45
39 47
39 51
39 53
39 55
39 57
39 59
39 61
39 65
39 67
39 69
39 71
39 73
39 75
39 77
39 79
39 81
39 83
39 89
39 91
39 95
39 97
39 99
39 101
39 103
39 105
39 113
39 119
39 121
39 125
39 127
39 133
39 135
39 137
39 139
39 151
39 159
39 161
39 163
40 42
40 44
40 46
40 48
40 50
40 52
40 54
40 56
40 58
40 60
40 62
40 64
40 66
40 68
40 70
40 72
40 74
40 76
40 78
40 80
40 82
40 84
40 86
40 88
40 90
40 92
40 94
40 96
40 98
40 100
40 102
40 104
40 108
40 110
40 114
40 116
40 122
40 128
40 130
40 140
40 142
40 144
40 146
40 148
40 154
40 156
40 164
40 166
40 168
40 170
41 43
41 45
41 47
41 51
41 53
41 55
41 57
41 59
41 61
41 65
41 67
41 69
41 71
41 73
41 75
41 77
41 79
41 81
41 83
41 89
41 91
41 95
41 97
41 99
41 101
41 103
41 105
41 113
41 115
41 117
41 119
41 121
41 123
41 125
41 127
41 129
41 131
41 133
41 135
41 137
41 139
41 141
41 143
41 145
41 147
41 149
41 151
41 153
41 155
41 157
41 159
41 161
41 163
41 165
41 167
41 169
41 171
42 44
42 46
42 48
42 50
42 52
42 54
42 56
42 58
42 60
42 62
42 64
42 66
42 68
42 70
42 72
42 74
42 76
42 78
42 80
42 82
42 84
42 86
42 88
42 90
42 92
42 94
42 96
42 98
42 100
42 102
42 104
42 106
42 108
42 110
42 114
42 116
42 122
42 128
42 130
42 140
42 142
42 144
42 146
42 148
42 154
42 156
42 164
42 166
42 168
42 170
43 45
43 47
43 51
43 53
43 55
43 57
43 59
43 61
43 65
43 67
43 69
43 71
43 73
43 75
43 77
43 79
43 81
43 83
43 89
43 91
43 95
43 97
43 99
43 101
43 103
43 105
43 113
43 119
43 121
43 123
43 125
43 127
43 129
43 131
43 133
43 135
43 137
43 139
43 141
43 143
43 145
43 147
43 149
43 151
43 153
43 155
43 157
43 159
43 161
43 163
43 165
43 167
43 169
43 171
44 46
44 48
44 50
44 52
44 54
44 56
44 58
44 60
44 62
44 64
44 66
44 68
44 70
44 72
44 74
44 76
44 78
44 80
44 82
44 84
44 86
44 88
44 90
44 92
44 94
44 96
44 98
44 100
44 102
44 104
44 106
44 108
44 110
44 112
44 114
44 116
44 118
44 122
44 128
44 130
44 140
44 142
44 144
44 146
44 148
44 154
44 156
44 164
44 166
44 168
44 170
45 47
45 51
45 53
45 55
45 57
45 59
45 61
45 65
45 67
45 69
45 71
45 73
45 75
45 77
45 79
45 81
45 83
45 89
45 91
45 95
45 97
45 99
45 101
45 103
45 105
45 113
45 119
45 121
45 125
45 127
45 129
45 131
45 133
45 135
45 137
45 139
45 141
45 143
45 145
45 147
45 149
45 151
45 153
45 155
45 157
45 159
45 161
45 163
45 165
45 167
45 169
45 171
46 48
46 50
46 52
46 54
46 56
46 58
46 60
46 62
46 64
46 66
46 68
46 70
46 72
46 74
46 76
46 78
46 80
46 82
46 84
46 86
46 88
46 90
46 92
46 94
46 96
46 98
46 100
46 102
46 104
46 106
46 108
46 110
46 112
46 114
46 116
46 118
46 120
46 122
46 124
46 126
46 128
46 130
46 132
46 134
46 136
46 138
46 140
46 142
46 144
46 146
46 148
46 150
46 152
46 154
46 156
46 158
46 160
46 162
46 164
46 166
46 168
46 170
47 49
47 51
47 53
47 55
47 57
47 59
47 61
47 65
47 67
47 69
47 71
47 73
47 75
47 77
47 79
47 81
47 83
47 85
47 89
47 91
47 95
47 97
47 99
47 101
47 103
47 105
47 107
47 113
47 119
47 121
47 125
47 127
47 133
47 135
47 137
47 139
47 151
47 153
47 159
47 161
47 163
48 50
48 52
48 54
48 56
48 58
48 60
48 62
48 64
48 66
48 68
48 70
48 72
48 74
48 76
48 78
48 80
48 82
48 84
48 86
48 88
48 90
48 92
48 94
48 96
48 98
48 100
48 102
48 104
48 106
48 108
48 110
48 112
48 114
48 116
48 118
48 120
48 122
48 124
48 126
48 128
48 130
48 132
48 134
48 136
48 138
48 140
48 142
48 144
48 146
48 148
48 150
48 152
48 154
48 156
48 158
48 160
48 162
48 164
48 166
48 168
48 170
49 51
49 53
49 55
49 57
49 59
49 61
49 65
49 67
49 69
49 71
49 73
49 75
49 77
49 79
49 81
49 83
49 85
49 89
49 91
49 95
49 97
49 99
49 101
49 103
49 105
49 107
49 113
49 119
49 121
49 125
49 127
49 133
49 135
49 137
49 139
49 151
49 153
49 159
49 161
49 163
50 52
50 54
50 56
50 58
50 60
50 62
50 64
50 66
50 68
50 70
50 72
50 74
50 76
50 78
50 80
50 82
50 84
50 86
50 88
50 90
50 92
50 94
50 96
50 98
50 100
50 102
50 104
50 110
50 114
50 116
50 122
50 128
50 130
50 142
50 144
50 146
50 148
50 154
50 156
50 164
50 166
50 168
50 170
51 53
51 55
51 57
51 59
51 61
51 65
51 67
51 69
51 71
51 73
51 75
51 77
51 79
51 81
51 83
51 85
51 89
51 91
51 95
51 97
51 99
51 101
51 103
51 105
51 107
51 113
51 115
51 117
51 119
51 121
51 123
51 125
51 127
51 129
51 131
51 133
51 135
51 137
51 139
51 141
51 143
51 145
51 147
51 149
51 151
51 153
51 155
51 157
51 159
51 161
51 163
51 165
51 167
51 169
51 171
52 54
52 56
52 58
52 60
52 62
52 64
52 66
52 68
52 70
52 72
52 74
52 76
52 78
52 80
52 82
52 84
52 86
52 88
52 90
52 92
52 94
52 96
52 98
52 100
52 102
52 104
52 106
52 108
52 110
52 112
52 114
52 116
52 118
52 120
52 122
52 128
52 130
52 142
52 144
52 146
52 148
52 154
52 156
52 164
52 166
52 168
52 170
53 55
53 57
53 59
53 61
53 65
53 67
53 69
53 71
53 73
53 75
53 77
53 79
53 81
53 83
53 85
53 89
53 91
53 95
53 97
53 99
53 101
53 103
53 105
53 107
53 113
53 119
53 121
53 125
53 127
53 131
53 133
53 135
53 137
53 139
53 141
53 143
53 145
53 147
53 149
53 151
53 153
53 155
53 157
53 159
53 161
53 163
53 165
53 167
53 169
53 171
54 56
54 58
54 60
54 62
54 64
54 66
54 68
54 70
54 72
54 74
54 76
54 78
54 80
54 82
54 84
54 86
54 88
54 90
54 92
54 94
54 96
54 98
54 100
54 102
54 104
54 106
54 108
54 110
54 112
54 114
54 116
54 118
54 120
54 122
54 124
54 126
54 128
54 130
54 142
54 144
54 146
54 148
54 154
54 156
54 164
54 166
54 168
54 170
55 57
55 59
55 61
55 65
55 67
55 69
55 71
55 73
55 75
55 77
55 79
55 81
55 83
55 85
55 89
55 91
55 95
55 97
55 99
55 101
55 103
55 105
55 107
55 113
55 119
55 121
55 125
55 127
55 133
55 135
55 137
55 139
55 141
55 143
55 145
55 147
55 149
55 151
55 153
55 155
55 157
55 159
55 161
55 163
55 165
55 167
55 169
55 171
56 58
56 60
56 62
56 64
56 66
56 68
56 70
56 72
56 74
56 76
56 78
56 80
56 82
56 84
56 86
56 88
56 90
56 92
56 94
56 96
56 98
56 100
56 102
56 104
56 106
56 108
56 110
56 112
56 114
56 116
56 118
56 120
56 122
56 124
56 126
56 128
56 130
56 132
56 142
56 144
56 146
56 148
56 154
56 156
56 164
56 166
56 168
56 170
57 59
57 61
57 65
57 67
57 69
57 71
57 73
57 75
57 77
57 79
57 81
57 83
57 85
57 89
57 91
57 95
57 97
57 99
57 101
57 103
57 105
57 107
57 113
57 119
57 121
57 125
57 127
57 133
57 135
57 137
57 139
57 151
57 153
57 155
57 157
57 159
57 161
57 163
57 165
57 167
57 169
57 171
58 60
58 62
58 64
58 66
58 68
58 70
58 72
58 74
58 76
58 78
58 80
58 82
58 84
58 86
58 88
58 90
58 92
58 94
58 96
58 98
58 100
58 102
58 104
58 106
58 108
58 110
58 112
58 114
58 116
58 118
58 120
58 122
58 124
58 126
58 128
58 130
58 132
58 134
58 136
58 138
58 140
58 142
58 144
58 146
58 148
58 150
58 152
58 154
58 156
58 158
58 164
58 166
58 168
58 170
59 61
59 65
59 67
59 69
59 71
59 73
59 75
59 77
59 79
59 81
59 83
59 85
59 89
59 91
59 95
59 97
59 99
59 101
59 103
59 105
59 107
59 113
59 119
59 121
59 125
59 127
59 133
59 135
59 137
59 139
59 151
59 153
59 159
59 161
59 163
60 62
60 64
60 66
60 68
60 70
60 72
60 74
60 76
60 78
60 80
60 82
60 84
60 86
60 88
60 90
60 92
60 94
60 96
60 98
60 100
60 102
60 104
60 106
60 108
60 110
60 112
60 114
60 116
60 118
60 120
60 122
60 124
60 126
60 128
60 130
60 132
60 134
60 136
60 138
60 140
60 142
60 144
60 146
60 148
60 150
60 152
60 154
60 156
60 158
60 160
60 162
60 164
60 166
60 168
60 170
61 63
61 65
61 67
61 69
61 71
61 73
61 75
61 77
61 79
61 81
61 83
61 85
61 87
61 89
61 91
61 95
61 97
61 99
61 101
61 103
61 105
61 107
61 109
61 113
61 119
61 121
61 125
61 127
61 133
61 135
61 137
61 139
61 141
61 151
61 153
61 159
61 161
61 163
62 64
62 66
62 68
62 70
62 72
62 74
62 76
62 78
62 80
62 82
62 84
62 86
62 88
62 90
62 92
62 94
62 96
62 98
62 100
62 102
62 104
62 106
62 108
62 110
62 112
62 114
62 116
62 118
62 120
62 122
62 124
62 126
62 128
62 130
62 132
62 134
62 136
62 138
62 140
62 142
62 144
62 146
62 148
62 150
62 152
62 154
62 156
62 158
62 160
62 162
62 164
62 166
62 168
62 170
63 65
63 67
63 69
63 71
63 73
63 75
63 77
63 79
63 81
63 83
63 85
63 87
63 89
63 91
63 95
63 97
63 99
63 101
63 103
63 105
63 107
63 109
63 113
63 119
63 121
63 125
63 127
63 133
63 135
63 137
63 139
63 141
63 151
63 153
63 159
63 161
63 163
64 66
64 68
64 70
64 72
64 74
64 76
64 78
64 80
64 82
64 84
64 86
64 88
64 90
64 92
64 94
64 96
64 98
64 110
64 116
64 128
64 142
64 144
64 146
64 148
64 154
64 156
64 164
64 166
64 168
64 170
65 67
65 69
65 71
65 73
65 75
65 77
65 79
65 81
65 83
65 85
65 87
65 89
65 91
65 95
65 97
65 99
65 101
65 103
65 105
65 107
65 109
65 111
65 113
65 115
65 117
65 119
65 121
65 123
65 125
65 127
65 129
65 131
65 133
65 135
65 137
65 139
65 141
65 143
65 145
65 147
65 149
65 151
65 153
65 155
65 157
65 159
65 161
65 163
65 165
65 167
65 169
65 171
66 68
66 70
66 72
66 74
66 76
66 78
66 80
66 82
66 84
66 86
66 88
66 90
66 92
66 94
66 96
66 98
66 100
66 102
66 104
66 106
66 108
66 110
66 112
66 114
66 116
66 118
66 120
66 122
66 124
66 126
66 128
66 142
66 144
66 146
66 148
66 154
66 156
66 164
66 166
66 168
66 170
67 69
67 71
67 73
67 75
67 77
67 79
67 81
67 83
67 85
67 87
67 89
67 91
67 95
67 97
67 99
67 101
67 103
67 105
67 107
67 109
67 113
67 119
67 121
67 125
67 127
67 133
67 135
67 137
67 139
67 141
67 143
67 145
67 147
67 149
67 151
67 153
67 155
67 157
67 159
67 161
67 163
67 165
67 167
67 169
67 171
68 70
68 72
68 74
68 76
68 78
68 80
68 82
68 84
68 86
68 88
68 90
68 92
68 94
68 96
68 98
68 100
68 102
68 104
68 106
68 108
68 110
68 112
68 114
68 116
68 118
68 120
68 122
68 124
68 126
68 128
68 130
68 132
68 134
68 136
68 138
68 140
68 142
68 144
68 146
68 148
68 154
68 156
68 164
68 166
68 168
68 170
69 71
69 73
69 75
69 77
69 79
69 81
69 83
69 85
69 87
69 89
69 91
69 95
69 97
69 99
69 101
69 103
69 105
69 107
69 109
69 113
69 119
69 121
69 125
69 127
69 133
69 135
69 137
69 139
69 141
69 151
69 153
69 159
69 161
69 163
69 165
69 167
69 169
69 171
70 72
70 74
70 76
70 78
70 80
70 82
70 84
70 86
70 88
70 90
70 92
70 94
70 96
70 98
70 100
70 102
70 104
70 106
70 108
70 110
70 112
70 114
70 116
70 118
70 120
70 122
70 124
70 126
70 128
70 130
70 132
70 134
70 136
70 138
70 140
70 142
70 144
70 146
70 148
70 150
70 152
70 154
70 156
70 158
70 164
70 166
70 168
70 170
71 73
71 75
71 77
71 79
71 81
71 83
71 85
71 87
71 89
71 91
71 95
71 97
71 99
71 101
71 103
71 105
71 107
71 109
71 113
71 119
71 121
71 125
71 127
71 133
71 135
71 137
71 139
71 141
71 151
71 153
71 159
71 161
71 163
72 74
72 76
72 78
72 80
72 82
72 84
72 86
72 88
72 90
72 92
72 94
72 96
72 98
72 100
72 102
72 104
72 106
72 108
72 110
72 112
72 114
72 116
72 118
72 120
72 122
72 124
72 126
72 128
72 130
72 132
72 134
72 136
72 138
72 140
72 142
72 144
72 146
72 148
72 150
72 152
72 154
72 156
72 158
72 160
72 162
72 164
72 166
72 168
72 170
73 75
73 77
73 79
73 81
73 83
73 85
73 87
73 89
73 91
73 95
73 97
73 99
73 101
73 103
73 105
73 107
73 109
73 113
73 115
73 119
73 121
73 123
73 125
73 127
73 131
73 133
73 135
73 137
73 139
73 141
73 151
73 153
73 159
73 161
73 163
74 76
74 78
74 80
74 92
74 110
74 116
74 142
74 144
74 146
74 148
74 154
74 156
74 164
74 166
74 168
74 170
75 77
75 79
75 81
75 83
75 85
75 87
75 89
75 91
75 93
75 95
75 97
75 99
75 101
75 103
75 105
75 107
75 109
75 111
75 113
75 115
75 117
75 119
75 121
75 123
75 125
75 127
75 129
75 131
75 133
75 135
75 137
75 139
75 141
75 143
75 145
75 147
75 149
75 151
75 153
75 155
75 157
75 159
75 161
75 163
75 165
75 167
75 169
75 171
76 78
76 80
76 82
76 84
76 86
76 88
76 90
76 92
76 94
76 96
76 98
76 100
76 102
76 104
76 106
76 108
76 110
76 116
76 142
76 144
76 146
76 148
76 154
76 156
76 164
76 166
76 168
76 170
77 79
77 81
77 83
77 85
77 87
77 89
77 91
77 95
77 97
77 99
77 101
77 103
77 105
77 107
77 109
77 113
77 115
77 119
77 121
77 123
77 125
77 127
77 129
77 131
77 133
77 135
77 137
77 139
77 141
77 143
77 145
77 147
77 149
77 151
77 153
77 155
77 157
77 159
77 161
77 163
77 165
77 167
77 169
77 171
78 80
78 82
78 84
78 86
78 88
78 90
78 92
78 94
78 96
78 98
78 100
78 102
78 104
78 106
78 108
78 110
78 112
78 114
78 116
78 118
78 120
78 122
78 142
78 144
78 146
78 148
78 154
78 156
78 164
78 166
78 168
78 170
79 81
79 83
79 85
79 87
79 89
79 91
79 95
79 97
79 99
79 101
79 103
79 105
79 107
79 109
79 113
79 115
79 119
79 121
79 123
79 125
79 127
79 131
79 133
79 135
79 137
79 139
79 141
79 143
79 145
79 147
79 149
79 151
79 153
79 155
79 157
79 159
79 161
79 163
79 165
79 167
79 169
79 171
80 82
80 84
80 86
80 88
80 90
80 92
80 94
80 96
80 98
80 100
80 102
80 104
80 106
80 108
80 110
80 112
80 114
80 116
80 118
80 120
80 122
80 124
80 126
80 128
80 142
80 144
80 146
80 148
80 154
80 156
80 164
80 166
80 168
80 170
81 83
81 85
81 87
81 89
81 91
81 95
81 97
81 99
81 101
81 103
81 105
81 107
81 109
81 113
81 115
81 119
81 121
81 123
81 125
81 127
81 131
81 133
81 135
81 137
81 139
81 141
81 143
81 145
81 147
81 149
81 151
81 153
81 155
81 157
81 159
81 161
81 163
81 165
81 167
81 169
81 171
82 84
82 86
82 88
82 90
82 92
82 94
82 96
82 98
82 100
82 102
82 104
82 106
82 108
82 110
82 112
82 114
82 116
82 118
82 120
82 122
82 124
82 126
82 128
82 130
82 132
82 134
82 136
82 138
82 140
82 142
82 144
82 146
82 148
82 150
82 152
82 154
82 156
82 158
82 160
82 162
82 164
82 166
82 168
82 170
83 85
83 87
83 89
83 91
83 95
83 97
83 99
83 101
83 103
83 105
83 107
83 109
83 113
83 115
83 119
83 121
83 123
83 125
83 127
83 129
83 131
83 133
83 135
83 137
83 139
83 141
83 151
83 153
83 159
83 161
83 163
84 86
84 88
84 90
84 92
84 94
84 96
84 98
84 100
84 102
84 104
84 106
84 108
84 110
84 112
84 114
84 116
84 118
84 120
84 122
84 124
84 126
84 128
84 130
84 132
84 134
84 136
84 138
84 140
84 142
84 144
84 146
84 148
84 150
84 152
84 154
84 156
84 158
84 160
84 162
84 164
84 166
84 168
84 170
85 87
85 89
85 91
85 95
85 97
85 99
85 101
85 103
85 105
85 107
85 109
85 113
85 115
85 119
85 121
85 123
85 125
85 127
85 129
85 131
85 133
85 135
85 137
85 139
85 141
85 151
85 153
85 159
85 161
85 163
86 88
86 90
86 92
86 94
86 96
86 98
86 100
86 102
86 104
86 106
86 108
86 110
86 112
86 114
86 116
86 118
86 120
86 122
86 124
86 126
86 128
86 130
86 132
86 134
86 136
86 138
86 140
86 142
86 144
86 146
86 148
86 150
86 152
86 154
86 156
86 158
86 160
86 162
86 164
86 166
86 168
86 170
87 89
87 91
87 95
87 97
87 99
87 101
87 103
87 105
87 107
87 109
87 113
87 115
87 119
87 121
87 123
87 125
87 127
87 129
87 131
87 133
87 135
87 137
87 139
87 141
87 151
87 153
87 159
87 161
87 163
88 90
88 92
88 94
88 96
88 98
88 100
88 102
88 104
88 106
88 108
88 110
88 112
88 114
88 116
88 118
88 120
88 122
88 124
88 126
88 128
88 130
88 132
88 134
88 136
88 138
88 140
88 142
88 144
88 146
88 148
88 150
88 152
88 154
88 156
88 158
88 160
88 162
88 164
88 166
88 168
88 170
89 91
89 93
89 95
89 97
89 99
89 101
89 103
89 105
89 107
89 109
89 113
89 115
89 119
89 121
89 123
89 125
89 127
89 129
89 131
89 133
89 135
89 137
89 139
89 141
89 151
89 153
89 159
89 161
89 163
90 92
90 94
90 96
90 98
90 100
90 102
90 104
90 106
90 108
90 110
90 112
90 114
90 116
90 118
90 120
90 122
90 124
90 126
90 128
90 130
90 132
90 134
90 136
90 138
90 140
90 142
90 144
90 146
90 148
90 150
90 152
90 154
90 156
90 158
90 160
90 162
90 164
90 166
90 168
90 170
91 93
91 95
91 97
91 99
91 101
91 103
91 105
91 107
91 109
91 113
91 115
91 119
91 121
91 123
91 125
91 127
91 129
91 131
91 133
91 135
91 137
91 139
91 141
91 151
91 153
91 159
91 161
91 163
92 94
92 96
92 98
92 100
92 102
92 104
92 106
92 108
92 110
92 112
92 114
92 116
92 118
92 120
92 122
92 124
92 126
92 128
92 130
92 132
92 134
92 136
92 138
92 140
92 142
92 144
92 146
92 148
92 150
92 152
92 154
92 156
92 158
92 160
92 162
92 164
92 166
92 168
92 170
93 95
93 97
93 99
93 101
93 103
93 105
93 107
93 109
93 113
93 115
93 119
93 121
93 123
93 125
93 127
93 129
93 131
93 133
93 135
93 137
93 139
93 141
93 151
93 153
93 159
93 161
93 163
94 96
94 98
94 110
94 116
94 142
94 144
94 146
94 148
94 154
94 156
94 164
94 166
94 168
94 170
95 97
95 99
95 101
95 103
95 105
95 107
95 109
95 111
95 113
95 115
95 117
95 119
95 121
95 123
95 125
95 127
95 129
95 131
95 133
95 135
95 137
95 139
95 141
95 143
95 145
95 147
95 149
95 151
95 153
95 155
95 157
95 159
95 161
95 163
95 165
95 167
95 169
95 171
96 98
96 100
96 102
96 104
96 106
96 108
96 110
96 112
96 114
96 116
96 118
96 142
96 144
96 146
96 148
96 154
96 156
96 164
96 166
96 168
96 170
97 99
97 101
97 103
97 105
97 107
97 109
97 113
97 115
97 119
97 121
97 123
97 125
97 127
97 129
97 131
97 133
97 135
97 137
97 139
97 141
97 143
97 145
97 147
97 149
97 151
97 153
97 155
97 157
97 159
97 161
97 163
97 165
97 167
97 169
97 171
98 100
98 102
98 104
98 106
98 108
98 110
98 112
98 114
98 116
98 118
98 120
98 122
98 124
98 126
98 128
98 130
98 132
98 134
98 136
98 138
98 140
98 142
98 144
98 146
98 148
98 154
98 156
98 164
98 166
98 168
98 170
99 101
99 103
99 105
99 107
99 109
99 113
99 115
99 119
99 121
99 123
99 125
99 127
99 129
99 131
99 133
99 135
99 137
99 139
99 141
99 151
99 153
99 159
99 161
99 163
99 165
99 167
99 169
99 171
100 102
100 104
100 106
100 108
100 110
100 112
100 114
100 116
100 118
100 120
100 122
100 124
100 126
100 128
100 130
100 132
100 134
100 136
100 138
100 140
100 142
100 144
100 146
100 148
100 150
100 152
100 154
100 156
100 158
100 160
100 162
100 164
100 166
100 168
100 170
101 103
101 105
101 107
101 109
101 113
101 115
101 119
101 121
101 123
101 125
101 127
101 129
101 131
101 133
101 135
101 137
101 139
101 141
101 151
101 153
101 159
101 161
101 163
102 104
102 142
102 144
102 146
102 148
102 154
102 156
102 164
102 166
102 168
102 170
103 105
103 107
103 109
103 113
103 115
103 117
103 119
103 121
103 123
103 125
103 127
103 129
103 131
103 133
103 135
103 137
103 139
103 141
103 143
103 145
103 147
103 149
103 151
103 153
103 155
103 157
103 159
103 161
103 163
103 165
103 167
103 169
103 171
104 106
104 108
104 110
104 112
104 114
104 116
104 118
104 142
104 144
104 146
104 148
104 154
104 156
104 164
104 166
104 168
104 170
105 107
105 109
105 113
105 115
105 119
105 121
105 123
105 125
105 127
105 129
105 131
105 133
105 135
105 137
105 139
105 141
105 143
105 145
105 147
105 149
105 151
105 153
105 155
105 157
105 159
105 161
105 163
105 165
105 167
105 169
105 171
106 108
106 110
106 112
106 114
106 116
106 118
106 120
106 122
106 124
106 126
106 128
106 130
106 132
106 134
106 136
106 138
106 140
106 142
106 144
106 146
106 148
106 150
106 152
106 154
106 156
106 158
106 160
106 162
106 164
106 166
106 168
106 170
107 109
107 111
107 113
107 115
107 117
107 119
107 121
107 123
107 125
107 127
107 129
107 131
107 133
107 135
107 137
107 139
107 141
107 151
107 153
107 159
107 161
107 163
108 110
108 112
108 114
108 116
108 118
108 120
108 122
108 124
108 126
108 128
108 130
108 132
108 134
108 136
108 138
108 140
108 142
108 144
108 146
108 148
108 150
108 152
108 154
108 156
108 158
108 160
108 162
108 164
108 166
108 168
108 170
109 111
109 113
109 115
109 117
109 119
109 121
109 123
109 125
109 127
109 129
109 131
109 133
109 135
109 137
109 139
109 141
109 151
109 153
109 159
109 161
109 163
110 112
110 114
110 116
110 118
110 120
110 122
110 124
110 126
110 128
110 130
110 132
110 134
110 136
110 138
110 140
110 142
110 144
110 146
110 148
110 150
110 152
110 154
110 156
110 158
110 160
110 162
110 164
110 166
110 168
110 170
111 113
111 115
111 117
111 119
111 121
111 123
111 125
111 127
111 129
111 131
111 133
111 135
111 137
111 139
111 141
111 151
111 153
111 159
111 161
111 163
112 114
112 116
112 118
112 120
112 122
112 124
112 126
112 128
112 130
112 132
112 134
112 136
112 138
112 140
112 142
112 144
112 146
112 148
112 150
112 152
112 154
112 156
112 158
112 160
112 162
112 164
112 166
112 168
112 170
113 115
113 117
113 119
113 121
113 123
113 125
113 127
113 129
113 131
113 133
113 135
113 137
113 139
113 141
113 143
113 151
113 153
113 159
113 161
113 163
113 165
114 116
114 118
114 120
114 122
114 124
114 126
114 128
114 130
114 132
114 134
114 136
114 138
114 140
114 142
114 144
114 146
114 148
114 150
114 152
114 154
114 156
114 158
114 160
114 162
114 164
114 166
114 168
114 170
115 117
115 119
115 121
115 123
115 125
115 127
115 129
115 131
115 133
115 135
115 137
115 139
115 141
115 143
115 151
115 153
115 159
115 161
115 163
115 165
116 118
116 120
116 122
116 124
116 126
116 128
116 130
116 132
116 134
116 136
116 138
116 140
116 142
116 144
116 146
116 148
116 150
116 152
116 154
116 156
116 158
116 160
116 162
116 164
116 166
116 168
116 170
117 119
117 121
117 123
117 125
117 127
117 129
117 131
117 133
117 135
117 137
117 139
117 141
117 143
117 151
117 153
117 159
117 161
117 163
117 165
118 120
118 122
118 124
118 126
118 128
118 130
118 132
118 134
118 136
118 138
118 140
118 142
118 144
118 146
118 148
118 154
118 156
118 168
118 170
119 121
119 123
119 125
119 127
119 129
119 131
119 133
119 135
119 137
119 139
119 141
119 143
119 151
119 153
119 159
119 161
119 163
119 165
119 167
119 169
119 171
120 122
120 124
120 126
120 128
120 130
120 132
120 134
120 136
120 138
120 140
120 142
120 144
120 146
120 148
120 150
120 152
120 154
120 156
120 158
120 160
120 162
120 164
120 166
120 168
120 170
121 123
121 125
121 127
121 129
121 131
121 133
121 135
121 137
121 139
121 141
121 143
121 151
121 153
121 159
121 161
121 163
121 165
121 167
122 124
122 126
122 128
122 130
122 132
122 134
122 136
122 138
122 140
122 142
122 144
122 146
122 148
122 150
122 152
122 154
122 156
122 158
122 160
122 162
122 164
122 166
122 168
122 170
123 125
123 127
123 129
123 131
123 133
123 135
123 137
123 139
123 141
123 143
123 151
123 153
123 159
123 161
123 163
123 165
123 167
124 126
124 128
124 130
124 132
124 134
124 136
124 138
124 140
124 142
124 144
124 146
124 148
124 150
124 152
124 154
124 156
124 158
124 160
124 162
124 164
124 166
124 168
124 170
125 127
125 129
125 131
125 133
125 135
125 137
125 139
125 141
125 143
125 145
125 151
125 153
125 159
125 161
125 163
125 165
125 167
126 128
126 130
126 132
126 134
126 136
126 138
126 140
126 142
126 144
126 146
126 148
126 150
126 152
126 154
126 156
126 158
126 160
126 162
126 164
126 166
126 168
126 170
127 129
127 131
127 133
127 135
127 137
127 139
127 141
127 143
127 145
127 151
127 153
127 159
127 161
127 163
127 165
127 167
128 130
128 132
128 134
128 136
128 138
128 140
128 142
128 144
128 146
128 148
128 150
128 152
128 154
128 156
128 158
128 160
128 162
128 164
128 166
128 168
128 170
129 131
129 133
129 135
129 137
129 139
129 141
129 143
129 145
129 151
129 153
129 159
129 161
129 163
129 165
129 167
130 132
130 134
130 136
130 138
130 140
130 142
130 144
130 146
130 148
130 150
130 152
130 154
130 156
130 158
130 160
130 162
130 164
130 166
130 168
130 170
131 133
131 135
131 137
131 139
131 141
131 143
131 145
131 147
131 151
131 153
131 155
131 159
131 161
131 163
131 165
131 167
131 169
132 134
132 136
132 138
132 140
132 142
132 144
132 146
132 148
133 135
133 137
133 139
133 141
133 143
133 145
133 147
133 151
133 153
133 155
133 159
133 161
133 163
133 165
133 167
133 169
133 171
134 136
134 138
134 140
134 142
134 144
134 146
134 148
134 150
134 152
134 154
134 156
134 158
134 160
134 162
134 164
134 166
134 168
134 170
135 137
135 139
135 141
135 143
135 145
135 147
135 149
135 151
135 153
135 155
135 157
135 159
135 161
135 163
135 165
135 167
135 169
135 171
136 138
136 140
136 142
136 144
136 146
136 148
136 150
136 152
136 154
136 156
136 158
136 160
136 162
136 164
136 166
136 168
136 170
137 139
137 141
137 143
137 145
137 147
137 149
137 151
137 153
137 155
137 157
137 159
137 161
137 163
137 165
137 167
137 169
137 171
138 140
138 142
138 144
138 146
138 148
138 150
138 152
138 154
138 156
138 158
138 160
138 162
138 164
138 166
138 168
138 170
139 141
139 143
139 145
139 147
139 149
139 151
139 153
139 155
139 157
139 159
139 161
139 163
139 165
139 167
139 169
139 171
140 142
140 144
140 146
140 148
140 150
140 152
140 154
140 156
140 158
140 160
140 162
140 164
140 166
140 168
140 170
141 143
141 145
141 147
141 149
141 151
141 153
141 155
141 157
141 159
141 161
141 163
141 165
141 167
141 169
141 171
142 144
142 146
142 148
142 150
142 152
142 154
142 156
142 158
142 160
142 162
142 164
142 166
142 168
142 170
143 145
143 147
143 149
143 151
143 153
143 155
143 157
143 159
143 161
143 163
143 165
143 167
143 169
143 171
144 146
144 148
144 150
144 152
144 154
144 156
144 158
144 160
144 162
144 164
144 166
144 168
144 170
145 147
145 149
145 151
145 153
145 155
145 157
145 159
145 161
145 163
145 165
145 167
145 169
145 171
146 148
146 150
146 152
146 154
146 156
146 158
146 160
146 162
146 164
146 166
146 168
146 170
147 149
147 151
147 153
147 155
147 157
147 159
147 161
147 163
147 165
147 167
147 169
147 171
148 150
148 152
148 154
148 156
148 158
148 160
148 162
148 164
148 166
148 168
148 170
149 151
149 153
149 155
149 157
149 159
149 161
149 163
149 165
149 167
149 169
149 171
150 152
150 154
150 156
150 158
150 160
150 162
150 164
150 166
150 168
150 170
151 153
151 155
151 157
151 159
151 161
151 163
151 165
151 167
151 169
151 171
152 154
152 156
152 158
152 160
152 162
152 164
152 166
152 168
152 170
153 155
153 157
153 159
153 161
153 163
153 165
153 167
153 169
153 171
154 156
154 158
154 160
154 162
154 164
154 166
154 168
154 170
155 157
155 159
155 161
155 163
155 165
155 167
155 169
155 171
156 158
156 160
156 162
156 164
156 166
156 168
156 170
157 159
157 161
157 163
157 165
157 167
157 169
157 171
159 161
159 163
159 165
159 167
159 169
159 171
160 162
160 164
160 166
160 168
160 170
161 163
161 165
161 167
161 169
161 171
162 164
162 166
162 168
162 170
163 165
163 167
163 169
163 171
164 166
164 168
164 170
165 167
165 169
165 171
166 168
166 170
167 169
167 171
168 170
169 171
0 1
2 3
4 5
6 7
8 9
10 11
12 13
14 15
16 17
18 19
20 21
22 23
24 25
26 27
28 29
30 31
32 33
34 35
36 37
38 39
40 41
42 43
44 45
46 47
48 49
50 51
52 53
54 55
56 57
58 59
60 61
62 63
64 65
66 67
68 69
70 71
72 73
74 75
76 77
78 79
80 81
82 83
84 85
86 87
88 89
90 91
92 93
94 95
96 97
98 99
100 101
102 103
104 105
106 107
108 109
110 111
112 113
114 115
116 117
118 119
120 121
122 123
124 125
126 127
128 129
130 131
132 133
134 135
136 137
138 139
140 141
142 143
144 145
146 147
148 149
150 151
152 153
154 155
156 157
158 159
160 161
162 163
164 165
166 167
168 169
170 171
