100
1954
50
0 2
0 4
0 6
0 8
0 10
0 12
0 14
0 16
0 18
0 20
0 22
0 24
0 26
0 28
0 30
0 32
0 34
0 46
0 48
0 52
0 54
0 56
0 58
0 60
0 64
0 66
0 72
0 74
0 76
0 82
0 84
0 86
0 88
0 90
0 92
0 94
0 96
0 98
1 3
1 5
1 9
1 11
1 13
1 15
1 17
1 19
1 23
1 27
1 29
1 31
1 37
1 39
1 41
1 43
1 45
1 47
1 49
1 51
1 53
1 55
1 57
1 59
1 61
1 63
1 65
1 67
1 69
1 71
1 73
1 75
1 77
1 79
1 81
1 83
1 85
1 87
1 89
1 91
1 93
1 95
1 97
1 99
2 4
2 6
2 8
2 10
2 12
2 14
2 16
2 18
2 20
2 22
2 24
2 26
2 28
2 30
2 32
2 34
2 36
2 38
2 40
2 42
2 44
2 46
2 48
2 50
2 52
2 54
2 56
2 58
2 60
2 62
2 64
2 66
2 68
2 70
2 72
2 74
2 76
2 78
2 80
2 82
2 84
2 86
2 88
2 90
2 92
2 94
2 96
2 98
3 5
3 9
3 11
3 13
3 15
3 17
3 19
3 23
3 27
3 29
3 31
3 37
3 39
3 41
3 43
3 45
3 51
3 63
3 69
3 71
3 79
3 81
3 89
3 91
3 93
3 95
3 97
3 99
4 6
4 8
4 10
4 12
4 14
4 24
4 32
4 34
4 46
4 48
4 52
4 54
4 56
4 58
4 60
4 64
4 66
4 72
4 74
4 76
4 82
4 84
4 86
4 88
4 90
4 92
4 94
4 96
4 98
5 7
5 9
5 11
5 13
5 15
5 17
5 19
5 21
5 23
5 25
5 27
5 29
5 31
5 33
5 35
5 37
5 39
5 41
5 43
5 45
5 47
5 49
5 51
5 53
5 55
5 57
5 59
5 61
5 63
5 65
5 67
5 69
5 71
5 73
5 75
5 77
5 79
5 81
5 83
5 85
5 87
5 89
5 91
5 93
5 95
5 97
5 99
6 8
6 10
6 12
6 14
6 16
6 18
6 20
6 22
6 24
6 26
6 28
6 30
6 32
6 34
6 36
6 38
6 40
6 42
6 44
6 46
6 48
6 50
6 52
6 54
6 56
6 58
6 60
6 62
6 64
6 66
6 68
6 70
6 72
6 74
6 76
6 78
6 80
6 82
6 84
6 86
6 88
6 90
6 92
6 94
6 96
6 98
7 9
7 11
7 13
7 15
7 17
7 19
7 21
7 23
7 27
7 29
7 31
7 37
7 39
7 41
7 43
7 45
7 51
7 63
7 69
7 71
7 79
7 81
8 10
8 12
8 14
8 24
8 34
8 46
8 48
8 54
8 56
8 58
8 60
8 64
8 66
8 74
8 76
8 82
8 84
8 86
8 88
8 90
8 92
8 94
8 96
8 98
9 11
9 13
9 15
9 17
9 19
9 21
9 23
9 25
9 27
9 29
9 31
9 33
9 35
9 37
9 39
9 41
9 43
9 45
9 47
9 49
9 51
9 53
9 55
9 57
9 59
9 61
9 63
9 65
9 67
9 69
9 71
9 73
9 75
9 77
9 79
9 81
9 83
9 85
9 87
9 89
9 91
9 93
9 95
9 97
9 99
10 12
10 14
10 16
10 18
10 20
10 22
10 24
10 34
10 46
10 48
10 54
10 56
10 58
10 60
10 64
10 66
10 74
10 76
10 82
10 84
10 86
10 88
10 90
10 92
10 94
10 96
10 98
11 13
11 15
11 17
11 19
11 21
11 23
11 27
11 29
11 31
11 33
11 35
11 37
11 39
11 41
11 43
11 45
11 47
11 49
11 51
11 53
11 55
11 57
11 59
11 61
11 63
11 65
11 67
11 69
11 71
11 73
11 75
11 77
11 79
11 81
11 83
11 85
11 87
11 89
11 91
11 93
11 95
11 97
11 99
12 14
12 16
12 18
12 20
12 22
12 24
12 26
12 28
12 30
12 32
12 34
12 36
12 38
12 40
12 42
12 44
12 46
12 48
12 50
12 52
12 54
12 56
12 58
12 60
12 62
12 64
12 66
12 68
12 70
12 72
12 74
12 76
12 78
12 80
12 82
12 84
12 86
12 88
12 90
12 92
12 94
12 96
12 98
13 15
13 17
13 19
13 21
13 23
13 27
13 29
13 31
13 37
13 39
13 41
13 43
13 45
13 51
13 63
13 69
13 71
13 79
13 81
13 89
13 91
13 93
13 95
13 97
13 99
14 16
14 18
14 20
14 22
14 24
14 26
14 28
14 30
14 32
14 34
14 36
14 38
14 40
14 42
14 44
14 46
14 48
14 50
14 52
14 54
14 56
14 58
14 60
14 62
14 64
14 66
14 68
14 70
14 72
14 74
14 76
14 78
14 80
14 82
14 84
14 86
14 88
14 90
14 92
14 94
14 96
14 98
15 17
15 19
15 21
15 23
15 27
15 29
15 31
15 37
15 39
15 41
15 43
15 45
15 51
15 63
15 69
15 71
15 79
15 81
16 18
16 20
16 22
16 24
16 26
16 28
16 30
16 32
16 34
16 36
16 38
16 40
16 42
16 44
16 48
16 56
16 58
16 60
16 66
16 74
16 76
16 82
16 84
16 86
16 88
16 90
16 94
16 96
16 98
17 19
17 21
17 23
17 27
17 29
17 31
17 33
17 37
17 39
17 41
17 43
17 45
17 51
17 53
17 55
17 57
17 59
17 61
17 63
17 65
17 67
17 69
17 71
17 73
17 75
17 77
17 79
17 81
17 83
17 85
17 87
17 89
17 91
17 93
17 95
17 97
17 99
18 20
18 22
18 24
18 26
18 28
18 30
18 32
18 34
18 36
18 38
18 40
18 42
18 44
18 46
18 48
18 50
18 52
18 54
18 56
18 58
18 60
18 62
18 64
18 66
18 68
18 70
18 72
18 74
18 76
18 78
18 80
18 82
18 84
18 86
18 88
18 90
18 94
18 96
18 98
19 21
19 23
19 27
19 29
19 31
19 33
19 37
19 39
19 41
19 43
19 45
19 51
19 53
19 63
19 69
19 71
19 73
19 79
19 81
20 22
20 24
20 26
20 28
20 30
20 32
20 34
20 36
20 38
20 40
20 42
20 44
20 46
20 48
20 50
20 52
20 54
20 56
20 58
20 60
20 62
20 64
20 66
20 68
20 70
20 72
20 74
20 76
20 78
20 80
20 82
20 84
20 86
20 88
20 90
20 92
20 94
20 96
20 98
21 23
21 25
21 27
21 29
21 31
21 33
21 37
21 39
21 41
21 43
21 45
21 47
21 51
21 53
21 55
21 63
21 65
21 69
21 71
21 73
21 79
21 81
21 93
22 24
22 26
22 28
22 30
22 34
22 48
22 58
22 60
22 66
22 74
22 76
22 82
22 84
22 86
22 88
22 90
22 96
22 98
23 25
23 27
23 29
23 31
23 33
23 37
23 39
23 41
23 43
23 45
23 47
23 49
23 51
23 53
23 55
23 57
23 59
23 61
23 63
23 65
23 67
23 69
23 71
23 73
23 75
23 77
23 79
23 81
23 83
23 85
23 87
23 89
23 91
23 93
23 95
23 97
23 99
24 26
24 28
24 30
24 32
24 34
24 36
24 38
24 40
24 42
24 44
24 46
24 48
24 50
24 52
24 54
24 56
24 58
24 60
24 62
24 64
24 66
24 68
24 70
24 72
24 74
24 76
24 78
24 80
24 82
24 84
24 86
24 88
24 90
24 92
24 94
24 96
24 98
25 27
25 29
25 31
25 33
25 37
25 39
25 41
25 43
25 45
25 47
25 51
25 53
25 55
25 57
25 63
25 65
25 69
25 71
25 73
25 79
25 81
25 93
25 95
26 28
26 30
26 32
26 34
26 36
26 38
26 40
26 42
26 44
26 48
26 58
26 60
26 66
26 74
26 76
26 82
26 84
26 86
26 88
26 90
26 96
26 98
27 29
27 31
27 33
27 37
27 39
27 41
27 43
27 45
27 47
27 51
27 53
27 55
27 57
27 59
27 61
27 63
27 65
27 67
27 69
27 71
27 73
27 75
27 77
27 79
27 81
27 83
27 85
27 87
27 89
27 91
27 93
27 95
27 97
27 99
28 30
28 32
28 34
28 36
28 38
28 40
28 42
28 44
28 46
28 48
28 50
28 52
28 54
28 56
28 58
28 60
28 62
28 66
28 74
28 76
28 82
28 84
28 86
28 88
28 90
28 96
28 98
29 31
29 33
29 37
29 39
29 41
29 43
29 45
29 47
29 51
29 53
29 55
29 57
29 63
29 65
29 69
29 71
29 73
29 75
29 77
29 79
29 81
29 83
29 85
29 87
29 89
29 91
29 93
29 95
29 97
29 99
30 32
30 34
30 36
30 38
30 40
30 42
30 44
30 46
30 48
30 50
30 52
30 54
30 56
30 58
30 60
30 62
30 64
30 66
30 68
30 70
30 72
30 74
30 76
30 78
30 80
30 82
30 84
30 86
30 88
30 90
30 96
30 98
31 33
31 37
31 39
31 41
31 43
31 45
31 47
31 51
31 53
31 55
31 57
31 63
31 65
31 69
31 71
31 73
31 79
31 81
31 89
31 91
31 93
31 95
31 97
31 99
32 34
32 36
32 38
32 40
32 42
32 44
32 46
32 48
32 50
32 52
32 54
32 56
32 58
32 60
32 62
32 64
32 66
32 68
32 70
32 72
32 74
32 76
32 78
32 80
32 82
32 84
32 86
32 88
32 90
32 92
32 94
32 96
32 98
33 35
33 37
33 39
33 41
33 43
33 45
33 47
33 51
33 53
33 55
33 57
33 63
33 65
33 69
33 71
33 73
33 79
33 81
33 93
33 95
34 36
34 38
34 40
34 42
34 44
34 46
34 48
34 50
34 52
34 54
34 56
34 58
34 60
34 62
34 64
34 66
34 68
34 70
34 72
34 74
34 76
34 78
34 80
34 82
34 84
34 86
34 88
34 90
34 92
34 94
34 96
34 98
35 37
35 39
35 41
35 43
35 45
35 47
35 51
35 53
35 55
35 57
35 63
35 65
35 69
35 71
35 73
35 79
35 81
35 93
35 95
36 38
36 40
36 42
36 44
36 46
36 48
36 50
36 52
36 54
36 56
36 58
36 60
36 62
36 64
36 66
36 68
36 70
36 72
36 74
36 76
36 78
36 80
36 84
36 86
36 88
36 90
36 96
36 98
37 39
37 41
37 43
37 45
37 47
37 51
37 53
37 55
37 57
37 63
37 65
37 69
37 71
37 73
37 79
37 81
37 89
37 91
37 93
37 95
37 97
37 99
38 40
38 42
38 44
38 46
38 48
38 50
38 52
38 54
38 56
38 58
38 60
38 62
38 64
38 66
38 68
38 70
38 72
38 74
38 76
38 78
38 80
38 82
38 84
38 86
38 88
38 90
38 96
38 98
39 41
39 43
39 45
39 47
39 51
39 53
39 55
39 57
39 63
39 65
39 69
39 71
39 73
39 79
39 81
39 93
39 95
40 42
40 44
40 46
40 48
40 50
40 60
40 66
40 76
40 84
40 86
40 88
40 90
40 98
41 43
41 45
41 47
41 51
41 53
41 55
41 57
41 59
41 63
41 65
41 67
41 69
41 71
41 73
41 75
41 77
41 79
41 81
41 83
41 85
41 87
41 89
41 91
41 93
41 95
41 97
41 99
42 44
42 46
42 48
42 50
42 52
42 54
42 56
42 58
42 60
42 62
42 66
42 76
42 84
42 86
42 88
42 90
42 98
43 45
43 47
43 51
43 53
43 55
43 57
43 59
43 63
43 65
43 69
43 71
43 73
43 75
43 77
43 79
43 81
43 83
43 85
43 87
43 89
43 91
43 93
43 95
43 97
43 99
44 46
44 48
44 50
44 52
44 54
44 56
44 58
44 60
44 62
44 64
44 66
44 68
44 70
44 76
44 84
44 86
44 88
44 90
44 98
45 47
45 51
45 53
45 55
45 57
45 59
45 63
45 65
45 69
45 71
45 73
45 75
45 79
45 81
45 83
45 85
45 87
45 89
45 91
45 93
45 95
45 97
45 99
46 48
46 50
46 52
46 54
46 56
46 58
46 60
46 62
46 64
46 66
46 68
46 70
46 72
46 74
46 76
46 78
46 80
46 82
46 84
46 86
46 88
46 90
46 92
46 94
46 96
46 98
47 49
47 51
47 53
47 55
47 57
47 59
47 63
47 65
47 69
47 71
47 73
47 75
47 79
47 81
47 83
47 93
47 95
47 97
48 50
48 52
48 54
48 56
48 58
48 60
48 62
48 64
48 66
48 68
48 70
48 72
48 74
48 76
48 78
48 80
48 82
48 84
48 86
48 88
48 90
48 92
48 94
48 96
48 98
49 51
49 53
49 55
49 57
49 59
49 63
49 65
49 69
49 71
49 73
49 75
49 79
49 81
49 83
49 93
49 95
49 97
50 52
50 54
50 56
50 58
50 60
50 62
50 64
50 66
50 68
50 70
50 72
50 74
50 76
50 78
50 80
50 82
50 84
50 86
50 88
50 90
50 98
51 53
51 55
51 57
51 59
51 63
51 65
51 69
51 71
51 73
51 75
51 79
51 81
51 83
51 93
51 95
51 97
52 54
52 56
52 58
52 60
52 62
52 64
52 66
52 68
52 70
52 72
52 74
52 76
52 78
52 80
52 82
52 84
52 86
52 88
52 90
52 92
52 94
52 96
52 98
53 55
53 57
53 59
53 61
53 63
53 65
53 67
53 69
53 71
53 73
53 75
53 79
53 81
53 83
53 85
53 93
53 95
53 97
54 56
54 58
54 60
54 62
54 64
54 66
54 68
54 70
54 72
54 74
54 76
54 78
54 80
54 82
54 84
54 86
54 88
54 90
54 92
54 94
54 96
54 98
55 57
55 59
55 61
55 63
55 65
55 67
55 69
55 71
55 73
55 75
55 79
55 81
55 83
55 85
55 93
55 95
55 97
56 58
56 60
56 62
56 64
56 66
56 68
56 70
56 72
56 74
56 76
56 78
56 80
56 82
56 84
56 86
56 88
56 90
56 92
56 94
56 96
56 98
57 59
57 61
57 63
57 65
57 67
57 69
57 71
57 73
57 75
57 79
57 81
57 83
57 85
57 93
57 95
57 97
58 60
58 62
58 64
58 66
58 68
58 70
58 72
58 74
58 76
58 78
58 80
58 82
58 84
58 86
58 88
58 90
58 92
58 94
58 96
58 98
59 61
59 63
59 65
59 67
59 69
59 71
59 73
59 75
59 79
59 81
59 83
59 85
59 93
59 95
59 97
60 62
60 64
60 66
60 68
60 70
60 72
60 74
60 76
60 78
60 80
60 82
60 84
60 86
60 88
60 90
60 92
60 94
60 96
60 98
61 63
61 65
61 67
61 69
61 71
61 73
61 75
61 79
61 81
61 83
61 85
61 93
61 95
61 97
62 64
62 66
62 68
62 70
62 72
62 74
62 76
62 78
62 80
62 82
62 84
62 86
62 88
62 90
62 98
63 65
63 67
63 69
63 71
63 73
63 75
63 79
63 81
63 83
63 85
63 93
63 95
63 97
64 66
64 68
64 70
64 72
64 74
64 76
64 78
64 80
64 82
64 84
64 86
64 88
64 90
64 92
64 94
64 96
64 98
65 67
65 69
65 71
65 73
65 75
65 79
65 81
65 83
65 85
65 87
65 93
65 95
65 97
66 68
66 70
66 72
66 74
66 76
66 78
66 80
66 82
66 84
66 86
66 88
66 90
66 92
66 94
66 96
66 98
67 69
67 71
67 73
67 75
67 79
67 81
67 83
67 85
67 87
67 93
67 95
67 97
68 70
68 90
68 98
69 71
69 73
69 75
69 79
69 81
69 83
69 85
69 87
69 89
69 91
69 93
69 95
69 97
69 99
70 72
70 74
70 76
70 78
70 80
70 90
70 98
71 73
71 75
71 79
71 81
71 83
71 85
71 87
71 89
71 91
71 93
71 95
71 97
71 99
72 74
72 76
72 78
72 80
72 82
72 84
72 86
72 88
72 90
72 92
72 94
72 96
72 98
73 75
73 77
73 79
73 81
73 83
73 85
73 87
73 89
73 93
73 95
73 97
74 76
74 78
74 80
74 82
74 84
74 86
74 88
74 90
74 92
74 94
74 96
74 98
75 77
75 79
75 81
75 83
75 85
75 87
75 89
75 93
75 95
75 97
76 78
76 80
76 82
76 84
76 86
76 88
76 90
76 92
76 94
76 96
76 98
77 79
77 81
77 83
77 85
77 87
77 89
77 93
77 95
77 97
78 80
78 82
78 84
78 86
78 90
79 81
79 83
79 85
79 87
79 89
79 93
79 95
79 97
79 99
80 82
80 84
80 86
80 88
80 90
81 83
81 85
81 87
81 89
81 93
81 95
81 97
82 84
82 86
82 88
82 90
82 92
82 94
82 96
82 98
83 85
83 87
83 89
83 93
83 95
83 97
83 99
84 86
84 88
84 90
84 92
84 94
84 96
84 98
85 87
85 89
85 93
85 95
85 97
85 99
86 88
86 90
86 92
86 94
86 96
86 98
87 89
87 93
87 95
87 97
87 99
88 90
88 92
88 94
88 96
88 98
89 91
89 93
89 95
89 97
89 99
90 92
90 94
90 96
90 98
91 93
91 95
91 97
91 99
92 94
92 96
92 98
93 95
93 97
93 99
94 96
94 98
95 97
95 99
96 98
97 99
0 1
2 3
4 5
6 7
8 9
10 11
12 13
14 15
16 17
18 19
20 21
22 23
24 25
26 27
28 29
30 31
32 33
34 35
36 37
38 39
40 41
42 43
44 45
46 47
48 49
50 51
52 53
54 55
56 57
58 59
60 61
62 63
64 65
66 67
68 69
70 71
72 73
74 75
76 77
78 79
80 81
82 83
84 85
86 87
88 89
90 91
92 93
94 95
96 97
98 99
