152
4651
76
0 2
0 4
0 6
0 8
0 34
0 48
0 50
0 62
0 66
0 74
0 76
0 78
0 84
0 86
0 94
0 104
0 106
0 108
0 110
0 112
0 114
0 118
0 120
0 122
0 126
0 128
0 130
0 134
0 140
0 142
0 144
0 146
0 148
0 150
1 3
1 5
1 7
1 9
1 13
1 15
1 17
1 19
1 21
1 23
1 25
1 27
1 29
1 31
1 33
1 35
1 37
1 39
1 41
1 43
1 45
1 47
1 49
1 51
1 53
1 55
1 57
1 59
1 61
1 63
1 65
1 67
1 69
1 71
1 73
1 75
1 77
1 79
1 81
1 83
1 85
1 87
1 89
1 91
1 93
1 95
1 97
1 99
1 101
1 103
1 105
1 107
1 109
1 111
1 113
1 115
1 117
1 119
1 121
1 123
1 125
1 127
1 129
1 131
1 133
1 135
1 137
1 139
1 141
1 143
1 145
1 147
1 149
1 151
2 4
2 6
2 8
2 10
2 12
2 14
2 16
2 18
2 20
2 22
2 24
2 26
2 28
2 30
2 32
2 34
2 36
2 38
2 40
2 42
2 44
2 48
2 50
2 62
2 66
2 74
2 76
2 78
2 84
2 86
2 94
2 104
2 106
2 108
2 110
2 112
2 114
2 118
2 120
2 122
2 126
2 128
2 130
2 134
2 140
2 142
2 144
2 146
2 148
2 150
3 5
3 7
3 9
3 13
3 15
3 17
3 19
3 21
3 23
3 25
3 29
3 31
3 33
3 37
3 39
3 41
3 43
3 45
3 53
3 55
3 57
3 59
3 61
3 63
3 65
3 67
3 69
3 71
3 73
3 75
3 77
3 79
3 81
3 83
3 85
3 87
3 89
3 91
3 93
3 95
3 97
3 99
3 101
3 103
3 105
3 107
3 109
3 111
3 113
3 115
3 117
3 119
3 121
3 123
3 125
3 127
3 129
3 131
3 133
3 135
3 137
3 139
3 141
3 143
3 145
3 147
3 149
3 151
4 6
4 8
4 10
4 12
4 14
4 16
4 18
4 20
4 22
4 24
4 26
4 28
4 30
4 32
4 34
4 36
4 38
4 40
4 42
4 44
4 46
4 48
4 50
4 52
4 54
4 56
4 58
4 60
4 62
4 64
4 66
4 68
4 70
4 72
4 74
4 76
4 78
4 80
4 84
4 86
4 94
4 104
4 106
4 108
4 110
4 112
4 114
4 118
4 120
4 122
4 126
4 128
4 130
4 134
4 140
4 142
4 144
4 146
4 148
4 150
5 7
5 9
5 13
5 15
5 17
5 19
5 21
5 23
5 25
5 29
5 31
5 33
5 37
5 39
5 41
5 43
5 45
5 53
5 55
5 57
5 59
5 65
5 69
5 71
5 73
5 81
5 89
5 91
5 93
5 95
5 97
5 99
5 101
5 103
5 105
5 107
5 109
5 111
5 113
5 115
5 117
5 119
5 121
5 123
5 125
5 127
5 129
5 131
5 133
5 135
5 137
5 139
5 141
5 143
5 145
5 147
5 149
5 151
6 8
6 10
6 12
6 14
6 16
6 18
6 20
6 22
6 24
6 26
6 28
6 30
6 32
6 34
6 36
6 38
6 40
6 42
6 44
6 46
6 48
6 50
6 52
6 54
6 56
6 58
6 60
6 62
6 64
6 66
6 68
6 70
6 72
6 74
6 76
6 78
6 80
6 82
6 84
6 86
6 88
6 90
6 92
6 94
6 96
6 98
6 100
6 102
6 104
6 106
6 108
6 110
6 112
6 114
6 116
6 118
6 120
6 122
6 124
6 126
6 128
6 130
6 134
6 140
6 142
6 144
6 146
6 148
6 150
7 9
7 13
7 15
7 17
7 19
7 21
7 23
7 25
7 29
7 31
7 33
7 37
7 39
7 41
7 43
7 45
7 53
7 55
7 57
7 59
7 65
7 69
7 71
7 73
7 81
7 89
7 91
7 93
7 97
7 99
7 101
7 117
7 125
7 133
7 135
7 137
7 139
7 141
7 143
7 145
7 147
7 149
7 151
8 10
8 12
8 14
8 16
8 18
8 20
8 22
8 24
8 26
8 28
8 30
8 32
8 34
8 36
8 38
8 40
8 42
8 44
8 46
8 48
8 50
8 52
8 54
8 56
8 58
8 60
8 62
8 64
8 66
8 68
8 70
8 72
8 74
8 76
8 78
8 80
8 82
8 84
8 86
8 88
8 90
8 92
8 94
8 96
8 98
8 100
8 102
8 104
8 106
8 108
8 110
8 112
8 114
8 116
8 118
8 120
8 122
8 124
8 126
8 128
8 130
8 132
8 134
8 140
8 142
8 144
8 146
8 148
8 150
9 13
9 15
9 17
9 19
9 21
9 23
9 25
9 29
9 31
9 33
9 37
9 39
9 41
9 43
9 45
9 53
9 55
9 57
9 59
9 65
9 69
9 71
9 73
9 81
9 89
9 91
9 93
9 97
9 99
9 101
9 117
9 125
9 133
9 137
9 139
9 141
9 143
9 145
9 147
9 149
9 151
10 12
10 14
10 16
10 18
10 20
10 22
10 24
10 26
10 28
10 30
10 32
10 34
10 36
10 38
10 40
10 42
10 44
10 46
10 48
10 50
10 52
10 54
10 56
10 58
10 60
10 62
10 64
10 66
10 68
10 70
10 72
10 74
10 76
10 78
10 80
10 82
10 84
10 86
10 88
10 90
10 92
10 94
10 96
10 98
10 100
10 102
10 104
10 106
10 108
10 110
10 112
10 114
10 116
10 118
10 120
10 122
10 124
10 126
10 128
10 130
10 132
10 134
10 136
10 138
10 140
10 142
10 144
10 146
10 148
10 150
11 13
11 15
11 17
11 19
11 21
11 23
11 25
11 27
11 29
11 31
11 33
11 37
11 39
11 41
11 43
11 45
11 47
11 53
11 55
11 57
11 59
11 61
11 65
11 69
11 71
11 73
11 81
11 83
11 89
11 91
11 93
11 97
11 99
11 101
11 103
11 117
11 125
11 133
11 137
11 139
12 14
12 16
12 18
12 20
12 22
12 24
12 26
12 28
12 30
12 32
12 34
12 36
12 38
12 40
12 42
12 44
12 46
12 48
12 50
12 52
12 54
12 56
12 62
12 66
12 76
12 78
12 84
12 86
12 94
12 106
12 108
12 110
12 112
12 114
12 118
12 120
12 122
12 128
12 130
12 134
12 140
12 142
12 146
12 148
12 150
13 15
13 17
13 19
13 21
13 23
13 25
13 27
13 29
13 31
13 33
13 37
13 39
13 41
13 43
13 45
13 47
13 53
13 55
13 57
13 59
13 61
13 63
13 65
13 67
13 69
13 71
13 73
13 75
13 77
13 79
13 81
13 83
13 85
13 87
13 89
13 91
13 93
13 95
13 97
13 99
13 101
13 103
13 105
13 107
13 109
13 111
13 113
13 115
13 117
13 119
13 121
13 123
13 125
13 127
13 129
13 131
13 133
13 135
13 137
13 139
13 141
13 143
13 145
13 147
13 149
13 151
14 16
14 18
14 20
14 22
14 24
14 26
14 28
14 30
14 32
14 34
14 36
14 38
14 40
14 42
14 44
14 46
14 48
14 50
14 52
14 54
14 56
14 58
14 60
14 62
14 64
14 66
14 68
14 70
14 72
14 76
14 78
14 84
14 86
14 94
14 106
14 108
14 110
14 112
14 114
14 118
14 120
14 122
14 128
14 130
14 134
14 140
14 142
14 146
14 148
14 150
15 17
15 19
15 21
15 23
15 25
15 27
15 29
15 31
15 33
15 37
15 39
15 41
15 43
15 45
15 47
15 53
15 55
15 57
15 59
15 61
15 65
15 69
15 71
15 73
15 81
15 83
15 85
15 87
15 89
15 91
15 93
15 95
15 97
15 99
15 101
15 103
15 105
15 107
15 109
15 111
15 113
15 115
15 117
15 119
15 121
15 123
15 125
15 127
15 129
15 131
15 133
15 135
15 137
15 139
15 141
15 143
15 145
15 147
15 149
15 151
16 18
16 20
16 22
16 24
16 26
16 28
16 30
16 32
16 34
16 36
16 38
16 40
16 42
16 44
16 46
16 48
16 50
16 52
16 54
16 56
16 58
16 60
16 62
16 64
16 66
16 68
16 70
16 72
16 74
16 76
16 78
16 80
16 84
16 86
16 94
16 106
16 108
16 110
16 112
16 114
16 118
16 120
16 122
16 128
16 130
16 134
16 140
16 142
16 146
16 148
16 150
17 19
17 21
17 23
17 25
17 27
17 29
17 31
17 33
17 37
17 39
17 41
17 43
17 45
17 47
17 53
17 55
17 57
17 59
17 61
17 65
17 69
17 71
17 73
17 81
17 83
17 89
17 91
17 93
17 95
17 97
17 99
17 101
17 103
17 105
17 107
17 109
17 111
17 113
17 115
17 117
17 119
17 121
17 123
17 125
17 127
17 129
17 131
17 133
17 135
17 137
17 139
17 141
17 143
17 145
17 147
17 149
17 151
18 20
18 22
18 24
18 26
18 28
18 30
18 32
18 34
18 36
18 38
18 40
18 42
18 44
18 46
18 48
18 50
18 52
18 54
18 56
18 58
18 60
18 62
18 64
18 66
18 68
18 70
18 72
18 74
18 76
18 78
18 80
18 82
18 84
18 86
18 88
18 90
18 92
18 94
18 96
18 98
18 100
18 102
18 104
18 106
18 108
18 110
18 112
18 114
18 116
18 118
18 120
18 122
18 124
18 128
18 130
18 134
18 140
18 142
18 146
18 148
18 150
19 21
19 23
19 25
19 27
19 29
19 31
19 33
19 37
19 39
19 41
19 43
19 45
19 47
19 53
19 55
19 57
19 59
19 61
19 65
19 69
19 71
19 73
19 81
19 83
19 89
19 91
19 93
19 97
19 99
19 101
19 103
19 117
19 125
19 133
19 135
19 137
19 139
19 141
19 143
19 145
19 147
19 149
19 151
20 22
20 24
20 26
20 28
20 30
20 32
20 34
20 36
20 38
20 40
20 42
20 44
20 46
20 48
20 50
20 52
20 54
20 56
20 58
20 60
20 62
20 64
20 66
20 68
20 70
20 72
20 74
20 76
20 78
20 80
20 82
20 84
20 86
20 88
20 90
20 92
20 94
20 96
20 98
20 100
20 102
20 104
20 106
20 108
20 110
20 112
20 114
20 116
20 118
20 120
20 122
20 124
20 126
20 128
20 130
20 132
20 134
20 136
20 138
20 140
20 142
20 146
20 148
20 150
21 23
21 25
21 27
21 29
21 31
21 33
21 37
21 39
21 41
21 43
21 45
21 47
21 53
21 55
21 57
21 59
21 61
21 65
21 69
21 71
21 73
21 81
21 83
21 89
21 91
21 93
21 97
21 99
21 101
21 103
21 117
21 125
21 133
21 137
21 139
21 145
21 147
21 149
21 151
22 24
22 26
22 28
22 30
22 32
22 34
22 36
22 38
22 40
22 42
22 44
22 46
22 48
22 50
22 52
22 54
22 56
22 58
22 60
22 62
22 64
22 66
22 68
22 70
22 72
22 74
22 76
22 78
22 80
22 82
22 84
22 86
22 88
22 90
22 92
22 94
22 96
22 98
22 100
22 102
22 104
22 106
22 108
22 110
22 112
22 114
22 116
22 118
22 120
22 122
22 124
22 126
22 128
22 130
22 132
22 134
22 136
22 138
22 140
22 142
22 144
22 146
22 148
22 150
23 25
23 27
23 29
23 31
23 33
23 37
23 39
23 41
23 43
23 45
23 47
23 53
23 55
23 57
23 59
23 61
23 65
23 69
23 71
23 73
23 81
23 83
23 89
23 91
23 93
23 97
23 99
23 101
23 103
23 117
23 125
23 133
23 137
23 139
23 151
24 26
24 28
24 30
24 32
24 34
24 36
24 38
24 40
24 42
24 44
24 46
24 48
24 50
24 52
24 54
24 56
24 58
24 60
24 62
24 64
24 66
24 68
24 70
24 72
24 74
24 76
24 78
24 80
24 82
24 84
24 86
24 88
24 90
24 92
24 94
24 96
24 98
24 100
24 102
24 104
24 106
24 108
24 110
24 112
24 114
24 116
24 118
24 120
24 122
24 124
24 126
24 128
24 130
24 132
24 134
24 140
24 142
24 146
24 148
24 150
25 27
25 29
25 31
25 33
25 35
25 37
25 39
25 41
25 43
25 45
25 47
25 53
25 55
25 57
25 59
25 61
25 65
25 69
25 71
25 73
25 75
25 81
25 83
25 89
25 91
25 93
25 97
25 99
25 101
25 103
25 105
25 117
25 125
25 127
25 133
25 137
25 139
25 141
25 143
25 145
25 147
25 149
25 151
26 28
26 30
26 32
26 34
26 36
26 38
26 40
26 42
26 44
26 46
26 48
26 50
26 52
26 54
26 56
26 58
26 60
26 62
26 64
26 66
26 68
26 70
26 72
26 74
26 76
26 78
26 80
26 82
26 84
26 86
26 88
26 90
26 92
26 94
26 96
26 98
26 100
26 102
26 104
26 106
26 108
26 110
26 112
26 114
26 116
26 118
26 120
26 122
26 124
26 126
26 128
26 130
26 132
26 134
26 136
26 138
26 140
26 142
26 144
26 146
26 148
26 150
27 29
27 31
27 33
27 35
27 37
27 39
27 41
27 43
27 45
27 47
27 49
27 53
27 55
27 57
27 59
27 61
27 65
27 69
27 71
27 73
27 75
27 81
27 83
27 89
27 91
27 93
27 95
27 97
27 99
27 101
27 103
27 105
27 117
27 125
27 127
27 133
27 137
27 139
27 145
28 30
28 32
28 34
28 36
28 38
28 40
28 42
28 44
28 46
28 48
28 50
28 52
28 54
28 56
28 58
28 60
28 62
28 64
28 66
28 68
28 70
28 72
28 76
28 78
28 84
28 86
28 108
28 110
28 112
28 114
28 118
28 120
28 122
28 128
28 130
28 134
28 142
28 146
28 148
28 150
29 31
29 33
29 35
29 37
29 39
29 41
29 43
29 45
29 47
29 49
29 53
29 55
29 57
29 59
29 61
29 65
29 69
29 71
29 73
29 75
29 81
29 83
29 85
29 87
29 89
29 91
29 93
29 95
29 97
29 99
29 101
29 103
29 105
29 107
29 109
29 111
29 113
29 115
29 117
29 119
29 121
29 123
29 125
29 127
29 129
29 131
29 133
29 135
29 137
29 139
29 141
29 143
29 145
29 147
29 149
29 151
30 32
30 34
30 36
30 38
30 40
30 42
30 44
30 46
30 48
30 50
30 52
30 54
30 56
30 58
30 60
30 62
30 64
30 66
30 68
30 70
30 72
30 74
30 76
30 78
30 80
30 82
30 84
30 86
30 88
30 90
30 92
30 108
30 110
30 112
30 114
30 118
30 120
30 122
30 128
30 130
30 134
30 142
30 146
30 148
30 150
31 33
31 35
31 37
31 39
31 41
31 43
31 45
31 47
31 49
31 53
31 55
31 57
31 59
31 61
31 65
31 69
31 71
31 73
31 75
31 81
31 83
31 89
31 91
31 93
31 95
31 97
31 99
31 101
31 103
31 105
31 107
31 109
31 111
31 113
31 115
31 117
31 119
31 121
31 123
31 125
31 127
31 129
31 131
31 133
31 135
31 137
31 139
31 141
31 143
31 145
31 147
31 149
31 151
32 34
32 36
32 38
32 40
32 42
32 44
32 46
32 48
32 50
32 52
32 54
32 56
32 58
32 60
32 62
32 64
32 66
32 68
32 70
32 72
32 74
32 76
32 78
32 80
32 82
32 84
32 86
32 88
32 90
32 92
32 94
32 96
32 98
32 100
32 102
32 104
32 106
32 108
32 110
32 112
32 114
32 116
32 118
32 120
32 122
32 124
32 126
32 128
32 130
32 132
32 134
32 136
32 138
32 140
32 142
32 144
32 146
32 148
32 150
33 35
33 37
33 39
33 41
33 43
33 45
33 47
33 49
33 53
33 55
33 57
33 59
33 61
33 65
33 69
33 71
33 73
33 75
33 81
33 83
33 89
33 91
33 93
33 95
33 97
33 99
33 101
33 103
33 105
33 117
33 125
33 127
33 133
33 137
33 139
33 145
33 151
34 36
34 38
34 40
34 42
34 44
34 46
34 48
34 50
34 52
34 54
34 56
34 58
34 60
34 62
34 64
34 66
34 68
34 70
34 72
34 74
34 76
34 78
34 80
34 82
34 84
34 86
34 88
34 90
34 92
34 94
34 96
34 98
34 100
34 102
34 104
34 106
34 108
34 110
34 112
34 114
34 116
34 118
34 120
34 122
34 124
34 126
34 128
34 130
34 132
34 134
34 136
34 138
34 140
34 142
34 144
34 146
34 148
34 150
35 37
35 39
35 41
35 43
35 45
35 47
35 49
35 51
35 53
35 55
35 57
35 59
35 61
35 65
35 69
35 71
35 73
35 75
35 81
35 83
35 89
35 91
35 93
35 95
35 97
35 99
35 101
35 103
35 105
35 107
35 117
35 125
35 127
35 133
35 137
35 139
35 141
35 145
36 38
36 40
36 42
36 44
36 62
36 66
36 78
36 86
36 110
36 112
36 114
36 118
36 120
36 122
36 128
36 130
36 134
36 142
36 146
36 148
36 150
37 39
37 41
37 43
37 45
37 47
37 49
37 51
37 53
37 55
37 57
37 59
37 61
37 63
37 65
37 67
37 69
37 71
37 73
37 75
37 77
37 79
37 81
37 83
37 85
37 87
37 89
37 91
37 93
37 95
37 97
37 99
37 101
37 103
37 105
37 107
37 109
37 111
37 113
37 115
37 117
37 119
37 121
37 123
37 125
37 127
37 129
37 131
37 133
37 135
37 137
37 139
37 141
37 143
37 145
37 147
37 149
37 151
38 40
38 42
38 44
38 46
38 48
38 50
38 52
38 54
38 56
38 58
38 62
38 66
38 78
38 86
38 110
38 112
38 114
38 118
38 120
38 122
38 128
38 130
38 134
38 142
38 146
38 148
38 150
39 41
39 43
39 45
39 47
39 49
39 51
39 53
39 55
39 57
39 59
39 61
39 65
39 67
39 69
39 71
39 73
39 75
39 77
39 79
39 81
39 83
39 85
39 87
39 89
39 91
39 93
39 95
39 97
39 99
39 101
39 103
39 105
39 107
39 109
39 111
39 113
39 115
39 117
39 119
39 121
39 123
39 125
39 127
39 129
39 131
39 133
39 135
39 137
39 139
39 141
39 143
39 145
39 147
39 149
39 151
40 42
40 44
40 46
40 48
40 50
40 52
40 54
40 56
40 58
40 60
40 62
40 64
40 66
40 68
40 70
40 72
40 74
40 76
40 78
40 80
40 82
40 84
40 86
40 88
40 90
40 92
40 94
40 96
40 98
40 100
40 102
40 104
40 106
40 108
40 110
40 112
40 114
40 116
40 118
40 120
40 122
40 128
40 130
40 134
40 142
40 146
40 148
40 150
41 43
41 45
41 47
41 49
41 51
41 53
41 55
41 57
41 59
41 61
41 65
41 69
41 71
41 73
41 75
41 81
41 83
41 89
41 91
41 93
41 95
41 97
41 99
41 101
41 103
41 105
41 107
41 117
41 125
41 127
41 129
41 131
41 133
41 135
41 137
41 139
41 141
41 143
41 145
41 147
41 149
41 151
42 44
42 46
42 48
42 50
42 52
42 54
42 56
42 58
42 60
42 62
42 64
42 66
42 68
42 70
42 72
42 74
42 76
42 78
42 80
42 82
42 84
42 86
42 88
42 90
42 92
42 94
42 96
42 98
42 100
42 102
42 104
42 106
42 108
42 110
42 112
42 114
42 116
42 118
42 120
42 122
42 124
42 126
42 128
42 130
42 132
42 134
42 142
42 146
42 148
42 150
43 45
43 47
43 49
43 51
43 53
43 55
43 57
43 59
43 61
43 65
43 69
43 71
43 73
43 75
43 81
43 83
43 89
43 91
43 93
43 95
43 97
43 99
43 101
43 103
43 105
43 107
43 117
43 125
43 127
43 133
43 137
43 139
43 141
43 143
43 145
43 147
43 149
43 151
44 46
44 48
44 50
44 52
44 54
44 56
44 58
44 60
44 62
44 64
44 66
44 68
44 70
44 72
44 74
44 76
44 78
44 80
44 82
44 84
44 86
44 88
44 90
44 92
44 94
44 96
44 98
44 100
44 102
44 104
44 106
44 108
44 110
44 112
44 114
44 116
44 118
44 120
44 122
44 124
44 126
44 128
44 130
44 132
44 134
44 136
44 138
44 140
44 142
44 146
44 148
44 150
45 47
45 49
45 51
45 53
45 55
45 57
45 59
45 61
45 65
45 69
45 71
45 73
45 75
45 81
45 83
45 89
45 91
45 93
45 95
45 97
45 99
45 101
45 103
45 105
45 107
45 117
45 125
45 127
45 133
45 137
45 139
45 141
45 145
45 149
45 151
46 48
46 50
46 52
46 54
46 56
46 58
46 60
46 62
46 64
46 66
46 68
46 70
46 72
46 74
46 76
46 78
46 80
46 82
46 84
46 86
46 88
46 90
46 92
46 94
46 96
46 98
46 100
46 102
46 104
46 106
46 108
46 110
46 112
46 114
46 116
46 118
46 120
46 122
46 124
46 126
46 128
46 130
46 132
46 134
46 136
46 138
46 140
46 142
46 144
46 146
46 148
46 150
47 49
47 51
47 53
47 55
47 57
47 59
47 61
47 65
47 69
47 71
47 73
47 75
47 77
47 81
47 83
47 85
47 89
47 91
47 93
47 95
47 97
47 99
47 101
47 103
47 105
47 107
47 109
47 117
47 125
47 127
47 133
47 137
47 139
47 141
47 145
48 50
48 52
48 54
48 56
48 58
48 60
48 62
48 64
48 66
48 68
48 70
48 72
48 74
48 76
48 78
48 80
48 82
48 84
48 86
48 88
48 90
48 92
48 94
48 96
48 98
48 100
48 102
48 104
48 106
48 108
48 110
48 112
48 114
48 116
48 118
48 120
48 122
48 124
48 126
48 128
48 130
48 132
48 134
48 136
48 138
48 140
48 142
48 144
48 146
48 148
48 150
49 51
49 53
49 55
49 57
49 59
49 61
49 65
49 69
49 71
49 73
49 75
49 77
49 81
49 83
49 85
49 89
49 91
49 93
49 95
49 97
49 99
49 101
49 103
49 105
49 107
49 109
49 117
49 125
49 127
49 133
49 137
49 139
49 141
49 145
50 52
50 54
50 56
50 58
50 60
50 62
50 64
50 66
50 68
50 70
50 72
50 74
50 76
50 78
50 80
50 82
50 84
50 86
50 88
50 90
50 92
50 94
50 96
50 98
50 100
50 102
50 104
50 106
50 108
50 110
50 112
50 114
50 116
50 118
50 120
50 122
50 124
50 126
50 128
50 130
50 132
50 134
50 136
50 138
50 140
50 142
50 144
50 146
50 148
50 150
51 53
51 55
51 57
51 59
51 61
51 65
51 69
51 71
51 73
51 75
51 77
51 81
51 83
51 85
51 89
51 91
51 93
51 95
51 97
51 99
51 101
51 103
51 105
51 107
51 109
51 117
51 125
51 127
51 133
51 137
51 139
51 141
51 145
52 54
52 56
52 58
52 60
52 62
52 64
52 66
52 68
52 70
52 72
52 74
52 76
52 78
52 80
52 82
52 84
52 86
52 88
52 90
52 92
52 110
52 112
52 114
52 120
52 122
52 128
52 130
52 134
52 142
52 146
52 148
52 150
53 55
53 57
53 59
53 61
53 65
53 69
53 71
53 73
53 75
53 77
53 81
53 83
53 85
53 89
53 91
53 93
53 95
53 97
53 99
53 101
53 103
53 105
53 107
53 109
53 111
53 113
53 115
53 117
53 119
53 121
53 123
53 125
53 127
53 129
53 131
53 133
53 135
53 137
53 139
53 141
53 143
53 145
53 147
53 149
53 151
54 56
54 58
54 60
54 62
54 64
54 66
54 68
54 70
54 72
54 74
54 76
54 78
54 80
54 82
54 84
54 86
54 88
54 90
54 92
54 94
54 96
54 98
54 100
54 102
54 104
54 106
54 108
54 110
54 112
54 114
54 116
54 118
54 120
54 122
54 124
54 126
54 128
54 130
54 132
54 134
54 142
54 146
54 148
54 150
55 57
55 59
55 61
55 65
55 69
55 71
55 73
55 75
55 77
55 81
55 83
55 85
55 89
55 91
55 93
55 95
55 97
55 99
55 101
55 103
55 105
55 107
55 109
55 117
55 125
55 127
55 133
55 137
55 139
55 141
55 143
55 145
55 147
55 149
55 151
56 58
56 60
56 62
56 64
56 66
56 68
56 70
56 72
56 74
56 76
56 78
56 80
56 82
56 84
56 86
56 88
56 90
56 92
56 94
56 96
56 98
56 100
56 102
56 104
56 106
56 108
56 110
56 112
56 114
56 116
56 118
56 120
56 122
56 124
56 126
56 128
56 130
56 132
56 134
56 136
56 138
56 140
56 142
56 144
56 146
56 148
56 150
57 59
57 61
57 65
57 69
57 71
57 73
57 75
57 77
57 81
57 83
57 85
57 89
57 91
57 93
57 95
57 97
57 99
57 101
57 103
57 105
57 107
57 109
57 117
57 125
57 127
57 133
57 137
57 139
57 141
57 145
57 151
58 60
58 62
58 64
58 66
58 68
58 70
58 72
58 74
58 76
58 78
58 80
58 82
58 84
58 86
58 88
58 90
58 92
58 94
58 96
58 98
58 100
58 102
58 104
58 106
58 108
58 110
58 112
58 114
58 116
58 118
58 120
58 122
58 124
58 126
58 128
58 130
58 132
58 134
58 136
58 138
58 142
58 146
58 148
58 150
59 61
59 65
59 69
59 71
59 73
59 75
59 77
59 81
59 83
59 85
59 89
59 91
59 93
59 95
59 97
59 99
59 101
59 103
59 105
59 107
59 109
59 117
59 119
59 125
59 127
59 133
59 137
59 139
59 141
59 145
59 147
59 149
59 151
60 62
60 64
60 66
60 68
60 70
60 72
60 74
60 76
60 78
60 80
60 82
60 84
60 86
60 88
60 90
60 92
60 94
60 96
60 98
60 100
60 102
60 104
60 106
60 108
60 110
60 112
60 114
60 116
60 118
60 120
60 122
60 124
60 126
60 128
60 130
60 132
60 134
60 136
60 138
60 140
60 142
60 144
60 146
60 148
60 150
61 63
61 65
61 67
61 69
61 71
61 73
61 75
61 77
61 79
61 81
61 83
61 85
61 87
61 89
61 91
61 93
61 95
61 97
61 99
61 101
61 103
61 105
61 107
61 109
61 117
61 119
61 125
61 127
61 133
61 137
61 139
61 141
61 145
62 64
62 66
62 68
62 70
62 72
62 74
62 76
62 78
62 80
62 82
62 84
62 86
62 88
62 90
62 92
62 94
62 96
62 98
62 100
62 102
62 104
62 106
62 108
62 110
62 112
62 114
62 116
62 118
62 120
62 122
62 124
62 126
62 128
62 130
62 132
62 134
62 136
62 138
62 140
62 142
62 144
62 146
62 148
62 150
63 65
63 67
63 69
63 71
63 73
63 75
63 77
63 79
63 81
63 83
63 85
63 87
63 89
63 91
63 93
63 95
63 97
63 99
63 101
63 103
63 105
63 107
63 109
63 117
63 119
63 125
63 127
63 133
63 137
63 139
63 141
63 145
64 66
64 68
64 70
64 72
64 74
64 76
64 78
64 80
64 82
64 84
64 86
64 88
64 90
64 92
64 94
64 96
64 98
64 100
64 112
64 114
64 122
64 128
64 130
64 134
64 142
64 146
64 148
64 150
65 67
65 69
65 71
65 73
65 75
65 77
65 79
65 81
65 83
65 85
65 87
65 89
65 91
65 93
65 95
65 97
65 99
65 101
65 103
65 105
65 107
65 109
65 117
65 119
65 121
65 123
65 125
65 127
65 129
65 131
65 133
65 135
65 137
65 139
65 141
65 143
65 145
65 147
65 149
65 151
66 68
66 70
66 72
66 74
66 76
66 78
66 80
66 82
66 84
66 86
66 88
66 90
66 92
66 94
66 96
66 98
66 100
66 102
66 104
66 106
66 108
66 110
66 112
66 114
66 116
66 118
66 120
66 122
66 124
66 126
66 128
66 130
66 132
66 134
66 136
66 138
66 140
66 142
66 144
66 146
66 148
66 150
67 69
67 71
67 73
67 75
67 77
67 79
67 81
67 83
67 85
67 87
67 89
67 91
67 93
67 95
67 97
67 99
67 101
67 103
67 105
67 107
67 109
67 111
67 117
67 119
67 121
67 125
67 127
67 133
67 137
67 139
67 141
67 145
68 70
68 72
68 112
68 114
68 122
68 128
68 130
68 142
68 146
68 148
68 150
69 71
69 73
69 75
69 77
69 79
69 81
69 83
69 85
69 87
69 89
69 91
69 93
69 95
69 97
69 99
69 101
69 103
69 105
69 107
69 109
69 111
69 113
69 115
69 117
69 119
69 121
69 123
69 125
69 127
69 129
69 131
69 133
69 135
69 137
69 139
69 141
69 143
69 145
69 147
69 149
69 151
70 72
70 74
70 76
70 78
70 80
70 82
70 84
70 86
70 88
70 90
70 92
70 112
70 114
70 122
70 128
70 130
70 142
70 146
70 148
70 150
71 73
71 75
71 77
71 79
71 81
71 83
71 85
71 87
71 89
71 91
71 93
71 95
71 97
71 99
71 101
71 103
71 105
71 107
71 109
71 111
71 113
71 115
71 117
71 119
71 121
71 123
71 125
71 127
71 129
71 131
71 133
71 135
71 137
71 139
71 141
71 143
71 145
71 147
71 149
71 151
72 74
72 76
72 78
72 80
72 82
72 84
72 86
72 88
72 90
72 92
72 94
72 96
72 98
72 100
72 102
72 104
72 106
72 108
72 110
72 112
72 114
72 116
72 118
72 120
72 122
72 124
72 126
72 128
72 130
72 132
72 142
72 146
72 148
72 150
73 75
73 77
73 79
73 81
73 83
73 85
73 87
73 89
73 91
73 93
73 95
73 97
73 99
73 101
73 103
73 105
73 107
73 109
73 111
73 117
73 119
73 121
73 125
73 127
73 133
73 137
73 139
73 141
73 143
73 145
73 147
73 149
73 151
74 76
74 78
74 80
74 82
74 84
74 86
74 88
74 90
74 92
74 94
74 96
74 98
74 100
74 102
74 104
74 106
74 108
74 110
74 112
74 114
74 116
74 118
74 120
74 122
74 124
74 126
74 128
74 130
74 132
74 134
74 136
74 138
74 140
74 142
74 144
74 146
74 148
74 150
75 77
75 79
75 81
75 83
75 85
75 87
75 89
75 91
75 93
75 95
75 97
75 99
75 101
75 103
75 105
75 107
75 109
75 111
75 117
75 119
75 121
75 125
75 127
75 133
75 135
75 137
75 139
75 141
75 145
76 78
76 80
76 82
76 84
76 86
76 88
76 90
76 92
76 94
76 96
76 98
76 100
76 102
76 104
76 106
76 108
76 110
76 112
76 114
76 116
76 118
76 120
76 122
76 124
76 126
76 128
76 130
76 132
76 134
76 136
76 138
76 140
76 142
76 144
76 146
76 148
76 150
77 79
77 81
77 83
77 85
77 87
77 89
77 91
77 93
77 95
77 97
77 99
77 101
77 103
77 105
77 107
77 109
77 111
77 117
77 119
77 121
77 125
77 127
77 133
77 135
77 137
77 139
77 141
77 145
78 80
78 82
78 84
78 86
78 88
78 90
78 92
78 94
78 96
78 98
78 100
78 102
78 104
78 106
78 108
78 110
78 112
78 114
78 116
78 118
78 120
78 122
78 124
78 126
78 128
78 130
78 132
78 134
78 136
78 138
78 140
78 142
78 144
78 146
78 148
78 150
79 81
79 83
79 85
79 87
79 89
79 91
79 93
79 95
79 97
79 99
79 101
79 103
79 105
79 107
79 109
79 111
79 117
79 119
79 121
79 125
79 127
79 133
79 135
79 137
79 139
79 141
79 145
80 82
80 84
80 86
80 88
80 90
80 92
80 94
80 96
80 98
80 100
80 102
80 104
80 106
80 108
80 110
80 112
80 114
80 116
80 118
80 120
80 122
80 124
80 126
80 128
80 130
80 132
80 134
80 136
80 138
80 140
80 142
80 146
80 150
81 83
81 85
81 87
81 89
81 91
81 93
81 95
81 97
81 99
81 101
81 103
81 105
81 107
81 109
81 111
81 117
81 119
81 121
81 125
81 127
81 133
81 135
81 137
81 139
81 141
81 145
81 149
81 151
82 84
82 86
82 88
82 90
82 92
82 94
82 96
82 98
82 100
82 102
82 104
82 106
82 108
82 110
82 112
82 114
82 116
82 118
82 120
82 122
82 124
82 126
82 128
82 130
82 132
82 134
82 136
82 138
82 140
82 142
82 144
82 146
82 148
82 150
83 85
83 87
83 89
83 91
83 93
83 95
83 97
83 99
83 101
83 103
83 105
83 107
83 109
83 111
83 113
83 117
83 119
83 121
83 125
83 127
83 133
83 135
83 137
83 139
83 141
83 145
83 149
84 86
84 88
84 90
84 92
84 94
84 96
84 98
84 100
84 102
84 104
84 106
84 108
84 110
84 112
84 114
84 116
84 118
84 120
84 122
84 124
84 126
84 128
84 130
84 132
84 134
84 136
84 138
84 140
84 142
84 144
84 146
84 148
84 150
85 87
85 89
85 91
85 93
85 95
85 97
85 99
85 101
85 103
85 105
85 107
85 109
85 111
85 113
85 117
85 119
85 121
85 125
85 127
85 133
85 135
85 137
85 139
85 141
85 145
85 149
86 88
86 90
86 92
86 94
86 96
86 98
86 100
86 102
86 104
86 106
86 108
86 110
86 112
86 114
86 116
86 118
86 120
86 122
86 124
86 126
86 128
86 130
86 132
86 134
86 136
86 138
86 140
86 142
86 144
86 146
86 148
86 150
87 89
87 91
87 93
87 95
87 97
87 99
87 101
87 103
87 105
87 107
87 109
87 111
87 113
87 117
87 119
87 121
87 125
87 127
87 133
87 135
87 137
87 139
87 141
87 145
87 149
88 90
88 92
88 94
88 96
88 98
88 100
88 102
88 104
88 106
88 108
88 110
88 112
88 114
88 116
88 130
88 142
88 146
88 150
89 91
89 93
89 95
89 97
89 99
89 101
89 103
89 105
89 107
89 109
89 111
89 113
89 117
89 119
89 121
89 125
89 127
89 129
89 131
89 133
89 135
89 137
89 139
89 141
89 143
89 145
89 147
89 149
89 151
90 92
90 94
90 96
90 98
90 100
90 102
90 104
90 106
90 108
90 110
90 112
90 114
90 116
90 118
90 120
90 122
90 124
90 130
90 142
90 146
90 150
91 93
91 95
91 97
91 99
91 101
91 103
91 105
91 107
91 109
91 111
91 113
91 117
91 119
91 121
91 125
91 127
91 133
91 135
91 137
91 139
91 141
91 143
91 145
91 147
91 149
91 151
92 94
92 96
92 98
92 100
92 102
92 104
92 106
92 108
92 110
92 112
92 114
92 116
92 118
92 120
92 122
92 124
92 126
92 128
92 130
92 132
92 134
92 136
92 138
92 140
92 142
92 144
92 146
92 150
93 95
93 97
93 99
93 101
93 103
93 105
93 107
93 109
93 111
93 113
93 117
93 119
93 121
93 125
93 127
93 133
93 135
93 137
93 139
93 141
93 145
93 149
93 151
94 96
94 98
94 100
94 102
94 104
94 106
94 108
94 110
94 112
94 114
94 116
94 118
94 120
94 122
94 124
94 126
94 128
94 130
94 132
94 134
94 136
94 138
94 140
94 142
94 144
94 146
94 148
94 150
95 97
95 99
95 101
95 103
95 105
95 107
95 109
95 111
95 113
95 115
95 117
95 119
95 121
95 123
95 125
95 127
95 129
95 133
95 135
95 137
95 139
95 141
95 145
95 149
96 98
96 100
96 102
96 104
96 106
96 108
96 110
96 112
96 114
96 116
96 118
96 120
96 122
96 124
96 130
96 142
96 146
96 150
97 99
97 101
97 103
97 105
97 107
97 109
97 111
97 113
97 115
97 117
97 119
97 121
97 123
97 125
97 127
97 129
97 133
97 135
97 137
97 139
97 141
97 143
97 145
97 147
97 149
97 151
98 100
98 102
98 104
98 106
98 108
98 110
98 112
98 114
98 116
98 118
98 120
98 122
98 124
98 126
98 128
98 130
98 132
98 134
98 136
98 138
98 140
98 142
98 146
98 150
99 101
99 103
99 105
99 107
99 109
99 111
99 113
99 115
99 117
99 119
99 121
99 123
99 125
99 127
99 129
99 133
99 135
99 137
99 139
99 141
99 145
99 149
99 151
100 102
100 104
100 106
100 108
100 110
100 112
100 114
100 116
100 118
100 120
100 122
100 124
100 126
100 128
100 130
100 132
100 134
100 136
100 138
100 140
100 142
100 144
100 146
100 150
101 103
101 105
101 107
101 109
101 111
101 113
101 115
101 117
101 119
101 121
101 123
101 125
101 127
101 129
101 133
101 135
101 137
101 139
101 141
101 145
101 149
101 151
102 104
102 106
102 108
102 110
102 112
102 114
102 116
102 118
102 120
102 122
102 124
102 126
102 128
102 130
102 132
102 134
102 136
102 138
102 140
102 142
102 144
102 146
102 148
102 150
103 105
103 107
103 109
103 111
103 113
103 115
103 117
103 119
103 121
103 123
103 125
103 127
103 129
103 133
103 135
103 137
103 139
103 141
103 145
103 149
104 106
104 108
104 110
104 112
104 114
104 116
104 118
104 120
104 122
104 124
104 126
104 128
104 130
104 132
104 134
104 136
104 138
104 140
104 142
104 144
104 146
104 148
104 150
105 107
105 109
105 111
105 113
105 115
105 117
105 119
105 121
105 123
105 125
105 127
105 129
105 133
105 135
105 137
105 139
105 141
105 145
105 149
106 108
106 110
106 112
106 114
106 116
106 118
106 120
106 122
106 124
106 126
106 128
106 130
106 132
106 134
106 136
106 138
106 140
106 142
106 144
106 146
106 148
106 150
107 109
107 111
107 113
107 115
107 117
107 119
107 121
107 123
107 125
107 127
107 129
107 133
107 135
107 137
107 139
107 141
107 145
107 149
108 110
108 112
108 114
108 116
108 118
108 120
108 122
108 124
108 126
108 128
108 130
108 132
108 134
108 136
108 138
108 140
108 142
108 144
108 146
108 148
108 150
109 111
109 113
109 115
109 117
109 119
109 121
109 123
109 125
109 127
109 129
109 133
109 135
109 137
109 139
109 141
109 145
109 149
110 112
110 114
110 116
110 118
110 120
110 122
110 124
110 126
110 128
110 130
110 132
110 134
110 136
110 138
110 140
110 142
110 144
110 146
110 148
110 150
111 113
111 115
111 117
111 119
111 121
111 123
111 125
111 127
111 129
111 133
111 135
111 137
111 139
111 141
111 145
111 149
112 114
112 116
112 118
112 120
112 122
112 124
112 126
112 128
112 130
112 132
112 134
112 136
112 138
112 140
112 142
112 144
112 146
112 148
112 150
113 115
113 117
113 119
113 121
113 123
113 125
113 127
113 129
113 133
113 135
113 137
113 139
113 141
113 145
113 149
114 116
114 118
114 120
114 122
114 124
114 126
114 128
114 130
114 132
114 134
114 136
114 138
114 140
114 142
114 144
114 146
114 148
114 150
115 117
115 119
115 121
115 123
115 125
115 127
115 129
115 133
115 135
115 137
115 139
115 141
115 145
115 149
116 118
116 120
116 122
116 124
116 130
116 142
116 146
116 150
117 119
117 121
117 123
117 125
117 127
117 129
117 133
117 135
117 137
117 139
117 141
117 143
117 145
117 147
117 149
117 151
118 120
118 122
118 124
118 126
118 128
118 130
118 132
118 134
118 136
118 138
118 140
118 142
118 144
118 146
118 148
118 150
119 121
119 123
119 125
119 127
119 129
119 133
119 135
119 137
119 139
119 141
119 145
119 149
120 122
120 124
120 126
120 128
120 130
120 132
120 134
120 136
120 138
120 140
120 142
120 144
120 146
120 148
120 150
121 123
121 125
121 127
121 129
121 133
121 135
121 137
121 139
121 141
121 145
121 149
122 124
122 126
122 128
122 130
122 132
122 134
122 136
122 138
122 140
122 142
122 144
122 146
122 148
122 150
123 125
123 127
123 129
123 133
123 135
123 137
123 139
123 141
123 145
123 149
124 142
124 146
124 150
125 127
125 129
125 133
125 135
125 137
125 139
125 141
125 143
125 145
125 147
125 149
125 151
126 128
126 130
126 132
126 134
126 136
126 138
126 140
126 142
126 144
126 146
126 148
126 150
127 129
127 131
127 133
127 135
127 137
127 139
127 141
127 145
127 149
128 130
128 132
128 134
128 136
128 138
128 140
128 142
128 144
128 146
128 148
128 150
129 131
129 133
129 135
129 137
129 139
129 141
129 145
129 149
130 132
130 134
130 136
130 138
130 140
130 142
130 144
130 146
130 148
130 150
131 133
131 135
131 137
131 139
131 141
131 145
131 149
132 134
132 136
132 138
132 140
132 142
132 144
132 146
132 148
133 135
133 137
133 139
133 141
133 145
133 149
134 136
134 138
134 140
134 142
134 144
134 146
134 148
134 150
135 137
135 139
135 141
135 145
135 149
135 151
136 138
136 140
136 142
136 144
136 146
137 139
137 141
137 145
137 149
137 151
138 140
138 142
138 144
138 146
138 148
139 141
139 145
139 149
139 151
140 142
140 144
140 146
140 148
140 150
141 143
141 145
141 147
141 149
141 151
142 144
142 146
142 148
142 150
143 145
143 147
143 149
143 151
144 146
144 148
144 150
145 147
145 149
145 151
146 148
146 150
147 149
147 151
148 150
149 151
0 1
2 3
4 5
6 7
8 9
10 11
12 13
14 15
16 17
18 19
20 21
22 23
24 25
26 27
28 29
30 31
32 33
34 35
36 37
38 39
40 41
42 43
44 45
46 47
48 49
50 51
52 53
54 55
56 57
58 59
60 61
62 63
64 65
66 67
68 69
70 71
72 73
74 75
76 77
78 79
80 81
82 83
84 85
86 87
88 89
90 91
92 93
94 95
96 97
98 99
100 101
102 103
104 105
106 107
108 109
110 111
112 113
114 115
116 117
118 119
120 121
122 123
124 125
126 127
128 129
130 131
132 133
134 135
136 137
138 139
140 141
142 143
144 145
146 147
148 149
150 151
