221
3115
153
0 2
0 9
0 14
0 32
0 35
0 100
0 114
0 117
0 128
1 3
1 5
1 7
1 12
1 13
1 115
1 116
1 120
1 130
1 194
2 9
2 14
2 16
2 19
2 22
2 26
2 28
2 32
2 35
2 55
2 58
2 61
2 100
2 114
2 117
2 128
2 164
2 210
3 5
3 7
3 9
3 12
3 13
3 14
3 17
3 18
3 21
3 25
3 27
3 29
3 30
3 33
3 34
3 35
3 39
3 40
3 45
3 51
3 115
3 116
3 117
3 120
3 130
3 145
3 146
3 194
4 6
4 8
4 10
4 11
4 20
4 22
4 23
4 24
4 36
4 40
4 41
4 42
4 48
4 86
4 118
4 121
4 133
4 136
4 151
4 171
4 173
4 186
4 199
4 214
5 7
5 12
5 13
5 19
5 21
5 26
5 28
5 37
5 38
5 43
5 44
5 46
5 47
5 49
5 50
5 52
5 58
5 59
5 61
5 66
5 72
5 76
5 84
5 85
5 87
5 93
5 115
5 116
5 120
5 130
5 132
5 135
5 148
5 150
5 152
5 170
5 187
5 194
5 196
5 200
5 213
6 8
6 10
6 11
6 20
6 22
6 23
6 24
6 36
6 40
6 41
6 42
6 48
6 76
6 104
6 105
6 109
6 111
6 113
6 119
6 122
6 123
6 124
6 151
6 173
7 12
7 13
7 19
7 26
7 28
7 37
7 38
7 43
7 44
7 46
7 47
7 49
7 50
7 52
7 58
7 61
7 74
7 75
7 78
7 86
7 88
7 90
7 92
7 95
7 106
7 115
7 116
7 120
7 130
7 177
7 194
7 218
8 10
8 11
8 20
8 22
8 23
8 24
8 36
8 40
8 41
8 42
8 48
8 62
8 76
8 91
8 104
8 105
8 109
8 111
8 113
8 119
8 122
8 123
8 124
8 126
8 132
8 134
8 135
8 138
8 151
8 173
8 176
8 202
9 14
9 17
9 18
9 21
9 25
9 27
9 29
9 32
9 34
9 35
9 39
9 45
9 51
9 60
9 62
9 64
9 65
9 77
9 81
9 93
9 100
9 108
9 110
9 112
9 114
9 117
9 128
10 11
10 20
10 22
10 23
10 24
10 36
10 40
10 41
10 42
10 48
10 76
10 78
10 95
10 104
10 105
10 109
10 111
10 113
10 119
10 122
10 123
10 124
10 127
10 131
10 139
10 140
10 142
10 151
10 154
10 157
10 158
10 173
10 198
10 205
11 20
11 22
11 23
11 24
11 36
11 40
11 41
11 42
11 48
11 49
11 76
11 104
11 105
11 109
11 111
11 113
11 119
11 122
11 123
11 124
11 129
11 141
11 143
11 151
11 156
11 159
11 160
11 173
11 178
12 13
12 19
12 26
12 27
12 28
12 37
12 38
12 43
12 44
12 46
12 47
12 49
12 50
12 52
12 58
12 61
12 63
12 73
12 79
12 80
12 82
12 89
12 91
12 94
12 96
12 97
12 98
12 107
12 115
12 116
12 120
12 130
12 155
12 158
12 174
12 179
12 189
12 192
12 194
12 208
12 214
12 215
12 217
12 220
13 19
13 26
13 28
13 37
13 38
13 43
13 44
13 46
13 47
13 49
13 50
13 52
13 58
13 61
13 63
13 73
13 79
13 80
13 82
13 89
13 91
13 94
13 96
13 97
13 98
13 107
13 115
13 116
13 120
13 130
13 155
13 194
14 17
14 18
14 21
14 25
14 27
14 29
14 32
14 34
14 35
14 39
14 45
14 51
14 60
14 62
14 64
14 65
14 77
14 81
14 93
14 100
14 108
14 110
14 112
14 114
14 117
14 128
14 165
14 168
14 174
14 177
14 180
15 20
15 23
15 24
15 30
15 40
15 53
15 67
15 145
15 162
15 173
15 207
16 19
16 22
16 26
16 28
16 55
16 58
16 61
16 164
16 210
17 18
17 21
17 25
17 27
17 29
17 34
17 35
17 39
17 45
17 51
17 117
18 21
18 25
18 27
18 29
18 34
18 35
18 39
18 45
18 51
18 54
18 56
18 57
18 59
18 63
18 117
18 167
18 169
18 170
18 184
18 187
19 22
19 26
19 28
19 37
19 38
19 43
19 44
19 46
19 47
19 49
19 50
19 52
19 55
19 58
19 61
19 120
19 164
19 210
20 22
20 23
20 24
20 30
20 36
20 40
20 41
20 42
20 48
20 53
20 67
20 86
20 118
20 121
20 133
20 136
20 145
20 151
20 162
20 171
20 173
20 186
20 199
20 207
20 214
21 25
21 27
21 29
21 34
21 35
21 39
21 45
21 51
21 54
21 56
21 57
21 59
21 63
21 66
21 72
21 76
21 87
21 117
21 135
21 150
21 152
21 167
21 169
21 170
21 184
21 187
21 200
21 213
22 23
22 24
22 26
22 28
22 31
22 32
22 35
22 36
22 40
22 41
22 42
22 48
22 55
22 58
22 61
22 83
22 126
22 144
22 151
22 164
22 173
22 193
22 210
23 24
23 30
23 36
23 40
23 41
23 42
23 48
23 53
23 67
23 145
23 151
23 162
23 173
23 207
24 30
24 36
24 40
24 41
24 42
24 48
24 53
24 67
24 76
24 104
24 105
24 109
24 111
24 113
24 119
24 122
24 123
24 124
24 145
24 151
24 162
24 173
24 207
25 27
25 29
25 34
25 35
25 39
25 45
25 51
25 60
25 62
25 64
25 65
25 77
25 81
25 93
25 108
25 110
25 112
25 117
25 161
25 171
25 172
25 175
25 176
25 178
25 179
26 27
26 28
26 37
26 38
26 43
26 44
26 46
26 47
26 49
26 50
26 52
26 55
26 58
26 61
26 63
26 73
26 79
26 80
26 82
26 89
26 91
26 94
26 96
26 97
26 98
26 107
26 120
26 155
26 158
26 164
26 174
26 179
26 189
26 192
26 208
26 210
26 214
26 215
26 217
26 220
27 29
27 34
27 35
27 39
27 45
27 50
27 51
27 60
27 62
27 64
27 65
27 77
27 80
27 81
27 89
27 93
27 97
27 108
27 110
27 112
27 117
27 158
27 165
27 168
27 174
27 177
27 179
27 180
27 189
27 192
27 208
27 214
27 215
27 217
27 220
28 37
28 38
28 43
28 44
28 46
28 47
28 49
28 50
28 52
28 55
28 58
28 61
28 63
28 73
28 79
28 80
28 82
28 89
28 91
28 94
28 96
28 97
28 98
28 107
28 120
28 155
28 164
28 210
29 34
29 35
29 39
29 45
29 51
29 60
29 62
29 64
29 65
29 77
29 81
29 93
29 108
29 110
29 112
29 117
29 165
29 168
29 174
29 177
29 180
30 33
30 34
30 39
30 40
30 45
30 51
30 53
30 67
30 115
30 145
30 146
30 162
30 173
30 207
31 32
31 35
31 36
31 41
31 42
31 48
31 83
31 126
31 144
31 151
31 193
32 35
32 36
32 41
32 42
32 48
32 83
32 100
32 114
32 117
32 126
32 128
32 144
32 151
32 193
33 34
33 39
33 40
33 45
33 51
33 115
33 145
33 146
34 35
34 39
34 40
34 45
34 51
34 115
34 117
34 145
34 146
35 36
35 39
35 41
35 42
35 45
35 48
35 51
35 83
35 100
35 114
35 117
35 126
35 128
35 144
35 151
35 193
36 40
36 41
36 42
36 48
36 83
36 86
36 101
36 102
36 106
36 107
36 108
36 110
36 112
36 118
36 121
36 126
36 133
36 136
36 144
36 151
36 171
36 173
36 186
36 193
36 199
36 214
37 38
37 43
37 44
37 46
37 47
37 49
37 50
37 52
37 58
37 61
37 84
37 85
37 87
37 93
37 120
37 132
37 135
37 148
37 150
37 152
37 196
37 200
37 213
38 43
38 44
38 46
38 47
38 49
38 50
38 52
38 58
38 61
38 120
39 40
39 45
39 51
39 54
39 56
39 57
39 59
39 63
39 69
39 71
39 73
39 74
39 75
39 78
39 79
39 80
39 82
39 102
39 106
39 107
39 115
39 117
39 145
39 146
39 167
39 169
39 170
39 184
39 187
40 41
40 42
40 45
40 48
40 51
40 53
40 67
40 86
40 115
40 118
40 121
40 133
40 136
40 145
40 146
40 151
40 162
40 171
40 173
40 186
40 199
40 207
40 214
41 42
41 48
41 83
41 86
41 118
41 121
41 126
41 133
41 136
41 144
41 151
41 171
41 173
41 186
41 193
41 199
41 214
42 48
42 83
42 126
42 144
42 151
42 173
42 193
43 44
43 46
43 47
43 49
43 50
43 52
43 58
43 61
43 74
43 75
43 78
43 86
43 88
43 90
43 92
43 95
43 106
43 120
43 153
43 154
43 156
43 157
43 158
43 159
43 160
43 177
43 218
44 46
44 47
44 49
44 50
44 52
44 58
44 61
44 74
44 75
44 78
44 86
44 88
44 90
44 92
44 95
44 106
44 120
44 177
44 218
45 51
45 60
45 62
45 64
45 65
45 77
45 81
45 93
45 108
45 110
45 112
45 115
45 117
45 145
45 146
46 47
46 49
46 50
46 52
46 58
46 61
46 63
46 73
46 79
46 80
46 82
46 89
46 91
46 94
46 96
46 97
46 98
46 107
46 120
46 155
46 203
46 207
46 210
46 211
46 219
47 49
47 50
47 52
47 58
47 61
47 63
47 73
47 79
47 80
47 82
47 89
47 91
47 94
47 96
47 97
47 98
47 107
47 120
47 155
47 156
47 204
47 216
48 76
48 78
48 83
48 95
48 104
48 105
48 109
48 111
48 113
48 119
48 122
48 123
48 124
48 126
48 127
48 131
48 139
48 140
48 142
48 144
48 151
48 154
48 157
48 158
48 173
48 193
48 198
48 205
49 50
49 52
49 58
49 61
49 74
49 75
49 78
49 86
49 88
49 90
49 92
49 95
49 106
49 111
49 120
49 123
49 124
49 129
49 141
49 143
49 153
49 154
49 156
49 157
49 158
49 159
49 160
49 177
49 178
49 218
50 52
50 58
50 61
50 63
50 73
50 79
50 80
50 82
50 89
50 91
50 94
50 96
50 97
50 98
50 107
50 120
50 155
50 158
50 174
50 179
50 189
50 192
50 208
50 214
50 215
50 217
50 220
51 60
51 62
51 64
51 65
51 77
51 81
51 93
51 108
51 110
51 112
51 115
51 117
51 145
51 146
51 165
51 168
51 174
51 177
51 180
52 58
52 61
52 63
52 73
52 79
52 80
52 82
52 89
52 91
52 94
52 96
52 97
52 98
52 107
52 120
52 155
53 55
53 58
53 61
53 67
53 68
53 127
53 145
53 162
53 163
53 164
53 173
53 207
53 210
54 56
54 57
54 59
54 63
54 69
54 71
54 73
54 74
54 75
54 78
54 79
54 80
54 82
54 83
54 102
54 106
54 107
54 126
54 129
54 144
54 145
54 146
54 147
54 151
54 165
54 167
54 169
54 170
54 182
54 184
54 187
54 193
54 195
54 209
55 58
55 61
55 67
55 68
55 127
55 162
55 163
55 164
55 173
55 207
55 210
56 57
56 59
56 63
56 167
56 169
56 170
56 184
56 187
57 59
57 63
57 69
57 71
57 73
57 74
57 75
57 78
57 79
57 80
57 82
57 102
57 106
57 107
57 167
57 169
57 170
57 184
57 187
58 61
58 67
58 68
58 120
58 127
58 162
58 163
58 164
58 173
58 207
58 210
59 63
59 66
59 72
59 76
59 87
59 135
59 150
59 152
59 167
59 169
59 170
59 184
59 187
59 200
59 213
60 62
60 64
60 65
60 73
60 77
60 81
60 91
60 93
60 108
60 110
60 112
60 161
60 171
60 172
60 175
60 176
60 178
60 179
60 181
60 186
60 188
60 190
60 216
61 67
61 68
61 74
61 75
61 78
61 86
61 88
61 90
61 92
61 95
61 106
61 120
61 127
61 162
61 163
61 164
61 173
61 177
61 207
61 210
61 218
62 64
62 65
62 73
62 76
62 77
62 81
62 91
62 93
62 105
62 108
62 110
62 112
62 119
62 126
62 132
62 134
62 135
62 138
62 161
62 171
62 172
62 175
62 176
62 178
62 179
62 181
62 186
62 188
62 190
62 202
62 216
63 69
63 71
63 73
63 74
63 75
63 78
63 79
63 80
63 82
63 89
63 91
63 94
63 96
63 97
63 98
63 102
63 106
63 107
63 155
63 156
63 167
63 169
63 170
63 184
63 187
63 204
63 216
64 65
64 77
64 81
64 93
64 108
64 110
64 112
64 161
64 171
64 172
64 175
64 176
64 178
64 179
65 77
65 81
65 93
65 108
65 110
65 112
65 165
65 168
65 174
65 177
65 180
66 72
66 76
66 87
66 99
66 100
66 103
66 104
66 105
66 109
66 111
66 113
66 114
66 115
66 116
66 117
66 120
66 125
66 128
66 130
66 135
66 150
66 152
66 161
66 170
66 181
66 187
66 194
66 200
66 208
66 213
67 68
67 70
67 77
67 81
67 84
67 93
67 101
67 108
67 110
67 112
67 127
67 145
67 162
67 163
67 164
67 173
67 207
67 210
68 70
68 77
68 81
68 84
68 93
68 101
68 108
68 110
68 112
68 127
68 162
68 163
68 164
68 173
68 207
68 210
69 71
69 73
69 74
69 75
69 78
69 79
69 80
69 82
69 83
69 102
69 106
69 107
69 126
69 129
69 144
69 145
69 146
69 147
69 151
69 165
69 169
69 182
69 193
69 195
69 209
70 77
70 81
70 84
70 93
70 101
70 108
70 110
70 112
71 73
71 74
71 75
71 78
71 79
71 80
71 82
71 102
71 106
71 107
71 169
72 76
72 87
72 135
72 150
72 152
72 170
72 187
72 200
72 213
73 74
73 75
73 78
73 79
73 80
73 82
73 89
73 91
73 94
73 96
73 97
73 98
73 102
73 106
73 107
73 155
73 156
73 161
73 169
73 171
73 172
73 175
73 176
73 178
73 181
73 186
73 188
73 190
73 204
73 216
74 75
74 78
74 79
74 80
74 82
74 86
74 88
74 90
74 92
74 95
74 102
74 106
74 107
74 153
74 154
74 156
74 157
74 158
74 159
74 160
74 169
74 177
74 218
75 78
75 79
75 80
75 82
75 86
75 88
75 90
75 92
75 95
75 102
75 106
75 107
75 169
75 177
75 218
76 87
76 91
76 99
76 100
76 103
76 104
76 105
76 109
76 111
76 113
76 119
76 122
76 123
76 124
76 126
76 132
76 134
76 135
76 138
76 150
76 152
76 170
76 176
76 187
76 200
76 202
76 213
77 81
77 84
77 93
77 101
77 108
77 110
77 112
78 79
78 80
78 82
78 86
78 88
78 90
78 92
78 95
78 102
78 106
78 107
78 109
78 113
78 127
78 131
78 139
78 140
78 142
78 153
78 154
78 156
78 157
78 158
78 159
78 160
78 169
78 177
78 198
78 205
78 218
79 80
79 82
79 89
79 91
79 94
79 96
79 97
79 98
79 102
79 106
79 107
79 155
79 156
79 169
79 204
79 216
80 82
80 89
80 91
80 94
80 96
80 97
80 98
80 102
80 106
80 107
80 155
80 158
80 169
80 174
80 179
80 189
80 192
80 208
80 214
80 215
80 217
80 220
81 84
81 93
81 101
81 108
81 110
81 112
81 165
81 168
81 174
81 177
81 180
82 89
82 91
82 94
82 96
82 97
82 98
82 102
82 106
82 107
82 155
82 169
83 126
83 129
83 144
83 145
83 146
83 147
83 151
83 165
83 182
83 193
83 195
83 209
84 85
84 87
84 93
84 101
84 108
84 110
84 112
84 132
84 135
84 148
84 150
84 152
84 196
84 200
84 213
85 87
85 93
85 132
85 135
85 148
85 150
85 152
85 196
85 200
85 213
86 88
86 90
86 92
86 95
86 106
86 118
86 121
86 125
86 128
86 130
86 133
86 136
86 137
86 153
86 154
86 156
86 157
86 158
86 159
86 160
86 161
86 171
86 172
86 177
86 181
86 186
86 188
86 194
86 199
86 208
86 214
86 215
86 216
86 218
87 93
87 132
87 135
87 148
87 150
87 152
87 170
87 187
87 196
87 200
87 213
88 90
88 92
88 95
88 106
88 125
88 128
88 130
88 133
88 136
88 137
88 153
88 154
88 156
88 157
88 158
88 159
88 160
88 161
88 171
88 172
88 177
88 181
88 186
88 188
88 194
88 199
88 208
88 214
88 215
88 216
88 218
89 91
89 94
89 96
89 97
89 98
89 107
89 155
89 158
89 174
89 179
89 189
89 192
89 194
89 198
89 199
89 201
89 202
89 205
89 208
89 214
89 215
89 217
89 220
90 92
90 95
90 106
90 153
90 154
90 156
90 157
90 158
90 159
90 160
90 177
90 218
91 94
91 96
91 97
91 98
91 105
91 107
91 119
91 126
91 132
91 134
91 135
91 138
91 155
91 156
91 161
91 171
91 172
91 175
91 176
91 178
91 181
91 186
91 188
91 190
91 202
91 204
91 216
92 95
92 106
92 177
92 218
93 101
93 108
93 110
93 112
93 132
93 135
93 148
93 150
93 152
93 196
93 200
93 213
94 96
94 97
94 98
94 107
94 155
94 203
94 207
94 210
94 211
94 219
95 106
95 109
95 113
95 127
95 131
95 139
95 140
95 142
95 153
95 154
95 156
95 157
95 158
95 159
95 160
95 177
95 198
95 205
95 218
96 97
96 98
96 107
96 155
96 156
96 204
96 216
97 98
97 107
97 155
97 158
97 174
97 179
97 189
97 192
97 208
97 214
97 215
97 217
97 220
98 107
98 155
99 100
99 103
99 104
99 105
99 109
99 111
99 113
99 114
99 115
99 116
99 117
99 120
99 125
99 128
99 130
99 152
99 161
99 181
99 194
99 208
100 103
100 104
100 105
100 109
100 111
100 113
100 114
100 115
100 116
100 117
100 120
100 125
100 128
100 130
100 152
100 161
100 181
100 194
100 208
101 102
101 106
101 107
101 108
101 110
101 112
101 118
101 133
102 106
102 107
102 108
102 110
102 112
102 118
102 133
102 169
103 104
103 105
103 109
103 111
103 113
103 152
104 105
104 109
104 111
104 113
104 119
104 122
104 123
104 124
104 152
105 109
105 111
105 113
105 119
105 122
105 123
105 124
105 126
105 132
105 134
105 135
105 138
105 152
105 176
105 202
106 107
106 108
106 110
106 112
106 118
106 133
106 169
106 177
106 218
107 108
107 110
107 112
107 118
107 133
107 155
107 169
107 203
107 207
107 210
107 211
107 219
108 110
108 112
108 118
108 133
109 111
109 113
109 119
109 122
109 123
109 124
109 127
109 131
109 139
109 140
109 142
109 152
109 154
109 157
109 158
109 198
109 205
110 112
110 118
110 133
110 161
110 171
110 172
110 175
110 176
110 178
110 179
111 113
111 119
111 122
111 123
111 124
111 129
111 141
111 143
111 152
111 156
111 159
111 160
111 178
112 118
112 133
112 165
112 168
112 174
112 177
112 180
113 119
113 122
113 123
113 124
113 127
113 131
113 139
113 140
113 142
113 152
113 154
113 157
113 158
113 179
113 182
113 185
113 189
113 192
113 198
113 205
114 115
114 116
114 117
114 120
114 125
114 128
114 130
114 161
114 181
114 194
114 208
115 116
115 117
115 120
115 125
115 128
115 130
115 145
115 146
115 161
115 181
115 194
115 208
116 117
116 120
116 125
116 128
116 130
116 161
116 181
116 194
116 208
117 120
117 125
117 128
117 130
117 161
117 181
117 194
117 208
118 121
118 133
118 136
118 171
118 186
118 199
118 214
119 122
119 123
119 124
119 126
119 132
119 134
119 135
119 138
119 144
119 145
119 146
119 147
119 148
119 149
119 150
119 151
119 152
119 155
119 176
119 202
120 125
120 128
120 130
120 161
120 181
120 194
120 208
121 133
121 136
121 171
121 186
121 199
121 214
122 123
122 124
123 124
123 129
123 141
123 143
123 156
123 159
123 160
123 178
124 129
124 141
124 143
124 156
124 159
124 160
124 178
124 193
124 195
124 196
124 197
124 200
124 203
124 204
124 206
125 128
125 130
125 133
125 136
125 137
125 161
125 171
125 172
125 181
125 186
125 188
125 194
125 199
125 208
125 214
125 215
125 216
126 129
126 132
126 134
126 135
126 138
126 144
126 145
126 146
126 147
126 148
126 149
126 150
126 151
126 152
126 155
126 165
126 176
126 182
126 193
126 195
126 202
126 209
127 131
127 139
127 140
127 142
127 154
127 157
127 158
127 162
127 163
127 164
127 166
127 167
127 169
127 170
127 173
127 183
127 184
127 187
127 191
127 198
127 205
127 207
127 210
127 211
128 130
128 133
128 136
128 137
128 161
128 171
128 172
128 181
128 186
128 188
128 194
128 199
128 208
128 214
128 215
128 216
129 141
129 143
129 144
129 145
129 146
129 147
129 151
129 156
129 159
129 160
129 165
129 168
129 177
129 178
129 182
129 185
129 193
129 195
129 196
129 197
129 198
129 200
129 203
129 204
129 206
129 209
129 212
129 213
129 218
130 133
130 136
130 137
130 161
130 171
130 172
130 181
130 186
130 188
130 194
130 199
130 208
130 214
130 215
130 216
131 139
131 140
131 142
131 154
131 157
131 158
131 162
131 163
131 164
131 166
131 167
131 169
131 170
131 173
131 183
131 184
131 187
131 191
131 198
131 205
131 207
131 210
131 211
132 134
132 135
132 138
132 144
132 145
132 146
132 147
132 148
132 149
132 150
132 151
132 152
132 155
132 176
132 196
132 200
132 202
132 213
133 136
133 137
133 161
133 171
133 172
133 181
133 186
133 188
133 194
133 199
133 208
133 214
133 215
133 216
134 135
134 138
134 144
134 145
134 146
134 147
134 148
134 149
134 150
134 151
134 152
134 155
134 176
134 202
135 138
135 144
135 145
135 146
135 147
135 148
135 149
135 150
135 151
135 152
135 155
135 170
135 176
135 187
135 196
135 200
135 202
135 213
136 137
136 161
136 171
136 172
136 181
136 186
136 188
136 194
136 199
136 208
136 214
136 215
136 216
137 161
137 171
137 172
137 181
137 186
137 188
137 194
137 199
137 208
137 214
137 215
137 216
138 176
138 202
139 140
139 142
139 154
139 157
139 158
139 183
139 184
139 187
139 191
139 198
139 205
140 142
140 154
140 157
140 158
140 198
140 205
141 143
141 156
141 159
141 160
141 178
142 154
142 157
142 158
142 179
142 182
142 185
142 189
142 192
142 198
142 205
143 156
143 159
143 160
143 178
143 193
143 195
143 196
143 197
143 200
143 203
143 204
143 206
144 145
144 146
144 147
144 148
144 149
144 150
144 151
144 152
144 155
144 165
144 182
144 193
144 195
144 209
145 146
145 147
145 148
145 149
145 150
145 151
145 152
145 155
145 162
145 165
145 173
145 182
145 193
145 195
145 207
145 209
146 147
146 148
146 149
146 150
146 151
146 152
146 155
146 165
146 182
146 193
146 195
146 209
147 148
147 149
147 150
147 151
147 152
147 155
147 165
147 182
147 193
147 195
147 209
148 149
148 150
148 151
148 152
148 155
148 196
148 200
148 213
149 150
149 151
149 152
149 155
150 151
150 152
150 155
150 170
150 187
150 196
150 200
150 213
151 152
151 155
151 165
151 173
151 182
151 193
151 195
151 209
152 155
152 170
152 187
152 196
152 200
152 213
153 154
153 156
153 157
153 158
153 159
153 160
154 156
154 157
154 158
154 159
154 160
154 183
154 184
154 187
154 191
154 198
154 205
155 203
155 207
155 210
155 211
155 219
156 157
156 158
156 159
156 160
156 178
156 193
156 195
156 196
156 197
156 200
156 203
156 204
156 206
156 216
157 158
157 159
157 160
157 198
157 205
158 159
158 160
158 174
158 179
158 182
158 185
158 189
158 192
158 198
158 205
158 208
158 214
158 215
158 217
158 220
159 160
159 178
160 178
160 193
160 195
160 196
160 197
160 200
160 203
160 204
160 206
161 171
161 172
161 175
161 176
161 178
161 179
161 181
161 186
161 188
161 190
161 194
161 199
161 208
161 214
161 215
161 216
162 163
162 164
162 166
162 167
162 169
162 170
162 173
162 183
162 184
162 187
162 207
162 210
162 211
163 164
163 166
163 167
163 169
163 170
163 173
163 183
163 184
163 187
163 207
163 210
163 211
164 166
164 167
164 169
164 170
164 173
164 183
164 184
164 187
164 207
164 210
164 211
165 168
165 174
165 177
165 180
165 182
165 185
165 193
165 195
165 196
165 197
165 198
165 200
165 209
165 212
165 213
165 218
166 167
166 169
166 170
166 173
166 183
166 184
166 187
166 207
166 210
166 211
167 169
167 170
167 173
167 183
167 184
167 187
167 207
167 210
167 211
168 174
168 177
168 180
168 182
168 185
168 193
168 195
168 196
168 197
168 198
168 200
168 209
168 212
168 213
168 218
169 170
169 173
169 183
169 184
169 187
169 207
169 210
169 211
170 173
170 183
170 184
170 187
170 200
170 207
170 210
170 211
170 213
171 172
171 175
171 176
171 178
171 179
171 181
171 186
171 188
171 190
171 194
171 199
171 208
171 214
171 215
171 216
172 175
172 176
172 178
172 179
172 181
172 186
172 188
172 190
172 194
172 199
172 208
172 214
172 215
172 216
173 183
173 184
173 187
173 207
173 210
173 211
174 177
174 179
174 180
174 189
174 192
174 194
174 198
174 199
174 201
174 202
174 205
174 208
174 214
174 215
174 217
174 220
175 176
175 178
175 179
175 181
175 186
175 188
175 190
175 216
176 178
176 179
176 181
176 186
176 188
176 190
176 202
176 216
177 180
177 182
177 185
177 193
177 195
177 196
177 197
177 198
177 200
177 209
177 212
177 213
177 218
178 179
178 181
178 186
178 188
178 190
178 216
179 182
179 185
179 189
179 192
179 198
179 208
179 214
179 215
179 217
179 220
181 186
181 188
181 190
181 194
181 199
181 208
181 214
181 215
181 216
182 185
182 189
182 192
182 193
182 195
182 196
182 197
182 198
182 200
182 209
182 212
182 213
182 218
183 184
183 187
183 191
183 207
183 210
183 211
184 187
184 191
184 207
184 210
184 211
185 189
185 192
185 193
185 195
185 196
185 197
185 198
185 200
185 209
185 212
185 213
185 218
186 188
186 190
186 194
186 199
186 208
186 214
186 215
186 216
187 191
187 200
187 207
187 210
187 211
187 213
188 190
188 194
188 199
188 208
188 214
188 215
188 216
189 192
189 194
189 198
189 199
189 201
189 202
189 205
189 208
189 214
189 215
189 217
189 220
190 216
192 198
192 208
192 214
192 215
192 217
192 220
193 195
193 196
193 197
193 198
193 200
193 203
193 204
193 206
193 209
193 212
193 213
193 218
194 198
194 199
194 201
194 202
194 205
194 208
194 214
194 215
194 216
194 217
195 196
195 197
195 198
195 200
195 203
195 204
195 206
195 209
195 212
195 213
195 218
196 197
196 198
196 200
196 203
196 204
196 206
196 209
196 212
196 213
196 218
197 198
197 200
197 203
197 204
197 206
197 209
197 212
197 213
197 218
198 199
198 200
198 201
198 202
198 205
198 208
198 209
198 212
198 213
198 214
198 215
198 217
198 218
199 201
199 202
199 205
199 208
199 214
199 215
199 216
199 217
200 203
200 204
200 206
200 209
200 212
200 213
200 218
201 202
201 205
201 208
201 214
201 215
201 217
202 205
202 208
202 214
202 215
202 217
203 204
203 206
203 207
203 210
203 211
203 219
204 206
204 216
205 208
205 214
205 215
205 217
207 210
207 211
207 219
208 214
208 215
208 216
208 217
208 220
209 212
209 213
209 218
210 211
210 219
211 219
212 213
212 218
213 218
214 215
214 216
214 217
214 220
215 216
215 217
215 220
217 220
0
1 2
3
4 5
6
7 8
9
10
11 12
13 14
15
16
17
18
19
20 21
22 23
24
25
26 27
28 29
30 31
32 33
34 35
36 37
38 39
40 41
42
43
44
45 46
47 48
49 50
51 52
53
54 55
56
57 58
59
60
61 62
63 64
65
66 67
68
69
70
71
72
73 74
75 76
77
78 79
80
81 82
83
84
85
86 87
88
89 90
91 92
93 94
95 96
97
98
99
100
101
102
103
104
105 106
107 108
109 110
111
112 113
114 115
116
117
118
119 120
121
122
123
124
125 126
127 128
129 130
131
132 133
134
135 136
137
138
139
140
141
142 143
144 145
146
147
148
149
150
151 152
153
154 155
156 157
158 159
160
161 162
163
164 165
166
167
168 169
170 171
172 173
174 175
176 177
178 179
180
181
182
183
184
185
186 187
188
189 190
191
192
193
194 195
196
197 198
199 200
201
202
203
204 205
206
207 208
209 210
211
212
213 214
215 216
217
218
219
220
