101
606
73
0 2
0 4
0 8
0 49
1 5
1 11
1 12
1 15
1 16
1 17
1 21
1 44
1 52
2 4
2 5
2 8
2 10
2 14
2 20
2 22
2 29
2 32
2 34
2 36
2 45
2 49
2 58
2 76
2 89
2 95
3 6
3 7
3 13
3 18
3 19
3 24
3 40
3 41
3 45
3 46
3 47
3 61
3 90
4 5
4 8
4 10
4 14
4 20
4 22
4 49
5 8
5 9
5 10
5 14
5 20
5 22
5 29
5 44
5 49
5 52
6 7
6 13
6 18
6 19
6 24
6 61
7 13
7 18
7 19
7 24
7 42
7 48
7 50
7 51
7 56
7 57
7 61
8 10
8 14
8 20
8 22
8 31
8 33
8 35
8 37
8 39
8 41
8 49
8 78
8 80
8 98
9 10
9 14
9 29
10 14
10 20
10 22
10 29
10 49
11 12
11 15
11 16
11 17
11 21
11 25
11 26
11 30
11 31
11 41
11 44
11 75
11 96
12 15
12 16
12 17
12 21
12 25
12 26
12 36
12 42
12 44
12 75
12 89
12 95
12 96
13 18
13 19
13 24
13 61
13 65
14 15
14 20
14 22
14 29
14 38
14 49
14 70
14 79
15 16
15 17
15 20
15 21
15 25
15 26
15 30
15 31
15 38
15 41
15 44
15 49
15 70
15 75
15 79
15 96
16 17
16 21
16 27
16 28
16 44
17 21
17 44
17 82
18 19
18 24
18 61
19 24
19 42
19 48
19 50
19 51
19 61
20 22
20 38
20 49
20 60
20 62
20 63
20 64
20 70
20 79
21 27
21 28
21 44
21 68
21 69
21 71
21 82
22 31
22 33
22 35
22 37
22 39
22 41
22 49
22 56
22 92
22 97
22 100
23 24
23 29
23 65
23 93
24 29
24 45
24 46
24 47
24 61
24 65
24 90
24 93
25 26
25 36
25 75
25 89
25 95
25 96
26 36
26 42
26 75
26 89
26 95
26 96
27 28
27 68
27 69
27 71
27 73
27 77
27 97
29 32
29 45
29 65
29 93
30 31
30 41
31 33
31 35
31 37
31 39
31 41
31 78
31 80
31 98
32 34
32 36
32 45
32 58
32 76
32 89
32 95
33 35
33 37
33 39
33 41
33 65
33 66
33 75
33 85
33 86
33 93
33 94
33 96
33 99
34 36
34 58
34 76
34 89
34 95
35 37
35 39
35 41
35 52
35 54
35 60
35 68
35 77
35 78
35 80
35 81
35 83
35 85
35 88
35 90
35 91
35 97
35 98
36 42
36 58
36 76
36 89
36 95
36 96
37 39
37 41
37 78
37 80
37 81
37 83
37 85
37 88
37 90
37 91
37 98
38 49
38 60
38 62
38 63
38 64
38 70
38 79
39 41
40 41
40 45
40 46
41 45
41 46
41 56
41 92
41 97
41 100
42 48
42 50
42 51
42 55
42 63
42 64
42 85
42 91
43 44
43 49
43 52
43 81
44 49
44 52
44 81
45 46
45 47
45 90
46 47
46 90
47 90
48 50
48 51
49 52
49 70
49 79
49 81
50 51
50 53
50 71
50 73
50 78
50 83
50 88
51 56
51 57
52 54
52 60
52 68
52 77
52 81
52 90
52 97
52 98
53 58
53 59
53 61
53 71
53 73
53 78
53 83
53 88
54 60
54 68
54 77
54 81
54 90
54 97
54 98
55 56
55 63
55 64
55 75
55 85
55 91
56 57
56 75
56 82
56 84
56 85
56 86
56 87
56 89
56 92
56 97
56 100
57 82
57 84
57 86
57 87
57 89
57 92
58 59
58 61
58 73
58 76
58 83
58 88
58 89
58 95
59 61
59 73
59 83
59 88
60 62
60 63
60 64
60 68
60 77
60 81
60 90
60 97
60 98
61 73
61 74
61 82
61 83
61 84
61 88
62 63
62 64
63 64
63 85
63 91
64 74
64 76
64 78
64 79
64 80
64 85
64 91
65 66
65 75
65 85
65 86
65 93
65 94
65 96
66 75
66 85
66 86
66 93
66 94
66 96
67 70
67 72
67 74
67 76
67 79
67 82
67 84
67 87
67 89
67 95
68 69
68 71
68 73
68 77
68 81
68 90
68 97
68 98
69 71
69 73
69 77
69 97
70 72
70 74
70 76
70 79
70 82
70 84
70 87
70 89
70 95
71 73
71 77
71 78
71 83
71 88
71 97
73 74
73 77
73 78
73 82
73 83
73 84
73 88
73 97
74 76
74 78
74 79
74 80
74 82
74 83
74 84
74 87
74 89
74 95
75 85
75 86
75 93
75 94
75 96
76 78
76 79
76 80
76 82
76 84
76 87
76 89
76 95
77 81
77 90
77 97
77 98
78 79
78 80
78 81
78 83
78 85
78 88
78 90
78 91
78 98
79 80
79 82
79 84
79 87
79 89
79 95
80 98
81 83
81 85
81 88
81 90
81 91
81 97
81 98
82 83
82 84
82 86
82 87
82 89
82 92
82 95
83 84
83 85
83 88
83 90
83 91
83 98
84 86
84 87
84 89
84 92
84 95
85 86
85 88
85 90
85 91
85 93
85 94
85 96
85 98
86 87
86 89
86 92
86 93
86 94
86 96
86 99
87 89
87 92
87 95
88 90
88 91
88 98
89 92
89 95
89 96
90 91
90 97
90 98
91 98
92 97
92 100
93 94
93 96
93 99
94 96
94 99
95 96
96 99
97 98
97 100
0
1 2
3
4 5
6
7 8
9
10 11
12 13
14 15
16
17
18
19 20
21 22
23
24 25
26
27
28
29
30
31
32 33
34
35 36
37 38
39
40
41 42
43
44 45
46
47
48
49 50
51
52
53
54
55 56
57
58
59
60 61
62
63
64
65
66
67
68
69
70 71
72
73 74
75 76
77
78 79
80
81
82
83 84
85 86
87 88
89 90
91 92
93
94
95 96
97 98
99
100
