208
2692
147
0 2
0 6
0 99
0 110
0 114
1 4
1 9
1 43
1 58
1 89
1 103
1 108
1 130
1 186
2 6
2 13
2 15
2 16
2 19
2 23
2 29
2 36
2 38
2 76
2 99
2 110
2 114
3 5
3 7
3 8
3 12
3 17
3 18
3 25
3 32
3 35
3 47
3 65
3 79
3 88
3 90
3 91
3 92
3 93
3 95
3 96
3 101
3 102
3 104
3 105
3 134
3 156
3 173
3 191
3 200
3 203
4 9
4 14
4 20
4 21
4 22
4 24
4 30
4 31
4 33
4 34
4 37
4 39
4 43
4 58
4 61
4 89
4 103
4 108
4 130
4 186
5 7
5 8
5 12
5 17
5 18
5 25
5 32
5 35
5 47
5 65
5 203
6 13
6 15
6 16
6 19
6 23
6 29
6 36
6 38
6 51
6 53
6 54
6 55
6 56
6 57
6 67
6 76
6 85
6 96
6 99
6 110
6 114
7 8
7 12
7 17
7 18
7 25
7 32
7 35
7 47
7 65
7 68
7 71
7 97
7 100
7 106
7 107
7 109
7 111
7 116
7 118
7 121
7 123
7 124
7 140
7 141
7 189
7 203
8 12
8 17
8 18
8 25
8 32
8 35
8 47
8 65
8 68
8 71
8 97
8 100
8 106
8 107
8 109
8 111
8 122
8 125
8 143
8 145
8 203
9 14
9 20
9 21
9 22
9 24
9 30
9 31
9 33
9 34
9 37
9 39
9 43
9 58
9 61
9 70
9 72
9 75
9 83
9 84
9 86
9 89
9 103
9 108
9 130
9 139
9 142
9 144
9 186
10 12
10 17
10 18
10 25
10 26
10 40
10 43
10 47
10 65
10 146
11 14
11 20
11 21
11 22
11 24
11 41
11 44
11 61
11 150
11 169
12 17
12 18
12 25
12 26
12 32
12 35
12 40
12 43
12 47
12 65
12 79
12 88
12 90
12 91
12 92
12 93
12 95
12 96
12 101
12 102
12 104
12 105
12 134
12 146
12 156
12 173
12 191
12 200
12 203
13 15
13 16
13 19
13 23
13 29
13 36
13 38
13 45
13 46
13 48
13 49
13 50
13 52
13 76
13 110
13 116
13 149
13 152
13 153
13 155
13 157
13 170
14 20
14 21
14 22
14 24
14 30
14 31
14 33
14 34
14 37
14 39
14 41
14 44
14 61
14 103
14 108
14 150
14 169
15 16
15 19
15 23
15 29
15 36
15 38
15 45
15 46
15 48
15 49
15 50
15 52
15 59
15 62
15 66
15 69
15 70
15 72
15 76
15 90
15 93
15 95
15 104
15 110
15 116
15 149
15 152
15 153
15 155
15 157
15 170
16 19
16 23
16 29
16 36
16 38
16 45
16 46
16 48
16 49
16 50
16 52
16 58
16 63
16 64
16 68
16 71
16 76
16 78
16 80
16 110
16 116
16 135
16 137
16 149
16 152
16 153
16 155
16 157
16 170
16 174
16 201
16 202
17 18
17 25
17 26
17 32
17 35
17 40
17 43
17 47
17 65
17 79
17 101
17 102
17 104
17 105
17 134
17 146
17 156
17 173
17 191
17 200
17 203
18 25
18 26
18 32
18 35
18 40
18 43
18 47
18 65
18 146
18 203
19 23
19 29
19 36
19 38
19 51
19 53
19 54
19 55
19 56
19 57
19 67
19 76
19 85
19 96
19 110
19 156
19 158
19 159
19 161
19 162
19 165
19 172
19 173
19 175
19 176
19 178
19 205
20 21
20 22
20 24
20 30
20 31
20 33
20 34
20 37
20 39
20 41
20 44
20 50
20 52
20 53
20 61
20 66
20 69
20 79
20 81
20 82
20 95
20 103
20 108
20 130
20 134
20 136
20 138
20 140
20 141
20 143
20 145
20 150
20 169
20 177
21 22
21 24
21 30
21 31
21 33
21 34
21 37
21 39
21 41
21 44
21 50
21 52
21 53
21 61
21 66
21 69
21 79
21 81
21 82
21 95
21 103
21 108
21 150
21 169
21 177
22 24
22 30
22 31
22 33
22 34
22 37
22 39
22 41
22 44
22 61
22 70
22 72
22 75
22 83
22 84
22 86
22 103
22 108
22 139
22 142
22 144
22 150
22 169
22 180
22 188
22 199
22 204
22 205
23 29
23 36
23 38
23 51
23 53
23 54
23 55
23 56
23 57
23 67
23 76
23 85
23 96
23 110
24 30
24 31
24 33
24 34
24 37
24 39
24 41
24 44
24 56
24 61
24 70
24 72
24 75
24 83
24 84
24 86
24 103
24 108
24 139
24 142
24 144
24 150
24 160
24 163
24 169
24 181
24 182
24 200
24 207
25 26
25 32
25 35
25 40
25 43
25 47
25 65
25 68
25 71
25 97
25 100
25 106
25 107
25 109
25 111
25 122
25 125
25 143
25 145
25 146
25 203
26 28
26 29
26 36
26 38
26 40
26 43
26 47
26 65
26 76
26 128
26 146
26 147
26 166
26 185
26 197
27 32
27 35
27 41
27 73
27 112
27 126
27 196
27 203
28 29
28 36
28 38
28 76
28 128
28 147
28 166
28 185
28 197
29 36
29 38
29 76
29 110
29 128
29 147
29 166
29 185
29 197
30 31
30 33
30 34
30 37
30 39
30 61
30 74
30 77
30 78
30 80
30 85
30 103
30 108
30 115
30 127
30 131
30 132
30 135
30 137
30 174
30 201
30 202
31 33
31 34
31 37
31 39
31 61
31 103
31 108
32 35
32 41
32 47
32 65
32 73
32 112
32 126
32 196
32 203
33 34
33 37
33 39
33 50
33 52
33 53
33 61
33 66
33 69
33 79
33 81
33 82
33 95
33 103
33 108
33 130
33 134
33 136
33 138
33 140
33 141
33 143
33 145
33 177
34 37
34 39
34 50
34 52
34 53
34 61
34 66
34 69
34 79
34 81
34 82
34 95
34 103
34 108
34 177
35 41
35 47
35 65
35 68
35 71
35 73
35 97
35 100
35 106
35 107
35 109
35 111
35 112
35 115
35 117
35 120
35 126
35 160
35 161
35 172
35 178
35 193
35 196
35 203
36 38
36 51
36 53
36 54
36 55
36 56
36 57
36 67
36 76
36 85
36 96
36 110
36 128
36 147
36 166
36 185
36 197
37 39
37 61
37 70
37 72
37 75
37 83
37 84
37 86
37 103
37 108
37 139
37 142
37 144
37 180
37 188
37 199
37 204
37 205
38 51
38 53
38 54
38 55
38 56
38 57
38 67
38 76
38 85
38 96
38 110
38 128
38 147
38 156
38 158
38 159
38 161
38 162
38 166
38 185
38 197
38 205
39 61
39 70
39 72
39 75
39 83
39 84
39 86
39 103
39 108
39 122
39 139
39 142
39 144
39 194
39 198
39 206
40 41
40 42
40 43
40 44
40 47
40 61
40 65
40 74
40 88
40 127
40 146
40 148
40 150
40 167
40 169
41 42
41 43
41 44
41 47
41 61
41 65
41 73
41 74
41 88
41 112
41 126
41 127
41 146
41 148
41 150
41 167
41 169
41 196
41 203
42 43
42 44
42 47
42 61
42 65
42 74
42 88
42 127
42 146
42 148
42 150
42 167
42 169
43 44
43 47
43 58
43 61
43 65
43 74
43 88
43 89
43 103
43 108
43 127
43 130
43 146
43 148
43 150
43 167
43 169
43 186
44 47
44 61
44 65
44 74
44 88
44 127
44 146
44 148
44 150
44 167
44 169
45 46
45 48
45 49
45 50
45 52
45 116
45 149
45 152
45 153
45 155
45 157
45 170
46 48
46 49
46 50
46 52
46 59
46 62
46 66
46 69
46 70
46 72
46 90
46 93
46 95
46 104
46 116
46 149
46 152
46 153
46 155
46 157
46 170
47 61
47 65
47 74
47 79
47 88
47 101
47 102
47 104
47 105
47 127
47 134
47 146
47 148
47 150
47 156
47 167
47 169
47 173
47 191
47 200
47 203
48 49
48 50
48 52
48 58
48 63
48 64
48 68
48 71
48 78
48 80
48 116
48 135
48 137
48 149
48 152
48 153
48 155
48 157
48 170
48 174
48 201
48 202
49 50
49 52
49 58
49 63
49 64
49 68
49 71
49 78
49 80
49 87
49 89
49 94
49 97
49 116
49 135
49 137
49 149
49 152
49 153
49 155
49 157
49 170
49 174
49 201
49 202
50 52
50 53
50 59
50 62
50 66
50 69
50 70
50 72
50 79
50 81
50 82
50 90
50 93
50 95
50 104
50 108
50 116
50 130
50 134
50 136
50 138
50 140
50 141
50 143
50 145
50 149
50 152
50 153
50 155
50 157
50 170
50 177
51 53
51 54
51 55
51 56
51 57
51 67
51 85
51 96
51 110
51 156
51 158
51 159
51 161
51 162
51 165
51 172
51 173
51 175
51 176
51 178
51 205
52 53
52 59
52 62
52 66
52 69
52 70
52 72
52 79
52 81
52 82
52 90
52 93
52 95
52 104
52 108
52 116
52 149
52 152
52 153
52 155
52 157
52 170
52 177
53 54
53 55
53 56
53 57
53 66
53 67
53 69
53 79
53 81
53 82
53 85
53 95
53 96
53 108
53 110
53 118
53 124
53 147
53 154
53 160
53 163
53 164
53 166
53 168
53 171
53 174
53 177
53 182
53 185
53 187
53 190
53 196
53 197
53 201
53 202
53 203
54 55
54 56
54 57
54 67
54 85
54 96
54 110
55 56
55 57
55 67
55 85
55 96
55 110
55 156
55 158
55 159
55 161
55 162
55 205
56 57
56 67
56 70
56 84
56 85
56 96
56 110
56 124
56 147
56 154
56 160
56 163
56 164
56 181
56 182
56 200
56 207
57 67
57 85
57 96
57 110
57 124
57 147
57 154
57 160
57 163
57 164
57 182
58 63
58 64
58 68
58 71
58 78
58 80
58 87
58 89
58 94
58 97
58 98
58 99
58 103
58 108
58 110
58 113
58 114
58 130
58 135
58 137
58 155
58 157
58 165
58 174
58 184
58 186
58 201
58 202
59 62
59 66
59 69
59 70
59 72
59 73
59 76
59 90
59 93
59 95
59 104
59 112
59 126
59 128
59 129
59 147
59 149
59 153
59 166
59 168
59 185
59 187
59 196
59 197
59 203
60 61
60 65
60 67
60 74
60 85
60 88
60 91
60 96
60 101
60 127
60 131
61 65
61 67
61 74
61 85
61 88
61 91
61 96
61 101
61 103
61 108
61 127
61 131
61 146
61 148
61 150
61 167
61 169
62 66
62 69
62 70
62 72
62 90
62 93
62 95
62 104
62 149
62 153
63 64
63 68
63 71
63 78
63 80
63 135
63 137
63 155
63 157
63 174
63 201
63 202
64 68
64 71
64 78
64 80
64 87
64 89
64 94
64 97
64 135
64 137
64 155
64 157
64 174
64 201
64 202
65 67
65 74
65 85
65 88
65 91
65 96
65 101
65 127
65 131
65 146
65 148
65 150
65 167
65 169
65 203
66 69
66 70
66 72
66 79
66 81
66 82
66 90
66 93
66 95
66 104
66 108
66 130
66 134
66 136
66 138
66 140
66 141
66 143
66 145
66 149
66 153
66 177
67 74
67 85
67 88
67 91
67 96
67 101
67 110
67 127
67 131
67 156
67 158
67 159
67 161
67 162
67 165
67 172
67 173
67 175
67 176
67 178
67 205
68 71
68 78
68 80
68 87
68 89
68 94
68 97
68 100
68 106
68 107
68 109
68 111
68 112
68 115
68 117
68 120
68 135
68 137
68 155
68 157
68 160
68 161
68 172
68 174
68 178
68 193
68 201
68 202
69 70
69 72
69 79
69 81
69 82
69 90
69 93
69 95
69 104
69 108
69 149
69 153
69 177
70 72
70 75
70 83
70 84
70 86
70 90
70 93
70 95
70 104
70 139
70 142
70 144
70 149
70 153
70 160
70 163
70 181
70 182
70 200
70 207
71 78
71 80
71 87
71 89
71 94
71 97
71 100
71 106
71 107
71 109
71 111
71 122
71 125
71 135
71 137
71 143
71 145
71 155
71 157
71 174
71 201
71 202
72 75
72 83
72 84
72 86
72 90
72 93
72 95
72 104
72 139
72 142
72 144
72 149
72 153
73 76
73 90
73 112
73 126
73 128
73 129
73 147
73 149
73 166
73 168
73 185
73 187
73 196
73 197
73 203
74 77
74 78
74 80
74 85
74 88
74 91
74 96
74 101
74 115
74 127
74 131
74 132
74 135
74 137
74 146
74 148
74 150
74 167
74 169
74 174
74 201
74 202
75 83
75 84
75 86
75 100
75 116
75 139
75 142
75 144
75 146
75 148
75 149
75 150
75 151
75 152
75 153
75 155
75 157
75 167
75 169
75 170
75 180
75 188
75 189
75 198
75 199
75 204
75 205
76 90
76 110
76 112
76 126
76 128
76 129
76 147
76 149
76 166
76 168
76 185
76 187
76 196
76 197
76 203
77 78
77 80
77 85
77 115
77 127
77 131
77 132
77 135
77 137
77 174
77 201
77 202
78 80
78 85
78 115
78 127
78 131
78 132
78 135
78 137
78 155
78 157
78 174
78 201
78 202
79 81
79 82
79 95
79 101
79 102
79 104
79 105
79 108
79 113
79 114
79 119
79 130
79 134
79 136
79 138
79 140
79 141
79 143
79 145
79 156
79 158
79 165
79 173
79 175
79 177
79 184
79 186
79 191
79 192
79 200
80 85
80 87
80 89
80 94
80 97
80 115
80 127
80 131
80 132
80 135
80 137
80 155
80 157
80 174
80 201
80 202
81 82
81 95
81 108
81 130
81 134
81 136
81 138
81 140
81 141
81 143
81 145
81 177
82 95
82 108
82 177
83 84
83 86
83 122
83 139
83 142
83 144
83 194
83 198
83 206
84 86
84 139
84 142
84 144
84 160
84 163
84 181
84 182
84 200
84 207
85 88
85 91
85 96
85 101
85 110
85 115
85 124
85 127
85 131
85 132
85 135
85 137
85 147
85 154
85 160
85 163
85 164
85 174
85 182
85 201
85 202
86 139
86 142
86 144
87 89
87 94
87 97
87 98
87 99
87 103
87 108
87 110
87 113
87 114
87 130
87 137
87 157
87 165
87 184
87 186
87 202
88 90
88 91
88 92
88 93
88 95
88 96
88 101
88 102
88 104
88 127
88 131
88 146
88 148
88 150
88 167
88 169
89 94
89 97
89 98
89 99
89 103
89 108
89 110
89 113
89 114
89 130
89 137
89 157
89 165
89 184
89 186
89 202
90 91
90 92
90 93
90 95
90 96
90 101
90 102
90 104
90 112
90 126
90 128
90 129
90 147
90 149
90 153
90 166
90 168
90 185
90 187
90 196
90 197
90 203
91 92
91 93
91 95
91 96
91 101
91 102
91 104
91 127
91 131
92 93
92 95
92 96
92 101
92 102
92 104
93 95
93 96
93 101
93 102
93 104
93 149
93 153
94 97
94 137
94 157
94 202
95 96
95 101
95 102
95 104
95 108
95 149
95 153
95 177
96 101
96 102
96 104
96 110
96 127
96 131
96 156
96 158
96 159
96 161
96 162
96 205
97 100
97 106
97 107
97 109
97 111
97 116
97 118
97 121
97 123
97 124
97 137
97 140
97 141
97 157
97 189
97 202
98 99
98 103
98 108
98 110
98 113
98 114
98 130
98 165
98 184
98 186
99 103
99 108
99 110
99 113
99 114
99 130
99 165
99 184
99 186
100 106
100 107
100 109
100 111
100 116
100 118
100 121
100 123
100 124
100 140
100 141
100 146
100 148
100 149
100 150
100 151
100 152
100 153
100 155
100 157
100 167
100 169
100 170
100 179
100 182
100 188
100 189
100 198
100 199
101 102
101 104
101 105
101 127
101 131
101 134
101 156
101 173
101 191
101 200
102 104
102 105
102 134
102 156
102 173
102 191
102 200
103 108
103 110
103 113
103 114
103 130
103 165
103 184
103 186
104 105
104 134
104 149
104 153
104 156
104 173
104 191
104 200
105 134
105 156
105 173
105 191
105 200
106 107
106 109
106 111
107 109
107 111
107 112
107 115
107 117
107 120
107 160
107 161
107 172
107 178
107 193
108 110
108 113
108 114
108 130
108 165
108 177
108 184
108 186
109 111
109 116
109 118
109 121
109 123
109 124
109 140
109 141
109 167
109 169
109 170
109 179
109 182
109 189
109 198
110 113
110 114
110 130
110 165
110 184
110 186
111 122
111 125
111 143
111 145
112 115
112 117
112 120
112 126
112 127
112 128
112 129
112 131
112 132
112 133
112 135
112 137
112 139
112 142
112 144
112 147
112 149
112 160
112 161
112 166
112 168
112 172
112 178
112 185
112 187
112 193
112 196
112 197
112 203
113 114
113 119
113 130
113 134
113 136
113 156
113 158
113 165
113 173
113 175
113 184
113 186
113 191
113 192
113 200
114 119
114 130
114 134
114 136
114 156
114 158
114 165
114 173
114 175
114 184
114 186
114 191
114 192
114 200
115 117
115 120
115 126
115 127
115 128
115 129
115 131
115 132
115 133
115 135
115 137
115 139
115 142
115 144
115 160
115 161
115 172
115 174
115 178
115 193
115 201
115 202
116 118
116 121
116 123
116 124
116 140
116 141
116 146
116 148
116 149
116 150
116 151
116 152
116 153
116 155
116 157
116 167
116 169
116 170
116 179
116 182
116 188
116 189
116 198
116 199
117 120
117 126
117 127
117 128
117 129
117 131
117 132
117 133
117 135
117 137
117 139
117 142
117 144
117 160
117 161
117 172
117 178
117 193
118 121
118 123
118 124
118 140
118 141
118 147
118 154
118 166
118 168
118 171
118 174
118 177
118 180
118 181
118 183
118 185
118 187
118 189
118 190
118 196
118 197
118 201
118 202
118 203
119 130
119 134
119 136
119 156
119 158
119 165
119 173
119 175
119 184
119 186
119 191
119 192
119 200
120 160
120 161
120 172
120 178
120 193
121 123
121 124
121 140
121 141
121 167
121 169
121 170
121 179
121 182
121 189
121 198
122 125
122 142
122 143
122 145
122 185
122 187
122 188
122 190
122 194
122 195
122 198
122 206
123 124
123 140
123 141
123 189
124 140
124 141
124 147
124 154
124 160
124 163
124 164
124 167
124 169
124 170
124 179
124 182
124 189
124 198
125 143
125 145
125 185
125 187
125 188
125 190
125 194
125 195
126 127
126 128
126 129
126 131
126 132
126 133
126 135
126 137
126 139
126 142
126 144
126 147
126 149
126 166
126 168
126 172
126 185
126 187
126 196
126 197
126 203
127 128
127 129
127 131
127 132
127 133
127 135
127 137
127 139
127 142
127 144
127 146
127 148
127 150
127 167
127 169
127 172
127 174
127 201
127 202
128 129
128 131
128 132
128 133
128 135
128 137
128 139
128 142
128 144
128 147
128 149
128 166
128 168
128 172
128 185
128 187
128 196
128 197
128 203
129 131
129 132
129 133
129 135
129 137
129 139
129 142
129 144
129 147
129 149
129 166
129 168
129 172
129 185
129 187
129 196
129 197
129 203
130 134
130 136
130 138
130 140
130 141
130 143
130 145
130 156
130 158
130 165
130 173
130 175
130 184
130 186
130 191
130 192
130 200
131 132
131 133
131 135
131 137
131 139
131 142
131 144
131 172
131 174
131 201
131 202
132 133
132 135
132 137
132 139
132 142
132 144
132 172
132 174
132 201
132 202
133 135
133 137
133 139
133 142
133 144
133 172
134 136
134 138
134 140
134 141
134 143
134 145
134 156
134 158
134 165
134 173
134 175
134 184
134 186
134 191
134 192
134 200
135 137
135 139
135 142
135 144
135 155
135 157
135 172
135 174
135 201
135 202
136 138
136 140
136 141
136 143
136 145
136 156
136 158
136 165
136 173
136 175
136 184
136 186
136 191
136 192
136 200
137 139
137 142
137 144
137 155
137 157
137 172
137 174
137 201
137 202
138 140
138 141
138 143
138 145
139 142
139 144
139 172
139 180
139 188
139 199
139 204
139 205
140 141
140 143
140 145
140 167
140 169
140 170
140 179
140 182
140 189
140 198
141 143
141 145
141 189
142 144
142 172
142 194
142 198
142 206
143 145
144 172
145 185
145 187
145 188
145 190
145 194
145 195
146 148
146 149
146 150
146 151
146 152
146 153
146 155
146 157
146 167
146 169
146 170
146 188
146 189
146 198
146 199
147 149
147 154
147 160
147 163
147 164
147 166
147 168
147 171
147 174
147 177
147 182
147 185
147 187
147 190
147 196
147 197
147 201
147 202
147 203
148 149
148 150
148 151
148 152
148 153
148 155
148 157
148 167
148 169
148 170
148 188
148 189
148 198
148 199
149 150
149 151
149 152
149 153
149 155
149 157
149 166
149 167
149 168
149 169
149 170
149 185
149 187
149 188
149 189
149 196
149 197
149 198
149 199
149 203
150 151
150 152
150 153
150 155
150 157
150 167
150 169
150 170
150 188
150 189
150 198
150 199
151 152
151 153
151 155
151 157
151 167
151 169
151 170
151 188
151 189
151 198
151 199
152 153
152 155
152 157
152 167
152 169
152 170
152 188
152 189
152 198
152 199
153 155
153 157
153 167
153 169
153 170
153 188
153 189
153 198
153 199
154 160
154 163
154 164
154 166
154 168
154 171
154 174
154 177
154 182
154 185
154 187
154 190
154 196
154 197
154 201
154 202
154 203
155 157
155 167
155 169
155 170
155 174
155 188
155 189
155 198
155 199
155 201
155 202
156 158
156 159
156 161
156 162
156 165
156 172
156 173
156 175
156 176
156 178
156 184
156 186
156 191
156 192
156 200
156 205
157 167
157 169
157 170
157 174
157 188
157 189
157 198
157 199
157 201
157 202
158 159
158 161
158 162
158 165
158 172
158 173
158 175
158 176
158 178
158 184
158 186
158 191
158 192
158 200
158 205
159 161
159 162
159 165
159 172
159 173
159 175
159 176
159 178
159 205
160 161
160 163
160 164
160 172
160 178
160 181
160 182
160 184
160 186
160 189
160 191
160 192
160 193
160 200
160 207
161 162
161 165
161 172
161 173
161 175
161 176
161 178
161 193
161 205
162 205
163 164
163 181
163 182
163 200
163 207
164 182
165 172
165 173
165 175
165 176
165 178
165 184
165 186
165 191
165 192
165 200
166 168
166 171
166 174
166 177
166 180
166 181
166 183
166 185
166 187
166 190
166 196
166 197
166 201
166 202
166 203
167 169
167 170
167 179
167 182
167 188
167 189
167 198
167 199
168 171
168 174
168 177
168 180
168 181
168 183
168 185
168 187
168 190
168 196
168 197
168 201
168 202
168 203
169 170
169 179
169 182
169 188
169 189
169 198
169 199
170 179
170 182
170 188
170 189
170 198
170 199
171 174
171 177
171 180
171 181
171 183
171 185
171 187
171 190
171 196
171 197
171 201
171 202
171 203
172 173
172 175
172 176
172 178
172 193
173 175
173 176
173 178
173 184
173 186
173 191
173 192
173 200
174 177
174 180
174 181
174 183
174 185
174 187
174 190
174 196
174 197
174 201
174 202
174 203
175 176
175 178
175 184
175 186
175 191
175 192
175 200
176 178
177 180
177 181
177 183
177 185
177 187
177 190
177 196
177 197
177 201
177 202
177 203
178 193
179 182
179 189
179 198
180 181
180 183
180 188
180 199
180 204
180 205
181 182
181 183
181 200
181 207
182 189
182 198
182 200
182 207
184 186
184 189
184 191
184 192
184 193
184 200
185 187
185 188
185 190
185 194
185 195
185 196
185 197
185 201
185 202
185 203
186 189
186 191
186 192
186 193
186 200
187 188
187 190
187 194
187 195
187 196
187 197
187 201
187 202
187 203
188 189
188 190
188 194
188 195
188 198
188 199
188 204
188 205
189 191
189 192
189 193
189 198
189 199
189 200
190 194
190 195
190 196
190 197
190 201
190 202
190 203
191 192
191 193
191 200
192 193
192 200
193 200
194 195
194 198
194 206
196 197
196 201
196 202
196 203
197 201
197 202
197 203
198 199
198 206
199 204
199 205
200 207
201 202
201 203
202 203
204 205
0
1
2
3
4
5
6
7
8
9
10
11
12 13
14 15
16 17
18
19 20
21
22 23
24 25
26 27
28
29
30
31
32
33
34 35
36 37
38 39
40 41
42
43 44
45
46
47 48
49
50 51
52 53
54
55
56
57
58 59
60
61 62
63
64 65
66 67
68 69
70 71
72
73
74
75 76
77
78 79
80
81
82
83
84
85 86
87
88
89 90
91
92
93
94
95
96 97
98
99
100 101
102
103 104
105
106
107 108
109 110
111
112 113
114
115 116
117 118
119
120
121
122 123
124 125
126
127 128
129 130
131
132
133
134 135
136 137
138
139 140
141 142
143
144 145
146
147 148
149 150
151
152
153 154
155 156
157 158
159
160 161
162
163
164
165
166 167
168 169
170
171 172
173 174
175
176
177 178
179 180
181 182
183
184
185
186 187
188 189
190
191
192
193
194
195
196
197
198 199
200 201
202 203
204
205 206
207
