120
3623
60
0 2
0 4
0 5
0 6
0 7
0 11
0 13
0 15
0 22
0 23
0 24
0 25
0 29
0 30
0 31
0 33
0 35
0 38
0 40
0 42
0 44
0 47
0 49
0 51
0 55
0 57
0 58
0 60
0 63
0 64
0 65
0 66
0 67
0 69
0 73
0 74
0 75
0 76
0 77
0 79
0 81
0 83
0 84
0 85
0 87
0 88
0 89
0 90
0 92
0 94
0 97
0 99
0 100
0 101
0 104
0 105
0 107
0 108
0 112
0 115
0 117
1 3
1 6
1 9
1 13
1 14
1 16
1 17
1 18
1 19
1 25
1 26
1 27
1 28
1 30
1 31
1 34
1 36
1 38
1 39
1 40
1 41
1 42
1 43
1 45
1 47
1 48
1 53
1 54
1 55
1 56
1 57
1 60
1 62
1 63
1 64
1 67
1 70
1 71
1 73
1 76
1 77
1 78
1 82
1 83
1 86
1 87
1 88
1 90
1 91
1 92
1 94
1 95
1 97
1 101
1 104
1 105
1 106
1 108
1 109
1 110
1 111
1 112
1 117
1 118
1 119
2 5
2 7
2 8
2 10
2 11
2 12
2 14
2 15
2 17
2 21
2 22
2 24
2 29
2 30
2 31
2 32
2 33
2 34
2 36
2 37
2 39
2 40
2 44
2 46
2 47
2 50
2 51
2 52
2 53
2 55
2 56
2 57
2 63
2 65
2 66
2 68
2 72
2 75
2 76
2 80
2 81
2 82
2 83
2 84
2 87
2 89
2 91
2 93
2 94
2 95
2 96
2 103
2 104
2 105
2 106
2 107
2 110
2 112
2 114
2 115
2 116
2 117
2 118
3 6
3 7
3 8
3 13
3 15
3 18
3 20
3 21
3 23
3 24
3 25
3 26
3 29
3 31
3 32
3 33
3 34
3 36
3 42
3 44
3 46
3 47
3 51
3 52
3 55
3 57
3 60
3 61
3 63
3 65
3 66
3 68
3 69
3 70
3 71
3 72
3 73
3 76
3 78
3 80
3 82
3 83
3 86
3 91
3 94
3 95
3 96
3 98
3 100
3 101
3 102
3 103
3 104
3 105
3 107
3 108
3 111
3 112
3 114
3 115
3 117
3 118
3 119
4 5
4 6
4 7
4 11
4 13
4 14
4 16
4 18
4 19
4 20
4 21
4 22
4 23
4 25
4 27
4 30
4 31
4 32
4 34
4 39
4 40
4 41
4 42
4 43
4 44
4 46
4 47
4 50
4 51
4 54
4 57
4 60
4 62
4 64
4 66
4 67
4 68
4 73
4 75
4 77
4 78
4 79
4 80
4 81
4 87
4 88
4 89
4 91
4 93
4 95
4 96
4 99
4 101
4 102
4 104
4 105
4 108
4 109
4 111
4 114
4 115
4 116
4 117
4 118
4 119
5 6
5 8
5 10
5 11
5 12
5 13
5 14
5 15
5 17
5 19
5 22
5 24
5 25
5 30
5 31
5 35
5 38
5 39
5 40
5 41
5 42
5 43
5 44
5 46
5 49
5 54
5 59
5 60
5 61
5 62
5 63
5 64
5 65
5 66
5 67
5 68
5 70
5 71
5 72
5 73
5 76
5 78
5 81
5 83
5 84
5 85
5 88
5 90
5 93
5 94
5 95
5 96
5 97
5 98
5 105
5 110
5 111
5 115
5 116
5 118
5 119
6 7
6 13
6 14
6 16
6 18
6 20
6 23
6 24
6 25
6 26
6 28
6 29
6 31
6 32
6 34
6 36
6 38
6 40
6 42
6 44
6 46
6 50
6 51
6 54
6 56
6 57
6 59
6 60
6 62
6 63
6 66
6 70
6 73
6 74
6 75
6 76
6 80
6 82
6 83
6 84
6 85
6 87
6 88
6 89
6 90
6 91
6 92
6 93
6 94
6 97
6 99
6 100
6 105
6 106
6 107
6 110
6 111
6 119
7 9
7 10
7 11
7 13
7 17
7 18
7 19
7 21
7 23
7 24
7 25
7 26
7 28
7 29
7 34
7 38
7 39
7 40
7 42
7 44
7 47
7 49
7 52
7 54
7 57
7 58
7 60
7 65
7 66
7 70
7 71
7 72
7 73
7 74
7 76
7 79
7 87
7 94
7 96
7 97
7 99
7 103
7 107
7 108
7 110
7 112
7 113
7 114
7 116
7 117
8 9
8 10
8 11
8 12
8 13
8 14
8 15
8 16
8 20
8 21
8 22
8 24
8 26
8 27
8 30
8 33
8 36
8 39
8 41
8 42
8 43
8 44
8 46
8 48
8 50
8 53
8 54
8 57
8 59
8 61
8 63
8 64
8 67
8 75
8 80
8 82
8 85
8 86
8 87
8 89
8 90
8 91
8 94
8 95
8 96
8 98
8 99
8 101
8 103
8 104
8 107
8 108
8 109
8 111
8 115
8 116
8 118
9 10
9 11
9 13
9 17
9 18
9 20
9 21
9 22
9 24
9 26
9 29
9 32
9 33
9 36
9 37
9 39
9 43
9 44
9 46
9 48
9 50
9 52
9 54
9 55
9 57
9 59
9 60
9 63
9 66
9 69
9 71
9 77
9 78
9 80
9 81
9 83
9 86
9 87
9 90
9 92
9 94
9 96
9 98
9 99
9 102
9 103
9 107
9 108
9 109
9 110
9 111
9 112
9 117
9 119
10 11
10 14
10 18
10 19
10 21
10 23
10 26
10 30
10 31
10 32
10 33
10 34
10 35
10 40
10 44
10 46
10 48
10 49
10 53
10 54
10 58
10 64
10 68
10 70
10 71
10 73
10 76
10 78
10 81
10 84
10 85
10 88
10 93
10 94
10 98
10 100
10 101
10 103
10 104
10 108
10 112
10 113
10 114
10 115
10 116
10 117
10 118
10 119
11 12
11 13
11 14
11 17
11 21
11 22
11 26
11 28
11 31
11 35
11 36
11 37
11 38
11 40
11 41
11 42
11 45
11 46
11 48
11 49
11 51
11 52
11 55
11 56
11 57
11 62
11 64
11 67
11 70
11 75
11 76
11 81
11 84
11 85
11 87
11 88
11 91
11 94
11 95
11 96
11 97
11 98
11 100
11 101
11 102
11 105
11 109
11 110
11 111
11 112
11 117
11 119
12 13
12 17
12 20
12 21
12 24
12 25
12 31
12 32
12 33
12 35
12 37
12 41
12 43
12 44
12 45
12 46
12 47
12 48
12 49
12 50
12 51
12 52
12 55
12 56
12 57
12 58
12 62
12 63
12 64
12 65
12 66
12 68
12 71
12 75
12 79
12 81
12 82
12 84
12 86
12 92
12 93
12 94
12 95
12 97
12 99
12 100
12 101
12 103
12 104
12 105
12 107
12 111
12 112
12 113
12 114
12 116
12 117
12 118
12 119
13 14
13 15
13 16
13 19
13 23
13 24
13 25
13 26
13 27
13 29
13 37
13 38
13 39
13 41
13 42
13 46
13 47
13 48
13 50
13 51
13 52
13 54
13 58
13 59
13 60
13 61
13 62
13 64
13 65
13 66
13 69
13 70
13 72
13 73
13 74
13 76
13 78
13 79
13 80
13 81
13 82
13 87
13 89
13 91
13 92
13 96
13 98
13 99
13 101
13 108
13 110
14 17
14 20
14 22
14 24
14 25
14 26
14 27
14 29
14 30
14 36
14 39
14 42
14 43
14 44
14 46
14 47
14 48
14 50
14 52
14 53
14 54
14 55
14 56
14 58
14 59
14 63
14 66
14 68
14 71
14 72
14 77
14 78
14 83
14 88
14 89
14 93
14 94
14 100
14 101
14 104
14 107
14 108
14 109
14 111
14 112
14 113
14 114
14 118
15 19
15 21
15 22
15 23
15 24
15 26
15 27
15 29
15 31
15 33
15 35
15 39
15 40
15 41
15 44
15 46
15 47
15 48
15 49
15 50
15 51
15 53
15 54
15 55
15 60
15 61
15 64
15 65
15 69
15 72
15 73
15 74
15 78
15 80
15 81
15 82
15 83
15 84
15 85
15 87
15 90
15 96
15 98
15 99
15 100
15 102
15 107
15 111
15 112
15 117
16 17
16 18
16 20
16 25
16 26
16 27
16 28
16 31
16 32
16 35
16 36
16 41
16 44
16 47
16 48
16 57
16 60
16 63
16 64
16 65
16 66
16 67
16 70
16 71
16 73
16 74
16 78
16 79
16 81
16 82
16 84
16 85
16 91
16 96
16 97
16 99
16 102
16 103
16 104
16 105
16 106
16 108
16 109
16 113
16 115
16 116
16 118
16 119
17 18
17 20
17 21
17 23
17 24
17 25
17 26
17 28
17 29
17 31
17 36
17 39
17 42
17 44
17 45
17 46
17 47
17 48
17 49
17 50
17 51
17 52
17 53
17 54
17 55
17 56
17 57
17 58
17 65
17 66
17 70
17 72
17 73
17 79
17 81
17 84
17 87
17 89
17 92
17 93
17 94
17 97
17 102
17 103
17 106
17 107
17 108
17 109
17 110
17 112
17 113
17 115
17 119
18 22
18 23
18 25
18 26
18 27
18 29
18 30
18 31
18 32
18 36
18 41
18 46
18 47
18 49
18 50
18 52
18 54
18 55
18 59
18 61
18 62
18 65
18 66
18 70
18 71
18 72
18 73
18 75
18 77
18 78
18 80
18 93
18 99
18 100
18 102
18 103
18 104
18 106
18 107
18 110
18 111
18 112
18 113
18 117
18 118
18 119
19 21
19 22
19 25
19 26
19 27
19 28
19 29
19 30
19 31
19 33
19 34
19 37
19 38
19 41
19 44
19 45
19 46
19 47
19 50
19 52
19 53
19 54
19 59
19 63
19 65
19 66
19 67
19 68
19 69
19 72
19 76
19 77
19 78
19 79
19 80
19 83
19 85
19 87
19 88
19 89
19 91
19 95
19 97
19 99
19 101
19 102
19 104
19 106
19 108
19 109
19 110
19 112
19 117
20 22
20 23
20 26
20 30
20 31
20 32
20 33
20 34
20 36
20 37
20 44
20 45
20 50
20 52
20 53
20 54
20 56
20 58
20 59
20 62
20 65
20 69
20 70
20 71
20 74
20 75
20 76
20 77
20 78
20 79
20 80
20 81
20 83
20 84
20 85
20 87
20 88
20 90
20 91
20 93
20 95
20 96
20 98
20 100
20 101
20 102
20 105
20 107
20 108
20 111
20 117
20 119
21 22
21 24
21 28
21 30
21 31
21 34
21 35
21 38
21 40
21 41
21 42
21 43
21 44
21 45
21 46
21 47
21 48
21 50
21 51
21 52
21 53
21 54
21 58
21 61
21 62
21 64
21 66
21 67
21 73
21 74
21 76
21 79
21 81
21 82
21 83
21 84
21 85
21 86
21 87
21 88
21 91
21 92
21 93
21 95
21 97
21 98
21 100
21 101
21 102
21 105
21 106
21 107
21 108
21 109
21 111
21 114
21 115
21 119
22 23
22 26
22 29
22 31
22 32
22 34
22 35
22 36
22 37
22 38
22 42
22 49
22 52
22 53
22 54
22 55
22 56
22 57
22 58
22 59
22 60
22 62
22 65
22 66
22 67
22 68
22 69
22 70
22 75
22 83
22 84
22 85
22 86
22 88
22 91
22 92
22 96
22 97
22 99
22 100
22 101
22 104
22 105
22 106
22 107
22 109
22 110
22 112
22 113
22 114
22 117
22 118
23 25
23 26
23 28
23 29
23 30
23 33
23 34
23 38
23 42
23 45
23 46
23 47
23 48
23 49
23 50
23 51
23 53
23 54
23 57
23 58
23 59
23 60
23 62
23 63
23 64
23 65
23 66
23 68
23 70
23 71
23 73
23 74
23 75
23 76
23 77
23 78
23 79
23 80
23 81
23 83
23 84
23 85
23 86
23 87
23 89
23 90
23 91
23 94
23 95
23 96
23 97
23 98
23 100
23 101
23 104
23 106
23 107
23 109
23 111
23 118
24 31
24 32
24 35
24 38
24 39
24 40
24 41
24 42
24 43
24 44
24 49
24 50
24 52
24 53
24 54
24 55
24 56
24 57
24 58
24 60
24 61
24 65
24 66
24 72
24 73
24 74
24 75
24 77
24 79
24 81
24 82
24 83
24 85
24 89
24 90
24 92
24 100
24 101
24 105
24 106
24 110
24 112
24 114
24 115
24 117
24 119
25 26
25 28
25 30
25 32
25 34
25 36
25 38
25 42
25 43
25 45
25 51
25 56
25 58
25 60
25 61
25 63
25 66
25 68
25 71
25 73
25 74
25 76
25 77
25 79
25 82
25 83
25 84
25 86
25 88
25 92
25 93
25 94
25 95
25 98
25 100
25 101
25 102
25 104
25 106
25 107
25 108
25 109
25 111
25 114
25 118
25 119
26 27
26 29
26 33
26 34
26 36
26 39
26 41
26 42
26 44
26 50
26 51
26 52
26 55
26 59
26 63
26 67
26 68
26 69
26 71
26 72
26 74
26 75
26 76
26 77
26 78
26 79
26 80
26 81
26 83
26 86
26 88
26 92
26 94
26 95
26 99
26 101
26 105
26 115
26 116
26 117
26 118
27 31
27 32
27 33
27 34
27 35
27 37
27 38
27 39
27 42
27 43
27 44
27 45
27 49
27 51
27 53
27 54
27 55
27 56
27 57
27 58
27 59
27 61
27 63
27 64
27 66
27 68
27 69
27 71
27 72
27 74
27 78
27 79
27 82
27 83
27 84
27 85
27 86
27 87
27 90
27 91
27 92
27 94
27 96
27 97
27 98
27 99
27 100
27 102
27 104
27 106
27 107
27 108
27 109
27 111
27 113
27 115
27 117
27 118
27 119
28 29
28 30
28 31
28 34
28 37
28 39
28 40
28 44
28 47
28 48
28 50
28 55
28 58
28 60
28 61
28 63
28 66
28 67
28 69
28 72
28 73
28 74
28 76
28 78
28 79
28 82
28 86
28 90
28 91
28 94
28 95
28 99
28 101
28 103
28 104
28 109
28 110
28 115
28 116
28 119
29 30
29 33
29 41
29 42
29 44
29 47
29 50
29 51
29 52
29 56
29 57
29 58
29 62
29 63
29 64
29 69
29 70
29 72
29 73
29 77
29 84
29 86
29 89
29 90
29 92
29 96
29 97
29 98
29 100
29 101
29 103
29 105
29 106
29 108
29 109
29 110
29 111
29 113
29 114
29 117
29 119
30 34
30 36
30 37
30 39
30 42
30 43
30 45
30 47
30 48
30 49
30 51
30 56
30 59
30 62
30 64
30 68
30 70
30 71
30 76
30 77
30 78
30 79
30 83
30 84
30 85
30 89
30 93
30 95
30 96
30 97
30 98
30 101
30 104
30 106
30 107
30 108
30 109
30 111
30 112
30 113
30 117
30 118
30 119
31 32
31 35
31 36
31 38
31 41
31 42
31 43
31 44
31 45
31 47
31 48
31 50
31 51
31 52
31 53
31 54
31 58
31 59
31 60
31 61
31 62
31 63
31 65
31 68
31 72
31 75
31 76
31 78
31 79
31 82
31 83
31 87
31 88
31 89
31 91
31 92
31 94
31 95
31 96
31 99
31 102
31 106
31 107
31 112
31 113
31 116
31 117
31 119
32 33
32 34
32 38
32 40
32 44
32 48
32 49
32 50
32 51
32 53
32 55
32 56
32 57
32 60
32 61
32 62
32 63
32 64
32 65
32 67
32 68
32 70
32 72
32 74
32 75
32 76
32 77
32 79
32 80
32 81
32 82
32 84
32 88
32 89
32 90
32 92
32 93
32 94
32 95
32 96
32 97
32 100
32 101
32 103
32 110
32 112
32 113
32 119
33 35
33 36
33 41
33 42
33 45
33 49
33 51
33 52
33 53
33 56
33 60
33 61
33 62
33 63
33 66
33 68
33 69
33 70
33 72
33 74
33 75
33 76
33 77
33 80
33 81
33 84
33 85
33 86
33 87
33 88
33 90
33 94
33 95
33 96
33 98
33 99
33 100
33 106
33 107
33 108
33 110
33 111
33 115
33 119
34 35
34 38
34 39
34 40
34 41
34 43
34 46
34 48
34 49
34 50
34 54
34 56
34 57
34 58
34 59
34 60
34 61
34 63
34 64
34 68
34 74
34 76
34 79
34 80
34 82
34 83
34 84
34 85
34 87
34 88
34 93
34 94
34 96
34 97
34 98
34 99
34 100
34 101
34 104
34 106
34 107
34 110
34 111
34 112
34 113
34 114
34 115
34 118
34 119
35 37
35 38
35 39
35 43
35 45
35 46
35 49
35 50
35 51
35 53
35 54
35 55
35 56
35 58
35 61
35 65
35 66
35 67
35 69
35 71
35 73
35 74
35 75
35 76
35 77
35 79
35 80
35 84
35 85
35 86
35 88
35 92
35 95
35 96
35 97
35 98
35 101
35 102
35 103
35 105
35 106
35 107
35 110
35 112
35 113
35 116
35 119
36 37
36 41
36 42
36 45
36 46
36 47
36 50
36 52
36 53
36 55
36 56
36 57
36 58
36 62
36 66
36 67
36 68
36 70
36 72
36 73
36 76
36 79
36 80
36 85
36 89
36 90
36 92
36 95
36 100
36 101
36 106
36 107
36 108
36 110
36 112
36 119
37 39
37 40
37 42
37 44
37 45
37 46
37 48
37 49
37 51
37 53
37 54
37 57
37 58
37 59
37 61
37 63
37 65
37 67
37 68
37 71
37 73
37 75
37 78
37 80
37 81
37 82
37 83
37 84
37 85
37 89
37 90
37 91
37 92
37 93
37 94
37 97
37 104
37 110
37 111
37 113
37 114
37 115
37 116
37 117
38 39
38 42
38 45
38 52
38 55
38 57
38 58
38 59
38 60
38 61
38 65
38 66
38 67
38 68
38 70
38 73
38 74
38 75
38 76
38 80
38 81
38 82
38 83
38 84
38 88
38 89
38 90
38 97
38 98
38 99
38 100
38 103
38 106
38 108
38 109
38 110
38 113
38 114
38 115
38 118
39 42
39 43
39 44
39 46
39 49
39 51
39 52
39 53
39 55
39 61
39 62
39 63
39 64
39 65
39 66
39 69
39 70
39 71
39 73
39 74
39 75
39 77
39 78
39 81
39 83
39 84
39 88
39 90
39 91
39 93
39 94
39 97
39 98
39 101
39 102
39 104
39 106
39 107
39 111
39 118
39 119
40 41
40 42
40 43
40 45
40 48
40 49
40 51
40 52
40 53
40 55
40 56
40 57
40 59
40 60
40 62
40 64
40 66
40 70
40 71
40 83
40 85
40 88
40 93
40 94
40 95
40 96
40 97
40 98
40 99
40 102
40 103
40 105
40 106
40 107
40 111
40 116
40 117
41 44
41 45
41 46
41 48
41 50
41 53
41 54
41 56
41 57
41 59
41 60
41 62
41 63
41 64
41 65
41 71
41 72
41 75
41 76
41 78
41 82
41 83
41 84
41 85
41 87
41 90
41 91
41 94
41 99
41 100
41 102
41 104
41 106
41 108
41 111
41 115
41 116
41 119
42 46
42 47
42 48
42 51
42 55
42 56
42 60
42 62
42 63
42 64
42 65
42 66
42 69
42 70
42 71
42 75
42 76
42 79
42 80
42 84
42 98
42 99
42 103
42 104
42 106
42 108
42 109
42 111
42 112
42 113
42 117
43 44
43 45
43 47
43 52
43 53
43 54
43 56
43 57
43 58
43 60
43 63
43 65
43 66
43 68
43 69
43 71
43 72
43 73
43 74
43 75
43 76
43 80
43 83
43 84
43 86
43 89
43 90
43 95
43 102
43 104
43 107
43 109
43 113
43 114
43 115
43 117
43 119
44 45
44 47
44 49
44 52
44 53
44 54
44 56
44 60
44 62
44 63
44 64
44 67
44 71
44 72
44 75
44 79
44 81
44 83
44 84
44 85
44 87
44 91
44 95
44 96
44 100
44 101
44 102
44 106
44 107
44 109
44 111
44 112
44 115
44 117
45 48
45 49
45 50
45 51
45 52
45 53
45 54
45 55
45 58
45 61
45 63
45 64
45 69
45 70
45 73
45 76
45 77
45 78
45 81
45 82
45 83
45 86
45 87
45 89
45 90
45 92
45 95
45 97
45 113
45 114
45 116
45 118
46 52
46 55
46 56
46 57
46 60
46 61
46 62
46 64
46 68
46 69
46 70
46 72
46 74
46 76
46 78
46 80
46 81
46 87
46 88
46 89
46 90
46 92
46 94
46 96
46 98
46 99
46 100
46 101
46 102
46 105
46 107
46 108
46 111
46 112
46 116
46 117
46 118
46 119
47 54
47 57
47 59
47 61
47 62
47 66
47 67
47 68
47 77
47 78
47 79
47 80
47 81
47 82
47 83
47 85
47 87
47 88
47 90
47 92
47 93
47 94
47 95
47 99
47 100
47 101
47 104
47 105
47 107
47 109
47 112
47 113
47 114
47 117
47 118
47 119
48 49
48 50
48 51
48 53
48 54
48 55
48 57
48 59
48 60
48 62
48 66
48 70
48 71
48 75
48 77
48 78
48 81
48 82
48 84
48 87
48 89
48 94
48 96
48 97
48 98
48 100
48 101
48 102
48 103
48 110
48 111
48 114
48 115
48 117
49 56
49 57
49 58
49 59
49 60
49 62
49 64
49 66
49 73
49 74
49 79
49 80
49 82
49 85
49 86
49 92
49 95
49 96
49 97
49 99
49 102
49 105
49 108
49 112
49 113
49 114
49 118
50 55
50 58
50 59
50 65
50 66
50 68
50 69
50 72
50 73
50 75
50 77
50 79
50 80
50 82
50 83
50 84
50 86
50 87
50 89
50 91
50 93
50 95
50 96
50 98
50 102
50 103
50 106
50 108
50 114
50 117
50 118
50 119
51 52
51 53
51 54
51 57
51 59
51 63
51 67
51 68
51 71
51 72
51 73
51 75
51 76
51 77
51 79
51 81
51 82
51 84
51 86
51 87
51 88
51 90
51 94
51 95
51 96
51 97
51 98
51 99
51 104
51 106
51 107
51 108
51 110
51 111
51 113
51 115
51 116
51 117
51 118
52 53
52 54
52 55
52 56
52 57
52 59
52 60
52 62
52 63
52 64
52 66
52 68
52 69
52 70
52 71
52 74
52 75
52 80
52 81
52 83
52 86
52 87
52 91
52 92
52 97
52 98
52 102
52 104
52 106
52 107
52 109
52 110
52 111
52 113
52 115
52 116
53 54
53 55
53 56
53 57
53 58
53 65
53 66
53 67
53 68
53 72
53 74
53 76
53 79
53 80
53 81
53 82
53 83
53 85
53 86
53 88
53 89
53 92
53 93
53 94
53 95
53 97
53 98
53 99
53 100
53 104
53 108
53 110
53 113
53 114
53 115
53 117
54 55
54 56
54 57
54 58
54 60
54 66
54 68
54 69
54 70
54 72
54 75
54 77
54 79
54 82
54 83
54 86
54 87
54 89
54 90
54 92
54 93
54 94
54 95
54 97
54 103
54 104
54 105
54 108
54 110
54 112
54 114
54 115
54 117
54 118
54 119
55 56
55 58
55 59
55 60
55 62
55 67
55 68
55 70
55 74
55 76
55 77
55 79
55 80
55 83
55 84
55 86
55 87
55 88
55 89
55 91
55 95
55 96
55 97
55 98
55 99
55 102
55 103
55 105
55 106
55 107
55 108
55 111
55 112
55 114
55 115
55 116
56 57
56 58
56 60
56 62
56 63
56 66
56 67
56 68
56 70
56 71
56 74
56 75
56 76
56 78
56 80
56 81
56 82
56 83
56 93
56 95
56 97
56 99
56 100
56 104
56 107
56 109
56 110
56 111
56 112
56 113
56 114
56 115
56 117
56 119
57 59
57 60
57 61
57 64
57 66
57 67
57 68
57 71
57 72
57 78
57 80
57 81
57 84
57 85
57 86
57 88
57 90
57 93
57 94
57 95
57 96
57 100
57 101
57 102
57 103
57 105
57 106
57 108
57 109
57 111
57 112
57 114
57 116
57 117
57 118
58 62
58 63
58 67
58 69
58 72
58 73
58 76
58 79
58 82
58 84
58 85
58 86
58 89
58 92
58 93
58 96
58 97
58 103
58 104
58 106
58 108
58 109
58 110
58 112
58 114
58 117
58 119
59 66
59 67
59 68
59 69
59 70
59 71
59 72
59 74
59 76
59 80
59 81
59 84
59 91
59 92
59 93
59 96
59 98
59 100
59 102
59 103
59 104
59 105
59 106
59 108
59 111
59 112
59 115
59 116
59 119
60 61
60 62
60 64
60 66
60 67
60 70
60 73
60 76
60 77
60 78
60 79
60 81
60 82
60 83
60 86
60 91
60 94
60 99
60 103
60 104
60 105
60 109
60 111
60 114
60 116
60 119
61 66
61 68
61 70
61 71
61 75
61 80
61 82
61 84
61 85
61 86
61 87
61 90
61 91
61 92
61 93
61 94
61 98
61 99
61 100
61 101
61 102
61 103
61 106
61 107
61 109
61 110
61 111
61 114
61 115
61 116
61 117
61 118
62 66
62 68
62 71
62 72
62 76
62 78
62 80
62 82
62 83
62 84
62 85
62 86
62 88
62 90
62 91
62 94
62 98
62 99
62 101
62 102
62 105
62 107
62 108
62 109
62 112
62 114
62 118
63 66
63 67
63 72
63 73
63 74
63 76
63 80
63 84
63 85
63 86
63 93
63 95
63 96
63 97
63 99
63 100
63 101
63 102
63 103
63 107
63 108
63 109
63 114
63 115
63 117
63 118
64 65
64 67
64 68
64 69
64 70
64 71
64 72
64 73
64 75
64 76
64 79
64 86
64 87
64 88
64 89
64 90
64 92
64 93
64 94
64 95
64 96
64 98
64 99
64 101
64 102
64 104
64 107
64 108
64 109
64 110
64 111
64 115
64 116
64 118
65 67
65 68
65 71
65 80
65 83
65 86
65 88
65 90
65 91
65 97
65 101
65 105
65 107
65 111
65 112
65 114
65 115
65 117
65 119
66 67
66 68
66 71
66 72
66 73
66 74
66 75
66 76
66 80
66 83
66 85
66 86
66 87
66 89
66 90
66 91
66 93
66 94
66 95
66 101
66 102
66 104
66 106
66 108
66 111
66 113
66 118
67 70
67 72
67 74
67 76
67 78
67 81
67 84
67 85
67 89
67 90
67 91
67 92
67 93
67 95
67 96
67 97
67 100
67 101
67 102
67 104
67 105
67 106
67 107
67 109
67 111
67 112
67 115
67 116
67 117
67 118
68 69
68 70
68 72
68 73
68 74
68 78
68 79
68 81
68 84
68 86
68 87
68 88
68 89
68 90
68 95
68 97
68 98
68 99
68 101
68 104
68 107
68 110
68 112
68 115
68 117
68 118
68 119
69 71
69 72
69 73
69 74
69 75
69 76
69 77
69 79
69 80
69 88
69 90
69 93
69 96
69 98
69 99
69 100
69 101
69 102
69 105
69 106
69 107
69 108
69 109
69 110
69 111
69 112
69 114
69 116
69 117
69 118
70 71
70 72
70 73
70 74
70 75
70 78
70 80
70 81
70 82
70 85
70 86
70 89
70 90
70 91
70 92
70 93
70 94
70 95
70 96
70 97
70 98
70 99
70 100
70 101
70 107
70 108
70 112
70 113
70 114
70 115
70 116
70 118
71 72
71 74
71 75
71 76
71 79
71 82
71 83
71 85
71 86
71 87
71 90
71 91
71 94
71 95
71 96
71 97
71 98
71 99
71 102
71 104
71 105
71 107
71 109
71 113
71 114
71 117
72 75
72 78
72 80
72 81
72 85
72 86
72 87
72 88
72 91
72 97
72 101
72 103
72 104
72 106
72 107
72 110
72 111
72 112
72 113
72 114
72 119
73 74
73 75
73 78
73 82
73 83
73 84
73 85
73 88
73 91
73 92
73 93
73 94
73 96
73 98
73 101
73 102
73 103
73 105
73 106
73 108
73 109
73 112
73 113
73 116
73 117
73 119
74 77
74 80
74 81
74 83
74 85
74 86
74 87
74 88
74 89
74 90
74 92
74 93
74 94
74 95
74 96
74 97
74 98
74 99
74 100
74 101
74 102
74 104
74 105
74 106
74 107
74 108
74 110
74 111
74 112
74 115
74 116
74 117
74 119
75 77
75 78
75 81
75 83
75 84
75 86
75 89
75 95
75 98
75 103
75 104
75 105
75 107
75 108
75 109
75 111
75 112
75 113
75 115
75 117
75 118
75 119
76 78
76 82
76 88
76 90
76 91
76 93
76 94
76 98
76 99
76 101
76 103
76 106
76 111
76 113
76 115
76 116
76 119
77 79
77 80
77 81
77 87
77 89
77 90
77 91
77 94
77 96
77 104
77 110
77 111
77 112
77 113
77 114
77 116
77 117
77 119
78 79
78 80
78 86
78 87
78 88
78 89
78 95
78 97
78 102
78 108
78 111
78 112
78 115
78 118
79 82
79 83
79 84
79 85
79 86
79 89
79 90
79 92
79 93
79 94
79 95
79 96
79 99
79 103
79 107
79 109
79 112
79 114
79 115
79 116
79 117
79 118
79 119
80 82
80 83
80 84
80 85
80 86
80 88
80 92
80 95
80 96
80 99
80 101
80 103
80 104
80 105
80 108
80 109
80 118
81 82
81 85
81 86
81 89
81 92
81 93
81 95
81 96
81 97
81 98
81 100
81 103
81 104
81 105
81 109
81 110
81 119
82 83
82 84
82 86
82 87
82 88
82 90
82 94
82 96
82 97
82 98
82 99
82 104
82 106
82 108
82 109
82 110
82 113
82 114
82 117
82 118
83 84
83 85
83 86
83 87
83 94
83 95
83 96
83 97
83 99
83 100
83 102
83 103
83 104
83 108
83 110
83 112
83 114
83 116
83 119
84 86
84 89
84 94
84 95
84 97
84 98
84 100
84 101
84 103
84 104
84 105
84 106
84 109
84 113
84 114
84 115
84 117
84 118
85 88
85 92
85 97
85 99
85 100
85 101
85 102
85 103
85 105
85 106
85 107
85 110
85 111
85 112
85 117
85 119
86 87
86 92
86 93
86 94
86 95
86 96
86 97
86 100
86 109
86 111
86 112
86 113
86 114
86 115
86 119
87 88
87 91
87 94
87 96
87 98
87 100
87 101
87 105
87 107
87 111
87 113
87 114
87 117
87 119
88 90
88 92
88 94
88 96
88 97
88 98
88 99
88 100
88 106
88 111
88 119
89 90
89 92
89 94
89 98
89 99
89 102
89 103
89 105
89 106
89 107
89 108
89 111
89 112
89 115
89 116
89 117
90 93
90 97
90 99
90 100
90 101
90 107
90 111
90 112
90 113
90 114
90 115
90 117
90 118
91 92
91 96
91 97
91 98
91 100
91 101
91 103
91 105
91 106
91 110
91 111
91 113
91 114
91 115
91 117
91 119
92 93
92 94
92 98
92 99
92 102
92 103
92 104
92 106
92 107
92 109
92 112
92 114
92 115
92 118
92 119
93 94
93 97
93 98
93 101
93 102
93 104
93 106
93 107
93 109
93 110
93 111
93 112
93 115
93 116
93 117
93 118
94 95
94 96
94 97
94 98
94 108
94 111
94 115
94 116
94 119
95 97
95 98
95 101
95 104
95 105
95 106
95 107
95 109
95 112
95 113
95 114
95 116
95 117
95 119
96 97
96 98
96 99
96 101
96 104
96 106
96 107
96 108
96 111
96 112
96 113
96 115
96 116
96 117
97 101
97 103
97 104
97 105
97 106
97 107
97 108
97 109
97 112
97 113
97 115
97 116
97 118
97 119
98 100
98 103
98 105
98 106
98 108
98 109
98 112
98 117
98 119
99 100
99 102
99 103
99 104
99 105
99 106
99 110
99 111
99 114
99 115
99 116
99 118
100 101
100 103
100 105
100 110
100 112
100 114
100 116
100 117
100 119
101 103
101 104
101 106
101 108
101 109
101 113
101 115
101 116
101 117
101 118
102 104
102 107
102 109
102 111
102 115
102 116
102 117
102 118
103 106
103 107
103 108
103 109
103 111
103 116
103 117
103 118
104 106
104 107
104 108
104 111
104 114
104 116
104 118
105 107
105 108
105 109
105 110
105 111
105 112
105 113
105 114
105 115
105 118
106 109
106 113
106 114
106 115
106 117
107 114
107 118
108 109
108 111
108 113
108 115
108 118
109 111
109 112
109 113
109 116
109 117
109 119
110 113
110 115
111 114
111 116
111 117
111 118
111 119
112 113
112 115
112 117
112 118
112 119
113 116
113 117
113 118
113 119
114 116
114 117
114 118
115 116
115 117
115 119
117 118
117 119
118 119
53 97
78 93
55 96
83 113
38 57
63 86
58 103
8 47
11 95
68 82
64 79
36 110
67 106
20 30
18 35
107 115
22 60
29 73
25 71
5 85
9 39
49 118
27 90
31 112
89 111
43 76
33 108
26 37
3 15
21 70
59 99
51 66
19 24
94 98
52 61
40 119
1 44
41 80
42 46
54 65
13 23
28 102
84 105
16 101
0 12
87 104
4 56
74 114
77 92
75 91
32 69
14 45
7 50
10 72
17 109
81 116
100 117
2 88
6 34
48 62
