120
3613
60
0 3
0 5
0 8
0 9
0 10
0 12
0 14
0 16
0 18
0 19
0 20
0 22
0 23
0 24
0 25
0 29
0 32
0 34
0 37
0 38
0 40
0 41
0 44
0 45
0 46
0 50
0 51
0 52
0 55
0 57
0 59
0 61
0 62
0 63
0 66
0 67
0 69
0 70
0 72
0 73
0 74
0 75
0 80
0 81
0 83
0 84
0 86
0 91
0 95
0 97
0 98
0 99
0 100
0 101
0 103
0 105
0 107
0 108
0 111
0 113
0 117
0 118
0 119
1 5
1 6
1 10
1 11
1 14
1 19
1 20
1 21
1 24
1 25
1 26
1 27
1 28
1 31
1 36
1 37
1 39
1 40
1 41
1 42
1 43
1 46
1 47
1 50
1 54
1 56
1 57
1 62
1 66
1 68
1 69
1 70
1 75
1 77
1 78
1 79
1 81
1 83
1 84
1 86
1 90
1 91
1 94
1 95
1 101
1 102
1 104
1 105
1 106
1 111
1 113
1 114
1 116
1 117
1 119
2 3
2 6
2 7
2 9
2 10
2 12
2 14
2 18
2 21
2 25
2 26
2 27
2 33
2 34
2 40
2 42
2 43
2 45
2 46
2 51
2 52
2 54
2 55
2 56
2 61
2 63
2 68
2 69
2 70
2 71
2 73
2 74
2 76
2 82
2 84
2 87
2 88
2 89
2 90
2 91
2 93
2 94
2 96
2 97
2 100
2 101
2 104
2 105
2 108
2 109
2 110
2 111
2 113
2 117
3 5
3 14
3 16
3 19
3 21
3 22
3 23
3 24
3 28
3 31
3 32
3 33
3 35
3 36
3 38
3 42
3 45
3 46
3 48
3 50
3 51
3 52
3 53
3 54
3 55
3 56
3 60
3 63
3 68
3 69
3 70
3 72
3 73
3 74
3 75
3 76
3 77
3 79
3 81
3 82
3 84
3 86
3 87
3 89
3 91
3 94
3 95
3 98
3 100
3 102
3 104
3 105
3 108
3 110
3 112
3 114
3 115
3 116
3 118
4 8
4 11
4 12
4 13
4 14
4 15
4 16
4 17
4 18
4 21
4 22
4 24
4 25
4 27
4 28
4 30
4 33
4 37
4 39
4 41
4 42
4 43
4 45
4 46
4 51
4 58
4 59
4 60
4 62
4 67
4 69
4 70
4 71
4 72
4 73
4 74
4 75
4 77
4 78
4 79
4 85
4 89
4 90
4 92
4 93
4 94
4 99
4 100
4 102
4 108
4 113
4 114
4 116
5 7
5 8
5 10
5 11
5 12
5 13
5 14
5 15
5 16
5 20
5 21
5 22
5 23
5 24
5 27
5 28
5 31
5 32
5 35
5 36
5 38
5 42
5 45
5 49
5 51
5 52
5 55
5 56
5 58
5 59
5 60
5 62
5 63
5 67
5 68
5 72
5 74
5 78
5 79
5 80
5 83
5 85
5 88
5 92
5 93
5 94
5 95
5 98
5 100
5 101
5 102
5 103
5 105
5 108
5 111
5 112
5 115
5 116
5 118
6 8
6 14
6 15
6 18
6 19
6 23
6 24
6 25
6 27
6 33
6 35
6 39
6 40
6 42
6 46
6 47
6 49
6 51
6 52
6 55
6 57
6 58
6 59
6 61
6 62
6 64
6 65
6 66
6 67
6 69
6 70
6 72
6 73
6 74
6 75
6 78
6 79
6 84
6 85
6 87
6 88
6 90
6 91
6 92
6 93
6 97
6 100
6 102
6 105
6 107
6 108
6 110
6 111
6 113
6 114
6 115
6 116
6 117
6 118
7 8
7 10
7 12
7 13
7 14
7 15
7 23
7 25
7 26
7 27
7 28
7 29
7 31
7 33
7 34
7 38
7 40
7 42
7 43
7 44
7 45
7 46
7 47
7 51
7 52
7 53
7 54
7 55
7 56
7 59
7 61
7 62
7 70
7 71
7 73
7 76
7 78
7 80
7 81
7 86
7 90
7 96
7 97
7 98
7 99
7 101
7 103
7 105
7 109
7 110
7 112
7 115
7 116
7 118
7 119
8 9
8 11
8 12
8 13
8 14
8 15
8 16
8 17
8 18
8 20
8 22
8 26
8 31
8 33
8 37
8 43
8 50
8 51
8 53
8 54
8 56
8 57
8 59
8 61
8 65
8 66
8 68
8 71
8 72
8 73
8 75
8 77
8 78
8 82
8 84
8 85
8 87
8 90
8 91
8 92
8 93
8 95
8 96
8 98
8 99
8 100
8 103
8 104
8 105
8 108
8 109
8 110
8 115
8 116
8 119
9 13
9 14
9 15
9 16
9 17
9 18
9 20
9 22
9 24
9 25
9 27
9 31
9 34
9 35
9 36
9 37
9 38
9 40
9 42
9 43
9 44
9 45
9 47
9 48
9 50
9 53
9 54
9 55
9 56
9 62
9 64
9 65
9 67
9 68
9 71
9 72
9 75
9 76
9 77
9 81
9 83
9 84
9 85
9 87
9 88
9 89
9 90
9 92
9 93
9 94
9 95
9 97
9 102
9 103
9 105
9 106
9 108
9 110
9 114
9 117
9 118
9 119
10 13
10 14
10 16
10 18
10 22
10 23
10 24
10 28
10 29
10 33
10 39
10 40
10 42
10 44
10 46
10 47
10 49
10 50
10 51
10 52
10 53
10 54
10 55
10 56
10 57
10 61
10 64
10 69
10 70
10 71
10 74
10 76
10 78
10 79
10 82
10 85
10 89
10 90
10 92
10 93
10 94
10 95
10 96
10 97
10 98
10 99
10 101
10 108
10 110
10 111
10 112
10 113
10 115
10 118
10 119
11 14
11 17
11 19
11 20
11 21
11 22
11 23
11 26
11 27
11 28
11 32
11 34
11 35
11 36
11 37
11 38
11 40
11 41
11 43
11 46
11 47
11 52
11 53
11 54
11 58
11 60
11 63
11 65
11 66
11 69
11 70
11 71
11 74
11 76
11 78
11 81
11 82
11 85
11 86
11 90
11 92
11 95
11 99
11 101
11 103
11 105
11 106
11 109
11 110
11 111
11 112
11 116
11 117
11 118
11 119
12 14
12 16
12 18
12 20
12 23
12 28
12 31
12 32
12 33
12 34
12 35
12 37
12 38
12 42
12 44
12 46
12 48
12 49
12 53
12 55
12 57
12 63
12 64
12 67
12 68
12 69
12 70
12 72
12 74
12 76
12 77
12 81
12 82
12 83
12 84
12 86
12 87
12 88
12 89
12 90
12 92
12 96
12 97
12 98
12 103
12 106
12 108
12 111
12 112
12 114
12 115
12 116
12 118
13 14
13 15
13 16
13 21
13 24
13 27
13 30
13 34
13 36
13 37
13 38
13 39
13 40
13 42
13 47
13 52
13 53
13 54
13 55
13 61
13 66
13 69
13 71
13 72
13 74
13 75
13 76
13 77
13 80
13 81
13 82
13 83
13 92
13 93
13 96
13 102
13 104
13 105
13 107
13 109
13 110
13 112
13 113
13 114
13 115
13 117
13 119
14 16
14 18
14 19
14 21
14 22
14 24
14 27
14 31
14 35
14 37
14 39
14 40
14 43
14 46
14 47
14 48
14 49
14 51
14 54
14 55
14 59
14 61
14 65
14 68
14 69
14 71
14 72
14 74
14 77
14 79
14 84
14 88
14 89
14 91
14 92
14 93
14 95
14 96
14 100
14 104
14 106
14 107
14 109
14 111
14 114
14 116
14 117
14 118
14 119
15 16
15 21
15 22
15 23
15 27
15 29
15 33
15 35
15 37
15 38
15 42
15 43
15 44
15 49
15 52
15 54
15 55
15 56
15 59
15 64
15 65
15 66
15 67
15 68
15 69
15 70
15 72
15 73
15 74
15 75
15 76
15 77
15 78
15 80
15 82
15 84
15 86
15 88
15 89
15 90
15 91
15 94
15 96
15 97
15 105
15 107
15 111
15 112
15 114
15 116
15 117
15 119
16 17
16 18
16 20
16 22
16 24
16 28
16 32
16 33
16 35
16 40
16 41
16 43
16 44
16 46
16 47
16 48
16 49
16 51
16 52
16 53
16 56
16 58
16 59
16 61
16 62
16 63
16 65
16 66
16 67
16 68
16 69
16 71
16 73
16 74
16 76
16 83
16 86
16 87
16 89
16 94
16 95
16 96
16 97
16 98
16 99
16 100
16 102
16 105
16 106
16 107
16 110
16 111
16 112
16 113
16 114
16 118
16 119
17 18
17 21
17 22
17 24
17 25
17 30
17 31
17 32
17 35
17 36
17 38
17 39
17 40
17 42
17 46
17 48
17 53
17 55
17 56
17 57
17 60
17 61
17 62
17 63
17 64
17 65
17 66
17 67
17 68
17 70
17 71
17 73
17 74
17 78
17 80
17 81
17 83
17 86
17 88
17 90
17 91
17 93
17 95
17 97
17 99
17 100
17 101
17 102
17 106
17 107
17 108
17 109
17 111
17 112
17 114
17 115
17 116
17 117
17 118
17 119
18 20
18 21
18 23
18 24
18 27
18 28
18 29
18 30
18 31
18 35
18 36
18 40
18 43
18 46
18 49
18 50
18 51
18 52
18 54
18 55
18 58
18 59
18 61
18 67
18 69
18 71
18 73
18 74
18 75
18 76
18 77
18 78
18 79
18 88
18 89
18 92
18 94
18 98
18 100
18 104
18 108
18 110
18 114
18 116
18 117
18 118
18 119
19 29
19 30
19 32
19 34
19 39
19 40
19 41
19 42
19 45
19 47
19 49
19 50
19 52
19 53
19 54
19 55
19 56
19 57
19 58
19 63
19 67
19 68
19 74
19 77
19 78
19 81
19 82
19 83
19 86
19 88
19 90
19 91
19 93
19 94
19 95
19 98
19 102
19 103
19 104
19 105
19 106
19 107
19 111
19 112
19 118
19 119
20 21
20 22
20 23
20 25
20 26
20 28
20 29
20 30
20 31
20 32
20 33
20 37
20 38
20 40
20 45
20 46
20 47
20 48
20 50
20 53
20 58
20 59
20 60
20 61
20 63
20 65
20 66
20 71
20 72
20 74
20 76
20 77
20 79
20 87
20 89
20 90
20 96
20 97
20 99
20 100
20 102
20 103
20 108
20 109
20 111
20 113
20 115
20 118
21 23
21 25
21 29
21 30
21 32
21 39
21 40
21 42
21 44
21 49
21 51
21 54
21 55
21 56
21 58
21 59
21 63
21 64
21 66
21 69
21 70
21 71
21 72
21 74
21 75
21 76
21 77
21 78
21 81
21 83
21 86
21 87
21 88
21 93
21 94
21 95
21 96
21 98
21 100
21 104
21 106
21 107
21 108
21 110
21 111
21 112
21 114
21 118
21 119
22 23
22 24
22 25
22 26
22 27
22 29
22 30
22 32
22 36
22 37
22 40
22 41
22 42
22 46
22 49
22 50
22 51
22 55
22 56
22 57
22 59
22 60
22 62
22 63
22 64
22 66
22 67
22 70
22 72
22 74
22 75
22 76
22 77
22 79
22 80
22 81
22 83
22 84
22 85
22 88
22 89
22 90
22 92
22 96
22 98
22 99
22 100
22 102
22 104
22 107
22 109
22 110
22 115
23 24
23 25
23 27
23 28
23 30
23 32
23 35
23 38
23 41
23 42
23 44
23 47
23 48
23 50
23 51
23 53
23 54
23 59
23 60
23 62
23 63
23 64
23 65
23 66
23 70
23 71
23 73
23 76
23 77
23 79
23 80
23 82
23 84
23 85
23 90
23 92
23 95
23 97
23 98
23 99
23 101
23 104
23 105
23 107
23 111
23 112
23 113
23 119
24 26
24 31
24 33
24 35
24 38
24 40
24 45
24 48
24 49
24 51
24 53
24 54
24 57
24 58
24 61
24 62
24 65
24 68
24 69
24 70
24 71
24 73
24 75
24 76
24 80
24 82
24 83
24 91
24 92
24 95
24 96
24 97
24 98
24 101
24 103
24 104
24 106
24 110
24 111
24 112
24 113
24 114
24 115
25 27
25 29
25 32
25 35
25 37
25 43
25 47
25 50
25 52
25 54
25 56
25 57
25 59
25 60
25 62
25 63
25 67
25 68
25 71
25 72
25 73
25 74
25 75
25 77
25 79
25 80
25 81
25 82
25 83
25 84
25 87
25 88
25 89
25 90
25 92
25 96
25 99
25 100
25 101
25 103
25 104
25 105
25 108
25 110
25 111
25 113
25 114
26 27
26 29
26 30
26 31
26 32
26 33
26 34
26 35
26 36
26 37
26 38
26 39
26 41
26 43
26 46
26 48
26 49
26 51
26 52
26 53
26 55
26 57
26 58
26 61
26 63
26 64
26 66
26 67
26 69
26 70
26 71
26 77
26 78
26 79
26 80
26 82
26 83
26 84
26 85
26 86
26 90
26 91
26 92
26 93
26 94
26 95
26 97
26 98
26 99
26 101
26 102
26 105
26 110
26 118
26 119
27 29
27 30
27 32
27 33
27 34
27 37
27 40
27 43
27 44
27 48
27 49
27 50
27 52
27 53
27 56
27 57
27 60
27 61
27 63
27 65
27 67
27 68
27 69
27 71
27 74
27 75
27 76
27 80
27 82
27 83
27 84
27 85
27 87
27 88
27 89
27 90
27 91
27 94
27 95
27 98
27 100
27 102
27 103
27 104
27 105
27 108
27 110
27 113
27 115
27 116
27 117
27 118
27 119
28 31
28 32
28 33
28 34
28 38
28 40
28 41
28 45
28 46
28 49
28 52
28 53
28 56
28 59
28 60
28 62
28 63
28 65
28 66
28 74
28 75
28 76
28 77
28 78
28 80
28 81
28 84
28 88
28 90
28 93
28 95
28 96
28 98
28 100
28 101
28 102
28 103
28 104
28 105
28 109
28 112
28 115
28 116
28 117
29 32
29 33
29 36
29 38
29 39
29 40
29 44
29 46
29 48
29 51
29 52
29 53
29 54
29 60
29 61
29 62
29 64
29 65
29 66
29 67
29 69
29 70
29 74
29 75
29 76
29 78
29 79
29 83
29 86
29 89
29 91
29 92
29 93
29 94
29 95
29 97
29 98
29 99
29 101
29 102
29 103
29 105
29 106
29 107
29 112
29 113
29 115
29 116
29 117
29 119
30 32
30 36
30 37
30 39
30 43
30 46
30 48
30 49
30 50
30 51
30 55
30 56
30 57
30 62
30 64
30 65
30 67
30 70
30 74
30 75
30 77
30 78
30 79
30 80
30 83
30 84
30 86
30 88
30 89
30 93
30 96
30 102
30 103
30 104
30 105
30 106
30 110
30 111
30 113
30 115
30 116
31 32
31 33
31 35
31 38
31 39
31 40
31 44
31 47
31 50
31 51
31 55
31 58
31 60
31 62
31 64
31 66
31 67
31 69
31 70
31 71
31 72
31 73
31 74
31 75
31 78
31 79
31 80
31 81
31 82
31 83
31 86
31 87
31 89
31 90
31 92
31 93
31 95
31 97
31 98
31 99
31 100
31 101
31 103
31 105
31 106
31 107
31 110
31 111
31 113
31 114
31 115
31 116
31 117
31 118
32 35
32 36
32 37
32 38
32 41
32 44
32 45
32 46
32 47
32 48
32 49
32 52
32 53
32 55
32 56
32 57
32 58
32 61
32 62
32 63
32 68
32 70
32 71
32 73
32 74
32 76
32 78
32 79
32 80
32 81
32 83
32 84
32 87
32 89
32 90
32 91
32 97
32 100
32 101
32 103
32 110
32 112
32 114
32 116
32 118
32 119
33 35
33 38
33 39
33 42
33 44
33 45
33 46
33 48
33 50
33 54
33 56
33 57
33 58
33 59
33 60
33 61
33 62
33 64
33 65
33 66
33 67
33 68
33 69
33 70
33 71
33 74
33 75
33 76
33 77
33 83
33 84
33 85
33 89
33 92
33 93
33 95
33 96
33 97
33 99
33 101
33 102
33 104
33 106
33 107
33 110
33 112
33 116
33 117
34 35
34 36
34 38
34 39
34 40
34 41
34 42
34 43
34 44
34 47
34 51
34 52
34 53
34 56
34 59
34 61
34 62
34 64
34 67
34 68
34 69
34 70
34 71
34 73
34 74
34 75
34 77
34 80
34 87
34 89
34 90
34 93
34 95
34 96
34 97
34 98
34 99
34 101
34 102
34 104
34 106
34 107
34 108
34 109
34 111
34 112
34 114
34 117
34 119
35 38
35 39
35 40
35 41
35 42
35 44
35 45
35 48
35 49
35 52
35 54
35 57
35 59
35 61
35 63
35 64
35 66
35 68
35 69
35 72
35 74
35 77
35 78
35 79
35 82
35 83
35 84
35 86
35 87
35 89
35 91
35 93
35 94
35 95
35 96
35 97
35 98
35 99
35 100
35 101
35 106
35 108
35 109
35 110
35 111
35 116
35 117
36 38
36 40
36 42
36 43
36 46
36 49
36 50
36 51
36 52
36 53
36 56
36 58
36 59
36 60
36 65
36 69
36 71
36 72
36 76
36 78
36 80
36 81
36 82
36 83
36 84
36 85
36 86
36 91
36 92
36 93
36 94
36 97
36 103
36 104
36 106
36 107
36 109
36 111
36 113
36 114
36 115
37 38
37 40
37 41
37 42
37 44
37 46
37 48
37 49
37 53
37 54
37 55
37 56
37 60
37 62
37 63
37 64
37 65
37 66
37 67
37 68
37 69
37 71
37 73
37 75
37 78
37 81
37 82
37 83
37 85
37 87
37 88
37 92
37 97
37 98
37 99
37 102
37 107
37 108
37 116
37 117
37 118
38 43
38 44
38 45
38 46
38 47
38 48
38 52
38 58
38 60
38 62
38 64
38 66
38 67
38 68
38 69
38 70
38 71
38 73
38 76
38 77
38 79
38 81
38 82
38 84
38 86
38 87
38 88
38 89
38 91
38 96
38 100
38 101
38 102
38 104
38 106
38 110
38 115
38 116
38 118
38 119
39 42
39 43
39 47
39 48
39 49
39 52
39 53
39 54
39 56
39 57
39 58
39 60
39 63
39 64
39 65
39 67
39 69
39 70
39 71
39 73
39 77
39 78
39 80
39 82
39 83
39 87
39 91
39 92
39 97
39 99
39 102
39 103
39 107
39 110
39 112
39 113
39 115
40 41
40 42
40 43
40 51
40 53
40 57
40 58
40 59
40 60
40 62
40 65
40 67
40 69
40 72
40 74
40 75
40 77
40 78
40 79
40 80
40 81
40 86
40 88
40 90
40 91
40 92
40 93
40 95
40 96
40 97
40 99
40 101
40 103
40 104
40 105
40 106
40 107
40 111
40 117
40 119
41 44
41 46
41 49
41 51
41 54
41 57
41 58
41 59
41 63
41 64
41 65
41 70
41 71
41 72
41 76
41 84
41 85
41 93
41 95
41 97
41 100
41 102
41 104
41 106
41 107
41 111
41 115
41 116
41 117
41 119
42 44
42 45
42 47
42 50
42 53
42 54
42 55
42 62
42 63
42 69
42 73
42 74
42 75
42 77
42 80
42 81
42 84
42 85
42 86
42 87
42 90
42 92
42 93
42 97
42 100
42 103
42 104
42 105
42 106
42 109
42 110
42 113
42 115
42 116
42 119
43 44
43 49
43 53
43 56
43 62
43 63
43 65
43 66
43 67
43 69
43 70
43 71
43 72
43 74
43 77
43 78
43 81
43 84
43 85
43 86
43 89
43 90
43 91
43 92
43 98
43 101
43 105
43 109
43 111
43 115
43 116
43 119
44 45
44 46
44 50
44 52
44 53
44 55
44 56
44 59
44 60
44 61
44 63
44 64
44 65
44 68
44 69
44 70
44 71
44 73
44 75
44 79
44 81
44 82
44 84
44 85
44 86
44 90
44 92
44 93
44 98
44 99
44 100
44 101
44 102
44 103
44 104
44 110
44 111
44 113
44 114
44 115
44 117
45 46
45 47
45 48
45 51
45 52
45 57
45 58
45 61
45 62
45 64
45 67
45 68
45 69
45 71
45 72
45 75
45 76
45 77
45 78
45 80
45 83
45 84
45 86
45 88
45 89
45 90
45 91
45 92
45 93
45 94
45 95
45 96
45 97
45 99
45 100
45 110
45 115
45 118
45 119
46 48
46 50
46 52
46 53
46 55
46 56
46 58
46 60
46 62
46 66
46 70
46 73
46 75
46 77
46 78
46 79
46 81
46 82
46 84
46 86
46 87
46 89
46 92
46 94
46 95
46 97
46 103
46 104
46 106
46 108
46 109
46 110
46 111
46 112
46 113
46 115
46 117
46 118
47 49
47 50
47 51
47 53
47 54
47 55
47 57
47 61
47 63
47 64
47 66
47 67
47 69
47 70
47 71
47 72
47 73
47 74
47 76
47 77
47 79
47 82
47 85
47 87
47 88
47 92
47 94
47 95
47 96
47 97
47 100
47 103
47 105
47 106
47 107
47 109
47 110
47 111
47 113
47 115
47 116
47 117
47 118
48 50
48 54
48 55
48 56
48 57
48 58
48 59
48 62
48 63
48 66
48 69
48 71
48 74
48 77
48 78
48 81
48 82
48 83
48 84
48 89
48 92
48 93
48 94
48 95
48 96
48 97
48 98
48 102
48 103
48 104
48 106
48 108
48 109
48 112
48 113
48 117
48 118
48 119
49 50
49 51
49 52
49 53
49 54
49 55
49 56
49 57
49 59
49 60
49 63
49 65
49 66
49 68
49 70
49 71
49 72
49 73
49 77
49 79
49 81
49 82
49 84
49 85
49 87
49 88
49 89
49 91
49 93
49 94
49 95
49 98
49 100
49 101
49 103
49 104
49 107
49 109
49 112
49 113
49 115
49 116
49 117
50 51
50 56
50 57
50 58
50 59
50 63
50 65
50 69
50 72
50 74
50 75
50 78
50 80
50 83
50 84
50 85
50 86
50 87
50 90
50 92
50 95
50 97
50 101
50 103
50 104
50 105
50 107
50 108
50 109
50 110
50 111
50 112
50 113
50 114
50 115
50 117
50 118
51 56
51 57
51 59
51 61
51 62
51 64
51 65
51 66
51 67
51 68
51 71
51 72
51 73
51 75
51 76
51 79
51 81
51 83
51 85
51 89
51 90
51 92
51 94
51 97
51 98
51 102
51 105
51 109
51 110
51 113
51 114
51 118
52 54
52 57
52 58
52 62
52 65
52 66
52 73
52 76
52 78
52 81
52 83
52 84
52 86
52 91
52 93
52 95
52 96
52 100
52 101
52 102
52 103
52 104
52 109
52 112
52 114
52 118
52 119
53 55
53 56
53 57
53 59
53 62
53 64
53 65
53 66
53 68
53 70
53 71
53 79
53 80
53 81
53 82
53 85
53 86
53 88
53 91
53 92
53 94
53 95
53 96
53 97
53 99
53 100
53 104
53 106
53 107
53 108
53 110
53 111
53 113
53 114
53 116
53 118
53 119
54 55
54 57
54 58
54 59
54 64
54 66
54 67
54 68
54 70
54 71
54 72
54 73
54 74
54 75
54 77
54 79
54 80
54 85
54 86
54 88
54 90
54 91
54 93
54 95
54 96
54 97
54 100
54 101
54 104
54 106
54 107
54 110
54 112
54 114
54 115
54 116
54 117
54 119
55 56
55 58
55 59
55 63
55 66
55 67
55 68
55 72
55 73
55 74
55 77
55 78
55 79
55 84
55 86
55 88
55 89
55 91
55 93
55 95
55 99
55 100
55 102
55 103
55 110
55 111
55 112
55 114
55 116
55 119
56 57
56 59
56 61
56 65
56 66
56 73
56 77
56 78
56 81
56 84
56 85
56 87
56 88
56 92
56 94
56 95
56 97
56 99
56 100
56 107
56 109
56 111
56 113
56 116
56 117
56 119
57 58
57 59
57 64
57 65
57 66
57 68
57 74
57 76
57 82
57 83
57 85
57 87
57 88
57 90
57 91
57 92
57 94
57 95
57 101
57 106
57 108
57 111
57 112
57 117
57 119
58 60
58 62
58 63
58 64
58 67
58 68
58 69
58 72
58 73
58 74
58 79
58 80
58 82
58 84
58 85
58 86
58 87
58 89
58 93
58 94
58 96
58 102
58 103
58 104
58 106
58 107
58 109
58 110
58 111
58 114
58 115
59 62
59 63
59 66
59 67
59 68
59 69
59 70
59 71
59 72
59 73
59 74
59 75
59 76
59 80
59 81
59 83
59 84
59 85
59 87
59 89
59 91
59 94
59 95
59 96
59 99
59 100
59 103
59 104
59 107
59 108
59 112
59 113
59 114
59 116
59 118
59 119
60 62
60 63
60 64
60 65
60 66
60 67
60 68
60 71
60 73
60 76
60 77
60 78
60 80
60 81
60 84
60 87
60 88
60 93
60 95
60 98
60 101
60 103
60 104
60 107
60 108
60 112
60 113
60 115
60 119
61 67
61 68
61 72
61 73
61 74
61 77
61 78
61 79
61 80
61 81
61 84
61 87
61 88
61 89
61 98
61 100
61 101
61 102
61 103
61 104
61 105
61 107
61 108
61 111
61 113
61 116
61 117
61 118
61 119
62 65
62 67
62 68
62 69
62 70
62 71
62 72
62 73
62 76
62 77
62 79
62 85
62 86
62 89
62 90
62 91
62 92
62 93
62 94
62 97
62 98
62 100
62 102
62 103
62 105
62 106
62 107
62 108
62 109
62 116
62 118
63 65
63 67
63 69
63 70
63 71
63 74
63 76
63 77
63 80
63 81
63 82
63 83
63 85
63 91
63 92
63 93
63 94
63 98
63 102
63 103
63 104
63 105
63 108
63 110
63 113
63 115
63 116
63 117
63 118
63 119
64 65
64 66
64 68
64 69
64 72
64 74
64 75
64 76
64 77
64 79
64 80
64 81
64 82
64 85
64 86
64 87
64 89
64 92
64 93
64 98
64 99
64 102
64 107
64 108
64 110
64 111
64 112
64 113
64 116
65 66
65 68
65 72
65 73
65 74
65 75
65 76
65 79
65 80
65 85
65 90
65 94
65 95
65 96
65 99
65 100
65 101
65 104
65 106
65 108
65 109
65 111
65 113
65 114
65 115
65 116
65 118
65 119
66 67
66 75
66 78
66 80
66 81
66 85
66 86
66 87
66 88
66 90
66 92
66 95
66 97
66 98
66 99
66 100
66 101
66 103
66 104
66 105
66 106
66 107
66 110
66 112
66 117
67 68
67 70
67 72
67 76
67 77
67 83
67 85
67 87
67 89
67 90
67 93
67 94
67 96
67 97
67 98
67 99
67 101
67 104
67 106
67 107
67 108
67 109
67 110
67 111
67 113
67 114
67 115
68 70
68 71
68 72
68 73
68 75
68 76
68 79
68 80
68 87
68 88
68 92
68 95
68 96
68 97
68 98
68 99
68 100
68 101
68 102
68 103
68 104
68 105
68 108
68 110
68 113
68 118
68 119
69 70
69 71
69 72
69 75
69 76
69 77
69 79
69 80
69 82
69 83
69 86
69 89
69 90
69 91
69 93
69 96
69 97
69 99
69 101
69 104
69 106
69 107
69 109
69 111
69 114
69 115
69 116
70 71
70 73
70 74
70 75
70 76
70 77
70 78
70 79
70 81
70 82
70 85
70 87
70 89
70 94
70 97
70 101
70 105
70 106
70 109
70 111
70 112
70 119
71 73
71 75
71 76
71 79
71 81
71 84
71 85
71 86
71 89
71 90
71 91
71 96
71 98
71 100
71 101
71 105
71 106
71 107
71 108
71 110
71 118
71 119
72 74
72 79
72 80
72 81
72 83
72 85
72 86
72 87
72 88
72 91
72 92
72 93
72 94
72 95
72 98
72 99
72 100
72 102
72 105
72 106
72 111
72 112
72 113
72 115
72 117
72 119
73 74
73 80
73 81
73 83
73 84
73 85
73 86
73 87
73 88
73 90
73 91
73 92
73 95
73 96
73 97
73 98
73 99
73 103
73 105
73 106
73 107
73 109
73 110
73 111
73 116
73 117
74 80
74 81
74 84
74 85
74 86
74 89
74 90
74 94
74 95
74 100
74 104
74 107
74 110
74 113
74 114
74 116
74 117
74 118
75 80
75 82
75 83
75 84
75 87
75 89
75 93
75 99
75 102
75 103
75 107
75 108
75 109
75 110
75 114
75 115
75 116
75 117
75 119
76 77
76 85
76 87
76 88
76 91
76 95
76 97
76 100
76 101
76 104
76 105
76 108
76 109
76 110
76 113
76 116
77 81
77 82
77 86
77 87
77 88
77 90
77 94
77 96
77 98
77 99
77 101
77 103
77 106
77 107
77 115
77 116
77 117
77 118
77 119
78 79
78 81
78 82
78 83
78 86
78 87
78 88
78 89
78 90
78 92
78 94
78 95
78 96
78 98
78 99
78 103
78 104
78 106
78 108
78 109
78 110
78 111
78 113
78 114
78 116
78 117
78 118
79 80
79 81
79 83
79 86
79 88
79 89
79 90
79 92
79 96
79 99
79 101
79 102
79 104
79 105
79 107
79 108
79 109
79 113
79 115
79 119
80 81
80 85
80 88
80 89
80 90
80 91
80 92
80 93
80 94
80 95
80 96
80 98
80 99
80 101
80 103
80 105
80 107
80 108
80 110
80 113
80 114
80 115
80 116
80 117
81 82
81 86
81 89
81 90
81 95
81 96
81 98
81 99
81 100
81 102
81 103
81 106
81 107
81 108
81 110
81 115
81 117
81 119
82 90
82 92
82 93
82 101
82 104
82 111
82 114
82 116
82 117
82 118
83 88
83 89
83 90
83 91
83 93
83 94
83 95
83 96
83 99
83 101
83 102
83 105
83 106
83 107
83 110
83 111
83 113
83 114
83 115
83 117
84 87
84 88
84 93
84 94
84 98
84 99
84 100
84 103
84 104
84 105
84 106
84 109
84 110
84 111
84 112
84 119
85 88
85 95
85 96
85 97
85 98
85 99
85 102
85 104
85 108
85 111
85 112
85 114
85 115
85 116
86 91
86 93
86 98
86 99
86 101
86 103
86 109
86 112
86 114
86 117
86 118
86 119
87 90
87 95
87 98
87 99
87 100
87 101
87 103
87 104
87 107
87 108
87 109
87 110
87 112
87 115
87 118
87 119
88 89
88 91
88 93
88 94
88 95
88 96
88 97
88 100
88 105
88 107
88 108
88 109
88 111
88 114
88 115
88 116
88 117
89 94
89 96
89 99
89 100
89 103
89 105
89 106
89 107
89 109
89 110
89 115
89 117
90 91
90 93
90 97
90 103
90 105
90 108
90 110
90 111
90 114
90 115
90 116
90 117
90 118
91 97
91 98
91 99
91 100
91 101
91 104
91 107
91 108
91 111
91 112
91 115
91 116
91 118
91 119
92 94
92 96
92 100
92 101
92 103
92 105
92 107
92 108
92 109
92 110
92 112
92 115
92 117
92 119
93 94
93 95
93 96
93 97
93 103
93 104
93 106
93 107
93 111
93 112
93 113
93 114
93 115
94 95
94 97
94 99
94 100
94 104
94 105
94 108
94 113
94 114
94 116
94 117
94 118
94 119
95 96
95 97
95 98
95 99
95 100
95 103
95 107
95 109
95 112
95 113
95 114
95 115
95 116
95 117
96 97
96 98
96 100
96 101
96 102
96 105
96 108
96 109
96 110
96 112
96 116
96 117
96 118
97 101
97 102
97 104
97 105
97 106
97 108
97 110
97 111
97 113
97 114
97 115
97 116
97 117
97 119
98 101
98 102
98 103
98 105
98 107
98 110
98 112
98 117
98 119
99 101
99 103
99 104
99 105
99 108
99 109
99 110
99 112
99 114
99 115
99 117
99 119
100 101
100 102
100 106
100 107
100 108
100 109
100 111
100 113
100 114
100 115
100 117
100 118
100 119
101 103
101 105
101 107
101 109
101 110
101 111
101 113
101 118
101 119
102 103
102 107
102 108
102 110
102 111
102 114
102 115
103 104
103 105
103 109
103 110
103 111
103 113
103 114
103 117
103 118
104 105
104 106
104 108
104 109
104 110
104 111
104 113
104 116
104 118
105 108
105 112
105 113
105 115
105 116
105 117
106 108
106 109
106 110
106 113
106 114
106 116
106 117
106 118
107 109
107 112
107 115
107 117
107 119
108 110
108 111
108 112
108 113
108 114
108 115
108 118
108 119
109 112
109 114
109 115
110 114
110 115
110 116
110 117
110 118
111 113
111 115
111 117
111 118
111 119
112 113
112 114
112 116
112 117
113 114
113 115
113 118
113 119
114 116
115 116
115 117
115 119
116 117
117 118
58 64
60 96
22 48
2 100
51 113
17 82
41 99
63 80
16 103
25 89
5 12
0 24
57 109
98 119
37 46
75 97
114 116
18 102
15 91
30 85
42 88
92 104
1 34
6 84
44 115
23 32
36 78
45 69
52 95
20 65
43 83
8 71
28 118
72 112
27 94
31 106
21 74
38 86
39 93
33 81
26 54
40 55
3 108
67 90
10 79
14 19
68 117
77 87
4 61
56 105
11 62
35 76
7 53
59 70
29 111
49 110
47 73
9 50
101 107
13 66
