80
1547
40
0 1
0 3
0 5
0 6
0 7
0 8
0 10
0 15
0 16
0 17
0 18
0 19
0 20
0 24
0 27
0 32
0 33
0 35
0 37
0 40
0 41
0 44
0 45
0 46
0 48
0 49
0 50
0 51
0 52
0 55
0 56
0 61
0 63
0 65
0 69
0 70
0 71
0 74
0 75
1 2
1 6
1 7
1 9
1 10
1 12
1 13
1 14
1 15
1 16
1 17
1 18
1 21
1 25
1 27
1 28
1 29
1 32
1 33
1 34
1 35
1 36
1 37
1 38
1 49
1 50
1 55
1 56
1 61
1 63
1 65
1 66
1 70
1 72
1 74
1 79
2 4
2 7
2 9
2 10
2 11
2 13
2 14
2 15
2 17
2 19
2 21
2 22
2 23
2 24
2 25
2 29
2 30
2 31
2 32
2 33
2 36
2 41
2 43
2 44
2 46
2 47
2 49
2 50
2 51
2 52
2 55
2 56
2 59
2 60
2 62
2 63
2 65
2 67
2 69
2 72
2 74
2 75
2 76
2 77
2 78
3 4
3 5
3 7
3 8
3 9
3 10
3 11
3 12
3 13
3 14
3 15
3 22
3 23
3 24
3 26
3 27
3 28
3 30
3 31
3 32
3 35
3 36
3 41
3 42
3 48
3 50
3 51
3 54
3 55
3 58
3 60
3 61
3 62
3 66
3 67
3 69
3 70
3 72
3 74
3 75
3 76
3 78
3 79
4 6
4 8
4 10
4 12
4 14
4 16
4 17
4 18
4 19
4 22
4 24
4 25
4 26
4 28
4 30
4 33
4 34
4 35
4 38
4 39
4 41
4 43
4 45
4 58
4 60
4 61
4 64
4 65
4 67
4 68
4 70
4 74
4 75
4 77
4 78
4 79
5 7
5 10
5 11
5 12
5 14
5 15
5 18
5 19
5 20
5 25
5 26
5 28
5 29
5 33
5 34
5 36
5 37
5 43
5 48
5 50
5 51
5 52
5 54
5 55
5 57
5 65
5 66
5 72
5 73
5 74
5 75
5 77
5 78
6 9
6 12
6 13
6 16
6 20
6 21
6 22
6 24
6 25
6 26
6 27
6 28
6 29
6 30
6 31
6 34
6 36
6 38
6 44
6 45
6 48
6 50
6 52
6 54
6 55
6 56
6 57
6 58
6 59
6 61
6 62
6 64
6 65
6 66
6 67
6 68
6 69
6 71
6 73
6 79
7 8
7 11
7 13
7 15
7 17
7 22
7 24
7 25
7 27
7 29
7 31
7 33
7 34
7 36
7 38
7 42
7 44
7 45
7 46
7 47
7 55
7 57
7 60
7 63
7 64
7 65
7 67
7 70
7 74
7 75
7 76
7 77
7 78
7 79
8 10
8 11
8 13
8 16
8 17
8 19
8 20
8 23
8 25
8 27
8 28
8 29
8 34
8 41
8 42
8 43
8 45
8 46
8 50
8 51
8 52
8 54
8 56
8 63
8 65
8 66
8 68
8 69
8 73
8 75
8 76
8 77
8 79
9 10
9 11
9 12
9 14
9 15
9 18
9 19
9 20
9 22
9 25
9 28
9 29
9 33
9 36
9 37
9 38
9 41
9 42
9 49
9 51
9 55
9 56
9 59
9 61
9 64
9 65
9 66
9 67
9 68
9 69
9 70
9 71
9 72
9 74
10 11
10 12
10 14
10 15
10 18
10 20
10 21
10 23
10 24
10 25
10 26
10 27
10 29
10 31
10 33
10 35
10 36
10 42
10 43
10 46
10 48
10 54
10 55
10 56
10 57
10 59
10 60
10 61
10 63
10 64
10 66
10 67
10 70
10 71
10 72
10 75
10 79
11 12
11 13
11 14
11 15
11 19
11 21
11 23
11 24
11 25
11 26
11 27
11 28
11 29
11 30
11 31
11 33
11 34
11 35
11 38
11 39
11 41
11 42
11 47
11 49
11 50
11 52
11 53
11 54
11 57
11 62
11 63
11 67
11 68
11 69
11 70
11 71
11 75
11 77
12 17
12 24
12 27
12 28
12 30
12 31
12 39
12 41
12 42
12 43
12 44
12 49
12 54
12 57
12 58
12 60
12 61
12 62
12 66
12 69
12 70
12 71
12 72
12 74
12 75
13 15
13 16
13 19
13 20
13 25
13 26
13 27
13 28
13 29
13 31
13 32
13 34
13 36
13 37
13 38
13 39
13 40
13 41
13 42
13 44
13 48
13 50
13 51
13 53
13 54
13 59
13 61
13 62
13 63
13 65
13 66
13 69
13 71
13 72
13 76
13 79
14 15
14 16
14 19
14 21
14 23
14 25
14 26
14 27
14 29
14 30
14 36
14 38
14 42
14 47
14 48
14 49
14 50
14 51
14 55
14 57
14 60
14 62
14 63
14 67
14 70
14 72
14 74
14 77
15 18
15 20
15 21
15 25
15 26
15 33
15 34
15 38
15 41
15 42
15 43
15 44
15 46
15 48
15 49
15 50
15 51
15 52
15 57
15 59
15 60
15 62
15 67
15 75
15 77
16 17
16 20
16 24
16 25
16 27
16 28
16 30
16 31
16 41
16 42
16 43
16 45
16 47
16 50
16 52
16 53
16 55
16 57
16 58
16 59
16 60
16 64
16 65
16 66
16 69
16 71
16 73
16 74
16 75
16 77
16 79
17 18
17 19
17 21
17 23
17 24
17 30
17 31
17 32
17 34
17 37
17 38
17 44
17 45
17 46
17 49
17 51
17 52
17 53
17 55
17 56
17 57
17 58
17 59
17 61
17 65
17 70
17 71
17 72
17 75
17 78
18 22
18 25
18 26
18 30
18 33
18 34
18 36
18 37
18 38
18 39
18 43
18 44
18 46
18 49
18 51
18 52
18 53
18 55
18 56
18 57
18 60
18 61
18 63
18 64
18 65
18 67
18 69
18 70
18 76
18 77
18 78
18 79
19 20
19 21
19 23
19 26
19 27
19 29
19 33
19 37
19 39
19 40
19 46
19 52
19 53
19 58
19 59
19 60
19 63
19 64
19 65
19 66
19 67
19 68
19 69
19 70
19 71
19 77
19 79
20 21
20 22
20 23
20 24
20 27
20 28
20 31
20 34
20 35
20 37
20 39
20 41
20 42
20 45
20 51
20 52
20 53
20 57
20 58
20 59
20 61
20 62
20 63
20 66
20 67
20 68
20 70
20 76
21 22
21 23
21 25
21 26
21 28
21 30
21 32
21 33
21 35
21 36
21 37
21 39
21 40
21 43
21 44
21 47
21 48
21 49
21 51
21 54
21 56
21 59
21 60
21 64
21 66
21 67
21 69
21 70
21 75
21 76
22 23
22 24
22 26
22 27
22 30
22 32
22 33
22 34
22 36
22 42
22 43
22 44
22 47
22 48
22 50
22 53
22 54
22 56
22 57
22 58
22 60
22 61
22 63
22 64
22 65
22 66
22 67
22 70
22 71
22 74
22 76
22 77
22 79
23 25
23 27
23 28
23 34
23 37
23 38
23 40
23 43
23 45
23 48
23 49
23 55
23 57
23 58
23 60
23 61
23 63
23 66
23 68
23 69
23 71
23 72
23 73
23 74
23 75
23 76
23 77
23 78
23 79
24 25
24 26
24 29
24 33
24 37
24 39
24 42
24 44
24 46
24 49
24 53
24 54
24 56
24 58
24 59
24 60
24 61
24 62
24 70
24 71
24 73
24 76
24 78
24 79
25 26
25 27
25 28
25 30
25 32
25 33
25 35
25 40
25 42
25 46
25 51
25 53
25 56
25 57
25 62
25 64
25 65
25 67
25 71
25 74
25 75
25 76
25 77
26 27
26 29
26 32
26 33
26 38
26 40
26 46
26 48
26 50
26 52
26 53
26 54
26 55
26 56
26 58
26 59
26 61
26 63
26 66
26 67
26 68
26 71
26 73
26 74
26 78
26 79
27 29
27 30
27 31
27 32
27 33
27 34
27 38
27 40
27 41
27 46
27 49
27 52
27 53
27 54
27 55
27 56
27 57
27 60
27 62
27 63
27 67
27 68
27 73
27 75
27 76
27 77
28 31
28 32
28 36
28 37
28 38
28 39
28 41
28 42
28 43
28 44
28 51
28 52
28 55
28 56
28 59
28 61
28 62
28 63
28 66
28 67
28 72
28 74
28 75
28 76
28 78
29 30
29 33
29 34
29 38
29 41
29 42
29 44
29 45
29 46
29 50
29 53
29 54
29 55
29 56
29 59
29 65
29 68
29 69
29 70
29 76
29 78
29 79
30 31
30 32
30 33
30 34
30 35
30 36
30 37
30 39
30 41
30 42
30 43
30 44
30 47
30 48
30 49
30 52
30 53
30 56
30 57
30 58
30 60
30 63
30 64
30 66
30 71
30 72
30 74
30 79
31 33
31 34
31 36
31 37
31 39
31 40
31 41
31 42
31 43
31 44
31 46
31 48
31 49
31 50
31 53
31 56
31 59
31 63
31 71
31 74
31 75
31 76
31 77
31 79
32 33
32 40
32 43
32 44
32 47
32 53
32 54
32 55
32 58
32 59
32 60
32 61
32 62
32 63
32 64
32 65
32 71
32 72
32 73
32 79
33 35
33 36
33 38
33 40
33 41
33 44
33 45
33 46
33 47
33 48
33 51
33 54
33 56
33 59
33 60
33 62
33 67
33 68
33 69
33 73
33 75
33 76
33 77
33 78
34 36
34 37
34 38
34 39
34 40
34 47
34 48
34 51
34 52
34 53
34 55
34 56
34 58
34 61
34 62
34 64
34 65
34 66
34 67
34 68
34 71
34 73
34 76
34 77
35 36
35 37
35 38
35 39
35 40
35 41
35 44
35 45
35 47
35 48
35 49
35 50
35 51
35 52
35 54
35 55
35 57
35 58
35 60
35 62
35 63
35 64
35 66
35 67
35 71
35 72
35 73
35 78
36 40
36 43
36 45
36 46
36 47
36 48
36 49
36 57
36 58
36 60
36 61
36 63
36 64
36 65
36 66
36 67
36 68
36 70
36 71
36 73
36 75
36 79
37 40
37 48
37 52
37 53
37 57
37 58
37 59
37 60
37 64
37 67
37 68
37 71
37 72
37 74
37 75
37 77
38 39
38 41
38 46
38 52
38 53
38 55
38 56
38 58
38 59
38 60
38 61
38 62
38 63
38 66
38 67
38 71
38 75
38 77
39 40
39 41
39 43
39 45
39 46
39 47
39 48
39 51
39 52
39 57
39 58
39 59
39 61
39 62
39 63
39 64
39 69
39 70
39 73
39 74
39 78
40 41
40 46
40 47
40 49
40 50
40 52
40 53
40 57
40 59
40 60
40 61
40 64
40 65
40 66
40 67
40 69
40 72
40 74
40 75
40 76
40 79
41 42
41 47
41 48
41 49
41 50
41 52
41 53
41 57
41 62
41 68
41 70
41 74
41 75
41 77
41 78
42 43
42 44
42 46
42 47
42 50
42 52
42 58
42 59
42 60
42 62
42 64
42 71
42 74
42 75
42 76
42 78
43 45
43 46
43 48
43 49
43 50
43 54
43 56
43 57
43 60
43 61
43 66
43 69
43 71
43 72
43 78
44 45
44 51
44 53
44 60
44 62
44 63
44 65
44 68
44 69
44 70
44 73
44 74
44 76
44 77
45 48
45 49
45 53
45 54
45 55
45 58
45 59
45 63
45 64
45 65
45 67
45 68
45 69
45 70
45 72
45 73
45 79
46 47
46 48
46 51
46 52
46 55
46 56
46 57
46 58
46 60
46 63
46 66
46 69
46 70
46 71
46 72
46 77
46 79
47 49
47 53
47 54
47 55
47 56
47 58
47 59
47 60
47 61
47 62
47 63
47 66
47 67
47 68
47 70
47 71
47 77
47 78
48 49
48 53
48 56
48 57
48 58
48 59
48 60
48 61
48 64
48 65
48 68
48 69
48 71
48 72
48 74
48 75
49 51
49 52
49 53
49 60
49 61
49 62
49 63
49 64
49 69
49 71
49 72
49 73
49 74
49 77
49 79
50 53
50 57
50 58
50 59
50 60
50 61
50 68
50 69
50 75
50 76
50 78
50 79
51 53
51 59
51 62
51 64
51 65
51 66
51 67
51 70
51 73
51 74
51 75
51 77
51 78
52 53
52 54
52 56
52 57
52 59
52 62
52 66
52 67
52 70
52 72
52 73
52 77
52 79
53 55
53 56
53 59
53 60
53 62
53 64
53 66
53 71
53 74
53 76
54 57
54 60
54 61
54 62
54 64
54 67
54 70
54 72
54 73
54 75
54 76
54 77
54 79
55 58
55 60
55 64
55 69
55 70
55 71
55 75
55 77
55 79
56 60
56 61
56 62
56 63
56 65
56 66
56 69
56 73
56 75
57 58
57 60
57 61
57 64
57 66
57 67
57 69
57 70
57 71
57 73
57 76
57 77
58 60
58 62
58 63
58 65
58 66
58 67
58 68
58 69
58 70
58 73
58 75
58 78
59 61
59 62
59 64
59 65
59 70
59 71
59 72
59 73
59 75
59 79
60 61
60 63
60 65
60 66
60 67
60 69
60 73
60 74
60 75
60 76
60 77
60 78
60 79
61 62
61 63
61 67
61 69
61 73
61 74
61 75
61 77
61 79
62 65
62 70
62 74
62 75
62 77
63 64
63 66
63 68
63 69
63 71
63 73
63 74
63 75
63 76
63 77
63 78
63 79
64 66
64 68
64 70
64 72
64 77
64 78
64 79
65 68
65 72
65 74
65 75
66 68
66 69
66 70
66 72
66 73
66 74
66 75
66 76
66 77
66 78
67 68
67 72
67 73
67 74
67 75
67 77
67 79
68 69
68 72
68 77
68 78
68 79
69 71
69 72
69 74
69 76
70 71
70 76
70 77
70 78
70 79
71 76
71 77
72 73
72 74
72 76
72 79
73 75
73 79
74 75
74 78
75 78
75 79
76 77
76 79
77 78
78 79
16 65
40 64
66 71
37 68
12 72
19 31
24 38
32 51
18 46
4 59
27 75
55 63
44 50
34 41
8 47
48 52
26 43
9 78
49 67
39 60
6 36
13 56
70 79
15 58
3 61
35 76
10 77
2 21
5 25
17 29
0 74
14 45
7 22
30 57
23 28
42 69
1 53
33 62
54 73
11 20
