80
1616
40
0 2
0 7
0 8
0 9
0 10
0 12
0 15
0 16
0 17
0 19
0 23
0 24
0 25
0 27
0 28
0 29
0 30
0 31
0 32
0 35
0 36
0 39
0 40
0 42
0 43
0 44
0 45
0 46
0 47
0 48
0 51
0 52
0 53
0 57
0 61
0 63
0 65
0 69
0 70
0 71
0 72
0 75
1 4
1 6
1 7
1 8
1 9
1 13
1 15
1 17
1 24
1 25
1 26
1 27
1 31
1 32
1 33
1 35
1 37
1 40
1 42
1 44
1 46
1 49
1 51
1 53
1 57
1 59
1 60
1 62
1 65
1 66
1 67
1 68
1 69
1 71
1 75
1 76
1 77
1 78
1 79
2 4
2 6
2 8
2 9
2 10
2 12
2 13
2 14
2 15
2 17
2 19
2 22
2 24
2 25
2 26
2 29
2 30
2 32
2 33
2 37
2 40
2 42
2 46
2 49
2 52
2 56
2 57
2 59
2 60
2 61
2 62
2 68
2 69
2 70
2 71
2 73
2 74
2 77
2 79
3 5
3 6
3 7
3 8
3 9
3 10
3 12
3 14
3 15
3 20
3 21
3 22
3 23
3 24
3 27
3 29
3 30
3 31
3 34
3 37
3 38
3 40
3 43
3 44
3 45
3 49
3 50
3 53
3 54
3 55
3 57
3 58
3 59
3 61
3 62
3 64
3 68
3 71
3 72
3 73
3 75
3 76
3 77
3 78
3 79
4 9
4 10
4 11
4 14
4 16
4 17
4 19
4 20
4 21
4 23
4 24
4 26
4 30
4 31
4 33
4 38
4 39
4 40
4 41
4 42
4 43
4 45
4 46
4 48
4 49
4 53
4 55
4 56
4 59
4 60
4 61
4 62
4 64
4 65
4 66
4 72
4 74
4 75
4 77
5 7
5 10
5 11
5 15
5 16
5 17
5 18
5 19
5 22
5 24
5 26
5 28
5 29
5 30
5 31
5 38
5 39
5 40
5 41
5 42
5 45
5 47
5 49
5 50
5 51
5 52
5 53
5 57
5 58
5 59
5 64
5 66
5 69
5 71
5 72
5 74
5 75
5 76
5 77
6 7
6 9
6 10
6 11
6 12
6 14
6 20
6 22
6 24
6 25
6 29
6 30
6 33
6 35
6 38
6 39
6 41
6 43
6 44
6 46
6 47
6 48
6 49
6 50
6 51
6 54
6 56
6 58
6 60
6 61
6 64
6 69
6 72
6 73
6 74
6 76
6 78
6 79
7 8
7 9
7 10
7 11
7 13
7 14
7 17
7 18
7 20
7 21
7 23
7 24
7 25
7 26
7 27
7 28
7 32
7 34
7 35
7 37
7 39
7 40
7 41
7 42
7 43
7 44
7 46
7 48
7 51
7 52
7 53
7 55
7 60
7 61
7 62
7 63
7 64
7 65
7 67
7 68
7 71
7 72
7 75
7 78
8 10
8 12
8 14
8 16
8 17
8 18
8 23
8 25
8 27
8 28
8 29
8 30
8 31
8 37
8 38
8 39
8 41
8 43
8 45
8 46
8 49
8 51
8 52
8 54
8 55
8 58
8 59
8 61
8 64
8 65
8 66
8 67
8 68
8 69
8 70
8 72
8 74
8 75
8 76
8 77
8 78
8 79
9 11
9 13
9 16
9 18
9 19
9 24
9 25
9 29
9 32
9 33
9 34
9 35
9 36
9 37
9 38
9 40
9 43
9 48
9 53
9 54
9 55
9 56
9 57
9 58
9 59
9 60
9 61
9 62
9 64
9 65
9 66
9 67
9 70
9 72
9 75
9 77
9 78
9 79
10 13
10 15
10 18
10 19
10 20
10 21
10 22
10 23
10 30
10 35
10 36
10 40
10 41
10 43
10 44
10 45
10 51
10 52
10 54
10 56
10 58
10 61
10 62
10 63
10 64
10 66
10 67
10 69
10 70
10 72
10 74
10 76
10 78
11 12
11 14
11 16
11 20
11 21
11 24
11 26
11 27
11 29
11 30
11 32
11 33
11 36
11 40
11 43
11 44
11 45
11 46
11 50
11 52
11 53
11 54
11 55
11 57
11 58
11 59
11 60
11 61
11 62
11 63
11 64
11 67
11 69
11 70
11 75
11 76
11 77
12 13
12 14
12 22
12 24
12 25
12 26
12 28
12 32
12 33
12 34
12 36
12 38
12 39
12 40
12 41
12 43
12 44
12 49
12 53
12 54
12 55
12 57
12 59
12 62
12 64
12 67
12 69
12 72
12 73
12 75
13 14
13 15
13 19
13 20
13 21
13 22
13 23
13 25
13 28
13 36
13 43
13 45
13 46
13 48
13 52
13 56
13 57
13 59
13 61
13 62
13 63
13 65
13 66
13 69
13 70
13 71
13 72
13 73
13 74
13 75
13 76
14 15
14 16
14 17
14 19
14 21
14 22
14 25
14 28
14 31
14 34
14 36
14 37
14 38
14 39
14 41
14 43
14 45
14 48
14 49
14 52
14 54
14 56
14 58
14 59
14 62
14 70
14 75
14 77
15 16
15 17
15 18
15 20
15 21
15 22
15 25
15 26
15 27
15 29
15 30
15 32
15 34
15 35
15 38
15 39
15 40
15 42
15 46
15 47
15 49
15 51
15 52
15 54
15 58
15 59
15 61
15 62
15 63
15 65
15 67
15 70
15 73
15 74
15 77
15 78
16 17
16 21
16 22
16 24
16 26
16 28
16 30
16 32
16 33
16 35
16 37
16 38
16 41
16 44
16 47
16 49
16 55
16 56
16 58
16 59
16 61
16 64
16 65
16 68
16 70
16 72
16 74
16 76
16 77
17 18
17 19
17 23
17 24
17 25
17 26
17 27
17 28
17 33
17 35
17 36
17 39
17 43
17 44
17 46
17 48
17 51
17 55
17 56
17 57
17 58
17 59
17 60
17 65
17 69
17 71
17 73
17 74
17 78
17 79
18 22
18 28
18 32
18 34
18 35
18 37
18 40
18 42
18 45
18 48
18 49
18 52
18 57
18 58
18 62
18 64
18 65
18 67
18 68
18 72
18 76
18 77
18 78
18 79
19 20
19 21
19 22
19 23
19 24
19 25
19 26
19 29
19 33
19 34
19 38
19 40
19 43
19 47
19 48
19 49
19 50
19 52
19 53
19 54
19 57
19 58
19 60
19 61
19 63
19 64
19 67
19 68
19 69
19 74
19 76
19 79
20 23
20 28
20 29
20 34
20 37
20 38
20 40
20 41
20 44
20 47
20 48
20 49
20 50
20 51
20 53
20 54
20 55
20 58
20 62
20 63
20 64
20 65
20 70
20 72
20 73
20 77
21 22
21 23
21 26
21 27
21 33
21 34
21 35
21 37
21 39
21 43
21 45
21 46
21 47
21 48
21 49
21 50
21 51
21 52
21 53
21 54
21 57
21 58
21 59
21 60
21 64
21 65
21 66
21 67
21 68
21 70
21 73
21 77
22 24
22 26
22 27
22 29
22 31
22 37
22 38
22 39
22 40
22 42
22 44
22 45
22 46
22 48
22 49
22 50
22 52
22 56
22 57
22 58
22 59
22 61
22 62
22 63
22 64
22 65
22 66
22 67
22 70
22 74
22 75
22 76
22 77
22 78
23 24
23 32
23 33
23 34
23 36
23 37
23 41
23 42
23 43
23 45
23 46
23 47
23 49
23 53
23 54
23 55
23 56
23 57
23 59
23 60
23 61
23 64
23 65
23 67
23 68
23 69
23 71
23 73
23 74
23 75
23 76
23 77
24 27
24 29
24 31
24 32
24 36
24 38
24 39
24 41
24 48
24 50
24 62
24 65
24 67
24 69
24 70
24 71
24 72
24 74
24 75
25 27
25 30
25 33
25 34
25 35
25 37
25 38
25 39
25 41
25 43
25 44
25 45
25 46
25 47
25 49
25 50
25 54
25 57
25 59
25 62
25 63
25 68
25 69
25 74
25 79
26 27
26 31
26 32
26 38
26 39
26 42
26 45
26 46
26 47
26 49
26 50
26 51
26 52
26 56
26 61
26 63
26 64
26 65
26 66
26 68
26 69
26 71
26 73
26 75
26 77
27 29
27 30
27 31
27 34
27 36
27 37
27 38
27 39
27 40
27 41
27 43
27 44
27 45
27 50
27 51
27 54
27 55
27 59
27 62
27 63
27 64
27 68
27 70
27 71
27 72
27 73
27 74
27 75
27 77
28 29
28 35
28 37
28 38
28 39
28 41
28 46
28 50
28 51
28 56
28 59
28 60
28 62
28 67
28 68
28 69
28 70
28 73
28 74
28 77
28 78
29 33
29 36
29 39
29 40
29 49
29 52
29 55
29 56
29 57
29 58
29 59
29 62
29 63
29 65
29 66
29 70
29 71
29 73
29 74
29 76
29 77
30 34
30 39
30 40
30 42
30 45
30 46
30 47
30 48
30 49
30 51
30 52
30 56
30 58
30 59
30 61
30 62
30 63
30 65
30 66
30 68
30 69
30 70
30 71
30 73
30 74
30 76
31 33
31 36
31 39
31 41
31 42
31 43
31 44
31 45
31 46
31 47
31 48
31 49
31 50
31 51
31 52
31 53
31 54
31 55
31 62
31 63
31 67
31 69
31 70
31 76
31 78
32 34
32 37
32 39
32 42
32 43
32 44
32 47
32 52
32 53
32 56
32 57
32 58
32 59
32 60
32 62
32 63
32 65
32 69
32 73
32 74
32 76
32 77
32 78
33 34
33 35
33 36
33 37
33 41
33 46
33 51
33 52
33 54
33 55
33 57
33 59
33 60
33 64
33 66
33 67
33 70
33 71
33 75
33 76
33 77
33 78
34 35
34 37
34 38
34 40
34 53
34 59
34 60
34 62
34 63
34 64
34 66
34 67
34 70
34 71
34 72
34 73
34 77
34 78
34 79
35 37
35 38
35 41
35 42
35 43
35 44
35 45
35 46
35 47
35 49
35 50
35 53
35 54
35 57
35 60
35 61
35 62
35 63
35 66
35 68
35 69
35 70
35 75
35 79
36 38
36 39
36 40
36 41
36 42
36 45
36 49
36 50
36 51
36 52
36 53
36 56
36 58
36 60
36 61
36 62
36 64
36 68
36 70
36 72
36 74
36 75
36 77
36 79
37 39
37 40
37 41
37 43
37 48
37 52
37 53
37 56
37 60
37 61
37 62
37 63
37 64
37 66
37 67
37 74
37 75
38 39
38 41
38 42
38 43
38 45
38 47
38 48
38 51
38 54
38 58
38 59
38 60
38 63
38 64
38 65
38 66
38 67
38 68
38 69
38 70
38 72
38 73
38 74
38 76
38 77
38 79
39 40
39 42
39 44
39 45
39 47
39 49
39 50
39 51
39 54
39 56
39 57
39 60
39 66
39 68
39 69
39 71
39 75
39 77
39 78
40 42
40 43
40 46
40 48
40 49
40 50
40 51
40 52
40 53
40 54
40 55
40 56
40 58
40 59
40 60
40 61
40 62
40 66
40 69
40 70
40 72
40 74
40 75
41 43
41 44
41 46
41 49
41 51
41 52
41 53
41 54
41 55
41 56
41 57
41 58
41 61
41 62
41 63
41 65
41 67
41 68
41 70
41 71
41 72
41 75
41 76
41 77
41 78
41 79
42 44
42 47
42 48
42 52
42 53
42 56
42 59
42 61
42 62
42 64
42 65
42 66
42 67
42 68
42 72
42 79
43 46
43 47
43 48
43 49
43 50
43 51
43 52
43 53
43 54
43 56
43 59
43 60
43 61
43 62
43 63
43 64
43 69
43 77
43 78
43 79
44 45
44 47
44 50
44 51
44 55
44 56
44 58
44 59
44 60
44 63
44 64
44 65
44 66
44 68
44 69
44 71
44 72
44 73
44 76
44 77
45 46
45 47
45 49
45 50
45 51
45 54
45 55
45 59
45 63
45 66
45 67
45 68
45 69
45 70
45 71
45 72
45 74
45 75
45 78
45 79
46 47
46 48
46 50
46 51
46 52
46 53
46 54
46 56
46 58
46 59
46 61
46 62
46 63
46 64
46 65
46 66
46 67
46 68
46 69
46 71
46 72
46 73
46 74
46 75
46 77
46 78
46 79
47 50
47 51
47 52
47 53
47 54
47 56
47 57
47 60
47 62
47 63
47 65
47 67
47 74
48 51
48 52
48 55
48 58
48 59
48 60
48 61
48 62
48 63
48 64
48 69
48 70
48 72
48 73
48 74
48 75
48 76
48 77
48 78
49 50
49 51
49 55
49 56
49 62
49 63
49 64
49 65
49 67
49 69
49 71
49 72
49 73
49 75
49 79
50 51
50 53
50 61
50 62
50 66
50 67
50 71
50 73
50 75
50 76
50 78
51 52
51 53
51 55
51 57
51 59
51 61
51 63
51 65
51 69
51 70
51 72
51 78
52 56
52 58
52 60
52 61
52 63
52 66
52 68
52 71
52 73
52 74
52 76
52 77
52 79
53 56
53 57
53 58
53 60
53 62
53 66
53 67
53 68
53 69
53 72
53 74
53 75
53 76
53 78
54 55
54 56
54 57
54 58
54 60
54 63
54 67
54 68
54 69
54 71
54 75
54 76
54 78
55 57
55 59
55 60
55 62
55 68
55 69
55 70
55 73
55 77
56 58
56 62
56 63
56 64
56 66
56 67
56 69
56 70
56 71
56 72
56 73
56 74
56 75
56 76
56 78
57 59
57 61
57 65
57 67
57 68
57 72
57 74
57 78
58 67
58 68
58 69
58 70
58 75
58 76
58 77
58 78
58 79
59 61
59 62
59 63
59 66
59 67
59 68
59 69
59 73
59 75
59 77
59 78
59 79
60 61
60 62
60 63
60 64
60 66
60 68
60 69
60 71
60 73
60 74
60 76
60 77
60 79
61 65
61 66
61 69
61 70
61 71
61 72
61 73
61 74
61 77
61 78
61 79
62 64
62 66
62 67
62 68
62 69
62 70
62 72
62 74
62 76
62 77
62 78
62 79
63 65
63 67
63 69
63 71
63 72
63 73
63 74
63 75
63 76
63 79
64 67
64 69
64 70
64 74
64 77
64 78
65 66
65 71
65 74
65 76
65 77
65 79
66 69
66 70
66 72
66 75
66 76
66 77
66 79
67 69
67 70
67 73
67 77
68 70
68 71
68 74
68 75
68 79
69 71
69 73
69 74
69 79
70 71
70 76
70 77
71 72
71 73
71 76
72 77
72 78
73 74
73 77
74 75
74 76
74 77
75 77
75 78
75 79
77 78
77 79
78 79
15 62
21 66
47 57
33 38
20 34
23 70
26 27
37 42
2 8
13 44
10 28
31 69
6 14
1 48
52 79
0 32
3 22
36 51
7 58
19 68
59 77
30 67
40 72
18 29
24 35
49 54
43 71
4 53
41 50
73 76
11 64
9 61
65 78
55 60
5 25
39 74
16 46
45 63
12 75
17 56
