90
801
45
0 13
0 15
0 20
0 21
0 24
0 28
0 32
0 41
0 43
0 54
0 55
0 60
0 71
0 75
0 79
0 85
0 87
1 6
1 19
1 20
1 26
1 44
1 54
1 57
1 58
1 60
1 62
1 68
1 70
1 71
1 72
1 76
1 80
2 3
2 4
2 6
2 7
2 11
2 19
2 20
2 22
2 23
2 27
2 34
2 40
2 41
2 44
2 45
2 46
2 47
2 50
2 60
2 66
2 72
2 77
2 78
2 87
3 4
3 10
3 12
3 16
3 31
3 33
3 35
3 37
3 42
3 44
3 49
3 50
3 51
3 53
3 60
3 64
3 83
3 85
4 5
4 8
4 21
4 28
4 33
4 43
4 48
4 57
4 62
4 66
4 68
4 80
4 86
4 87
4 88
5 15
5 19
5 28
5 29
5 33
5 47
5 59
5 65
5 68
5 74
5 76
5 88
6 7
6 14
6 23
6 28
6 30
6 55
6 66
6 73
6 79
6 80
6 82
6 86
7 8
7 10
7 15
7 31
7 33
7 35
7 37
7 44
7 46
7 49
7 54
7 58
7 62
7 65
7 70
7 71
7 73
7 76
7 88
8 19
8 21
8 25
8 31
8 38
8 39
8 50
8 51
8 53
8 59
8 65
8 68
8 70
8 82
9 16
9 19
9 20
9 22
9 25
9 39
9 46
9 48
9 51
9 58
9 61
9 62
9 65
9 68
9 69
9 76
9 79
9 84
10 16
10 18
10 23
10 32
10 45
10 57
10 73
10 77
10 81
10 85
10 87
10 89
11 19
11 22
11 30
11 34
11 35
11 42
11 56
11 62
11 65
11 68
11 72
11 82
11 83
11 84
11 89
12 17
12 20
12 21
12 27
12 39
12 41
12 58
12 65
12 73
13 17
13 20
13 21
13 28
13 29
13 41
13 56
13 59
13 62
13 73
14 19
14 22
14 24
14 26
14 27
14 31
14 33
14 38
14 40
14 41
14 42
14 52
14 53
14 59
14 61
14 63
14 66
14 75
14 80
14 82
14 85
14 86
14 88
15 20
15 27
15 33
15 41
15 46
15 49
15 52
15 54
15 60
15 83
16 19
16 20
16 22
16 26
16 30
16 36
16 43
16 55
16 56
16 69
16 70
16 73
16 80
16 82
16 85
16 89
17 21
17 24
17 25
17 27
17 29
17 31
17 32
17 35
17 42
17 43
17 48
17 49
17 51
17 56
17 57
17 60
17 70
17 71
17 73
17 74
17 76
17 81
17 84
17 85
17 87
18 25
18 36
18 37
18 41
18 44
18 66
18 76
18 82
19 20
19 21
19 25
19 31
19 41
19 58
19 60
19 63
19 75
19 80
19 86
19 89
20 25
20 28
20 30
20 32
20 43
20 45
20 50
20 59
20 64
20 66
20 67
20 68
20 79
20 84
20 85
20 88
21 27
21 34
21 38
21 43
21 45
21 48
21 54
21 56
21 63
21 68
21 72
21 74
21 77
21 83
22 26
22 30
22 31
22 36
22 46
22 52
22 56
22 62
22 70
22 82
23 31
23 37
23 41
23 46
23 47
23 54
23 56
23 66
23 70
23 71
23 76
23 77
23 89
24 25
24 26
24 30
24 41
24 44
24 45
24 46
24 53
24 65
24 68
24 69
24 70
24 79
24 81
24 84
24 85
24 88
25 27
25 29
25 37
25 38
25 41
25 42
25 51
25 57
25 66
25 69
25 70
25 73
25 76
25 79
25 82
26 45
26 49
26 50
26 60
26 64
26 71
26 78
27 28
27 34
27 37
27 42
27 55
27 77
27 79
28 32
28 36
28 37
28 38
28 41
28 46
28 49
28 50
28 51
28 58
28 61
28 69
28 76
28 78
28 81
28 84
28 87
29 32
29 33
29 42
29 61
29 69
29 77
29 79
29 82
29 85
30 52
30 53
30 54
30 59
30 66
30 72
30 89
31 34
31 36
31 37
31 40
31 58
31 61
31 65
31 69
31 75
31 80
31 87
31 88
32 35
32 41
32 47
32 53
32 59
32 60
32 64
32 65
32 69
32 79
33 44
33 50
33 52
33 57
33 60
33 62
33 65
33 69
33 71
33 77
33 79
33 81
34 39
34 45
34 46
34 48
34 56
34 57
34 66
34 69
34 72
34 80
34 86
35 43
35 46
35 49
35 57
35 68
35 70
35 78
35 79
35 87
36 41
36 53
36 58
36 64
36 65
36 66
36 76
36 81
36 83
36 85
36 89
37 43
37 45
37 46
37 52
37 59
37 62
37 64
37 65
37 66
37 67
37 74
37 75
37 87
37 88
37 89
38 46
38 47
38 48
38 49
38 57
38 58
38 73
38 74
38 89
39 42
39 43
39 51
39 56
39 57
39 65
39 66
39 73
39 85
40 43
40 56
40 60
40 62
40 67
40 82
40 83
40 88
41 43
41 45
41 46
41 52
41 61
41 66
41 72
41 76
41 85
41 89
42 48
42 56
42 61
42 65
42 81
42 83
42 84
42 85
42 86
42 89
43 54
43 55
43 60
43 62
43 65
43 72
43 76
43 78
43 82
43 86
43 87
44 51
44 55
44 61
44 69
44 74
44 81
44 86
45 46
45 47
45 50
45 52
45 54
45 63
45 65
45 72
45 81
45 82
45 83
45 85
45 86
45 87
46 47
46 48
46 57
46 61
46 70
46 71
46 75
46 77
46 79
46 83
46 89
47 49
47 59
47 66
47 70
47 71
47 80
47 86
48 49
48 51
48 54
48 56
48 57
48 62
48 63
48 66
48 69
48 74
48 77
48 81
48 84
48 85
48 89
49 53
49 54
49 62
49 67
49 70
49 72
49 73
49 75
50 51
50 52
50 61
50 62
50 66
50 71
50 75
50 76
50 81
50 82
50 85
51 54
51 55
51 59
51 65
51 74
51 76
51 78
51 84
51 85
51 86
51 87
52 53
52 56
52 60
52 61
52 62
52 65
52 69
52 70
52 71
52 72
52 78
52 89
53 56
53 57
53 61
53 68
53 78
53 79
53 80
53 82
53 86
54 58
54 60
54 71
54 72
54 73
54 75
54 89
55 62
55 66
55 68
55 74
55 77
55 80
55 82
55 83
56 58
56 59
56 64
56 69
56 77
56 80
56 85
57 65
57 73
57 76
57 82
57 85
58 62
58 69
58 72
58 83
59 61
59 70
59 78
59 89
60 61
60 64
60 66
60 71
60 72
60 77
60 80
60 82
60 87
61 72
61 79
61 83
61 87
62 67
62 71
62 73
62 80
62 83
62 85
62 87
63 68
63 69
63 75
63 79
63 81
63 84
64 66
64 70
64 75
64 85
64 88
64 89
65 78
65 80
66 78
66 83
66 87
67 70
67 82
68 73
68 75
68 76
69 76
69 79
70 84
70 87
70 89
71 73
71 76
71 77
71 78
71 88
72 79
72 84
72 88
73 86
73 88
74 80
74 85
74 87
74 89
75 77
75 78
75 83
75 85
75 87
76 80
76 81
76 86
77 78
77 81
77 86
78 79
78 87
78 88
78 89
79 86
80 86
80 87
81 85
81 88
82 84
82 87
83 88
84 85
85 89
86 88
15 57
32 48
14 16
65 68
77 82
18 73
20 44
55 76
41 46
38 71
2 6
9 59
60 79
19 86
52 84
21 29
34 36
58 83
35 74
50 56
22 45
17 53
11 80
66 69
31 61
24 49
27 62
8 40
26 51
13 75
0 54
4 7
1 39
63 87
23 78
12 25
64 89
37 67
30 33
5 43
70 81
3 85
10 42
28 88
47 72
