90
1171
45
0 6
0 8
0 9
0 11
0 15
0 17
0 23
0 24
0 27
0 28
0 30
0 32
0 39
0 43
0 46
0 47
0 49
0 50
0 52
0 53
0 56
0 58
0 59
0 60
0 62
0 66
0 70
0 73
0 75
0 78
0 81
0 83
0 88
1 9
1 12
1 17
1 26
1 27
1 35
1 36
1 40
1 43
1 45
1 52
1 57
1 60
1 71
1 84
2 4
2 14
2 18
2 21
2 26
2 28
2 32
2 35
2 40
2 42
2 43
2 47
2 49
2 50
2 51
2 52
2 62
2 63
2 65
2 68
2 75
2 79
2 83
2 85
2 86
2 88
3 6
3 14
3 15
3 16
3 17
3 22
3 23
3 28
3 30
3 31
3 33
3 35
3 36
3 41
3 43
3 53
3 54
3 56
3 59
3 68
3 69
3 70
3 74
3 76
3 78
3 79
3 80
3 82
3 84
3 85
3 87
4 9
4 10
4 11
4 12
4 14
4 17
4 18
4 23
4 29
4 30
4 32
4 33
4 35
4 36
4 39
4 40
4 41
4 45
4 46
4 50
4 53
4 57
4 63
4 65
4 66
4 67
4 68
4 74
4 84
4 85
5 9
5 11
5 12
5 13
5 16
5 18
5 23
5 24
5 30
5 33
5 43
5 46
5 50
5 51
5 52
5 54
5 55
5 62
5 63
5 72
5 73
5 78
5 80
5 81
5 83
5 84
5 88
6 9
6 10
6 19
6 24
6 30
6 36
6 39
6 43
6 47
6 48
6 51
6 53
6 58
6 61
6 62
6 63
6 65
6 70
6 81
6 82
6 84
6 87
6 88
7 11
7 13
7 17
7 19
7 30
7 35
7 37
7 38
7 40
7 41
7 42
7 51
7 54
7 56
7 58
7 60
7 61
7 63
7 66
7 67
7 68
7 73
7 74
7 75
7 77
7 79
7 80
7 82
7 89
8 21
8 22
8 30
8 33
8 42
8 45
8 48
8 59
8 61
8 63
8 65
8 67
8 68
8 69
8 73
8 74
8 75
8 81
8 88
8 89
9 13
9 14
9 27
9 30
9 33
9 38
9 39
9 40
9 41
9 43
9 50
9 51
9 55
9 58
9 62
9 66
9 71
9 73
9 75
9 77
9 79
9 80
9 86
9 87
9 89
10 12
10 21
10 23
10 25
10 26
10 27
10 30
10 31
10 34
10 35
10 38
10 39
10 40
10 43
10 59
10 63
10 77
10 83
10 89
11 12
11 14
11 17
11 18
11 22
11 26
11 27
11 37
11 40
11 43
11 44
11 49
11 51
11 56
11 58
11 60
11 65
11 67
11 72
11 73
11 74
11 77
11 80
11 85
11 86
11 89
12 13
12 14
12 15
12 18
12 22
12 23
12 25
12 26
12 28
12 33
12 34
12 37
12 41
12 44
12 49
12 53
12 56
12 62
12 63
12 65
12 71
12 77
12 80
12 82
12 88
12 89
13 23
13 30
13 33
13 34
13 39
13 46
13 48
13 52
13 57
13 59
13 63
13 65
13 67
13 72
13 73
13 77
13 78
13 80
13 82
13 84
13 86
14 18
14 20
14 25
14 27
14 31
14 35
14 37
14 38
14 43
14 48
14 59
14 61
14 66
14 68
14 72
14 80
14 82
15 16
15 18
15 19
15 20
15 23
15 24
15 26
15 30
15 32
15 34
15 38
15 42
15 44
15 51
15 52
15 58
15 65
15 68
15 70
15 71
15 72
15 77
15 81
15 86
15 87
16 19
16 25
16 30
16 31
16 32
16 33
16 34
16 37
16 38
16 41
16 44
16 45
16 46
16 53
16 55
16 60
16 63
16 69
16 70
16 71
16 73
16 75
16 78
16 81
16 84
16 86
16 89
17 18
17 20
17 23
17 24
17 26
17 27
17 35
17 37
17 38
17 42
17 51
17 53
17 54
17 69
17 70
17 80
17 81
17 83
17 88
18 25
18 29
18 30
18 33
18 35
18 36
18 42
18 44
18 50
18 52
18 53
18 55
18 58
18 64
18 72
18 77
18 79
18 80
18 82
19 20
19 23
19 25
19 35
19 37
19 39
19 41
19 52
19 53
19 57
19 60
19 67
19 69
19 70
19 73
19 75
19 76
19 78
19 80
19 82
19 89
20 21
20 22
20 26
20 29
20 31
20 39
20 40
20 44
20 45
20 56
20 58
20 64
20 73
20 76
20 78
20 81
20 86
21 24
21 25
21 29
21 36
21 40
21 41
21 44
21 49
21 53
21 71
21 73
21 74
21 75
21 76
21 79
21 80
21 81
21 82
21 84
21 87
22 23
22 25
22 29
22 30
22 31
22 33
22 35
22 41
22 46
22 47
22 51
22 54
22 56
22 57
22 62
22 63
22 67
22 69
22 70
22 71
22 74
22 85
23 24
23 28
23 30
23 32
23 37
23 40
23 51
23 52
23 54
23 59
23 60
23 61
23 62
23 63
23 67
23 68
23 70
23 72
23 79
23 84
23 88
23 89
24 25
24 26
24 29
24 34
24 36
24 42
24 44
24 51
24 56
24 57
24 58
24 60
24 62
24 65
24 66
24 67
24 68
24 72
24 79
24 81
24 82
24 84
24 85
24 87
25 43
25 45
25 48
25 49
25 53
25 57
25 62
25 63
25 65
25 67
25 74
25 76
25 80
25 89
26 29
26 32
26 34
26 35
26 37
26 44
26 46
26 47
26 50
26 55
26 57
26 62
26 67
26 71
26 72
26 74
26 78
26 80
26 81
26 82
26 88
27 33
27 35
27 37
27 43
27 49
27 51
27 52
27 54
27 59
27 60
27 66
27 68
27 81
27 82
27 85
28 30
28 38
28 40
28 41
28 44
28 46
28 49
28 51
28 52
28 53
28 55
28 61
28 62
28 69
28 72
28 84
28 86
29 30
29 38
29 39
29 43
29 46
29 53
29 60
29 61
29 64
29 68
29 71
29 72
29 78
29 88
30 39
30 50
30 51
30 53
30 54
30 56
30 59
30 62
30 63
30 66
30 67
30 69
30 71
30 75
30 76
30 82
30 83
30 84
30 86
31 32
31 33
31 35
31 37
31 40
31 46
31 47
31 49
31 50
31 51
31 52
31 54
31 66
31 70
31 77
31 79
31 84
32 37
32 38
32 53
32 56
32 57
32 58
32 61
32 66
32 70
32 72
32 76
32 78
32 81
32 82
32 83
32 86
32 88
33 37
33 44
33 47
33 54
33 57
33 61
33 62
33 67
33 73
33 75
33 79
33 83
33 87
34 39
34 40
34 41
34 42
34 43
34 46
34 49
34 51
34 53
34 60
34 63
34 67
34 68
34 69
34 70
34 76
34 82
35 37
35 38
35 41
35 42
35 43
35 45
35 47
35 53
35 56
35 60
35 61
35 64
35 67
35 68
35 71
35 72
35 78
35 88
36 47
36 65
36 66
36 73
36 76
36 77
36 82
36 83
36 85
36 87
36 88
37 43
37 54
37 55
37 63
37 65
37 67
37 78
37 81
37 85
37 86
37 89
38 39
38 44
38 46
38 47
38 49
38 51
38 52
38 54
38 57
38 62
38 66
38 69
38 73
38 74
38 76
38 78
38 79
38 80
38 81
38 83
38 84
38 88
38 89
39 41
39 43
39 44
39 45
39 46
39 51
39 53
39 54
39 55
39 63
39 64
39 65
39 66
39 71
39 72
39 80
39 83
39 88
40 42
40 43
40 46
40 49
40 52
40 54
40 55
40 61
40 64
40 70
40 74
40 80
40 82
40 85
40 86
40 87
40 88
41 44
41 47
41 50
41 51
41 52
41 53
41 55
41 56
41 57
41 58
41 60
41 64
41 77
41 78
41 81
41 86
42 43
42 51
42 52
42 55
42 60
42 61
42 73
42 75
42 81
43 44
43 46
43 50
43 52
43 57
43 59
43 61
43 63
43 65
43 70
43 77
43 88
44 48
44 51
44 52
44 53
44 58
44 68
44 70
44 74
44 80
44 84
45 47
45 50
45 52
45 53
45 56
45 61
45 63
45 64
45 66
45 74
45 75
45 79
45 80
45 82
45 89
46 49
46 51
46 54
46 56
46 67
46 72
46 75
46 80
46 87
46 88
46 89
47 49
47 54
47 59
47 61
47 66
47 67
47 70
47 71
47 72
47 75
47 77
47 84
48 51
48 52
48 56
48 57
48 59
48 60
48 61
48 63
48 67
48 68
48 72
48 74
48 77
48 79
48 83
48 87
48 88
49 54
49 57
49 63
49 66
49 71
49 72
49 74
49 76
49 78
49 80
49 81
49 86
49 89
50 57
50 59
50 64
50 67
50 70
50 71
50 74
50 77
50 79
50 80
50 82
50 84
50 86
50 88
50 89
51 54
51 61
51 63
51 65
51 66
51 70
51 71
51 73
51 83
51 86
51 89
52 54
52 55
52 59
52 64
52 70
52 71
52 74
52 75
52 78
52 89
53 54
53 56
53 61
53 67
53 69
53 79
53 82
53 84
53 85
53 86
54 55
54 56
54 57
54 59
54 63
54 67
54 68
54 69
54 71
54 76
54 77
54 79
54 81
54 86
54 88
55 60
55 62
55 67
55 75
55 78
55 85
55 86
55 88
56 58
56 60
56 66
56 69
56 70
56 76
56 82
56 84
56 88
57 61
57 64
57 65
57 66
57 69
57 71
57 75
57 78
57 80
57 82
57 85
57 86
58 64
58 68
58 70
58 73
58 79
58 84
58 85
58 89
59 60
59 70
59 76
59 88
60 61
60 72
60 77
60 81
60 85
60 87
61 63
61 65
61 66
61 78
61 82
61 89
62 63
62 64
62 65
62 76
62 85
62 87
63 67
63 79
63 81
63 85
63 86
63 88
64 66
64 67
64 69
64 76
64 77
64 78
64 83
64 85
65 66
65 68
65 69
65 71
65 72
65 78
66 70
66 77
66 79
66 80
66 83
66 87
67 68
67 73
67 74
67 77
67 88
67 89
68 70
68 71
68 72
68 73
68 74
68 82
68 89
69 75
69 83
69 87
70 77
70 81
70 87
70 88
71 72
71 76
71 78
71 83
72 76
72 79
72 82
72 84
73 74
73 77
73 78
73 83
73 85
73 86
73 88
74 75
74 76
74 82
74 83
74 84
75 77
75 80
75 81
75 83
75 86
75 87
76 81
76 87
77 82
77 83
77 89
78 79
79 82
79 83
80 89
81 84
81 86
81 87
81 88
82 84
83 86
83 89
84 85
85 89
3 8
29 73
52 57
36 67
42 56
5 70
37 40
32 63
77 89
38 60
23 39
17 45
24 76
21 35
30 81
10 44
51 75
41 48
1 12
6 64
80 86
28 85
43 55
9 53
15 50
7 16
59 78
49 65
18 22
47 74
62 68
2 14
4 66
0 87
13 25
11 88
72 79
31 34
27 71
26 54
20 83
33 82
19 84
58 61
46 69
