90
404
45
0 11
0 15
0 29
0 34
0 37
0 66
0 69
0 75
0 79
1 44
1 46
1 60
1 65
1 78
1 84
2 20
2 36
2 57
2 70
2 71
2 73
2 75
2 87
3 5
3 6
3 18
3 21
3 24
3 34
3 50
3 51
3 57
3 66
3 89
4 23
4 24
4 30
4 34
4 38
4 39
4 47
4 49
4 66
4 67
4 73
4 81
5 16
5 22
5 26
5 34
5 41
5 51
5 61
5 64
6 9
6 13
6 48
6 50
6 52
6 65
6 87
7 18
7 26
7 43
7 53
7 68
7 74
7 75
8 15
8 19
8 21
8 28
8 41
8 42
8 62
8 64
8 74
9 10
9 17
9 37
9 39
9 44
9 49
9 50
9 69
9 73
9 84
10 18
10 19
10 34
10 45
10 55
10 83
11 12
11 17
11 19
11 24
11 30
11 40
11 42
11 47
11 50
11 54
11 59
12 18
12 26
12 31
12 35
12 39
12 47
12 61
12 85
13 54
13 64
13 71
13 78
13 79
13 84
14 16
14 22
14 34
14 39
14 42
14 46
14 66
14 67
14 74
15 21
15 31
15 32
15 46
15 51
15 54
16 20
16 26
16 52
16 83
16 84
17 27
17 30
17 43
17 53
17 54
17 64
17 70
17 80
17 85
17 87
18 27
18 32
18 44
18 48
18 55
18 65
18 68
18 77
18 81
19 49
19 60
19 68
19 69
19 77
19 84
19 89
20 27
20 42
20 54
20 69
21 28
21 31
21 36
21 45
21 52
21 57
21 82
22 38
22 39
22 47
22 50
22 71
22 80
23 38
23 44
23 53
23 54
23 71
23 76
23 88
24 25
24 39
24 42
24 48
24 50
24 64
24 74
24 88
25 47
25 65
25 69
25 79
26 28
26 30
26 38
26 46
26 54
26 72
26 76
26 78
26 81
27 29
27 39
27 45
27 52
27 60
27 64
28 33
28 59
28 60
28 71
28 72
28 77
28 85
29 41
29 53
29 59
29 84
30 36
30 65
30 86
31 50
31 52
31 55
31 66
31 75
31 82
31 84
32 41
32 78
32 81
33 41
33 47
33 51
33 54
33 59
33 62
33 68
33 82
34 39
34 45
34 50
34 70
34 74
34 83
34 87
35 52
35 53
35 57
35 62
35 65
35 73
36 37
36 39
36 53
36 54
36 57
36 80
36 87
37 54
37 57
37 71
37 74
37 80
38 51
38 68
38 83
39 41
39 42
39 58
39 73
40 46
40 48
40 72
40 76
40 77
40 84
41 43
41 53
41 60
41 62
41 80
41 84
42 56
42 87
43 48
43 86
44 45
44 47
44 58
44 66
44 70
44 74
44 78
44 80
45 49
45 54
45 69
45 83
46 49
46 58
46 65
46 76
46 83
47 89
48 72
48 78
48 79
49 70
50 55
50 57
50 59
50 66
50 68
50 74
50 85
50 88
51 52
51 57
51 77
51 82
51 83
51 89
52 53
52 58
52 71
52 74
52 79
53 55
54 74
54 76
54 89
55 61
55 64
55 66
56 60
56 62
57 69
57 75
57 84
57 86
58 59
58 75
58 80
59 74
59 84
59 89
60 61
60 62
60 80
60 82
60 87
61 67
61 71
61 77
61 78
61 88
62 65
62 77
63 65
63 67
63 70
63 72
63 80
63 82
64 86
64 89
65 76
65 86
65 87
66 70
66 76
66 84
67 68
67 83
68 73
68 76
68 87
69 71
69 73
70 74
71 85
71 86
72 80
73 76
73 87
75 79
75 83
75 84
75 88
75 89
77 80
77 84
79 80
82 88
86 87
20 70
3 23
71 84
2 38
31 50
51 52
39 43
44 67
1 58
6 19
60 86
40 68
22 42
37 65
18 29
5 61
77 88
49 85
74 79
4 26
24 81
10 36
27 53
72 78
16 63
13 57
54 62
69 76
15 64
14 80
47 48
11 21
46 73
30 33
32 82
17 45
9 75
35 66
34 83
8 89
28 56
0 59
7 55
25 41
12 87
