90
838
45
0 1
0 5
0 14
0 15
0 19
0 25
0 35
0 36
0 37
0 49
0 53
0 54
0 55
0 56
0 58
0 65
0 68
0 78
0 80
0 84
0 89
1 4
1 10
1 13
1 17
1 18
1 27
1 31
1 33
1 34
1 35
1 44
1 45
1 53
1 67
1 69
1 72
1 75
1 83
2 13
2 22
2 23
2 31
2 34
2 44
2 46
2 57
2 59
2 71
2 78
2 82
2 84
2 89
3 8
3 12
3 18
3 22
3 23
3 30
3 34
3 36
3 41
3 44
3 46
3 52
3 55
3 60
3 68
3 76
3 77
3 79
3 85
3 86
3 88
4 5
4 10
4 12
4 17
4 18
4 22
4 23
4 25
4 33
4 38
4 42
4 46
4 49
4 54
4 57
4 59
4 79
4 81
4 84
4 86
4 87
5 13
5 19
5 23
5 26
5 27
5 32
5 37
5 44
5 56
5 60
5 63
5 67
5 68
5 79
5 81
5 83
5 85
5 89
6 8
6 12
6 14
6 24
6 30
6 31
6 34
6 35
6 43
6 52
6 58
6 59
6 72
6 73
6 75
6 80
6 83
6 85
6 88
7 8
7 10
7 21
7 30
7 31
7 39
7 52
7 58
7 59
7 66
7 67
7 68
7 69
7 72
7 76
7 77
7 80
7 83
7 87
8 32
8 42
8 43
8 44
8 52
8 57
8 62
8 65
8 72
8 75
8 79
8 85
9 20
9 21
9 22
9 36
9 37
9 43
9 52
9 56
9 58
9 61
9 64
9 66
9 75
9 87
10 18
10 23
10 25
10 26
10 32
10 33
10 35
10 36
10 42
10 43
10 56
10 59
10 63
10 64
10 68
10 72
10 73
10 74
10 77
10 82
10 89
11 14
11 33
11 42
11 49
11 50
11 57
11 61
11 62
11 64
11 67
11 68
11 70
11 71
11 74
11 75
11 78
12 37
12 43
12 47
12 51
12 54
12 64
12 68
12 70
12 73
12 81
12 82
13 15
13 18
13 20
13 38
13 42
13 47
13 54
13 55
13 56
13 60
13 64
13 65
13 67
13 68
13 82
13 84
13 85
13 87
13 88
14 26
14 28
14 33
14 34
14 35
14 38
14 39
14 47
14 48
14 59
14 63
14 64
14 87
15 19
15 24
15 26
15 27
15 29
15 30
15 32
15 33
15 36
15 37
15 49
15 58
15 59
15 62
15 69
15 74
15 76
15 78
15 79
15 88
16 26
16 32
16 41
16 43
16 47
16 52
16 53
16 55
16 69
16 75
16 80
17 28
17 42
17 48
17 52
17 54
17 59
17 60
17 66
17 87
17 88
18 21
18 32
18 46
18 51
18 55
18 56
18 66
18 67
18 77
18 82
18 85
18 87
19 21
19 23
19 25
19 27
19 31
19 36
19 49
19 51
19 62
19 69
19 81
19 86
20 22
20 27
20 28
20 42
20 59
20 60
20 67
20 69
20 72
20 86
21 22
21 23
21 29
21 30
21 44
21 55
21 57
21 60
21 67
21 72
21 74
21 83
21 87
22 23
22 27
22 33
22 34
22 35
22 43
22 53
22 55
22 58
22 64
22 72
22 88
23 27
23 28
23 30
23 34
23 38
23 42
23 45
23 51
23 61
23 66
23 68
23 73
23 74
23 77
23 85
24 33
24 35
24 36
24 39
24 40
24 44
24 50
24 51
24 53
24 54
24 55
24 57
24 58
24 59
24 60
24 65
24 66
24 68
24 79
24 87
25 26
25 28
25 38
25 39
25 40
25 41
25 51
25 52
25 54
25 69
25 70
25 76
25 78
25 83
26 28
26 29
26 33
26 38
26 40
26 41
26 47
26 53
26 58
26 60
26 66
26 68
26 69
26 78
26 84
26 85
26 88
27 29
27 33
27 35
27 37
27 42
27 49
27 52
27 56
27 61
27 64
27 81
27 83
28 34
28 37
28 39
28 43
28 53
28 59
28 62
28 74
28 84
28 85
28 87
29 32
29 35
29 38
29 39
29 40
29 41
29 42
29 48
29 53
29 63
29 66
29 71
29 76
29 83
29 87
30 33
30 45
30 48
30 53
30 54
30 55
30 57
30 62
30 73
30 75
30 86
31 41
31 44
31 46
31 54
31 64
31 69
31 78
31 80
31 88
32 40
32 59
32 64
32 72
32 74
32 77
32 82
33 35
33 40
33 45
33 47
33 48
33 50
33 52
33 62
33 63
33 66
33 70
33 71
33 72
33 75
33 78
33 86
34 40
34 49
34 50
34 51
34 56
34 57
34 61
34 71
34 73
34 75
34 78
34 79
34 82
34 84
34 86
35 36
35 38
35 55
35 60
35 63
35 64
35 66
35 74
35 77
35 78
35 84
35 86
35 87
36 37
36 45
36 48
36 49
36 54
36 63
36 65
36 67
36 68
36 73
36 78
36 80
37 59
37 64
37 75
37 77
38 43
38 45
38 46
38 58
38 70
38 71
38 88
38 89
39 71
39 73
39 76
39 78
39 87
40 41
40 42
40 44
40 45
40 47
40 57
40 58
40 60
40 73
40 78
41 44
41 45
41 46
41 50
41 52
41 53
41 56
41 58
41 61
41 64
41 72
41 73
41 76
41 78
41 79
41 81
41 84
42 45
42 46
42 48
42 50
42 51
42 52
42 58
42 60
42 67
42 87
43 46
43 47
43 57
43 58
43 62
43 63
43 66
43 70
43 74
43 77
44 45
44 54
44 58
44 59
44 63
44 64
44 67
44 69
44 71
44 73
44 74
44 84
44 86
45 47
45 50
45 54
45 69
45 72
45 79
45 81
45 82
46 50
46 51
46 53
46 54
46 63
46 66
46 73
46 74
46 77
46 78
46 88
46 89
47 59
47 60
47 61
47 65
47 67
47 73
47 81
47 83
47 85
48 49
48 50
48 54
48 55
48 63
48 69
48 71
48 72
48 75
48 78
48 81
48 85
48 86
48 87
49 53
49 57
49 61
49 68
49 72
49 75
49 84
49 85
49 86
50 52
50 54
50 60
50 64
50 69
50 70
50 74
50 78
50 83
51 54
51 55
51 56
51 57
51 75
51 80
51 84
52 54
52 58
52 75
52 76
52 81
52 82
52 83
52 89
53 56
53 57
53 59
53 60
53 62
53 65
53 67
53 73
53 80
53 85
54 55
54 63
54 68
54 74
54 75
54 76
54 81
55 58
55 59
55 61
55 74
55 85
55 86
56 64
56 66
56 71
56 73
56 76
56 77
56 84
56 86
56 88
57 65
57 66
57 67
57 68
57 70
57 75
57 77
57 80
58 59
58 60
58 70
58 71
58 77
59 65
59 66
59 68
59 70
59 72
59 73
59 77
59 86
59 89
60 70
60 72
60 75
60 76
60 81
61 70
61 71
61 80
61 81
61 82
61 87
62 70
62 74
62 82
62 89
63 65
63 68
63 70
64 65
64 66
64 70
64 72
64 73
64 74
64 75
64 76
64 79
64 87
64 89
65 71
65 76
65 78
65 80
65 81
66 67
66 68
66 71
66 73
66 86
66 87
67 71
67 73
67 75
67 85
67 87
68 78
68 81
68 86
69 72
69 74
69 78
69 83
69 89
70 71
70 77
70 79
70 81
71 72
71 75
71 78
71 80
72 79
72 82
73 82
73 89
74 76
74 78
74 88
75 80
75 82
75 86
75 87
76 80
76 87
77 79
77 82
78 80
79 80
79 86
79 89
82 83
82 86
83 89
84 85
85 88
85 89
86 88
53 59
34 47
7 26
30 83
37 75
12 21
29 69
64 78
49 61
62 79
16 48
10 77
9 35
31 89
41 55
54 74
22 23
11 66
15 42
63 86
24 81
46 73
6 38
0 8
4 84
17 56
1 32
5 65
36 45
20 60
40 87
57 58
19 51
2 71
3 82
33 39
72 88
18 67
13 43
68 80
52 85
27 44
50 76
14 70
25 28
