100
1026
7
36
71
33
0
86
75
81
0 1
0 2
0 3
0 4
0 6
0 7
0 8
0 12
0 19
0 37
0 39
0 43
0 46
0 47
0 64
0 71
0 90
0 92
1 6
1 13
1 31
1 32
1 35
1 36
1 39
1 43
1 45
1 54
1 62
1 63
1 64
1 81
1 84
1 89
1 94
1 97
2 15
2 16
2 23
2 31
2 33
2 43
2 48
2 57
2 59
2 60
2 61
2 62
2 64
2 65
2 68
2 79
2 94
2 97
3 4
3 6
3 10
3 11
3 13
3 23
3 24
3 31
3 35
3 38
3 44
3 45
3 49
3 50
3 59
3 61
3 67
3 72
3 74
3 76
3 80
3 83
3 87
3 90
3 92
4 8
4 15
4 19
4 28
4 30
4 33
4 38
4 40
4 54
4 67
4 69
4 77
4 80
4 82
4 94
4 96
5 8
5 10
5 21
5 22
5 26
5 33
5 35
5 43
5 46
5 49
5 50
5 52
5 53
5 58
5 59
5 61
5 62
5 65
5 67
5 68
5 87
5 94
6 26
6 31
6 37
6 39
6 43
6 50
6 52
6 60
6 65
6 67
6 71
6 74
6 82
6 83
6 92
6 96
6 98
7 9
7 14
7 17
7 21
7 28
7 31
7 33
7 37
7 39
7 40
7 43
7 49
7 50
7 53
7 62
7 67
7 68
7 74
7 87
7 90
7 98
8 12
8 13
8 15
8 18
8 26
8 27
8 28
8 30
8 34
8 43
8 44
8 45
8 50
8 54
8 57
8 65
8 67
8 81
8 88
8 99
9 17
9 19
9 21
9 27
9 32
9 33
9 42
9 43
9 46
9 49
9 51
9 53
9 54
9 55
9 56
9 63
9 65
9 75
9 76
9 80
9 82
9 88
9 93
9 97
10 13
10 15
10 18
10 23
10 26
10 31
10 32
10 33
10 35
10 38
10 43
10 51
10 57
10 66
10 68
10 80
10 92
10 93
10 95
11 12
11 17
11 21
11 27
11 28
11 29
11 34
11 38
11 42
11 50
11 51
11 54
11 55
11 60
11 63
11 64
11 65
11 71
11 75
11 92
11 94
12 13
12 18
12 19
12 22
12 23
12 29
12 38
12 53
12 59
12 63
12 65
12 70
12 77
12 81
12 85
12 86
12 94
12 96
12 97
12 98
13 15
13 17
13 18
13 30
13 36
13 46
13 47
13 56
13 58
13 62
13 64
13 67
13 71
13 72
13 80
13 85
13 90
13 91
13 97
14 17
14 20
14 29
14 30
14 32
14 34
14 37
14 42
14 43
14 45
14 46
14 63
14 64
14 68
14 78
14 82
14 87
14 92
14 94
15 16
15 22
15 24
15 45
15 49
15 50
15 53
15 54
15 70
15 82
15 84
15 90
16 18
16 26
16 27
16 28
16 31
16 32
16 36
16 46
16 51
16 53
16 54
16 60
16 73
16 75
16 88
17 34
17 36
17 40
17 42
17 46
17 47
17 49
17 50
17 54
17 57
17 65
17 74
17 77
17 81
17 82
17 84
17 97
18 22
18 23
18 30
18 35
18 38
18 43
18 44
18 46
18 50
18 63
18 64
18 73
18 74
18 78
18 82
18 90
18 91
18 92
18 95
19 24
19 25
19 30
19 36
19 38
19 45
19 50
19 51
19 55
19 56
19 58
19 63
19 64
19 71
19 72
19 77
19 79
19 87
19 94
19 95
19 98
20 24
20 27
20 31
20 36
20 38
20 39
20 43
20 49
20 54
20 55
20 59
20 60
20 61
20 64
20 66
20 74
20 86
20 93
20 94
20 96
21 23
21 26
21 32
21 33
21 37
21 38
21 39
21 46
21 54
21 55
21 61
21 62
21 68
21 69
21 72
21 78
21 82
21 97
22 25
22 27
22 28
22 30
22 35
22 39
22 42
22 45
22 46
22 51
22 54
22 75
22 76
22 77
22 82
22 87
22 88
22 89
22 95
23 25
23 27
23 34
23 36
23 41
23 53
23 57
23 73
23 75
23 82
23 88
23 90
23 91
23 98
24 26
24 34
24 48
24 50
24 51
24 54
24 60
24 62
24 67
24 72
24 80
24 84
24 85
25 26
25 28
25 31
25 32
25 33
25 35
25 36
25 37
25 39
25 41
25 52
25 54
25 59
25 65
25 73
25 76
25 93
25 94
25 96
25 99
26 28
26 31
26 32
26 36
26 39
26 40
26 42
26 56
26 57
26 62
26 64
26 69
26 85
26 86
26 87
26 89
26 95
26 98
26 99
27 28
27 29
27 33
27 46
27 51
27 53
27 55
27 59
27 65
27 72
27 78
27 80
28 30
28 34
28 35
28 49
28 52
28 55
28 57
28 60
28 69
28 72
28 73
28 75
28 93
28 98
29 33
29 34
29 47
29 57
29 60
29 74
29 80
29 82
29 91
29 97
30 36
30 38
30 40
30 44
30 46
30 53
30 57
30 66
30 68
30 73
30 84
30 94
31 34
31 35
31 39
31 40
31 44
31 48
31 50
31 51
31 56
31 60
31 62
31 65
31 70
31 71
31 72
31 74
31 76
31 79
31 82
31 85
31 92
31 93
31 98
32 34
32 36
32 52
32 61
32 68
32 69
32 70
32 73
32 77
32 82
32 85
32 86
32 88
32 95
33 36
33 49
33 52
33 62
33 63
33 64
33 68
33 69
33 70
33 75
33 98
34 36
34 37
34 40
34 51
34 52
34 61
34 81
34 82
34 89
34 95
35 47
35 48
35 52
35 59
35 62
35 64
35 65
35 66
35 72
35 74
35 76
35 77
35 81
35 83
35 87
35 89
36 38
36 41
36 43
36 46
36 52
36 74
36 78
36 84
36 88
36 89
36 90
36 97
37 40
37 42
37 44
37 47
37 54
37 68
37 70
37 79
37 94
37 98
37 99
38 41
38 44
38 51
38 54
38 56
38 57
38 64
38 68
38 73
38 79
38 84
38 91
38 92
39 40
39 44
39 55
39 63
39 66
39 67
39 68
39 70
39 74
39 75
39 78
39 81
39 91
40 52
40 56
40 57
40 59
40 61
40 66
40 71
40 73
40 76
40 81
40 83
40 87
40 93
40 95
41 49
41 58
41 60
41 61
41 63
41 64
41 78
41 79
41 90
41 91
41 92
42 48
42 50
42 52
42 58
42 64
42 72
42 73
42 76
42 79
42 81
42 89
42 97
42 99
43 46
43 47
43 52
43 56
43 57
43 59
43 63
43 69
43 71
43 79
43 82
43 89
43 90
43 93
44 46
44 50
44 53
44 58
44 59
44 60
44 63
44 83
44 91
44 94
44 95
44 97
44 99
45 46
45 54
45 56
45 57
45 60
45 62
45 72
45 78
45 89
45 93
45 97
46 48
46 59
46 67
46 69
46 78
46 83
46 90
46 91
46 92
46 95
47 62
47 69
47 79
47 89
47 92
48 52
48 56
48 69
48 70
48 78
48 79
48 80
48 82
48 84
48 88
48 89
48 94
48 97
48 98
48 99
49 57
49 58
49 59
49 67
49 72
49 73
49 83
49 86
49 87
49 89
50 51
50 59
50 71
50 73
50 80
50 84
50 86
50 96
50 99
51 54
51 67
51 80
51 87
51 91
52 53
52 55
52 63
52 64
52 66
52 70
52 74
52 82
52 87
52 93
53 59
53 66
53 74
53 84
53 89
53 98
54 55
54 56
54 64
54 72
54 80
54 82
54 86
54 87
54 89
54 98
55 60
55 63
55 65
55 70
55 77
55 81
55 87
55 89
55 94
55 95
56 60
56 65
56 68
56 69
56 71
56 76
56 79
56 86
56 87
56 90
56 93
57 59
57 61
57 64
57 72
57 75
57 83
57 86
57 90
57 91
57 92
57 98
58 66
58 78
58 86
58 91
58 98
59 63
59 65
59 69
59 77
59 79
59 80
59 90
59 95
59 98
60 61
60 75
60 83
60 85
60 88
60 91
61 71
61 77
61 79
61 90
61 95
61 96
61 98
61 99
62 63
62 65
62 66
62 79
62 81
62 84
62 89
62 90
62 93
62 95
63 64
63 65
63 74
63 77
63 80
63 85
64 67
64 73
64 74
64 92
64 95
64 98
65 66
65 71
65 76
65 78
65 79
65 82
65 84
65 87
65 95
66 72
66 76
66 77
66 82
66 84
66 87
66 95
66 96
66 97
66 99
67 71
67 74
67 75
67 76
67 80
67 97
68 73
68 74
68 75
68 88
68 92
68 98
68 99
69 74
69 88
69 91
70 78
70 80
70 81
70 84
70 87
71 81
71 83
71 86
71 91
71 95
71 99
72 78
72 86
72 91
72 96
73 85
73 87
73 91
73 96
73 99
74 77
75 78
75 82
75 83
75 85
75 86
75 91
75 98
76 83
76 84
76 93
77 99
78 80
78 82
78 86
78 88
78 93
79 80
79 82
79 87
79 89
80 82
80 83
80 84
80 86
81 83
81 84
81 90
81 91
81 98
82 93
83 89
83 94
84 90
84 92
84 96
85 87
85 92
85 97
86 88
86 91
86 93
86 94
86 97
86 98
86 99
88 90
88 97
88 99
90 91
90 93
90 99
91 93
92 93
92 97
94 95
95 98
98 99
29 63 97 45 20 81 10 98 13 84 94 48 95 59 7
88 76 53 43 28 5 19 99 26 27 68 38 1 61 54
67 17 92 74 15 72 71 79 80 39 37 66 11 6 25
42 12 75 86 40 64 55 90 9 49 52 87 82 91 41
69 35 8 57 44 70 51 62 93 60 4 58 24 16 18
34 21 47 0 89 3 22 83 78 23 77 2 14 96 46
30 32 36 50 56 73 33 31 85 65
