100
985
20
23
56
31
42
83
48
85
75
78
67
68
16
84
87
61
65
57
90
10
92
0 18
0 30
0 38
0 43
0 44
0 50
0 53
0 68
0 76
0 79
0 87
0 89
0 93
0 94
1 4
1 7
1 8
1 9
1 15
1 18
1 25
1 27
1 34
1 37
1 51
1 52
1 60
1 67
1 68
1 71
1 74
1 75
1 80
1 85
1 89
1 90
1 94
1 97
2 6
2 12
2 13
2 14
2 17
2 19
2 20
2 22
2 33
2 49
2 51
2 56
2 57
2 85
2 86
2 93
2 96
3 9
3 12
3 14
3 18
3 24
3 28
3 31
3 33
3 45
3 47
3 48
3 53
3 54
3 60
3 62
3 67
3 76
3 77
3 89
3 90
3 92
3 94
3 96
3 98
4 10
4 16
4 19
4 23
4 31
4 35
4 49
4 54
4 61
4 62
4 67
4 73
4 77
4 82
4 83
4 86
4 88
4 89
5 6
5 21
5 28
5 30
5 46
5 70
5 71
5 73
5 77
5 86
5 96
6 10
6 11
6 19
6 20
6 22
6 26
6 42
6 46
6 48
6 49
6 58
6 61
6 62
6 64
6 65
6 77
6 81
6 86
6 87
6 90
6 91
6 94
6 98
7 12
7 19
7 24
7 30
7 37
7 48
7 57
7 59
7 60
7 64
7 67
7 71
7 73
7 74
7 77
7 81
7 82
7 83
7 88
7 90
7 92
8 16
8 22
8 25
8 26
8 29
8 30
8 38
8 43
8 44
8 50
8 60
8 62
8 72
8 75
8 77
8 84
8 93
8 94
9 22
9 27
9 29
9 31
9 38
9 42
9 44
9 49
9 52
9 57
9 59
9 60
9 63
9 65
9 82
9 85
9 92
9 93
10 12
10 13
10 16
10 17
10 20
10 25
10 26
10 35
10 38
10 44
10 48
10 50
10 53
10 59
10 61
10 62
10 63
10 64
10 66
10 70
10 71
10 72
10 76
10 77
10 83
10 84
10 87
10 89
10 90
10 93
10 97
11 21
11 30
11 34
11 46
11 52
11 59
11 64
11 67
11 73
11 79
11 80
11 85
11 86
11 94
11 96
12 24
12 25
12 27
12 33
12 34
12 55
12 61
12 64
12 69
12 72
12 74
12 75
12 82
12 85
12 93
13 15
13 16
13 19
13 22
13 32
13 34
13 47
13 50
13 51
13 60
13 79
13 89
13 90
13 94
14 17
14 19
14 26
14 27
14 31
14 35
14 41
14 46
14 47
14 57
14 60
14 61
14 62
14 77
14 78
14 82
14 84
14 86
14 89
14 93
14 98
15 18
15 26
15 40
15 47
15 49
15 57
15 59
15 69
15 70
15 71
15 90
15 91
16 18
16 21
16 22
16 28
16 33
16 36
16 46
16 53
16 65
16 67
16 69
16 71
16 85
16 89
17 20
17 27
17 30
17 33
17 37
17 44
17 48
17 50
17 61
17 63
17 66
17 67
17 68
17 83
17 85
17 90
18 20
18 22
18 25
18 34
18 35
18 37
18 38
18 40
18 47
18 48
18 52
18 53
18 60
18 61
18 63
18 68
18 70
18 83
18 86
18 87
18 89
18 90
18 92
19 35
19 40
19 51
19 53
19 54
19 61
19 62
19 66
19 72
19 82
19 85
19 87
19 88
19 94
20 22
20 25
20 28
20 30
20 51
20 56
20 57
20 62
20 65
20 72
20 73
20 85
20 93
20 95
21 28
21 29
21 39
21 42
21 49
21 52
21 70
21 78
21 84
21 85
21 87
21 94
22 24
22 28
22 32
22 39
22 57
22 59
22 77
22 81
22 84
22 85
22 89
22 90
22 92
23 44
23 66
23 67
23 77
23 79
23 81
23 84
23 88
23 89
23 92
24 29
24 30
24 31
24 35
24 39
24 48
24 50
24 54
24 56
24 60
24 66
24 83
24 87
24 89
24 90
24 93
24 95
24 96
25 28
25 39
25 42
25 45
25 49
25 51
25 63
25 67
25 81
25 82
25 83
25 95
25 99
26 27
26 38
26 44
26 45
26 50
26 52
26 54
26 65
26 72
26 73
26 76
26 86
26 87
26 95
26 99
27 32
27 37
27 45
27 51
27 55
27 59
27 60
27 67
27 68
27 69
27 70
27 74
27 76
27 77
27 80
27 82
27 85
27 88
27 91
27 97
28 43
28 44
28 48
28 49
28 51
28 60
28 62
28 64
28 65
28 68
28 69
28 73
28 94
28 96
29 33
29 47
29 50
29 54
29 55
29 56
29 66
29 69
29 71
29 72
29 77
29 80
29 82
29 90
30 31
30 32
30 38
30 40
30 41
30 43
30 49
30 63
30 66
30 68
30 84
30 85
30 91
30 98
31 32
31 38
31 52
31 53
31 60
31 69
31 75
31 76
31 82
31 84
31 90
31 92
31 96
31 97
32 33
32 43
32 45
32 46
32 48
32 53
32 59
32 62
32 69
32 77
32 83
32 90
32 93
32 94
32 99
33 43
33 46
33 48
33 49
33 51
33 63
33 68
33 74
33 77
33 79
33 80
33 87
33 92
33 94
33 96
34 38
34 40
34 47
34 50
34 53
34 59
34 61
34 64
34 75
34 76
34 77
34 81
34 85
34 86
34 96
34 97
35 36
35 37
35 38
35 40
35 42
35 45
35 52
35 54
35 75
35 78
35 82
35 90
35 92
35 96
35 97
36 63
36 64
36 65
36 66
36 80
36 82
36 95
37 41
37 44
37 46
37 47
37 50
37 54
37 64
37 74
37 78
37 94
37 98
38 42
38 48
38 52
38 62
38 66
38 71
38 82
38 96
39 42
39 52
39 53
39 56
39 60
39 71
39 78
39 79
39 81
39 83
39 86
39 92
39 98
40 50
40 51
40 55
40 67
40 72
40 81
40 82
40 83
40 88
40 93
41 43
41 44
41 49
41 56
41 59
41 63
41 64
41 65
41 69
41 70
41 72
41 75
41 87
41 94
42 43
42 52
42 55
42 60
42 67
42 68
42 73
42 77
42 86
42 92
43 52
43 53
43 65
43 74
43 75
43 83
43 85
43 89
43 92
43 98
44 46
44 68
44 72
44 78
44 89
44 90
44 96
44 98
44 99
45 51
45 55
45 60
45 68
45 69
45 74
45 77
45 84
45 88
45 92
46 48
46 60
46 64
46 68
46 69
46 73
46 91
46 95
47 53
47 58
47 63
47 67
47 70
47 73
47 75
47 78
47 79
47 82
47 87
47 93
47 95
47 96
47 98
48 49
48 54
48 60
48 62
48 64
48 72
48 77
48 80
48 81
48 83
48 90
48 98
49 52
49 56
49 59
49 60
49 74
49 85
49 96
49 99
50 51
50 52
50 54
50 64
50 68
50 75
50 77
50 85
50 88
50 89
51 55
51 57
51 84
51 91
51 96
51 98
52 53
52 64
52 69
52 80
52 84
52 85
52 86
52 88
52 92
52 97
53 55
53 60
53 61
53 67
53 71
53 75
53 78
53 86
53 92
53 95
53 98
53 99
54 57
54 60
54 72
54 88
54 96
55 63
55 78
55 79
55 83
55 84
55 86
55 95
55 98
56 58
56 60
56 64
56 67
56 68
56 72
56 75
56 78
56 80
56 83
56 88
56 89
56 97
57 62
57 70
57 91
57 99
58 63
58 66
58 82
58 83
58 93
58 98
59 67
59 69
59 79
59 86
59 88
60 63
60 74
60 80
60 84
60 85
60 97
61 69
61 88
61 95
61 96
62 64
62 65
62 77
62 78
62 79
62 81
62 83
62 86
62 87
62 90
62 97
63 72
63 73
63 75
63 78
63 79
63 83
63 85
63 87
63 90
64 66
64 68
64 74
64 75
64 77
64 79
64 85
64 88
64 92
64 96
65 70
65 71
65 72
65 73
65 76
65 85
65 95
65 97
66 67
66 71
66 72
66 74
66 79
66 82
66 85
66 87
66 88
66 91
66 93
66 95
66 99
67 74
67 82
67 87
67 95
67 96
68 77
68 79
68 81
68 84
68 85
68 87
68 90
69 88
69 90
70 82
70 84
70 91
70 96
71 79
71 81
71 83
71 87
71 90
72 81
72 82
72 93
72 95
72 97
73 76
73 81
73 83
73 86
73 89
73 90
73 93
73 97
73 98
74 76
74 78
74 79
74 83
74 93
74 98
75 76
75 85
75 93
75 94
75 98
76 79
76 81
76 84
76 92
76 94
76 99
77 81
77 84
77 86
77 90
77 93
77 95
77 98
78 80
78 82
78 86
78 87
78 90
78 91
78 94
78 99
79 81
79 84
79 91
79 97
80 99
81 86
81 91
81 96
82 83
82 88
82 94
83 93
84 85
84 87
84 88
84 98
85 87
85 92
86 92
86 93
86 96
87 90
87 91
89 90
89 94
89 98
90 93
90 95
90 96
91 99
93 95
94 95
94 96
94 97
95 98
95 99
34 72 68 52 16
92 51 10 88 38
57 80 61 36 22
31 32 56 53 90
83 0 66 63 75
43 59 76 44 60
46 15 71 40 19
96 21 86 94 1
24 49 67 47 13
14 85 97 17 20
39 91 8 50 87
12 6 82 95 27
35 79 7 11 33
65 3 55 9 64
18 54 77 23 62
70 45 81 41 26
48 84 69 2 42
93 37 89 99 98
5 25 30 73 78
28 4 58 29 74
