100
997
4
71
91
29
45
0 2
0 10
0 12
0 15
0 18
0 20
0 21
0 22
0 29
0 41
0 49
0 56
0 57
0 59
0 80
0 96
1 5
1 8
1 9
1 12
1 13
1 22
1 32
1 37
1 43
1 47
1 49
1 51
1 53
1 54
1 58
1 59
1 60
1 62
1 63
1 72
1 74
1 78
1 79
1 84
1 88
1 91
1 92
1 94
2 5
2 8
2 13
2 28
2 32
2 34
2 35
2 68
2 72
2 80
2 82
2 83
2 86
2 88
2 93
2 96
2 97
3 5
3 9
3 10
3 12
3 13
3 16
3 17
3 23
3 26
3 29
3 31
3 37
3 38
3 41
3 45
3 49
3 50
3 52
3 59
3 66
3 73
3 74
3 75
3 77
3 78
3 83
3 85
3 92
3 94
3 98
4 10
4 11
4 12
4 19
4 21
4 34
4 39
4 40
4 43
4 44
4 45
4 52
4 55
4 69
4 70
4 73
4 77
4 80
4 81
4 86
4 89
4 91
4 94
4 98
5 7
5 35
5 42
5 43
5 45
5 48
5 59
5 60
5 62
5 64
5 72
5 74
5 75
5 78
5 84
5 87
5 88
5 90
6 10
6 16
6 19
6 36
6 43
6 47
6 49
6 55
6 57
6 59
6 60
6 61
6 62
6 71
6 73
6 74
6 77
6 78
6 90
6 91
6 97
6 98
7 13
7 15
7 17
7 18
7 22
7 31
7 33
7 34
7 39
7 45
7 47
7 48
7 58
7 59
7 65
7 75
7 85
7 86
7 92
7 94
7 99
8 10
8 11
8 60
8 64
8 78
8 83
8 84
8 85
8 88
8 92
8 94
8 96
9 10
9 13
9 21
9 22
9 23
9 26
9 27
9 32
9 38
9 49
9 58
9 73
9 81
9 82
9 86
9 87
9 90
9 95
10 14
10 18
10 22
10 28
10 35
10 40
10 43
10 53
10 56
10 63
10 64
10 77
10 79
10 80
10 97
11 16
11 18
11 19
11 50
11 51
11 57
11 73
11 76
11 80
11 82
11 83
11 86
11 90
11 92
11 95
11 98
12 14
12 15
12 17
12 22
12 25
12 28
12 32
12 40
12 45
12 46
12 47
12 54
12 64
12 66
12 70
12 73
12 82
12 92
12 97
12 98
12 99
13 25
13 29
13 46
13 47
13 48
13 56
13 59
13 68
13 69
13 96
14 21
14 26
14 28
14 29
14 34
14 41
14 43
14 45
14 47
14 48
14 56
14 57
14 59
14 60
14 61
14 62
14 64
14 82
14 88
15 27
15 35
15 44
15 46
15 47
15 48
15 50
15 52
15 55
15 56
15 60
15 63
15 68
15 70
15 72
15 74
15 76
15 79
15 80
15 84
15 91
15 94
15 97
16 39
16 41
16 51
16 52
16 54
16 65
16 66
16 72
16 84
16 92
16 97
17 20
17 23
17 29
17 31
17 42
17 43
17 44
17 53
17 56
17 60
17 62
17 66
17 76
17 93
17 99
18 20
18 22
18 28
18 29
18 32
18 33
18 35
18 36
18 40
18 46
18 49
18 51
18 54
18 58
18 67
18 68
18 76
18 81
18 83
18 95
19 30
19 31
19 39
19 40
19 42
19 44
19 48
19 49
19 51
19 54
19 58
19 64
19 68
19 70
19 72
19 76
19 82
19 98
20 32
20 37
20 40
20 54
20 62
20 65
20 67
20 73
20 82
20 83
20 86
20 91
21 26
21 29
21 39
21 46
21 51
21 52
21 60
21 62
21 66
21 68
21 70
21 78
21 80
21 86
21 90
21 93
22 23
22 32
22 35
22 37
22 40
22 41
22 45
22 47
22 61
22 64
22 71
22 86
22 89
22 93
23 32
23 43
23 46
23 52
23 63
23 79
23 84
23 91
23 93
24 33
24 34
24 35
24 38
24 49
24 50
24 71
24 72
24 74
24 76
24 82
24 93
24 94
24 97
25 28
25 29
25 30
25 32
25 35
25 51
25 64
25 73
25 78
25 80
25 83
25 87
25 92
26 30
26 34
26 40
26 46
26 48
26 55
26 56
26 60
26 61
26 67
26 68
26 71
26 73
26 78
26 79
26 83
26 93
26 99
27 28
27 40
27 59
27 63
27 80
27 89
27 92
28 32
28 34
28 35
28 36
28 40
28 49
28 52
28 65
28 81
28 83
28 88
28 96
28 99
29 30
29 37
29 38
29 39
29 40
29 44
29 54
29 60
29 61
29 68
29 72
29 75
29 78
29 83
29 86
29 87
29 95
29 96
30 32
30 44
30 51
30 60
30 62
30 70
30 75
30 77
30 87
30 89
30 91
30 92
30 94
31 34
31 44
31 45
31 48
31 52
31 66
31 77
31 94
31 99
32 36
32 38
32 40
32 51
32 71
32 79
32 88
32 89
32 90
32 93
32 94
33 36
33 41
33 43
33 46
33 48
33 54
33 60
33 65
33 74
33 85
33 89
33 96
33 98
34 35
34 36
34 47
34 48
34 49
34 56
34 63
34 66
34 67
34 71
34 73
34 79
34 81
34 86
34 90
34 99
35 38
35 41
35 44
35 56
35 65
35 66
35 71
35 74
35 76
35 81
35 86
35 87
35 94
35 95
35 97
35 98
36 38
36 49
36 51
36 56
36 71
36 72
36 76
36 77
36 80
36 91
36 94
37 38
37 43
37 45
37 51
37 54
37 66
37 68
37 77
37 78
37 80
37 81
37 82
37 89
37 91
37 93
37 94
38 41
38 55
38 60
38 63
38 74
38 81
38 89
38 97
39 44
39 47
39 48
39 53
39 56
39 58
39 61
39 62
39 67
39 72
39 84
39 85
39 86
39 96
40 42
40 43
40 47
40 48
40 50
40 52
40 56
40 65
40 66
40 69
40 72
40 75
40 77
40 81
40 86
40 93
40 94
41 42
41 44
41 49
41 51
41 56
41 65
41 68
41 77
41 80
41 83
41 85
42 60
42 61
42 63
42 70
42 73
42 79
42 92
42 93
43 45
43 49
43 53
43 58
43 61
43 67
43 69
43 73
43 77
43 82
43 84
43 92
43 93
43 97
44 51
44 52
44 56
44 57
44 59
44 61
44 62
44 65
44 68
44 72
44 73
44 76
44 78
44 84
44 88
44 92
45 52
45 59
45 61
45 62
45 63
45 64
45 68
45 70
45 74
45 78
45 84
45 90
45 95
46 49
46 53
46 54
46 55
46 60
46 64
46 68
46 70
46 85
46 95
46 96
47 54
47 55
47 61
47 66
47 76
47 80
47 90
47 93
47 96
47 99
48 58
48 59
48 60
48 66
48 70
48 72
48 73
48 74
48 79
48 91
48 97
48 99
49 50
49 52
49 55
49 56
49 73
49 78
49 82
49 89
49 95
49 99
50 63
50 65
50 68
50 69
50 78
50 84
50 85
51 55
51 59
51 63
51 74
51 91
52 55
52 56
52 62
52 65
52 71
52 74
52 82
52 86
52 87
52 92
52 95
52 96
52 97
53 60
53 61
53 68
53 74
53 76
53 86
53 89
54 56
54 67
54 71
54 75
54 77
54 78
54 85
54 92
54 93
54 94
55 62
55 75
55 76
55 77
55 81
55 92
56 57
56 58
56 68
56 73
56 75
56 76
56 80
56 85
56 86
56 89
56 90
56 93
56 94
57 63
57 74
57 78
57 86
57 87
57 92
57 97
58 69
58 72
58 87
58 92
58 95
58 97
59 60
59 86
59 94
59 96
60 71
60 73
60 74
60 77
60 84
60 85
60 91
60 94
60 97
61 69
61 72
61 75
61 84
61 90
61 91
61 92
62 64
62 71
62 76
62 96
63 64
63 69
63 75
63 77
63 83
63 85
63 86
63 87
63 95
64 75
64 92
64 95
65 86
65 88
65 92
65 93
66 69
66 82
66 84
66 86
66 87
66 88
66 96
66 98
67 71
67 72
67 79
67 81
67 87
67 91
67 98
68 72
68 79
68 81
68 82
68 84
68 85
68 93
68 94
68 96
69 70
69 80
69 82
69 91
69 94
69 95
69 97
70 71
70 82
70 83
70 85
70 90
70 93
70 96
71 94
71 95
71 96
72 75
72 80
72 83
72 86
72 95
72 96
72 99
73 74
73 84
73 86
73 87
73 88
73 94
73 95
74 76
74 82
74 83
74 90
74 91
74 92
75 78
75 79
75 84
75 85
75 86
75 95
75 99
76 84
76 86
76 90
76 91
76 94
76 99
77 79
77 81
77 84
78 89
78 95
79 83
79 88
79 97
80 82
80 87
80 90
80 91
80 96
80 97
81 82
81 84
81 94
82 84
82 86
82 87
82 92
82 93
82 94
82 95
83 84
83 88
83 91
83 92
83 99
84 91
84 95
85 86
85 87
85 88
85 89
85 94
86 96
86 99
87 97
88 94
88 99
89 92
89 94
90 91
90 95
91 94
91 98
93 96
93 98
95 96
95 97
97 98
62 46 45 38 13 95 72 32 8 5 69 25 59 55 23 2 49 36 98 33 99 20 77 30 84
24 88 53 6 18 61 37 9 0 4 64 86 89 82 22 17 75 11 14 26 73 12 54 27 39
44 16 50 63 52 96 40 58 87 57 56 68 7 80 29 10 28 79 35 41 81 85 76 78 92
48 74 42 15 65 91 21 93 70 3 51 60 66 1 94 43 67 34 31 19 47 97 83 71 90
