200
13999
20
38
15
36
56
24
79
8
54
88
16
65
64
87
61
96
69
41
76
69
3
0 1
0 2
0 4
0 5
0 6
0 7
0 9
0 10
0 12
0 13
0 14
0 16
0 18
0 19
0 20
0 21
0 23
0 24
0 25
0 26
0 27
0 30
0 31
0 32
0 33
0 34
0 35
0 36
0 37
0 38
0 40
0 41
0 43
0 44
0 45
0 49
0 51
0 52
0 53
0 55
0 57
0 59
0 60
0 61
0 62
0 63
0 64
0 65
0 66
0 67
0 68
0 69
0 70
0 73
0 75
0 76
0 77
0 78
0 79
0 81
0 82
0 83
0 84
0 86
0 87
0 88
0 93
0 96
0 97
0 98
0 99
0 100
0 101
0 102
0 103
0 104
0 105
0 106
0 107
0 109
0 110
0 111
0 112
0 113
0 114
0 115
0 116
0 117
0 118
0 122
0 123
0 124
0 125
0 126
0 127
0 128
0 129
0 130
0 132
0 133
0 134
0 135
0 136
0 138
0 139
0 143
0 145
0 146
0 148
0 149
0 151
0 153
0 154
0 155
0 156
0 157
0 158
0 159
0 160
0 161
0 163
0 164
0 166
0 167
0 168
0 169
0 172
0 173
0 174
0 175
0 176
0 178
0 180
0 181
0 182
0 183
0 184
0 185
0 186
0 187
0 189
0 190
0 191
0 193
0 194
0 195
0 197
0 198
0 199
1 2
1 3
1 4
1 6
1 7
1 8
1 9
1 10
1 11
1 12
1 13
1 15
1 19
1 21
1 22
1 24
1 25
1 27
1 29
1 32
1 34
1 35
1 36
1 37
1 38
1 41
1 42
1 44
1 45
1 46
1 47
1 48
1 49
1 50
1 53
1 55
1 56
1 57
1 60
1 62
1 63
1 64
1 65
1 67
1 68
1 69
1 71
1 72
1 73
1 74
1 75
1 77
1 78
1 81
1 83
1 84
1 85
1 86
1 88
1 89
1 91
1 92
1 94
1 96
1 97
1 100
1 102
1 103
1 104
1 105
1 108
1 110
1 111
1 113
1 114
1 115
1 116
1 117
1 118
1 122
1 123
1 126
1 128
1 130
1 131
1 134
1 135
1 136
1 137
1 140
1 142
1 143
1 144
1 145
1 146
1 152
1 154
1 156
1 157
1 158
1 159
1 162
1 163
1 164
1 165
1 166
1 167
1 168
1 169
1 171
1 172
1 173
1 174
1 175
1 177
1 181
1 182
1 186
1 188
1 189
1 190
1 191
1 194
1 195
1 196
1 198
1 199
2 3
2 4
2 5
2 6
2 8
2 9
2 10
2 11
2 12
2 13
2 15
2 16
2 20
2 21
2 22
2 23
2 24
2 25
2 26
2 27
2 29
2 30
2 31
2 32
2 34
2 35
2 36
2 38
2 39
2 40
2 41
2 42
2 43
2 47
2 48
2 50
2 51
2 53
2 54
2 56
2 58
2 59
2 60
2 61
2 64
2 65
2 67
2 68
2 69
2 70
2 71
2 72
2 73
2 74
2 75
2 77
2 78
2 79
2 80
2 82
2 83
2 84
2 85
2 87
2 88
2 91
2 92
2 93
2 94
2 95
2 96
2 98
2 99
2 100
2 102
2 104
2 105
2 106
2 108
2 109
2 110
2 113
2 114
2 115
2 116
2 117
2 120
2 121
2 124
2 125
2 126
2 129
2 130
2 132
2 134
2 135
2 136
2 137
2 138
2 139
2 141
2 143
2 145
2 146
2 147
2 148
2 149
2 150
2 152
2 155
2 156
2 158
2 160
2 162
2 163
2 164
2 165
2 166
2 167
2 170
2 172
2 173
2 174
2 175
2 176
2 177
2 178
2 179
2 180
2 182
2 184
2 185
2 187
2 189
2 191
2 193
2 194
2 195
2 196
2 197
2 198
2 199
3 4
3 5
3 7
3 8
3 9
3 10
3 11
3 12
3 13
3 14
3 15
3 17
3 18
3 21
3 22
3 24
3 27
3 29
3 31
3 32
3 33
3 34
3 36
3 38
3 39
3 40
3 43
3 44
3 46
3 47
3 48
3 49
3 50
3 53
3 54
3 57
3 58
3 62
3 68
3 69
3 70
3 71
3 72
3 73
3 75
3 76
3 78
3 79
3 83
3 84
3 85
3 86
3 89
3 90
3 92
3 93
3 94
3 95
3 97
3 98
3 100
3 101
3 102
3 103
3 104
3 105
3 106
3 107
3 108
3 110
3 111
3 112
3 114
3 116
3 120
3 122
3 123
3 124
3 125
3 126
3 129
3 130
3 131
3 133
3 134
3 135
3 136
3 137
3 139
3 141
3 142
3 143
3 144
3 145
3 146
3 147
3 148
3 149
3 151
3 152
3 153
3 156
3 157
3 158
3 159
3 161
3 162
3 163
3 166
3 167
3 169
3 171
3 172
3 174
3 175
3 178
3 180
3 181
3 182
3 183
3 184
3 185
3 187
3 188
3 189
3 190
3 191
3 193
3 194
3 195
4 6
4 7
4 8
4 9
4 10
4 12
4 13
4 14
4 15
4 16
4 17
4 18
4 20
4 21
4 24
4 25
4 28
4 30
4 32
4 33
4 35
4 36
4 37
4 38
4 39
4 40
4 41
4 43
4 45
4 46
4 47
4 50
4 51
4 54
4 55
4 57
4 58
4 59
4 62
4 63
4 64
4 66
4 68
4 70
4 71
4 72
4 73
4 74
4 75
4 77
4 78
4 79
4 80
4 81
4 82
4 83
4 84
4 85
4 86
4 87
4 88
4 90
4 91
4 93
4 94
4 95
4 96
4 97
4 101
4 103
4 106
4 107
4 109
4 110
4 111
4 112
4 113
4 116
4 117
4 118
4 120
4 121
4 123
4 124
4 127
4 128
4 132
4 134
4 136
4 137
4 138
4 140
4 141
4 144
4 145
4 146
4 149
4 152
4 155
4 157
4 158
4 160
4 161
4 162
4 163
4 164
4 166
4 167
4 169
4 170
4 172
4 173
4 174
4 175
4 177
4 178
4 179
4 180
4 183
4 184
4 187
4 188
4 189
4 190
4 191
4 192
4 196
4 198
4 199
5 6
5 8
5 9
5 10
5 12
5 13
5 15
5 16
5 17
5 18
5 20
5 21
5 22
5 23
5 24
5 25
5 26
5 29
5 30
5 31
5 32
5 34
5 36
5 37
5 38
5 39
5 40
5 43
5 44
5 45
5 47
5 48
5 49
5 53
5 54
5 56
5 59
5 62
5 63
5 65
5 66
5 67
5 70
5 72
5 73
5 74
5 75
5 76
5 77
5 78
5 79
5 80
5 81
5 83
5 85
5 86
5 87
5 88
5 90
5 91
5 92
5 94
5 95
5 96
5 97
5 98
5 99
5 101
5 102
5 103
5 104
5 105
5 106
5 109
5 110
5 111
5 113
5 114
5 115
5 116
5 117
5 118
5 119
5 120
5 121
5 122
5 123
5 124
5 126
5 127
5 128
5 129
5 130
5 132
5 133
5 134
5 135
5 136
5 137
5 138
5 140
5 141
5 142
5 144
5 147
5 149
5 151
5 152
5 153
5 154
5 156
5 158
5 159
5 160
5 161
5 162
5 163
5 164
5 165
5 166
5 168
5 171
5 172
5 173
5 174
5 175
5 176
5 177
5 179
5 180
5 181
5 182
5 184
5 186
5 188
5 189
5 190
5 191
5 192
5 193
5 194
5 195
5 196
5 199
6 7
6 9
6 10
6 11
6 12
6 13
6 14
6 15
6 17
6 18
6 20
6 21
6 22
6 23
6 24
6 25
6 26
6 28
6 29
6 30
6 31
6 33
6 34
6 35
6 37
6 40
6 42
6 43
6 44
6 45
6 46
6 47
6 51
6 53
6 54
6 55
6 56
6 57
6 58
6 59
6 60
6 61
6 62
6 65
6 66
6 68
6 70
6 71
6 72
6 73
6 74
6 75
6 76
6 77
6 79
6 80
6 82
6 83
6 85
6 87
6 88
6 89
6 90
6 91
6 92
6 94
6 95
6 97
6 98
6 99
6 100
6 102
6 103
6 105
6 106
6 107
6 108
6 109
6 110
6 112
6 115
6 116
6 117
6 118
6 119
6 120
6 121
6 123
6 124
6 125
6 126
6 127
6 131
6 133
6 134
6 135
6 136
6 137
6 138
6 140
6 141
6 142
6 144
6 145
6 146
6 147
6 148
6 149
6 150
6 151
6 152
6 153
6 154
6 156
6 157
6 159
6 161
6 162
6 163
6 164
6 166
6 167
6 169
6 170
6 171
6 173
6 174
6 176
6 177
6 179
6 180
6 181
6 182
6 184
6 185
6 187
6 188
6 189
6 190
6 191
6 192
6 195
6 196
6 197
6 198
6 199
7 8
7 10
7 12
7 13
7 15
7 16
7 17
7 18
7 19
7 20
7 21
7 22
7 23
7 24
7 25
7 26
7 27
7 28
7 29
7 30
7 31
7 33
7 35
7 36
7 40
7 41
7 42
7 43
7 44
7 45
7 48
7 49
7 50
7 52
7 55
7 57
7 58
7 59
7 61
7 62
7 63
7 64
7 65
7 66
7 67
7 68
7 70
7 71
7 72
7 73
7 74
7 75
7 76
7 77
7 79
7 81
7 82
7 83
7 84
7 85
7 86
7 88
7 89
7 91
7 93
7 95
7 96
7 97
7 98
7 99
7 101
7 103
7 105
7 106
7 107
7 109
7 110
7 111
7 112
7 114
7 115
7 116
7 118
7 121
7 122
7 124
7 127
7 128
7 130
7 131
7 132
7 133
7 136
7 137
7 138
7 139
7 140
7 142
7 144
7 145
7 146
7 147
7 150
7 151
7 153
7 154
7 155
7 156
7 158
7 160
7 161
7 164
7 165
7 167
7 169
7 171
7 172
7 173
7 174
7 175
7 176
7 177
7 178
7 182
7 184
7 185
7 187
7 188
7 189
7 190
7 191
7 192
7 195
7 196
7 197
7 198
7 199
8 9
8 10
8 11
8 12
8 13
8 14
8 16
8 18
8 19
8 21
8 24
8 25
8 26
8 30
8 33
8 34
8 36
8 37
8 38
8 39
8 40
8 43
8 44
8 45
8 48
8 49
8 50
8 51
8 52
8 53
8 54
8 55
8 56
8 57
8 59
8 60
8 61
8 62
8 63
8 65
8 66
8 69
8 70
8 71
8 73
8 74
8 75
8 76
8 77
8 78
8 80
8 81
8 82
8 83
8 84
8 85
8 87
8 88
8 89
8 90
8 91
8 92
8 96
8 97
8 98
8 100
8 101
8 102
8 103
8 104
8 105
8 106
8 107
8 108
8 109
8 113
8 114
8 115
8 116
8 118
8 119
8 122
8 123
8 124
8 125
8 126
8 128
8 129
8 130
8 131
8 132
8 133
8 136
8 137
8 138
8 139
8 140
8 144
8 145
8 146
8 148
8 149
8 150
8 151
8 152
8 153
8 155
8 156
8 157
8 159
8 160
8 161
8 162
8 163
8 164
8 166
8 167
8 168
8 169
8 170
8 171
8 172
8 173
8 174
8 175
8 178
8 181
8 183
8 184
8 185
8 187
8 188
8 189
8 190
8 191
8 192
8 194
8 198
8 199
9 10
9 11
9 12
9 13
9 14
9 19
9 21
9 24
9 25
9 26
9 27
9 28
9 31
9 32
9 33
9 34
9 35
9 36
9 37
9 38
9 39
9 40
9 41
9 42
9 43
9 45
9 46
9 47
9 48
9 50
9 51
9 52
9 53
9 55
9 58
9 60
9 61
9 62
9 63
9 64
9 65
9 66
9 67
9 68
9 69
9 70
9 71
9 72
9 73
9 74
9 77
9 78
9 79
9 83
9 84
9 85
9 86
9 87
9 88
9 89
9 90
9 92
9 94
9 95
9 96
9 98
9 99
9 102
9 103
9 104
9 105
9 106
9 107
9 108
9 109
9 110
9 111
9 112
9 113
9 114
9 120
9 121
9 123
9 124
9 125
9 126
9 127
9 128
9 129
9 130
9 131
9 132
9 133
9 134
9 135
9 136
9 137
9 138
9 139
9 140
9 141
9 144
9 145
9 146
9 147
9 148
9 150
9 151
9 153
9 154
9 155
9 156
9 157
9 158
9 159
9 160
9 161
9 162
9 163
9 164
9 165
9 166
9 167
9 168
9 170
9 171
9 172
9 173
9 174
9 175
9 176
9 177
9 178
9 179
9 180
9 181
9 182
9 183
9 184
9 185
9 186
9 187
9 188
9 190
9 191
9 193
9 195
9 196
9 197
9 198
9 199
10 12
10 14
10 15
10 18
10 19
10 21
10 22
10 23
10 24
10 26
10 28
10 29
10 31
10 32
10 33
10 34
10 36
10 37
10 38
10 39
10 40
10 41
10 42
10 43
10 45
10 46
10 47
10 48
10 49
10 50
10 51
10 52
10 53
10 54
10 55
10 57
10 58
10 64
10 66
10 67
10 69
10 70
10 71
10 72
10 73
10 74
10 77
10 78
10 80
10 81
10 82
10 83
10 85
10 90
10 91
10 92
10 94
10 95
10 96
10 97
10 98
10 99
10 100
10 101
10 102
10 103
10 105
10 109
10 110
10 111
10 112
10 114
10 115
10 116
10 120
10 121
10 122
10 123
10 124
10 126
10 129
10 133
10 135
10 137
10 139
10 140
10 141
10 142
10 143
10 144
10 145
10 147
10 150
10 153
10 155
10 156
10 158
10 159
10 161
10 162
10 163
10 164
10 165
10 166
10 168
10 169
10 170
10 171
10 173
10 174
10 176
10 178
10 182
10 183
10 185
10 186
10 188
10 189
10 191
10 192
10 193
10 194
10 195
10 197
10 199
11 12
11 13
11 14
11 15
11 16
11 17
11 18
11 20
11 21
11 23
11 24
11 25
11 28
11 29
11 30
11 31
11 32
11 33
11 34
11 36
11 37
11 38
11 39
11 40
11 46
11 48
11 49
11 50
11 51
11 52
11 53
11 57
11 59
11 61
11 62
11 63
11 64
11 65
11 66
11 67
11 68
11 69
11 70
11 71
11 72
11 73
11 75
11 76
11 79
11 81
11 82
11 83
11 84
11 85
11 87
11 88
11 89
11 92
11 94
11 95
11 97
11 98
11 99
11 100
11 101
11 102
11 103
11 104
11 105
11 107
11 108
11 109
11 110
11 112
11 113
11 115
11 119
11 120
11 121
11 123
11 124
11 127
11 129
11 131
11 132
11 136
11 137
11 139
11 140
11 141
11 149
11 150
11 151
11 152
11 155
11 156
11 157
11 159
11 161
11 162
11 164
11 165
11 167
11 168
11 169
11 170
11 173
11 175
11 177
11 178
11 179
11 181
11 182
11 184
11 186
11 189
11 191
11 192
11 193
11 194
11 195
11 196
11 198
11 199
12 13
12 14
12 15
12 16
12 17
12 18
12 19
12 20
12 22
12 25
12 26
12 27
12 30
12 31
12 32
12 33
12 34
12 35
12 36
12 37
12 38
12 39
12 40
12 41
12 42
12 43
12 44
12 47
12 48
12 49
12 50
12 51
12 53
12 54
12 55
12 56
12 62
12 63
12 65
12 68
12 69
12 70
12 72
12 73
12 75
12 76
12 77
12 78
12 82
12 83
12 84
12 85
12 86
12 87
12 90
12 91
12 92
12 93
12 94
12 96
12 97
12 99
12 101
12 103
12 104
12 106
12 107
12 109
12 110
12 111
12 113
12 114
12 117
12 119
12 120
12 122
12 123
12 124
12 125
12 126
12 127
12 128
12 131
12 133
12 137
12 139
12 140
12 141
12 142
12 143
12 144
12 149
12 150
12 152
12 157
12 160
12 162
12 164
12 166
12 167
12 170
12 171
12 173
12 175
12 178
12 180
12 181
12 183
12 184
12 186
12 187
12 188
12 189
12 190
12 191
12 192
12 194
12 198
12 199
13 14
13 15
13 16
13 17
13 20
13 21
13 23
13 24
13 26
13 27
13 28
13 30
13 31
13 32
13 34
13 35
13 37
13 38
13 40
13 41
13 42
13 43
13 46
13 48
13 50
13 52
13 53
13 54
13 55
13 56
13 59
13 60
13 61
13 65
13 66
13 68
13 69
13 70
13 72
13 75
13 77
13 78
13 79
13 80
13 81
13 83
13 85
13 86
13 87
13 89
13 90
13 91
13 92
13 93
13 94
13 96
13 100
13 101
13 102
13 103
13 104
13 106
13 107
13 108
13 109
13 111
13 112
13 114
13 115
13 117
13 119
13 120
13 121
13 124
13 125
13 128
13 129
13 130
13 131
13 133
13 134
13 135
13 136
13 138
13 140
13 142
13 144
13 145
13 146
13 147
13 149
13 150
13 151
13 153
13 155
13 156
13 158
13 159
13 160
13 162
13 163
13 164
13 167
13 174
13 175
13 176
13 178
13 179
13 180
13 181
13 182
13 184
13 185
13 188
13 191
13 193
13 194
13 196
13 197
13 198
13 199
14 15
14 16
14 17
14 18
14 19
14 20
14 21
14 22
14 24
14 25
14 27
14 28
14 29
14 30
14 31
14 32
14 33
14 34
14 37
14 38
14 39
14 40
14 41
14 42
14 43
14 44
14 46
14 49
14 52
14 53
14 54
14 55
14 56
14 58
14 59
14 60
14 61
14 62
14 63
14 64
14 65
14 66
14 67
14 68
14 69
14 70
14 71
14 73
14 74
14 75
14 78
14 79
14 81
14 82
14 83
14 84
14 86
14 87
14 88
14 89
14 91
14 92
14 93
14 94
14 95
14 96
14 99
14 102
14 103
14 105
14 108
14 110
14 111
14 112
14 113
14 114
14 115
14 116
14 117
14 118
14 121
14 125
14 126
14 127
14 128
14 129
14 133
14 134
14 135
14 136
14 137
14 138
14 141
14 142
14 143
14 144
14 145
14 146
14 147
14 148
14 150
14 151
14 152
14 153
14 154
14 155
14 156
14 157
14 160
14 161
14 162
14 163
14 164
14 165
14 166
14 168
14 169
14 170
14 172
14 176
14 177
14 178
14 179
14 180
14 181
14 183
14 185
14 186
14 188
14 190
14 191
14 193
14 194
14 195
14 197
14 199
15 16
15 17
15 18
15 19
15 21
15 24
15 25
15 26
15 27
15 28
15 29
15 30
15 31
15 32
15 33
15 34
15 35
15 36
15 37
15 38
15 39
15 40
15 41
15 43
15 44
15 45
15 46
15 47
15 48
15 50
15 51
15 52
15 53
15 54
15 56
15 57
15 58
15 59
15 61
15 63
15 64
15 65
15 68
15 69
15 70
15 71
15 72
15 73
15 75
15 76
15 77
15 78
15 79
15 82
15 83
15 86
15 87
15 88
15 89
15 90
15 93
15 94
15 95
15 100
15 101
15 102
15 103
15 104
15 105
15 107
15 108
15 109
15 110
15 111
15 112
15 113
15 114
15 115
15 117
15 119
15 120
15 123
15 124
15 126
15 127
15 129
15 130
15 132
15 134
15 135
15 137
15 138
15 139
15 142
15 144
15 145
15 148
15 150
15 153
15 154
15 156
15 157
15 158
15 159
15 160
15 161
15 162
15 164
15 166
15 168
15 170
15 171
15 172
15 173
15 174
15 176
15 178
15 179
15 180
15 182
15 183
15 187
15 188
15 190
15 193
15 194
15 195
15 196
15 198
15 199
16 18
16 20
16 23
16 24
16 26
16 27
16 28
16 30
16 33
16 34
16 35
16 37
16 38
16 40
16 42
16 43
16 44
16 45
16 46
16 47
16 48
16 50
16 53
16 54
16 55
16 57
16 58
16 61
16 62
16 63
16 64
16 66
16 68
16 70
16 71
16 72
16 73
16 74
16 75
16 76
16 77
16 78
16 79
16 81
16 82
16 84
16 85
16 88
16 90
16 94
16 95
16 97
16 98
16 99
16 101
16 103
16 105
16 106
16 108
16 110
16 111
16 112
16 113
16 114
16 116
16 117
16 119
16 122
16 123
16 124
16 125
16 126
16 128
16 130
16 131
16 132
16 133
16 134
16 135
16 136
16 137
16 138
16 139
16 140
16 141
16 142
16 143
16 144
16 145
16 146
16 147
16 148
16 150
16 152
16 153
16 154
16 156
16 158
16 159
16 160
16 162
16 163
16 165
16 166
16 169
16 170
16 171
16 173
16 174
16 175
16 176
16 177
16 178
16 179
16 180
16 181
16 183
16 184
16 186
16 187
16 188
16 189
16 190
16 191
16 192
16 193
16 194
16 195
16 196
16 197
17 18
17 19
17 22
17 25
17 26
17 27
17 28
17 29
17 30
17 31
17 32
17 33
17 34
17 37
17 39
17 40
17 41
17 42
17 46
17 48
17 49
17 51
17 52
17 53
17 54
17 55
17 57
17 58
17 61
17 64
17 66
17 67
17 69
17 70
17 71
17 72
17 75
17 76
17 77
17 78
17 79
17 80
17 82
17 83
17 84
17 85
17 86
17 87
17 88
17 89
17 90
17 91
17 93
17 94
17 95
17 99
17 101
17 102
17 103
17 105
17 106
17 107
17 109
17 110
17 111
17 112
17 113
17 114
17 115
17 116
17 117
17 122
17 123
17 124
17 125
17 126
17 127
17 128
17 130
17 131
17 134
17 135
17 137
17 138
17 139
17 140
17 142
17 145
17 147
17 148
17 150
17 151
17 152
17 154
17 155
17 156
17 157
17 158
17 159
17 160
17 161
17 162
17 163
17 164
17 166
17 167
17 168
17 169
17 170
17 172
17 173
17 175
17 176
17 178
17 181
17 185
17 186
17 187
17 188
17 189
17 190
17 193
17 194
17 198
17 199
18 20
18 21
18 22
18 23
18 25
18 26
18 28
18 29
18 30
18 33
18 35
18 38
18 41
18 42
18 43
18 44
18 45
18 48
18 50
18 51
18 52
18 53
18 55
18 56
18 60
18 61
18 63
18 64
18 65
18 66
18 67
18 68
18 70
18 72
18 73
18 79
18 81
18 82
18 84
18 86
18 87
18 88
18 89
18 90
18 91
18 92
18 95
18 97
18 98
18 99
18 100
18 101
18 102
18 103
18 105
18 106
18 107
18 110
18 111
18 113
18 114
18 115
18 116
18 117
18 118
18 122
18 123
18 124
18 125
18 126
18 127
18 129
18 130
18 131
18 132
18 133
18 135
18 136
18 137
18 139
18 141
18 142
18 146
18 147
18 150
18 151
18 153
18 156
18 157
18 158
18 160
18 161
18 164
18 165
18 167
18 168
18 169
18 170
18 171
18 172
18 174
18 175
18 176
18 177
18 178
18 179
18 180
18 182
18 183
18 184
18 185
18 186
18 188
18 191
18 194
18 195
18 197
18 198
18 199
19 21
19 22
19 23
19 24
19 25
19 27
19 30
19 31
19 32
19 33
19 35
19 37
19 39
19 41
19 42
19 45
19 46
19 47
19 48
19 49
19 50
19 51
19 52
19 53
19 54
19 55
19 56
19 58
19 59
19 60
19 61
19 62
19 63
19 64
19 66
19 67
19 68
19 69
19 71
19 72
19 74
19 75
19 76
19 79
19 83
19 86
19 87
19 88
19 89
19 90
19 91
19 94
19 96
19 97
19 99
19 100
19 101
19 102
19 103
19 105
19 106
19 107
19 108
19 110
19 112
19 114
19 115
19 117
19 118
19 119
19 121
19 123
19 126
19 127
19 128
19 129
19 131
19 132
19 136
19 137
19 138
19 139
19 141
19 143
19 144
19 146
19 148
19 150
19 151
19 152
19 155
19 157
19 159
19 161
19 162
19 164
19 168
19 169
19 171
19 172
19 173
19 174
19 177
19 178
19 180
19 181
19 182
19 184
19 185
19 186
19 187
19 188
19 189
19 191
19 192
19 194
19 195
19 196
19 197
19 199
20 21
20 23
20 24
20 26
20 27
20 28
20 30
20 31
20 32
20 35
20 36
20 37
20 38
20 39
20 41
20 42
20 44
20 45
20 47
20 48
20 51
20 53
20 54
20 55
20 56
20 57
20 59
20 60
20 61
20 64
20 65
20 67
20 68
20 69
20 71
20 72
20 73
20 75
20 76
20 78
20 79
20 80
20 81
20 82
20 84
20 85
20 86
20 87
20 89
20 93
20 94
20 96
20 97
20 98
20 99
20 100
20 101
20 102
20 103
20 106
20 107
20 108
20 109
20 111
20 114
20 116
20 117
20 120
20 122
20 123
20 124
20 125
20 126
20 127
20 129
20 130
20 131
20 132
20 133
20 134
20 135
20 136
20 137
20 138
20 140
20 141
20 143
20 145
20 146
20 147
20 149
20 152
20 154
20 155
20 156
20 160
20 161
20 162
20 163
20 164
20 165
20 168
20 169
20 173
20 174
20 176
20 177
20 178
20 180
20 181
20 182
20 184
20 188
20 190
20 191
20 192
20 195
20 196
20 197
20 198
20 199
21 23
21 24
21 25
21 26
21 27
21 28
21 30
21 31
21 33
21 34
21 35
21 36
21 37
21 39
21 40
21 41
21 44
21 45
21 46
21 47
21 49
21 50
21 52
21 53
21 54
21 55
21 56
21 57
21 58
21 59
21 60
21 61
21 62
21 63
21 66
21 67
21 68
21 69
21 70
21 71
21 72
21 75
21 76
21 77
21 78
21 79
21 81
21 82
21 83
21 84
21 85
21 86
21 87
21 89
21 90
21 91
21 93
21 94
21 97
21 98
21 99
21 101
21 102
21 105
21 107
21 108
21 109
21 110
21 112
21 113
21 114
21 117
21 118
21 120
21 122
21 123
21 127
21 129
21 130
21 131
21 133
21 134
21 135
21 136
21 137
21 139
21 140
21 141
21 142
21 143
21 144
21 146
21 147
21 149
21 150
21 151
21 152
21 153
21 154
21 156
21 159
21 161
21 162
21 165
21 166
21 167
21 169
21 170
21 171
21 173
21 174
21 175
21 176
21 177
21 178
21 180
21 181
21 183
21 184
21 186
21 187
21 188
21 189
21 190
21 191
21 192
21 193
21 194
21 196
21 199
22 25
22 26
22 27
22 29
22 31
22 33
22 34
22 35
22 36
22 37
22 38
22 39
22 40
22 41
22 43
22 44
22 46
22 48
22 49
22 52
22 53
22 54
22 55
22 58
22 59
22 60
22 61
22 62
22 63
22 64
22 65
22 66
22 67
22 68
22 70
22 73
22 74
22 76
22 77
22 78
22 79
22 81
22 82
22 83
22 86
22 87
22 88
22 89
22 90
22 91
22 92
22 94
22 96
22 97
22 98
22 100
22 102
22 103
22 105
22 106
22 109
22 110
22 111
22 113
22 114
22 115
22 124
22 125
22 127
22 128
22 130
22 133
22 134
22 136
22 137
22 139
22 144
22 146
22 147
22 148
22 150
22 152
22 153
22 154
22 155
22 160
22 161
22 162
22 163
22 164
22 165
22 166
22 167
22 168
22 169
22 171
22 172
22 173
22 174
22 175
22 177
22 179
22 181
22 182
22 183
22 184
22 185
22 186
22 187
22 189
22 190
22 191
22 195
22 196
22 197
22 198
22 199
23 24
23 28
23 31
23 32
23 34
23 36
23 38
23 39
23 40
23 44
23 45
23 46
23 47
23 49
23 50
23 51
23 53
23 54
23 55
23 56
23 57
23 58
23 61
23 62
23 63
23 65
23 66
23 67
23 69
23 70
23 71
23 74
23 75
23 77
23 78
23 79
23 80
23 82
23 83
23 84
23 85
23 89
23 90
23 92
23 94
23 95
23 96
23 97
23 98
23 99
23 101
23 102
23 103
23 104
23 105
23 107
23 108
23 109
23 110
23 112
23 113
23 115
23 116
23 117
23 118
23 119
23 120
23 121
23 122
23 123
23 124
23 125
23 128
23 129
23 130
23 131
23 132
23 133
23 136
23 137
23 138
23 139
23 140
23 141
23 142
23 143
23 145
23 147
23 148
23 149
23 150
23 151
23 152
23 154
23 155
23 156
23 157
23 159
23 161
23 162
23 164
23 165
23 167
23 170
23 171
23 172
23 173
23 175
23 176
23 177
23 179
23 180
23 181
23 182
23 183
23 184
23 185
23 188
23 189
23 191
23 193
23 194
23 195
23 197
24 25
24 26
24 27
24 32
24 33
24 37
24 38
24 41
24 44
24 45
24 46
24 47
24 48
24 49
24 50
24 51
24 53
24 54
24 55
24 56
24 57
24 58
24 60
24 61
24 62
24 63
24 66
24 67
24 68
24 69
24 71
24 73
24 74
24 76
24 77
24 78
24 79
24 80
24 81
24 82
24 83
24 85
24 89
24 90
24 91
24 92
24 94
24 96
24 98
24 99
24 100
24 101
24 102
24 103
24 104
24 107
24 109
24 110
24 111
24 113
24 115
24 116
24 118
24 119
24 123
24 124
24 125
24 126
24 127
24 128
24 130
24 131
24 132
24 133
24 134
24 135
24 136
24 140
24 142
24 144
24 145
24 148
24 149
24 150
24 151
24 152
24 153
24 159
24 160
24 163
24 164
24 169
24 170
24 171
24 172
24 173
24 175
24 176
24 177
24 178
24 179
24 181
24 182
24 183
24 184
24 185
24 186
24 193
24 194
24 195
24 197
24 198
24 199
25 27
25 28
25 30
25 31
25 32
25 33
25 34
25 35
25 36
25 37
25 39
25 40
25 41
25 43
25 45
25 46
25 47
25 48
25 50
25 53
25 54
25 55
25 56
25 61
25 62
25 63
25 65
25 67
25 70
25 71
25 73
25 74
25 75
25 76
25 77
25 78
25 79
25 81
25 84
25 85
25 87
25 88
25 89
25 91
25 92
25 94
25 95
25 97
25 100
25 101
25 102
25 103
25 104
25 105
25 107
25 108
25 109
25 110
25 111
25 112
25 113
25 114
25 115
25 117
25 118
25 119
25 120
25 121
25 124
25 125
25 127
25 128
25 129
25 130
25 132
25 133
25 134
25 135
25 137
25 141
25 142
25 146
25 147
25 148
25 149
25 152
25 153
25 154
25 156
25 157
25 158
25 159
25 160
25 161
25 162
25 163
25 164
25 165
25 166
25 167
25 168
25 169
25 172
25 174
25 175
25 176
25 177
25 178
25 180
25 181
25 182
25 183
25 184
25 186
25 188
25 189
25 190
25 191
25 192
25 193
25 194
25 195
25 196
25 198
25 199
26 27
26 28
26 29
26 30
26 31
26 34
26 36
26 37
26 38
26 39
26 41
26 43
26 44
26 45
26 46
26 48
26 49
26 50
26 51
26 52
26 53
26 55
26 57
26 59
26 62
26 63
26 64
26 65
26 66
26 68
26 70
26 71
26 73
26 74
26 75
26 76
26 78
26 80
26 81
26 82
26 83
26 85
26 87
26 90
26 92
26 93
26 94
26 95
26 96
26 97
26 98
26 99
26 100
26 102
26 105
26 106
26 108
26 109
26 113
26 117
26 119
26 121
26 122
26 123
26 124
26 125
26 127
26 128
26 129
26 132
26 134
26 135
26 136
26 137
26 140
26 142
26 144
26 145
26 149
26 151
26 152
26 153
26 155
26 157
26 158
26 159
26 161
26 162
26 163
26 165
26 166
26 168
26 169
26 170
26 171
26 172
26 174
26 175
26 176
26 180
26 181
26 182
26 183
26 184
26 185
26 186
26 187
26 188
26 189
26 190
26 194
26 195
26 196
26 197
26 198
27 28
27 31
27 32
27 34
27 36
27 37
27 38
27 39
27 40
27 41
27 44
27 45
27 46
27 49
27 50
27 51
27 52
27 53
27 54
27 55
27 57
27 58
27 61
27 63
27 64
27 67
27 68
27 69
27 71
27 72
27 73
27 74
27 75
27 76
27 77
27 79
27 80
27 81
27 82
27 83
27 84
27 86
27 87
27 88
27 90
27 91
27 92
27 93
27 95
27 96
27 97
27 99
27 100
27 101
27 102
27 103
27 104
27 107
27 108
27 109
27 110
27 111
27 113
27 114
27 115
27 116
27 117
27 118
27 119
27 120
27 121
27 122
27 123
27 124
27 125
27 131
27 132
27 133
27 135
27 136
27 137
27 139
27 143
27 144
27 145
27 147
27 148
27 150
27 151
27 152
27 153
27 154
27 156
27 157
27 159
27 160
27 161
27 162
27 163
27 164
27 165
27 166
27 167
27 168
27 169
27 170
27 172
27 174
27 175
27 176
27 177
27 178
27 179
27 180
27 181
27 183
27 184
27 186
27 187
27 188
27 190
27 195
27 196
27 198
28 31
28 33
28 34
28 35
28 36
28 37
28 39
28 40
28 41
28 43
28 44
28 45
28 46
28 48
28 50
28 51
28 52
28 53
28 54
28 55
28 56
28 57
28 58
28 59
28 62
28 63
28 64
28 66
28 67
28 68
28 69
28 70
28 71
28 72
28 75
28 76
28 77
28 80
28 81
28 82
28 83
28 84
28 85
28 86
28 87
28 88
28 89
28 91
28 92
28 94
28 96
28 97
28 99
28 100
28 101
28 104
28 105
28 106
28 107
28 108
28 109
28 110
28 111
28 112
28 113
28 114
28 115
28 116
28 118
28 119
28 120
28 121
28 122
28 124
28 125
28 127
28 128
28 130
28 131
28 132
28 133
28 134
28 135
28 137
28 138
28 139
28 140
28 142
28 144
28 145
28 146
28 147
28 149
28 150
28 154
28 155
28 156
28 157
28 159
28 160
28 161
28 162
28 163
28 164
28 165
28 166
28 167
28 170
28 171
28 172
28 173
28 175
28 176
28 177
28 179
28 180
28 182
28 184
28 185
28 186
28 188
28 190
28 193
28 194
28 195
28 196
28 197
28 198
28 199
29 30
29 33
29 34
29 35
29 36
29 37
29 38
29 39
29 40
29 41
29 42
29 43
29 44
29 46
29 47
29 48
29 49
29 50
29 52
29 53
29 55
29 57
29 58
29 59
29 60
29 61
29 62
29 63
29 65
29 66
29 70
29 71
29 72
29 73
29 74
29 76
29 77
29 78
29 80
29 81
29 83
29 87
29 88
29 90
29 91
29 92
29 93
29 94
29 95
29 96
29 97
29 98
29 99
29 101
29 102
29 104
29 108
29 109
29 110
29 111
29 112
29 113
29 114
29 115
29 116
29 118
29 119
29 121
29 122
29 125
29 126
29 127
29 132
29 133
29 135
29 136
29 137
29 138
29 139
29 140
29 143
29 145
29 146
29 147
29 148
29 150
29 156
29 157
29 158
29 160
29 162
29 163
29 164
29 165
29 166
29 167
29 168
29 170
29 171
29 172
29 173
29 174
29 179
29 181
29 184
29 185
29 187
29 188
29 189
29 190
29 191
29 192
29 193
29 196
29 197
29 199
30 32
30 33
30 35
30 36
30 37
30 38
30 39
30 40
30 41
30 42
30 43
30 44
30 45
30 49
30 51
30 52
30 53
30 54
30 56
30 57
30 58
30 59
30 60
30 61
30 63
30 64
30 66
30 67
30 69
30 71
30 73
30 75
30 76
30 77
30 78
30 79
30 80
30 81
30 83
30 87
30 91
30 93
30 94
30 96
30 97
30 99
30 100
30 103
30 104
30 106
30 107
30 108
30 109
30 110
30 112
30 114
30 116
30 118
30 119
30 121
30 122
30 123
30 124
30 125
30 126
30 128
30 129
30 130
30 134
30 135
30 137
30 138
30 139
30 140
30 141
30 142
30 143
30 145
30 146
30 147
30 148
30 150
30 151
30 152
30 153
30 154
30 155
30 157
30 158
30 159
30 161
30 162
30 165
30 167
30 168
30 169
30 170
30 171
30 173
30 174
30 175
30 177
30 178
30 180
30 181
30 182
30 183
30 184
30 186
30 187
30 188
30 189
30 190
30 192
30 194
30 196
30 198
31 32
31 34
31 35
31 40
31 41
31 43
31 45
31 46
31 47
31 49
31 51
31 53
31 54
31 55
31 56
31 57
31 58
31 60
31 61
31 64
31 65
31 66
31 67
31 68
31 70
31 72
31 74
31 75
31 76
31 79
31 82
31 83
31 84
31 85
31 86
31 88
31 90
31 91
31 92
31 93
31 95
31 98
31 99
31 100
31 101
31 102
31 103
31 104
31 106
31 107
31 109
31 110
31 112
31 113
31 114
31 116
31 117
31 118
31 119
31 120
31 121
31 122
31 123
31 124
31 125
31 126
31 127
31 128
31 129
31 131
31 133
31 134
31 135
31 136
31 137
31 138
31 143
31 145
31 148
31 149
31 150
31 151
31 153
31 154
31 155
31 156
31 157
31 159
31 161
31 163
31 164
31 166
31 167
31 169
31 170
31 171
31 172
31 173
31 175
31 176
31 177
31 181
31 183
31 184
31 185
31 186
31 187
31 188
31 189
31 190
31 191
31 192
31 194
31 195
31 196
31 197
31 198
31 199
32 33
32 34
32 36
32 38
32 39
32 40
32 41
32 43
32 45
32 46
32 47
32 48
32 49
32 51
32 52
32 53
32 55
32 59
32 60
32 62
32 63
32 64
32 66
32 67
32 68
32 69
32 70
32 71
32 72
32 73
32 76
32 77
32 78
32 80
32 81
32 82
32 83
32 85
32 86
32 88
32 90
32 94
32 95
32 97
32 98
32 99
32 100
32 101
32 102
32 103
32 104
32 105
32 111
32 112
32 113
32 114
32 115
32 116
32 117
32 118
32 119
32 120
32 122
32 123
32 124
32 125
32 126
32 127
32 128
32 129
32 130
32 131
32 132
32 133
32 134
32 135
32 138
32 140
32 141
32 142
32 143
32 144
32 145
32 146
32 147
32 148
32 149
32 150
32 151
32 152
32 153
32 154
32 157
32 159
32 160
32 161
32 162
32 164
32 165
32 168
32 169
32 171
32 173
32 174
32 175
32 177
32 178
32 180
32 182
32 183
32 186
32 187
32 188
32 189
32 190
32 191
32 192
32 193
32 194
32 196
32 197
32 198
33 34
33 35
33 36
33 39
33 41
33 42
33 43
33 46
33 47
33 50
33 51
33 52
33 53
33 55
33 56
33 57
33 60
33 61
33 63
33 64
33 65
33 66
33 68
33 69
33 70
33 71
33 73
33 74
33 76
33 78
33 79
33 80
33 81
33 82
33 85
33 86
33 87
33 90
33 91
33 92
33 94
33 95
33 97
33 98
33 99
33 100
33 101
33 103
33 106
33 107
33 108
33 109
33 110
33 111
33 113
33 114
33 116
33 119
33 120
33 121
33 122
33 123
33 124
33 126
33 127
33 128
33 130
33 131
33 132
33 133
33 136
33 137
33 138
33 139
33 140
33 141
33 142
33 143
33 144
33 146
33 148
33 149
33 150
33 151
33 152
33 153
33 155
33 156
33 158
33 159
33 160
33 161
33 162
33 163
33 164
33 167
33 168
33 170
33 171
33 172
33 175
33 176
33 177
33 178
33 179
33 181
33 182
33 183
33 184
33 186
33 187
33 188
33 189
33 191
33 192
33 194
33 197
34 35
34 36
34 37
34 39
34 41
34 42
34 44
34 46
34 47
34 48
34 49
34 50
34 51
34 53
34 54
34 55
34 56
34 57
34 58
34 60
34 61
34 62
34 63
34 64
34 66
34 67
34 68
34 70
34 71
34 72
34 74
34 75
34 76
34 78
34 79
34 81
34 83
34 84
34 86
34 87
34 88
34 90
34 93
34 95
34 96
34 97
34 98
34 99
34 100
34 102
34 103
34 105
34 110
34 111
34 113
34 114
34 116
34 117
34 121
34 122
34 124
34 125
34 126
34 127
34 130
34 131
34 133
34 134
34 135
34 136
34 138
34 139
34 140
34 141
34 142
34 143
34 145
34 147
34 148
34 149
34 150
34 151
34 153
34 155
34 156
34 157
34 158
34 159
34 160
34 161
34 163
34 164
34 165
34 166
34 173
34 174
34 175
34 176
34 178
34 179
34 180
34 181
34 182
34 184
34 185
34 187
34 189
34 190
34 191
34 192
34 194
34 196
34 197
34 198
35 36
35 37
35 38
35 40
35 41
35 42
35 45
35 48
35 49
35 50
35 53
35 54
35 55
35 57
35 58
35 59
35 60
35 61
35 63
35 64
35 65
35 67
35 68
35 69
35 70
35 71
35 72
35 73
35 75
35 76
35 77
35 78
35 79
35 80
35 81
35 82
35 84
35 85
35 86
35 87
35 88
35 90
35 91
35 93
35 95
35 97
35 98
35 99
35 102
35 104
35 105
35 107
35 109
35 111
35 113
35 114
35 116
35 118
35 119
35 120
35 121
35 122
35 123
35 124
35 125
35 127
35 128
35 130
35 131
35 133
35 134
35 136
35 137
35 138
35 140
35 141
35 142
35 143
35 146
35 147
35 148
35 149
35 150
35 151
35 152
35 154
35 155
35 156
35 158
35 162
35 163
35 164
35 168
35 169
35 171
35 172
35 173
35 174
35 181
35 182
35 183
35 186
35 187
35 189
35 190
35 191
35 192
35 194
35 195
35 197
35 198
35 199
36 37
36 38
36 39
36 41
36 43
36 44
36 46
36 47
36 49
36 50
36 53
36 54
36 55
36 56
36 57
36 58
36 59
36 60
36 61
36 62
36 65
36 66
36 67
36 68
36 69
36 70
36 71
36 72
36 77
36 78
36 79
36 81
36 82
36 83
36 84
36 86
36 88
36 89
36 92
36 95
36 97
36 98
36 99
36 101
36 102
36 104
36 105
36 106
36 107
36 108
36 111
36 112
36 113
36 114
36 115
36 117
36 119
36 121
36 122
36 124
36 125
36 126
36 127
36 128
36 131
36 132
36 133
36 134
36 135
36 136
36 137
36 138
36 139
36 140
36 142
36 144
36 146
36 147
36 148
36 152
36 153
36 156
36 157
36 160
36 161
36 162
36 163
36 164
36 165
36 166
36 167
36 168
36 169
36 170
36 171
36 172
36 173
36 174
36 175
36 179
36 180
36 181
36 182
36 185
36 186
36 187
36 188
36 190
36 191
36 194
36 195
36 196
36 197
36 198
37 38
37 39
37 41
37 42
37 49
37 50
37 51
37 52
37 53
37 55
37 56
37 60
37 61
37 62
37 64
37 65
37 67
37 68
37 69
37 71
37 73
37 74
37 75
37 77
37 79
37 80
37 81
37 82
37 83
37 86
37 89
37 91
37 92
37 96
37 97
37 98
37 99
37 101
37 105
37 106
37 107
37 108
37 110
37 111
37 112
37 113
37 116
37 117
37 119
37 120
37 122
37 123
37 124
37 125
37 126
37 127
37 129
37 131
37 132
37 133
37 134
37 136
37 137
37 139
37 140
37 141
37 142
37 144
37 145
37 146
37 147
37 149
37 150
37 151
37 154
37 155
37 156
37 157
37 158
37 159
37 161
37 164
37 166
37 167
37 169
37 170
37 171
37 172
37 174
37 175
37 176
37 177
37 178
37 179
37 181
37 182
37 183
37 184
37 185
37 186
37 187
37 188
37 189
37 192
37 193
37 195
37 196
37 199
38 39
38 41
38 43
38 44
38 47
38 50
38 51
38 52
38 53
38 54
38 55
38 56
38 57
38 59
38 61
38 62
38 63
38 64
38 65
38 67
38 69
38 71
38 72
38 73
38 75
38 76
38 77
38 80
38 81
38 82
38 83
38 84
38 85
38 86
38 88
38 89
38 91
38 92
38 93
38 94
38 96
38 97
38 99
38 100
38 101
38 102
38 103
38 104
38 106
38 107
38 108
38 109
38 110
38 112
38 115
38 117
38 118
38 119
38 120
38 121
38 123
38 124
38 125
38 126
38 127
38 130
38 131
38 132
38 133
38 134
38 135
38 137
38 138
38 139
38 140
38 141
38 142
38 144
38 146
38 147
38 148
38 149
38 151
38 155
38 156
38 158
38 159
38 160
38 161
38 162
38 163
38 164
38 165
38 166
38 167
38 168
38 169
38 170
38 171
38 173
38 174
38 175
38 176
38 177
38 178
38 179
38 180
38 181
38 183
38 184
38 185
38 187
38 188
38 189
38 190
38 191
38 192
38 195
38 196
38 198
39 40
39 41
39 42
39 43
39 46
39 49
39 51
39 55
39 57
39 59
39 60
39 61
39 62
39 64
39 65
39 66
39 67
39 70
39 73
39 77
39 78
39 79
39 80
39 81
39 82
39 83
39 84
39 85
39 86
39 87
39 89
39 90
39 92
39 93
39 94
39 95
39 96
39 97
39 98
39 99
39 100
39 102
39 103
39 104
39 105
39 106
39 107
39 108
39 110
39 112
39 113
39 114
39 115
39 117
39 120
39 121
39 122
39 123
39 124
39 125
39 126
39 127
39 128
39 129
39 130
39 131
39 132
39 133
39 134
39 135
39 136
39 138
39 140
39 141
39 143
39 144
39 145
39 146
39 147
39 148
39 149
39 150
39 151
39 155
39 156
39 157
39 158
39 160
39 162
39 163
39 164
39 165
39 166
39 168
39 169
39 170
39 171
39 172
39 173
39 174
39 175
39 176
39 177
39 178
39 179
39 180
39 181
39 182
39 183
39 184
39 185
39 188
39 189
39 190
39 191
39 192
39 195
39 197
39 198
39 199
40 41
40 43
40 45
40 46
40 47
40 48
40 49
40 52
40 54
40 55
40 57
40 58
40 61
40 62
40 64
40 65
40 68
40 74
40 75
40 76
40 77
40 78
40 79
40 80
40 81
40 82
40 83
40 84
40 86
40 88
40 91
40 94
40 95
40 96
40 98
40 99
40 100
40 102
40 103
40 104
40 105
40 107
40 108
40 110
40 111
40 112
40 113
40 114
40 115
40 116
40 118
40 121
40 122
40 124
40 126
40 127
40 128
40 130
40 131
40 132
40 133
40 135
40 136
40 138
40 139
40 140
40 142
40 143
40 145
40 146
40 148
40 151
40 152
40 154
40 155
40 156
40 157
40 158
40 160
40 161
40 163
40 164
40 165
40 167
40 169
40 170
40 171
40 172
40 176
40 177
40 179
40 180
40 181
40 182
40 183
40 185
40 187
40 188
40 190
40 191
40 193
40 194
40 195
40 197
40 198
40 199
41 42
41 43
41 44
41 45
41 46
41 47
41 48
41 50
41 51
41 52
41 53
41 54
41 55
41 59
41 60
41 61
41 63
41 64
41 69
41 70
41 71
41 73
41 74
41 75
41 76
41 78
41 80
41 81
41 83
41 84
41 87
41 88
41 89
41 91
41 92
41 94
41 95
41 96
41 97
41 99
41 100
41 101
41 102
41 104
41 105
41 106
41 107
41 108
41 109
41 112
41 113
41 114
41 115
41 116
41 117
41 118
41 119
41 120
41 121
41 122
41 125
41 126
41 127
41 128
41 129
41 130
41 131
41 132
41 133
41 135
41 136
41 137
41 138
41 139
41 140
41 142
41 145
41 146
41 147
41 148
41 149
41 152
41 153
41 154
41 155
41 156
41 158
41 159
41 160
41 161
41 162
41 163
41 164
41 165
41 166
41 171
41 172
41 173
41 176
41 177
41 178
41 179
41 182
41 183
41 184
41 185
41 186
41 187
41 189
41 190
41 191
41 192
41 193
41 194
41 195
41 196
41 197
41 198
41 199
42 43
42 44
42 45
42 48
42 49
42 51
42 52
42 53
42 55
42 56
42 57
42 59
42 63
42 64
42 65
42 66
42 68
42 69
42 71
42 72
42 73
42 74
42 76
42 77
42 78
42 79
42 80
42 84
42 85
42 88
42 90
42 91
42 92
42 93
42 94
42 95
42 96
42 97
42 98
42 99
42 102
42 103
42 106
42 107
42 110
42 113
42 114
42 116
42 117
42 118
42 119
42 120
42 121
42 122
42 123
42 124
42 125
42 126
42 127
42 128
42 129
42 130
42 131
42 132
42 133
42 134
42 135
42 136
42 137
42 138
42 140
42 142
42 143
42 144
42 145
42 146
42 148
42 149
42 150
42 151
42 152
42 153
42 154
42 156
42 157
42 161
42 162
42 163
42 164
42 165
42 167
42 169
42 170
42 171
42 173
42 174
42 176
42 177
42 179
42 181
42 182
42 185
42 186
42 187
42 189
42 191
42 195
42 196
42 197
42 199
43 44
43 45
43 46
43 47
43 48
43 50
43 53
43 55
43 57
43 58
43 61
43 62
43 63
43 66
43 67
43 69
43 71
43 77
43 78
43 79
43 81
43 85
43 86
43 88
43 89
43 91
43 93
43 94
43 95
43 96
43 98
43 101
43 102
43 105
43 108
43 109
43 111
43 112
43 113
43 115
43 117
43 119
43 120
43 121
43 122
43 124
43 126
43 127
43 128
43 130
43 131
43 133
43 134
43 135
43 139
43 140
43 141
43 142
43 143
43 144
43 145
43 146
43 148
43 150
43 153
43 154
43 155
43 159
43 160
43 162
43 164
43 165
43 166
43 167
43 168
43 170
43 172
43 173
43 175
43 176
43 177
43 178
43 179
43 180
43 182
43 183
43 184
43 185
43 186
43 187
43 191
43 192
43 193
43 194
43 195
43 196
44 48
44 49
44 50
44 51
44 52
44 53
44 55
44 57
44 58
44 59
44 60
44 61
44 62
44 63
44 64
44 65
44 66
44 68
44 71
44 72
44 73
44 75
44 77
44 78
44 79
44 81
44 82
44 83
44 84
44 85
44 86
44 87
44 89
44 90
44 91
44 92
44 93
44 94
44 96
44 97
44 98
44 99
44 100
44 101
44 102
44 104
44 105
44 107
44 108
44 111
44 112
44 113
44 115
44 116
44 118
44 120
44 122
44 124
44 125
44 126
44 127
44 128
44 129
44 130
44 132
44 133
44 135
44 138
44 140
44 142
44 143
44 144
44 145
44 147
44 148
44 149
44 150
44 151
44 152
44 153
44 154
44 155
44 156
44 158
44 161
44 162
44 163
44 166
44 167
44 168
44 169
44 170
44 174
44 175
44 176
44 177
44 178
44 179
44 180
44 181
44 184
44 185
44 186
44 188
44 189
44 190
44 191
44 192
44 193
44 194
44 195
45 46
45 47
45 48
45 49
45 50
45 51
45 53
45 55
45 56
45 57
45 58
45 59
45 60
45 61
45 62
45 63
45 66
45 68
45 69
45 70
45 71
45 72
45 73
45 74
45 76
45 77
45 78
45 82
45 83
45 86
45 87
45 89
45 90
45 91
45 93
45 94
45 96
45 98
45 101
45 104
45 106
45 107
45 109
45 110
45 112
45 113
45 114
45 115
45 116
45 117
45 119
45 120
45 122
45 123
45 124
45 126
45 127
45 128
45 130
45 132
45 133
45 134
45 136
45 137
45 138
45 139
45 140
45 141
45 142
45 143
45 144
45 145
45 146
45 148
45 149
45 150
45 151
45 152
45 153
45 155
45 158
45 159
45 160
45 161
45 162
45 163
45 164
45 165
45 168
45 169
45 171
45 173
45 176
45 177
45 178
45 179
45 180
45 181
45 184
45 187
45 188
45 189
45 190
45 191
45 192
45 193
45 194
45 196
45 198
45 199
46 47
46 51
46 53
46 54
46 55
46 56
46 58
46 60
46 64
46 65
46 66
46 68
46 69
46 71
46 72
46 73
46 75
46 78
46 79
46 80
46 83
46 85
46 86
46 90
46 93
46 94
46 96
46 98
46 99
46 102
46 103
46 104
46 105
46 106
46 107
46 108
46 109
46 110
46 111
46 112
46 113
46 114
46 115
46 116
46 117
46 119
46 121
46 122
46 124
46 125
46 128
46 129
46 130
46 131
46 132
46 133
46 135
46 136
46 137
46 138
46 141
46 142
46 143
46 144
46 147
46 148
46 149
46 152
46 153
46 154
46 155
46 156
46 157
46 158
46 160
46 163
46 164
46 165
46 167
46 168
46 169
46 170
46 171
46 172
46 173
46 176
46 178
46 179
46 180
46 181
46 184
46 186
46 187
46 188
46 189
46 190
46 191
46 193
46 194
46 195
46 196
46 197
46 199
47 49
47 51
47 52
47 54
47 55
47 56
47 57
47 58
47 59
47 60
47 62
47 63
47 65
47 68
47 69
47 72
47 73
47 74
47 75
47 76
47 77
47 79
47 86
47 87
47 88
47 89
47 93
47 94
47 95
47 97
47 98
47 99
47 101
47 104
47 105
47 107
47 108
47 109
47 110
47 111
47 115
47 117
47 118
47 121
47 123
47 124
47 125
47 128
47 129
47 130
47 131
47 132
47 134
47 135
47 136
47 137
47 138
47 142
47 143
47 145
47 146
47 148
47 149
47 150
47 151
47 152
47 155
47 156
47 159
47 160
47 161
47 162
47 163
47 165
47 166
47 167
47 168
47 170
47 172
47 173
47 174
47 175
47 176
47 177
47 179
47 180
47 181
47 182
47 185
47 186
47 188
47 190
47 191
47 192
47 194
47 195
47 196
47 197
47 199
48 49
48 50
48 51
48 52
48 53
48 54
48 56
48 57
48 58
48 59
48 60
48 61
48 64
48 65
48 68
48 71
48 72
48 73
48 74
48 75
48 77
48 78
48 79
48 80
48 82
48 83
48 85
48 87
48 89
48 90
48 92
48 95
48 96
48 97
48 98
48 99
48 101
48 102
48 104
48 106
48 107
48 108
48 111
48 112
48 113
48 114
48 116
48 117
48 118
48 119
48 120
48 121
48 122
48 124
48 127
48 131
48 132
48 133
48 134
48 135
48 136
48 137
48 138
48 139
48 140
48 141
48 142
48 143
48 144
48 145
48 146
48 147
48 150
48 153
48 155
48 156
48 157
48 158
48 160
48 162
48 163
48 164
48 165
48 166
48 167
48 168
48 169
48 170
48 172
48 173
48 174
48 177
48 178
48 179
48 180
48 182
48 183
48 184
48 185
48 186
48 187
48 188
48 190
48 192
48 193
48 194
48 195
48 196
48 198
49 52
49 54
49 55
49 56
49 57
49 58
49 59
49 60
49 61
49 63
49 64
49 66
49 67
49 68
49 69
49 70
49 71
49 73
49 75
49 76
49 77
49 78
49 79
49 81
49 82
49 83
49 84
49 85
49 86
49 87
49 88
49 89
49 90
49 92
49 93
49 94
49 95
49 96
49 97
49 99
49 101
49 103
49 105
49 106
49 107
49 108
49 109
49 110
49 112
49 115
49 117
49 118
49 119
49 122
49 123
49 124
49 125
49 127
49 128
49 129
49 131
49 132
49 133
49 134
49 135
49 136
49 137
49 138
49 139
49 141
49 142
49 144
49 145
49 147
49 148
49 149
49 150
49 152
49 154
49 155
49 156
49 157
49 158
49 159
49 160
49 162
49 163
49 165
49 167
49 168
49 169
49 172
49 173
49 175
49 177
49 179
49 180
49 181
49 183
49 185
49 186
49 187
49 190
49 192
49 193
49 194
49 195
49 196
49 197
49 198
50 51
50 52
50 53
50 54
50 58
50 60
50 61
50 62
50 63
50 65
50 66
50 68
50 69
50 70
50 71
50 73
50 74
50 75
50 76
50 77
50 82
50 83
50 84
50 85
50 86
50 88
50 89
50 90
50 91
50 93
50 94
50 95
50 97
50 98
50 99
50 100
50 102
50 103
50 104
50 105
50 106
50 107
50 108
50 109
50 110
50 111
50 112
50 113
50 114
50 115
50 118
50 120
50 121
50 122
50 123
50 125
50 127
50 128
50 129
50 130
50 131
50 132
50 133
50 135
50 137
50 139
50 140
50 141
50 142
50 143
50 144
50 147
50 148
50 149
50 150
50 151
50 153
50 155
50 156
50 159
50 160
50 161
50 164
50 165
50 166
50 167
50 168
50 172
50 174
50 175
50 176
50 177
50 180
50 183
50 184
50 185
50 187
50 190
50 191
50 192
50 193
50 195
50 196
50 199
51 52
51 54
51 55
51 56
51 59
51 60
51 61
51 62
51 63
51 64
51 65
51 66
51 67
51 68
51 69
51 70
51 72
51 73
51 74
51 75
51 76
51 80
51 81
51 82
51 84
51 87
51 88
51 89
51 90
51 91
51 93
51 94
51 96
51 97
51 99
51 103
51 104
51 107
51 108
51 109
51 110
51 112
51 113
51 114
51 115
51 116
51 117
51 118
51 119
51 120
51 122
51 123
51 126
51 130
51 131
51 132
51 133
51 134
51 135
51 136
51 137
51 138
51 139
51 141
51 144
51 145
51 146
51 147
51 148
51 150
51 154
51 155
51 156
51 157
51 158
51 159
51 160
51 161
51 162
51 165
51 168
51 170
51 172
51 173
51 175
51 176
51 177
51 179
51 180
51 181
51 184
51 189
51 190
51 191
51 193
51 194
51 195
51 196
51 198
51 199
52 54
52 55
52 56
52 58
52 59
52 61
52 62
52 63
52 65
52 67
52 68
52 70
52 72
52 74
52 75
52 76
52 77
52 79
52 81
52 83
52 84
52 88
52 91
52 94
52 95
52 96
52 97
52 99
52 105
52 108
52 109
52 110
52 111
52 112
52 113
52 114
52 116
52 119
52 120
52 121
52 122
52 124
52 125
52 126
52 129
52 130
52 131
52 132
52 133
52 134
52 135
52 136
52 137
52 138
52 139
52 140
52 141
52 142
52 143
52 144
52 145
52 146
52 147
52 150
52 151
52 152
52 154
52 155
52 157
52 158
52 161
52 163
52 165
52 167
52 168
52 170
52 171
52 172
52 173
52 174
52 175
52 177
52 178
52 179
52 180
52 181
52 182
52 183
52 184
52 185
52 186
52 187
52 188
52 189
52 190
52 191
52 192
52 193
52 194
52 196
52 197
52 199
53 54
53 55
53 57
53 58
53 60
53 61
53 62
53 63
53 64
53 65
53 66
53 67
53 68
53 69
53 70
53 71
53 73
53 75
53 76
53 78
53 81
53 82
53 83
53 84
53 85
53 86
53 87
53 88
53 89
53 90
53 93
53 95
53 96
53 97
53 98
53 99
53 100
53 102
53 103
53 104
53 105
53 107
53 108
53 110
53 113
53 114
53 115
53 116
53 117
53 119
53 120
53 121
53 122
53 123
53 124
53 126
53 127
53 128
53 131
53 132
53 133
53 134
53 135
53 137
53 138
53 141
53 143
53 144
53 145
53 146
53 147
53 148
53 149
53 151
53 153
53 154
53 155
53 156
53 157
53 158
53 160
53 161
53 162
53 164
53 165
53 167
53 168
53 170
53 171
53 173
53 175
53 178
53 179
53 180
53 181
53 182
53 183
53 184
53 185
53 187
53 188
53 190
53 191
53 192
53 193
53 195
53 196
53 198
54 55
54 56
54 57
54 60
54 61
54 63
54 65
54 66
54 67
54 68
54 69
54 70
54 73
54 74
54 75
54 76
54 77
54 78
54 79
54 80
54 81
54 82
54 83
54 86
54 87
54 88
54 91
54 93
54 94
54 95
54 96
54 97
54 98
54 99
54 101
54 102
54 104
54 106
54 108
54 109
54 111
54 113
54 114
54 115
54 116
54 118
54 121
54 122
54 123
54 124
54 125
54 126
54 127
54 129
54 130
54 131
54 132
54 135
54 137
54 139
54 140
54 141
54 143
54 144
54 145
54 146
54 147
54 148
54 150
54 153
54 154
54 155
54 156
54 157
54 158
54 159
54 160
54 163
54 165
54 166
54 167
54 168
54 169
54 171
54 174
54 175
54 176
54 177
54 178
54 179
54 180
54 181
54 182
54 183
54 184
54 185
54 188
54 190
54 191
54 192
54 193
54 194
54 196
54 197
54 198
54 199
55 56
55 57
55 58
55 60
55 62
55 63
55 64
55 65
55 66
55 67
55 68
55 69
55 70
55 72
55 73
55 74
55 75
55 76
55 77
55 79
55 80
55 81
55 82
55 83
55 84
55 85
55 86
55 87
55 88
55 89
55 90
55 93
55 94
55 95
55 96
55 100
55 101
55 103
55 106
55 109
55 113
55 116
55 117
55 118
55 119
55 120
55 121
55 124
55 125
55 126
55 127
55 129
55 130
55 131
55 132
55 136
55 137
55 138
55 139
55 140
55 142
55 143
55 144
55 145
55 146
55 147
55 148
55 149
55 150
55 153
55 154
55 156
55 157
55 159
55 160
55 161
55 163
55 165
55 166
55 167
55 168
55 169
55 170
55 172
55 173
55 174
55 176
55 177
55 179
55 180
55 181
55 182
55 184
55 186
55 187
55 189
55 190
55 191
55 192
55 194
55 195
55 196
55 197
55 198
55 199
56 57
56 59
56 60
56 61
56 62
56 64
56 65
56 67
56 68
56 72
56 73
56 74
56 75
56 76
56 78
56 79
56 80
56 81
56 83
56 84
56 85
56 86
56 87
56 90
56 92
56 93
56 94
56 96
56 97
56 100
56 101
56 102
56 103
56 105
56 107
56 108
56 111
56 112
56 113
56 114
56 116
56 117
56 118
56 120
56 124
56 126
56 127
56 128
56 129
56 131
56 132
56 134
56 135
56 136
56 137
56 139
56 140
56 143
56 145
56 148
56 149
56 150
56 151
56 152
56 154
56 155
56 156
56 157
56 159
56 161
56 162
56 163
56 164
56 165
56 166
56 168
56 169
56 170
56 171
56 173
56 174
56 180
56 182
56 184
56 185
56 186
56 187
56 188
56 189
56 191
56 192
56 193
56 196
56 197
56 198
57 59
57 63
57 65
57 66
57 67
57 70
57 71
57 72
57 73
57 74
57 75
57 76
57 77
57 78
57 79
57 82
57 83
57 85
57 86
57 87
57 88
57 90
57 91
57 96
57 98
57 100
57 102
57 103
57 104
57 106
57 107
57 108
57 110
57 111
57 112
57 113
57 114
57 117
57 120
57 123
57 126
57 130
57 131
57 132
57 133
57 135
57 136
57 137
57 141
57 144
57 145
57 146
57 147
57 149
57 150
57 151
57 152
57 153
57 154
57 156
57 157
57 159
57 160
57 163
57 164
57 165
57 166
57 167
57 168
57 169
57 170
57 171
57 173
57 174
57 175
57 176
57 177
57 178
57 179
57 180
57 182
57 183
57 185
57 186
57 187
57 189
57 190
57 191
57 192
57 193
57 195
57 196
57 197
57 198
57 199
58 59
58 60
58 62
58 63
58 64
58 65
58 66
58 70
58 71
58 72
58 73
58 74
58 75
58 76
58 77
58 78
58 79
58 81
58 82
58 83
58 86
58 87
58 88
58 89
58 92
58 94
58 96
58 97
58 98
58 99
58 100
58 101
58 102
58 103
58 104
58 105
58 106
58 107
58 108
58 109
58 110
58 111
58 112
58 113
58 114
58 115
58 116
58 118
58 120
58 121
58 123
58 124
58 125
58 126
58 127
58 128
58 129
58 130
58 132
58 133
58 134
58 135
58 136
58 137
58 138
58 139
58 142
58 145
58 146
58 147
58 148
58 149
58 151
58 152
58 153
58 154
58 155
58 157
58 158
58 160
58 161
58 163
58 164
58 166
58 167
58 168
58 169
58 170
58 171
58 172
58 173
58 174
58 175
58 177
58 179
58 180
58 182
58 183
58 186
58 187
58 189
58 190
58 191
58 192
58 194
58 195
58 197
58 198
59 61
59 62
59 63
59 64
59 65
59 67
59 69
59 71
59 72
59 74
59 75
59 77
59 78
59 80
59 81
59 82
59 83
59 87
59 88
59 89
59 90
59 91
59 92
59 93
59 94
59 95
59 96
59 98
59 101
59 102
59 103
59 104
59 105
59 106
59 107
59 110
59 111
59 112
59 114
59 115
59 117
59 118
59 119
59 120
59 121
59 122
59 124
59 126
59 127
59 129
59 130
59 131
59 133
59 134
59 135
59 137
59 139
59 141
59 145
59 146
59 147
59 148
59 152
59 153
59 154
59 155
59 158
59 159
59 160
59 161
59 162
59 163
59 164
59 165
59 166
59 167
59 170
59 171
59 174
59 176
59 177
59 178
59 180
59 184
59 185
59 186
59 187
59 188
59 189
59 191
59 195
59 197
59 199
60 61
60 62
60 63
60 65
60 66
60 69
60 70
60 73
60 76
60 77
60 78
60 79
60 80
60 81
60 82
60 83
60 84
60 85
60 86
60 87
60 88
60 91
60 92
60 94
60 95
60 97
60 98
60 99
60 101
60 102
60 103
60 104
60 105
60 107
60 108
60 109
60 110
60 111
60 114
60 115
60 116
60 117
60 120
60 121
60 122
60 123
60 124
60 126
60 127
60 128
60 129
60 130
60 131
60 133
60 134
60 135
60 136
60 137
60 139
60 140
60 141
60 143
60 144
60 145
60 146
60 147
60 148
60 150
60 151
60 153
60 154
60 156
60 157
60 158
60 159
60 160
60 161
60 163
60 164
60 165
60 166
60 167
60 168
60 169
60 170
60 171
60 173
60 175
60 176
60 179
60 181
60 182
60 183
60 184
60 185
60 186
60 187
60 189
60 190
60 191
60 192
60 195
60 196
60 198
60 199
61 62
61 63
61 65
61 66
61 67
61 68
61 69
61 70
61 71
61 72
61 73
61 75
61 76
61 77
61 78
61 81
61 83
61 84
61 85
61 87
61 89
61 90
61 92
61 93
61 94
61 95
61 96
61 97
61 99
61 100
61 101
61 102
61 104
61 106
61 108
61 109
61 111
61 112
61 114
61 115
61 116
61 117
61 118
61 120
61 121
61 122
61 123
61 125
61 128
61 129
61 130
61 131
61 132
61 133
61 134
61 136
61 137
61 138
61 140
61 141
61 142
61 146
61 147
61 149
61 150
61 151
61 152
61 153
61 155
61 156
61 158
61 159
61 160
61 161
61 163
61 164
61 166
61 167
61 168
61 169
61 170
61 171
61 172
61 175
61 176
61 177
61 178
61 179
61 181
61 182
61 183
61 184
61 185
61 186
61 187
61 188
61 189
61 193
61 194
61 195
61 197
61 198
61 199
62 63
62 64
62 65
62 66
62 67
62 68
62 69
62 70
62 71
62 72
62 73
62 74
62 75
62 76
62 78
62 79
62 80
62 81
62 85
62 86
62 90
62 91
62 92
62 93
62 94
62 95
62 97
62 98
62 100
62 101
62 102
62 103
62 104
62 105
62 106
62 107
62 110
62 116
62 117
62 118
62 119
62 120
62 121
62 122
62 124
62 125
62 127
62 128
62 129
62 131
62 132
62 133
62 134
62 136
62 137
62 139
62 140
62 143
62 145
62 146
62 147
62 149
62 150
62 151
62 152
62 154
62 156
62 157
62 158
62 159
62 160
62 161
62 162
62 163
62 164
62 166
62 167
62 168
62 169
62 170
62 171
62 172
62 173
62 174
62 175
62 176
62 177
62 178
62 180
62 181
62 182
62 183
62 184
62 185
62 186
62 188
62 189
62 190
62 191
62 192
62 193
62 194
62 195
62 196
62 199
63 64
63 66
63 67
63 68
63 69
63 70
63 71
63 72
63 73
63 74
63 77
63 79
63 80
63 82
63 83
63 84
63 85
63 86
63 87
63 88
63 89
63 90
63 91
63 92
63 93
63 94
63 96
63 98
63 99
63 100
63 101
63 102
63 103
63 104
63 106
63 108
63 109
63 110
63 111
63 112
63 113
63 114
63 115
63 116
63 117
63 118
63 119
63 120
63 121
63 123
63 125
63 129
63 130
63 131
63 132
63 133
63 134
63 136
63 138
63 139
63 140
63 141
63 142
63 144
63 146
63 147
63 149
63 150
63 153
63 155
63 157
63 159
63 160
63 161
63 162
63 163
63 164
63 165
63 167
63 169
63 171
63 173
63 174
63 175
63 177
63 179
63 180
63 182
63 183
63 184
63 185
63 186
63 189
63 193
63 195
63 197
63 198
63 199
64 65
64 66
64 67
64 71
64 74
64 75
64 78
64 80
64 82
64 83
64 85
64 87
64 89
64 90
64 91
64 92
64 93
64 94
64 95
64 97
64 98
64 99
64 100
64 101
64 102
64 103
64 105
64 106
64 107
64 108
64 109
64 110
64 111
64 112
64 115
64 116
64 120
64 122
64 123
64 125
64 127
64 128
64 129
64 130
64 131
64 132
64 133
64 134
64 135
64 136
64 138
64 139
64 142
64 144
64 145
64 146
64 147
64 148
64 151
64 152
64 153
64 154
64 155
64 158
64 159
64 161
64 162
64 163
64 164
64 165
64 166
64 167
64 168
64 169
64 171
64 172
64 174
64 175
64 176
64 177
64 179
64 180
64 181
64 182
64 183
64 184
64 185
64 186
64 187
64 188
64 189
64 192
64 193
64 194
64 195
64 196
64 197
64 198
64 199
65 66
65 67
65 68
65 69
65 70
65 71
65 72
65 73
65 74
65 75
65 76
65 77
65 79
65 80
65 82
65 83
65 87
65 88
65 89
65 90
65 91
65 92
65 93
65 94
65 97
65 99
65 100
65 101
65 102
65 103
65 104
65 106
65 107
65 108
65 109
65 110
65 111
65 112
65 115
65 117
65 118
65 120
65 121
65 122
65 123
65 124
65 126
65 127
65 128
65 129
65 130
65 131
65 132
65 134
65 135
65 137
65 138
65 139
65 140
65 141
65 142
65 145
65 146
65 147
65 148
65 149
65 151
65 153
65 154
65 156
65 157
65 159
65 161
65 162
65 163
65 165
65 166
65 167
65 168
65 169
65 171
65 173
65 174
65 175
65 176
65 177
65 179
65 181
65 182
65 183
65 185
65 186
65 188
65 189
65 190
65 191
65 195
65 196
65 198
65 199
66 68
66 69
66 71
66 72
66 73
66 74
66 75
66 77
66 79
66 80
66 81
66 82
66 83
66 84
66 85
66 86
66 87
66 88
66 90
66 91
66 93
66 94
66 97
66 99
66 100
66 101
66 102
66 103
66 104
66 105
66 106
66 107
66 108
66 109
66 110
66 111
66 114
66 116
66 119
66 120
66 121
66 122
66 123
66 124
66 127
66 128
66 131
66 133
66 134
66 135
66 136
66 137
66 138
66 139
66 141
66 142
66 143
66 144
66 145
66 146
66 149
66 152
66 153
66 154
66 157
66 158
66 159
66 161
66 163
66 165
66 166
66 167
66 168
66 169
66 171
66 172
66 173
66 175
66 176
66 177
66 178
66 180
66 183
66 186
66 187
66 189
66 190
66 192
66 194
66 195
66 196
66 198
66 199
67 68
67 69
67 71
67 72
67 74
67 75
67 76
67 77
67 78
67 80
67 81
67 82
67 84
67 85
67 86
67 87
67 88
67 89
67 92
67 93
67 95
67 98
67 100
67 101
67 102
67 103
67 105
67 106
67 107
67 108
67 111
67 112
67 114
67 115
67 116
67 117
67 118
67 119
67 120
67 122
67 124
67 125
67 127
67 128
67 129
67 130
67 132
67 133
67 134
67 135
67 136
67 138
67 139
67 143
67 144
67 147
67 148
67 149
67 150
67 152
67 153
67 154
67 156
67 158
67 159
67 161
67 163
67 164
67 165
67 166
67 167
67 168
67 169
67 170
67 171
67 172
67 175
67 176
67 177
67 178
67 180
67 181
67 182
67 183
67 185
67 186
67 187
67 188
67 192
67 193
67 194
67 196
67 197
67 198
67 199
68 70
68 72
68 73
68 74
68 75
68 77
68 78
68 79
68 80
68 81
68 82
68 83
68 85
68 86
68 87
68 90
68 91
68 93
68 94
68 95
68 96
68 98
68 99
68 100
68 102
68 103
68 104
68 105
68 106
68 107
68 108
68 109
68 111
68 114
68 115
68 116
68 117
68 118
68 120
68 122
68 125
68 126
68 129
68 132
68 134
68 135
68 136
68 137
68 138
68 139
68 141
68 142
68 144
68 145
68 147
68 148
68 150
68 151
68 152
68 153
68 154
68 157
68 159
68 161
68 162
68 163
68 164
68 165
68 166
68 167
68 169
68 171
68 172
68 174
68 176
68 178
68 179
68 180
68 181
68 182
68 183
68 185
68 186
68 188
68 189
68 190
68 191
68 192
68 193
68 195
68 196
68 197
68 198
68 199
69 70
69 71
69 75
69 76
69 78
69 79
69 80
69 81
69 82
69 83
69 84
69 85
69 86
69 87
69 89
69 91
69 92
69 93
69 94
69 96
69 97
69 98
69 99
69 100
69 101
69 103
69 105
69 108
69 110
69 111
69 112
69 115
69 117
69 118
69 120
69 121
69 123
69 124
69 125
69 127
69 129
69 131
69 132
69 133
69 134
69 135
69 137
69 140
69 141
69 142
69 143
69 144
69 145
69 146
69 147
69 148
69 153
69 154
69 155
69 156
69 157
69 158
69 160
69 161
69 162
69 163
69 165
69 166
69 167
69 168
69 169
69 171
69 172
69 174
69 176
69 178
69 180
69 181
69 185
69 188
69 189
69 190
69 191
69 194
69 196
69 198
69 199
70 72
70 73
70 74
70 75
70 76
70 77
70 78
70 80
70 81
70 82
70 83
70 86
70 87
70 88
70 89
70 90
70 92
70 93
70 94
70 98
70 99
70 100
70 101
70 102
70 104
70 105
70 106
70 107
70 108
70 111
70 112
70 113
70 114
70 115
70 116
70 117
70 118
70 119
70 120
70 121
70 122
70 123
70 124
70 126
70 131
70 132
70 133
70 134
70 135
70 136
70 137
70 140
70 142
70 143
70 145
70 146
70 147
70 148
70 149
70 150
70 151
70 153
70 155
70 156
70 157
70 159
70 160
70 161
70 162
70 163
70 165
70 167
70 171
70 174
70 175
70 176
70 177
70 179
70 181
70 182
70 183
70 184
70 185
70 186
70 187
70 188
70 189
70 190
70 191
70 192
70 193
70 194
70 195
70 196
70 198
70 199
71 73
71 76
71 77
71 78
71 80
71 81
71 82
71 85
71 86
71 87
71 89
71 90
71 91
71 92
71 93
71 95
71 97
71 98
71 99
71 101
71 103
71 104
71 105
71 106
71 107
71 108
71 109
71 110
71 111
71 112
71 113
71 114
71 115
71 116
71 117
71 119
71 120
71 121
71 123
71 125
71 126
71 127
71 129
71 131
71 132
71 133
71 135
71 136
71 137
71 139
71 140
71 141
71 142
71 143
71 144
71 145
71 146
71 147
71 150
71 152
71 154
71 156
71 158
71 159
71 160
71 161
71 163
71 165
71 166
71 167
71 168
71 169
71 170
71 174
71 175
71 176
71 180
71 181
71 182
71 183
71 184
71 186
71 187
71 188
71 189
71 190
71 191
71 192
71 194
71 196
71 198
71 199
72 74
72 75
72 77
72 78
72 81
72 82
72 83
72 85
72 86
72 88
72 89
72 90
72 91
72 92
72 93
72 94
72 96
72 97
72 99
72 100
72 103
72 104
72 105
72 106
72 109
72 110
72 112
72 113
72 114
72 116
72 117
72 118
72 120
72 122
72 123
72 125
72 126
72 127
72 128
72 129
72 130
72 132
72 133
72 134
72 135
72 136
72 137
72 138
72 141
72 142
72 143
72 146
72 149
72 150
72 153
72 154
72 157
72 158
72 160
72 161
72 163
72 165
72 166
72 167
72 168
72 170
72 172
72 174
72 175
72 176
72 177
72 178
72 179
72 180
72 181
72 183
72 184
72 185
72 186
72 187
72 188
72 192
72 196
72 199
73 75
73 76
73 77
73 78
73 79
73 80
73 81
73 82
73 83
73 84
73 85
73 87
73 88
73 90
73 91
73 92
73 94
73 95
73 97
73 98
73 99
73 100
73 101
73 103
73 104
73 105
73 106
73 107
73 108
73 109
73 110
73 112
73 116
73 117
73 121
73 122
73 125
73 128
73 131
73 133
73 135
73 138
73 139
73 140
73 141
73 142
73 143
73 144
73 147
73 149
73 150
73 153
73 157
73 158
73 159
73 160
73 161
73 162
73 163
73 164
73 165
73 167
73 168
73 169
73 170
73 172
73 173
73 174
73 175
73 176
73 177
73 178
73 179
73 180
73 181
73 182
73 183
73 184
73 185
73 186
73 192
73 193
73 194
73 195
73 197
73 198
74 75
74 77
74 82
74 83
74 85
74 86
74 87
74 89
74 90
74 91
74 92
74 93
74 94
74 95
74 96
74 97
74 99
74 100
74 101
74 102
74 103
74 104
74 105
74 107
74 108
74 109
74 111
74 112
74 114
74 115
74 117
74 118
74 119
74 122
74 124
74 125
74 126
74 127
74 128
74 129
74 130
74 131
74 132
74 134
74 135
74 136
74 137
74 138
74 140
74 141
74 142
74 144
74 145
74 146
74 148
74 149
74 150
74 151
74 153
74 154
74 155
74 156
74 157
74 158
74 160
74 161
74 162
74 163
74 165
74 167
74 168
74 169
74 170
74 171
74 172
74 174
74 176
74 177
74 178
74 180
74 181
74 182
74 184
74 186
74 187
74 188
74 189
74 190
74 191
74 192
74 193
74 194
74 195
74 196
74 197
74 198
74 199
75 76
75 77
75 78
75 79
75 81
75 82
75 83
75 87
75 88
75 89
75 90
75 92
75 94
75 95
75 96
75 98
75 100
75 102
75 103
75 106
75 107
75 108
75 109
75 111
75 112
75 114
75 116
75 119
75 120
75 122
75 124
75 125
75 126
75 127
75 130
75 132
75 133
75 134
75 136
75 137
75 138
75 139
75 140
75 141
75 142
75 145
75 146
75 149
75 152
75 153
75 154
75 155
75 156
75 158
75 159
75 160
75 161
75 163
75 164
75 165
75 166
75 167
75 168
75 172
75 173
75 176
75 177
75 178
75 179
75 180
75 181
75 182
75 183
75 186
75 187
75 192
75 193
75 196
75 197
75 198
76 77
76 80
76 84
76 85
76 87
76 88
76 89
76 91
76 92
76 94
76 95
76 98
76 99
76 100
76 101
76 102
76 104
76 105
76 107
76 109
76 111
76 112
76 113
76 114
76 116
76 118
76 119
76 120
76 121
76 122
76 125
76 126
76 127
76 129
76 131
76 133
76 134
76 135
76 136
76 137
76 138
76 139
76 140
76 141
76 142
76 143
76 144
76 145
76 147
76 148
76 149
76 150
76 153
76 154
76 155
76 156
76 157
76 158
76 160
76 162
76 164
76 166
76 167
76 168
76 171
76 172
76 174
76 175
76 176
76 177
76 178
76 179
76 180
76 181
76 183
76 184
76 190
76 191
76 192
76 195
76 196
76 197
76 198
76 199
77 78
77 79
77 80
77 81
77 82
77 83
77 84
77 85
77 86
77 87
77 90
77 91
77 92
77 93
77 94
77 96
77 97
77 98
77 99
77 100
77 102
77 103
77 105
77 106
77 107
77 109
77 110
77 112
77 113
77 114
77 115
77 117
77 119
77 121
77 122
77 123
77 124
77 125
77 126
77 127
77 128
77 130
77 131
77 132
77 133
77 135
77 136
77 137
77 138
77 139
77 140
77 142
77 144
77 145
77 146
77 148
77 149
77 150
77 152
77 153
77 155
77 156
77 158
77 159
77 160
77 161
77 164
77 165
77 168
77 169
77 171
77 172
77 173
77 174
77 175
77 176
77 182
77 184
77 185
77 186
77 187
77 188
77 189
77 192
77 194
77 196
77 198
77 199
78 79
78 82
78 83
78 86
78 87
78 89
78 90
78 91
78 94
78 95
78 96
78 99
78 100
78 101
78 102
78 103
78 105
78 106
78 107
78 108
78 109
78 110
78 111
78 112
78 113
78 115
78 116
78 117
78 119
78 121
78 123
78 124
78 125
78 126
78 127
78 128
78 129
78 131
78 133
78 134
78 136
78 137
78 138
78 139
78 141
78 142
78 144
78 145
78 146
78 148
78 149
78 150
78 151
78 153
78 157
78 158
78 159
78 160
78 161
78 162
78 163
78 167
78 169
78 171
78 173
78 176
78 179
78 180
78 181
78 184
78 186
78 187
78 188
78 189
78 191
78 192
78 193
78 194
78 195
78 196
78 198
78 199
79 81
79 82
79 83
79 84
79 85
79 86
79 87
79 88
79 89
79 90
79 91
79 92
79 93
79 94
79 97
79 98
79 100
79 101
79 102
79 104
79 105
79 107
79 108
79 111
79 114
79 116
79 117
79 118
79 119
79 120
79 121
79 122
79 123
79 124
79 125
79 126
79 127
79 128
79 129
79 130
79 133
79 134
79 135
79 136
79 137
79 138
79 139
79 141
79 142
79 143
79 145
79 146
79 149
79 150
79 152
79 153
79 154
79 155
79 156
79 157
79 158
79 159
79 160
79 163
79 164
79 165
79 167
79 168
79 170
79 172
79 173
79 174
79 175
79 176
79 177
79 178
79 179
79 180
79 181
79 184
79 185
79 187
79 188
79 190
79 191
79 192
79 194
79 195
79 196
79 197
79 198
80 81
80 83
80 85
80 86
80 87
80 89
80 90
80 91
80 92
80 93
80 95
80 96
80 98
80 99
80 100
80 101
80 103
80 104
80 106
80 108
80 109
80 110
80 113
80 114
80 118
80 119
80 120
80 121
80 123
80 124
80 125
80 126
80 128
80 130
80 131
80 132
80 133
80 134
80 135
80 137
80 138
80 139
80 140
80 141
80 142
80 143
80 144
80 145
80 146
80 147
80 148
80 149
80 151
80 153
80 154
80 155
80 158
80 159
80 163
80 164
80 165
80 168
80 169
80 171
80 173
80 174
80 175
80 176
80 177
80 179
80 180
80 181
80 182
80 183
80 184
80 185
80 186
80 187
80 188
80 189
80 191
80 194
80 196
80 198
80 199
81 82
81 83
81 84
81 85
81 87
81 88
81 89
81 90
81 91
81 94
81 95
81 97
81 98
81 99
81 100
81 101
81 102
81 103
81 106
81 107
81 110
81 112
81 113
81 115
81 116
81 117
81 118
81 119
81 120
81 121
81 122
81 123
81 124
81 125
81 127
81 128
81 130
81 132
81 133
81 134
81 135
81 137
81 138
81 139
81 140
81 141
81 142
81 143
81 144
81 146
81 147
81 148
81 151
81 152
81 157
81 159
81 160
81 161
81 162
81 164
81 167
81 168
81 169
81 171
81 172
81 173
81 174
81 176
81 180
81 181
81 184
81 185
81 186
81 188
81 189
81 190
81 191
81 192
81 193
81 195
81 196
81 197
81 199
82 83
82 84
82 85
82 87
82 88
82 89
82 91
82 92
82 93
82 94
82 95
82 96
82 98
82 99
82 101
82 103
82 104
82 105
82 106
82 108
82 109
82 110
82 111
82 112
82 113
82 114
82 115
82 116
82 117
82 119
82 120
82 121
82 124
82 125
82 126
82 127
82 129
82 132
82 133
82 134
82 135
82 136
82 137
82 139
82 140
82 141
82 144
82 147
82 148
82 149
82 150
82 152
82 154
82 155
82 156
82 158
82 159
82 160
82 161
82 162
82 164
82 165
82 166
82 168
82 169
82 170
82 171
82 173
82 174
82 176
82 177
82 179
82 181
82 183
82 184
82 185
82 186
82 190
82 194
82 195
82 197
82 198
82 199
83 86
83 87
83 88
83 89
83 90
83 92
83 93
83 98
83 99
83 100
83 104
83 105
83 106
83 107
83 109
83 110
83 111
83 112
83 114
83 115
83 117
83 118
83 121
83 123
83 124
83 125
83 126
83 127
83 128
83 129
83 130
83 131
83 133
83 135
83 136
83 137
83 139
83 140
83 141
83 142
83 143
83 144
83 146
83 147
83 148
83 150
83 151
83 156
83 157
83 159
83 161
83 162
83 164
83 165
83 168
83 169
83 170
83 171
83 173
83 174
83 175
83 176
83 177
83 178
83 181
83 182
83 183
83 184
83 185
83 186
83 187
83 189
83 190
83 192
83 193
83 194
83 195
83 196
83 197
84 85
84 86
84 88
84 89
84 90
84 94
84 97
84 98
84 99
84 100
84 102
84 104
84 105
84 106
84 107
84 108
84 109
84 110
84 111
84 112
84 114
84 115
84 116
84 119
84 120
84 121
84 125
84 128
84 129
84 130
84 131
84 133
84 136
84 138
84 139
84 141
84 143
84 146
84 147
84 148
84 151
84 152
84 153
84 154
84 155
84 157
84 158
84 159
84 160
84 161
84 162
84 163
84 165
84 166
84 168
84 169
84 170
84 171
84 172
84 174
84 175
84 177
84 178
84 181
84 182
84 183
84 184
84 186
84 187
84 188
84 189
84 191
84 192
84 194
84 198
84 199
85 86
85 87
85 91
85 93
85 95
85 96
85 97
85 99
85 100
85 101
85 104
85 105
85 106
85 107
85 109
85 110
85 111
85 113
85 114
85 115
85 116
85 117
85 119
85 120
85 121
85 122
85 125
85 128
85 129
85 130
85 131
85 132
85 133
85 134
85 135
85 136
85 138
85 139
85 140
85 141
85 142
85 145
85 146
85 147
85 148
85 149
85 150
85 151
85 152
85 153
85 154
85 157
85 158
85 159
85 160
85 161
85 162
85 164
85 165
85 167
85 168
85 170
85 173
85 174
85 175
85 176
85 177
85 178
85 179
85 180
85 182
85 184
85 185
85 186
85 188
85 189
85 190
85 191
85 193
85 194
85 195
85 197
85 198
85 199
86 87
86 89
86 90
86 91
86 92
86 93
86 94
86 95
86 97
86 98
86 100
86 101
86 102
86 103
86 105
86 106
86 107
86 109
86 112
86 113
86 114
86 117
86 119
86 122
86 123
86 124
86 125
86 126
86 127
86 128
86 131
86 133
86 134
86 135
86 136
86 137
86 138
86 139
86 141
86 142
86 143
86 144
86 145
86 146
86 147
86 148
86 149
86 150
86 152
86 154
86 155
86 157
86 158
86 159
86 160
86 161
86 162
86 163
86 164
86 165
86 166
86 167
86 170
86 172
86 173
86 175
86 176
86 178
86 179
86 180
86 182
86 183
86 185
86 186
86 187
86 188
86 189
86 190
86 192
86 193
86 194
86 195
86 196
86 197
86 198
86 199
87 88
87 90
87 91
87 92
87 93
87 95
87 96
87 97
87 98
87 99
87 100
87 101
87 102
87 106
87 107
87 108
87 109
87 110
87 111
87 112
87 113
87 114
87 116
87 117
87 118
87 119
87 121
87 122
87 123
87 125
87 126
87 127
87 128
87 130
87 133
87 137
87 138
87 139
87 140
87 142
87 143
87 144
87 145
87 146
87 147
87 148
87 150
87 151
87 152
87 153
87 154
87 155
87 156
87 157
87 158
87 161
87 162
87 163
87 164
87 165
87 166
87 167
87 168
87 172
87 173
87 175
87 176
87 177
87 178
87 179
87 181
87 182
87 184
87 185
87 188
87 189
87 191
87 192
87 193
87 194
87 195
87 196
87 197
87 199
88 90
88 93
88 95
88 96
88 97
88 99
88 100
88 101
88 103
88 104
88 105
88 109
88 110
88 111
88 112
88 113
88 114
88 117
88 118
88 119
88 122
88 125
88 128
88 131
88 132
88 134
88 135
88 136
88 137
88 138
88 139
88 140
88 141
88 142
88 144
88 145
88 146
88 147
88 148
88 149
88 151
88 152
88 155
88 157
88 158
88 159
88 160
88 161
88 162
88 163
88 165
88 167
88 169
88 171
88 172
88 173
88 175
88 176
88 177
88 178
88 179
88 180
88 181
88 183
88 184
88 185
88 186
88 187
88 188
88 190
88 191
88 192
88 194
88 196
88 198
88 199
89 91
89 92
89 93
89 94
89 95
89 99
89 101
89 102
89 103
89 104
89 105
89 106
89 108
89 110
89 111
89 112
89 113
89 114
89 115
89 117
89 118
89 121
89 124
89 125
89 127
89 128
89 130
89 132
89 133
89 134
89 135
89 136
89 137
89 138
89 139
89 141
89 142
89 143
89 146
89 147
89 149
89 150
89 151
89 152
89 154
89 155
89 157
89 158
89 159
89 161
89 162
89 164
89 165
89 166
89 167
89 168
89 169
89 170
89 172
89 173
89 175
89 178
89 182
89 185
89 186
89 187
89 188
89 189
89 190
89 192
89 193
89 194
89 196
89 197
89 199
90 92
90 94
90 96
90 97
90 98
90 99
90 100
90 101
90 102
90 103
90 104
90 108
90 109
90 110
90 112
90 113
90 114
90 115
90 116
90 117
90 118
90 119
90 120
90 121
90 123
90 124
90 125
90 126
90 127
90 128
90 129
90 130
90 131
90 132
90 133
90 134
90 135
90 136
90 137
90 138
90 140
90 141
90 142
90 143
90 144
90 147
90 150
90 152
90 153
90 154
90 155
90 156
90 158
90 160
90 161
90 162
90 163
90 165
90 169
90 170
90 171
90 174
90 176
90 177
90 178
90 179
90 180
90 181
90 182
90 183
90 184
90 185
90 187
90 188
90 189
90 190
90 191
90 192
90 193
90 194
90 196
90 198
90 199
91 92
91 93
91 95
91 96
91 98
91 100
91 101
91 102
91 103
91 104
91 105
91 106
91 107
91 109
91 111
91 112
91 113
91 114
91 115
91 117
91 119
91 120
91 121
91 123
91 124
91 129
91 130
91 132
91 133
91 134
91 135
91 139
91 140
91 142
91 143
91 144
91 145
91 147
91 149
91 150
91 151
91 152
91 154
91 155
91 157
91 158
91 159
91 160
91 161
91 162
91 163
91 164
91 165
91 168
91 170
91 172
91 174
91 175
91 176
91 177
91 178
91 180
91 181
91 182
91 183
91 184
91 185
91 186
91 187
91 188
91 189
91 190
91 191
91 192
91 193
91 194
91 195
91 196
91 197
91 198
92 95
92 97
92 98
92 99
92 100
92 101
92 102
92 103
92 104
92 106
92 108
92 109
92 110
92 111
92 112
92 113
92 114
92 115
92 116
92 117
92 118
92 120
92 121
92 122
92 123
92 124
92 125
92 126
92 127
92 129
92 130
92 131
92 132
92 134
92 135
92 136
92 137
92 138
92 139
92 140
92 141
92 142
92 143
92 144
92 145
92 146
92 147
92 148
92 149
92 150
92 151
92 152
92 153
92 154
92 155
92 156
92 158
92 159
92 160
92 161
92 163
92 164
92 165
92 166
92 167
92 168
92 171
92 173
92 175
92 176
92 178
92 179
92 180
92 181
92 184
92 185
92 186
92 191
92 193
92 194
92 195
92 196
92 198
93 95
93 96
93 99
93 101
93 102
93 103
93 105
93 106
93 108
93 109
93 111
93 112
93 113
93 114
93 115
93 118
93 119
93 120
93 123
93 124
93 125
93 128
93 129
93 130
93 132
93 133
93 134
93 135
93 136
93 137
93 141
93 142
93 143
93 144
93 145
93 147
93 148
93 149
93 150
93 151
93 154
93 155
93 156
93 157
93 158
93 159
93 160
93 161
93 162
93 163
93 164
93 165
93 168
93 170
93 173
93 177
93 178
93 179
93 180
93 181
93 182
93 183
93 186
93 188
93 190
93 191
93 193
93 194
93 195
93 196
94 95
94 96
94 97
94 98
94 100
94 101
94 102
94 104
94 105
94 108
94 109
94 110
94 111
94 112
94 114
94 115
94 116
94 117
94 122
94 124
94 125
94 126
94 127
94 128
94 129
94 130
94 131
94 132
94 134
94 135
94 137
94 139
94 140
94 142
94 144
94 146
94 148
94 150
94 151
94 152
94 154
94 155
94 156
94 157
94 158
94 159
94 160
94 161
94 162
94 164
94 165
94 166
94 168
94 169
94 170
94 171
94 174
94 175
94 176
94 177
94 178
94 179
94 180
94 182
94 183
94 184
94 185
94 186
94 187
94 188
94 189
94 190
94 191
94 194
94 195
94 196
94 197
94 199
95 98
95 99
95 101
95 103
95 104
95 106
95 107
95 108
95 109
95 110
95 111
95 112
95 116
95 118
95 119
95 120
95 121
95 122
95 123
95 124
95 125
95 126
95 127
95 128
95 129
95 130
95 132
95 133
95 135
95 136
95 137
95 138
95 139
95 142
95 143
95 144
95 146
95 147
95 148
95 150
95 153
95 154
95 155
95 157
95 160
95 161
95 162
95 163
95 164
95 168
95 169
95 170
95 171
95 173
95 175
95 177
95 178
95 179
95 180
95 181
95 182
95 183
95 184
95 186
95 187
95 188
95 190
95 191
95 192
95 193
95 194
95 195
95 197
95 198
95 199
96 97
96 98
96 99
96 104
96 105
96 106
96 107
96 110
96 112
96 115
96 116
96 121
96 124
96 126
96 127
96 130
96 131
96 133
96 134
96 135
96 136
96 138
96 139
96 140
96 141
96 142
96 143
96 144
96 145
96 147
96 148
96 149
96 151
96 153
96 154
96 155
96 156
96 157
96 158
96 159
96 160
96 163
96 164
96 165
96 166
96 167
96 168
96 169
96 171
96 172
96 174
96 175
96 176
96 178
96 179
96 181
96 182
96 183
96 184
96 186
96 189
96 190
96 191
96 192
96 193
96 194
96 195
96 196
96 199
97 98
97 99
97 100
97 101
97 102
97 103
97 104
97 105
97 106
97 107
97 109
97 110
97 111
97 114
97 117
97 121
97 124
97 126
97 127
97 131
97 132
97 133
97 136
97 137
97 138
97 139
97 140
97 141
97 142
97 143
97 144
97 145
97 146
97 148
97 149
97 150
97 152
97 154
97 156
97 158
97 159
97 160
97 162
97 163
97 164
97 165
97 166
97 169
97 170
97 172
97 174
97 175
97 176
97 177
97 178
97 179
97 180
97 181
97 183
97 184
97 187
97 188
97 190
97 194
97 195
97 197
98 99
98 100
98 103
98 104
98 105
98 108
98 110
98 111
98 112
98 113
98 114
98 115
98 116
98 118
98 121
98 123
98 125
98 126
98 127
98 128
98 129
98 130
98 131
98 134
98 136
98 139
98 140
98 144
98 145
98 146
98 147
98 148
98 149
98 150
98 151
98 152
98 153
98 154
98 156
98 157
98 158
98 159
98 160
98 161
98 162
98 164
98 166
98 168
98 169
98 170
98 171
98 172
98 173
98 174
98 176
98 178
98 179
98 180
98 181
98 183
98 184
98 185
98 186
98 187
98 188
98 190
98 191
98 192
98 194
98 196
98 197
99 100
99 102
99 103
99 105
99 106
99 110
99 111
99 113
99 114
99 115
99 116
99 117
99 118
99 120
99 121
99 122
99 123
99 124
99 126
99 127
99 128
99 129
99 130
99 131
99 132
99 133
99 134
99 135
99 136
99 137
99 138
99 139
99 140
99 142
99 143
99 147
99 148
99 149
99 150
99 151
99 153
99 154
99 155
99 156
99 157
99 158
99 159
99 161
99 163
99 164
99 166
99 167
99 169
99 170
99 171
99 172
99 173
99 174
99 177
99 178
99 179
99 180
99 181
99 184
99 185
99 186
99 188
99 189
99 190
99 191
99 192
99 193
99 194
99 195
99 197
99 199
100 101
100 102
100 104
100 105
100 106
100 107
100 108
100 109
100 110
100 111
100 112
100 113
100 114
100 119
100 120
100 122
100 125
100 128
100 131
100 132
100 135
100 136
100 138
100 140
100 141
100 142
100 143
100 144
100 146
100 147
100 148
100 149
100 150
100 151
100 155
100 156
100 157
100 158
100 159
100 160
100 161
100 163
100 164
100 165
100 166
100 167
100 168
100 169
100 172
100 173
100 174
100 175
100 177
100 178
100 179
100 182
100 183
100 186
100 189
100 190
100 191
100 193
100 194
100 195
100 196
100 197
100 199
101 102
101 103
101 105
101 106
101 107
101 108
101 109
101 110
101 112
101 114
101 115
101 118
101 119
101 120
101 121
101 125
101 126
101 127
101 128
101 129
101 130
101 132
101 133
101 136
101 138
101 140
101 142
101 144
101 145
101 146
101 147
101 148
101 150
101 151
101 152
101 153
101 155
101 156
101 157
101 158
101 161
101 163
101 167
101 168
101 169
101 170
101 174
101 176
101 177
101 178
101 179
101 182
101 183
101 184
101 185
101 186
101 187
101 189
101 190
101 193
101 194
101 195
101 197
101 198
101 199
102 105
102 106
102 107
102 108
102 109
102 110
102 111
102 113
102 114
102 115
102 118
102 119
102 120
102 121
102 122
102 124
102 125
102 126
102 128
102 131
102 132
102 133
102 135
102 139
102 140
102 142
102 143
102 144
102 145
102 146
102 148
102 149
102 150
102 151
102 153
102 154
102 155
102 156
102 157
102 159
102 160
102 162
102 164
102 166
102 167
102 169
102 170
102 171
102 173
102 174
102 175
102 176
102 177
102 178
102 179
102 181
102 182
102 184
102 185
102 187
102 190
102 191
102 193
102 196
102 197
102 198
103 104
103 105
103 106
103 108
103 109
103 111
103 112
103 113
103 115
103 117
103 119
103 123
103 126
103 127
103 129
103 130
103 131
103 132
103 133
103 134
103 135
103 136
103 137
103 138
103 139
103 140
103 141
103 144
103 146
103 148
103 149
103 151
103 153
103 156
103 158
103 159
103 160
103 161
103 164
103 166
103 167
103 168
103 170
103 171
103 172
103 173
103 175
103 176
103 178
103 179
103 181
103 182
103 184
103 185
103 187
103 188
103 189
103 190
103 191
103 192
103 194
103 196
103 197
103 198
103 199
104 106
104 107
104 109
104 113
104 114
104 115
104 116
104 117
104 118
104 119
104 121
104 122
104 123
104 124
104 125
104 126
104 127
104 128
104 129
104 130
104 131
104 133
104 134
104 135
104 136
104 139
104 140
104 141
104 142
104 143
104 144
104 145
104 146
104 148
104 150
104 151
104 152
104 153
104 154
104 155
104 156
104 157
104 158
104 159
104 160
104 161
104 162
104 163
104 164
104 165
104 166
104 167
104 169
104 174
104 175
104 176
104 177
104 178
104 179
104 180
104 181
104 182
104 183
104 184
104 185
104 187
104 188
104 189
104 190
104 192
104 193
104 194
104 196
104 197
105 107
105 108
105 110
105 111
105 113
105 114
105 115
105 117
105 120
105 124
105 125
105 126
105 128
105 129
105 130
105 131
105 132
105 133
105 135
105 136
105 137
105 139
105 140
105 142
105 144
105 146
105 147
105 148
105 149
105 150
105 151
105 152
105 153
105 154
105 157
105 159
105 160
105 161
105 164
105 165
105 166
105 167
105 168
105 169
105 171
105 173
105 174
105 175
105 176
105 177
105 179
105 182
105 183
105 184
105 185
105 186
105 189
105 191
105 193
105 194
105 197
105 198
106 110
106 111
106 112
106 113
106 114
106 115
106 117
106 119
106 121
106 122
106 124
106 126
106 127
106 128
106 129
106 130
106 132
106 133
106 137
106 139
106 140
106 141
106 145
106 147
106 148
106 149
106 151
106 153
106 155
106 156
106 157
106 158
106 160
106 161
106 162
106 163
106 164
106 165
106 166
106 167
106 168
106 169
106 170
106 171
106 172
106 173
106 175
106 178
106 179
106 181
106 182
106 183
106 186
106 188
106 190
106 191
106 192
106 193
106 196
106 197
107 109
107 110
107 111
107 112
107 113
107 114
107 115
107 116
107 117
107 119
107 121
107 122
107 124
107 125
107 126
107 127
107 128
107 131
107 132
107 134
107 135
107 136
107 137
107 138
107 139
107 140
107 142
107 143
107 144
107 145
107 148
107 149
107 150
107 152
107 153
107 154
107 157
107 158
107 160
107 161
107 162
107 165
107 170
107 171
107 172
107 174
107 176
107 177
107 180
107 181
107 182
107 184
107 186
107 187
107 188
107 189
107 191
107 193
107 194
107 196
107 198
107 199
108 109
108 110
108 111
108 112
108 113
108 114
108 115
108 116
108 117
108 119
108 120
108 122
108 125
108 126
108 127
108 128
108 129
108 130
108 131
108 132
108 134
108 138
108 139
108 141
108 143
108 144
108 145
108 148
108 150
108 151
108 152
108 153
108 155
108 156
108 158
108 159
108 160
108 161
108 162
108 163
108 165
108 166
108 168
108 169
108 170
108 171
108 172
108 173
108 174
108 175
108 177
108 178
108 179
108 180
108 181
108 183
108 185
108 186
108 187
108 189
108 192
108 194
108 195
108 196
108 197
108 199
109 110
109 112
109 113
109 114
109 116
109 117
109 118
109 119
109 120
109 122
109 123
109 127
109 129
109 131
109 132
109 133
109 135
109 138
109 140
109 141
109 142
109 143
109 145
109 146
109 147
109 150
109 151
109 152
109 154
109 155
109 156
109 157
109 158
109 160
109 162
109 164
109 165
109 167
109 170
109 172
109 173
109 174
109 176
109 177
109 179
109 181
109 183
109 184
109 185
109 186
109 187
109 188
109 189
109 191
109 193
109 194
109 195
109 197
109 198
109 199
110 111
110 113
110 115
110 117
110 120
110 121
110 122
110 123
110 124
110 125
110 128
110 129
110 130
110 133
110 134
110 136
110 137
110 138
110 139
110 140
110 143
110 144
110 145
110 146
110 148
110 150
110 151
110 152
110 154
110 155
110 156
110 157
110 158
110 159
110 160
110 161
110 165
110 166
110 167
110 168
110 169
110 170
110 174
110 175
110 176
110 177
110 178
110 180
110 181
110 182
110 183
110 185
110 189
110 190
110 192
110 193
110 194
110 195
110 196
110 198
110 199
111 113
111 114
111 116
111 117
111 118
111 120
111 121
111 122
111 125
111 126
111 129
111 130
111 131
111 132
111 133
111 134
111 135
111 136
111 137
111 138
111 139
111 140
111 142
111 143
111 144
111 146
111 147
111 148
111 149
111 151
111 153
111 155
111 157
111 158
111 159
111 161
111 162
111 165
111 166
111 167
111 168
111 169
111 170
111 172
111 173
111 174
111 177
111 178
111 179
111 181
111 182
111 183
111 184
111 185
111 187
111 188
111 189
111 190
111 191
111 192
111 193
111 194
111 195
111 196
111 198
112 113
112 114
112 116
112 117
112 118
112 120
112 122
112 123
112 125
112 126
112 128
112 129
112 130
112 131
112 133
112 134
112 135
112 136
112 137
112 138
112 141
112 142
112 143
112 144
112 145
112 146
112 147
112 148
112 150
112 152
112 154
112 156
112 157
112 158
112 159
112 160
112 162
112 163
112 164
112 165
112 166
112 167
112 169
112 172
112 173
112 175
112 178
112 181
112 182
112 183
112 185
112 186
112 187
112 188
112 189
112 190
112 192
112 193
112 194
112 195
112 197
112 198
112 199
113 117
113 118
113 120
113 121
113 122
113 125
113 126
113 128
113 130
113 131
113 132
113 134
113 135
113 138
113 139
113 140
113 141
113 142
113 143
113 145
113 146
113 147
113 148
113 149
113 150
113 152
113 153
113 155
113 156
113 157
113 158
113 160
113 161
113 162
113 164
113 165
113 166
113 167
113 168
113 169
113 172
113 173
113 174
113 175
113 176
113 177
113 178
113 179
113 180
113 182
113 183
113 184
113 186
113 187
113 188
113 189
113 190
113 191
113 193
113 195
113 197
113 198
113 199
114 115
114 116
114 117
114 118
114 119
114 120
114 122
114 123
114 124
114 125
114 126
114 127
114 129
114 132
114 133
114 134
114 135
114 137
114 139
114 141
114 143
114 146
114 147
114 148
114 149
114 152
114 154
114 155
114 156
114 157
114 159
114 160
114 161
114 163
114 164
114 165
114 166
114 167
114 169
114 170
114 171
114 172
114 173
114 174
114 175
114 177
114 178
114 183
114 184
114 185
114 186
114 187
114 189
114 190
114 191
114 193
114 195
114 196
114 197
114 198
114 199
115 119
115 120
115 121
115 125
115 126
115 128
115 131
115 132
115 133
115 135
115 137
115 138
115 140
115 142
115 143
115 145
115 146
115 148
115 149
115 154
115 156
115 158
115 161
115 162
115 164
115 166
115 168
115 169
115 171
115 172
115 173
115 175
115 176
115 177
115 178
115 180
115 182
115 183
115 185
115 187
115 188
115 189
115 190
115 192
115 193
115 196
115 197
115 198
116 117
116 119
116 120
116 121
116 122
116 123
116 125
116 126
116 127
116 128
116 130
116 131
116 133
116 134
116 135
116 136
116 137
116 138
116 139
116 140
116 141
116 142
116 143
116 144
116 145
116 147
116 148
116 150
116 151
116 153
116 155
116 157
116 159
116 160
116 162
116 163
116 164
116 165
116 166
116 169
116 170
116 171
116 172
116 173
116 174
116 175
116 177
116 180
116 183
116 185
116 187
116 188
116 192
116 194
116 195
116 197
116 199
117 119
117 120
117 121
117 124
117 125
117 126
117 127
117 128
117 129
117 130
117 132
117 133
117 134
117 135
117 136
117 137
117 138
117 141
117 142
117 143
117 144
117 145
117 146
117 147
117 149
117 150
117 151
117 153
117 154
117 155
117 156
117 157
117 158
117 159
117 160
117 161
117 163
117 164
117 166
117 167
117 168
117 169
117 170
117 172
117 173
117 174
117 175
117 176
117 178
117 179
117 180
117 181
117 183
117 184
117 185
117 187
117 188
117 190
117 193
117 194
117 197
117 199
118 119
118 120
118 121
118 123
118 124
118 125
118 126
118 128
118 129
118 130
118 131
118 133
118 134
118 135
118 137
118 138
118 139
118 141
118 144
118 145
118 146
118 147
118 148
118 149
118 150
118 151
118 152
118 153
118 154
118 155
118 156
118 157
118 158
118 160
118 162
118 165
118 166
118 167
118 168
118 172
118 173
118 175
118 176
118 177
118 178
118 181
118 182
118 183
118 184
118 187
118 189
118 191
118 192
118 194
118 195
118 197
118 198
118 199
119 120
119 121
119 122
119 124
119 125
119 126
119 127
119 129
119 130
119 131
119 134
119 136
119 137
119 138
119 139
119 140
119 141
119 143
119 146
119 147
119 148
119 149
119 151
119 152
119 154
119 155
119 156
119 157
119 158
119 159
119 161
119 162
119 164
119 165
119 166
119 167
119 168
119 169
119 170
119 171
119 172
119 173
119 176
119 178
119 180
119 183
119 184
119 185
119 186
119 187
119 188
119 189
119 190
119 192
119 193
119 194
119 195
119 196
119 197
119 199
120 121
120 122
120 123
120 124
120 125
120 127
120 129
120 130
120 133
120 134
120 135
120 138
120 139
120 140
120 141
120 144
120 145
120 146
120 149
120 151
120 154
120 155
120 156
120 157
120 159
120 160
120 161
120 162
120 163
120 164
120 165
120 166
120 167
120 168
120 170
120 171
120 172
120 174
120 175
120 176
120 177
120 178
120 179
120 180
120 181
120 185
120 186
120 187
120 189
120 190
120 191
120 194
120 195
120 196
120 198
120 199
121 124
121 125
121 126
121 128
121 129
121 131
121 132
121 133
121 134
121 135
121 137
121 138
121 139
121 140
121 141
121 142
121 144
121 145
121 147
121 148
121 151
121 152
121 154
121 155
121 156
121 157
121 158
121 159
121 160
121 161
121 162
121 163
121 164
121 167
121 168
121 170
121 171
121 172
121 173
121 174
121 175
121 176
121 177
121 178
121 179
121 180
121 182
121 184
121 185
121 186
121 187
121 188
121 189
121 190
121 192
121 195
121 196
121 199
122 124
122 125
122 126
122 128
122 129
122 130
122 132
122 133
122 136
122 137
122 138
122 139
122 141
122 142
122 144
122 145
122 146
122 147
122 148
122 149
122 150
122 152
122 156
122 157
122 164
122 165
122 166
122 167
122 168
122 169
122 170
122 172
122 174
122 178
122 179
122 180
122 181
122 182
122 183
122 184
122 185
122 186
122 187
122 190
122 191
122 192
122 193
122 194
122 195
122 198
123 126
123 129
123 130
123 134
123 135
123 136
123 137
123 139
123 140
123 143
123 144
123 145
123 146
123 148
123 149
123 150
123 151
123 152
123 153
123 155
123 159
123 160
123 161
123 163
123 164
123 165
123 166
123 168
123 169
123 170
123 171
123 173
123 174
123 175
123 176
123 177
123 178
123 180
123 181
123 182
123 184
123 185
123 186
123 187
123 188
123 189
123 190
123 192
123 193
123 197
123 198
123 199
124 125
124 126
124 127
124 129
124 131
124 132
124 133
124 134
124 136
124 137
124 139
124 140
124 141
124 142
124 144
124 145
124 146
124 147
124 148
124 149
124 150
124 153
124 156
124 157
124 158
124 159
124 162
124 163
124 164
124 165
124 167
124 171
124 172
124 174
124 175
124 177
124 179
124 182
124 185
124 186
124 187
124 188
124 189
124 193
124 194
124 195
124 197
124 198
124 199
125 126
125 127
125 129
125 132
125 133
125 134
125 135
125 136
125 137
125 138
125 140
125 141
125 142
125 144
125 146
125 148
125 149
125 153
125 154
125 155
125 156
125 157
125 159
125 160
125 161
125 163
125 164
125 165
125 166
125 167
125 169
125 170
125 171
125 172
125 173
125 174
125 175
125 178
125 179
125 180
125 181
125 182
125 183
125 186
125 187
125 189
125 190
125 191
125 193
125 194
125 196
125 197
125 198
125 199
126 127
126 129
126 130
126 131
126 132
126 133
126 134
126 136
126 137
126 138
126 141
126 144
126 145
126 146
126 147
126 149
126 150
126 152
126 153
126 155
126 158
126 159
126 160
126 164
126 165
126 166
126 167
126 168
126 169
126 171
126 172
126 173
126 174
126 176
126 177
126 178
126 179
126 180
126 181
126 182
126 183
126 184
126 185
126 187
126 188
126 189
126 194
126 195
126 197
126 198
127 130
127 131
127 132
127 133
127 134
127 135
127 137
127 138
127 139
127 140
127 141
127 143
127 145
127 146
127 148
127 149
127 150
127 151
127 153
127 155
127 157
127 158
127 160
127 161
127 162
127 164
127 165
127 166
127 168
127 169
127 171
127 174
127 176
127 177
127 178
127 179
127 181
127 182
127 183
127 184
127 185
127 187
127 189
127 190
127 191
127 192
127 194
127 197
127 198
128 129
128 130
128 132
128 135
128 137
128 138
128 139
128 140
128 141
128 142
128 143
128 145
128 146
128 147
128 148
128 149
128 150
128 151
128 152
128 155
128 156
128 157
128 158
128 159
128 160
128 161
128 163
128 164
128 165
128 166
128 167
128 171
128 172
128 173
128 174
128 176
128 178
128 179
128 180
128 181
128 182
128 183
128 184
128 185
128 186
128 187
128 188
128 189
128 191
128 193
128 194
128 195
128 197
128 198
128 199
129 130
129 132
129 133
129 134
129 135
129 137
129 138
129 139
129 140
129 141
129 142
129 143
129 144
129 145
129 146
129 147
129 148
129 149
129 150
129 151
129 152
129 153
129 154
129 156
129 160
129 163
129 164
129 165
129 166
129 167
129 169
129 170
129 171
129 173
129 175
129 176
129 177
129 178
129 179
129 180
129 181
129 182
129 183
129 184
129 185
129 186
129 187
129 188
129 190
129 191
129 192
129 193
129 194
129 196
129 198
129 199
130 132
130 133
130 134
130 136
130 137
130 138
130 139
130 140
130 142
130 143
130 144
130 145
130 146
130 147
130 149
130 150
130 151
130 152
130 154
130 155
130 156
130 157
130 159
130 160
130 162
130 163
130 164
130 165
130 170
130 171
130 172
130 173
130 174
130 176
130 178
130 179
130 182
130 183
130 184
130 185
130 186
130 188
130 189
130 190
130 191
130 192
130 195
130 196
130 197
130 198
130 199
131 132
131 134
131 135
131 136
131 137
131 138
131 139
131 140
131 141
131 142
131 143
131 144
131 145
131 146
131 147
131 148
131 149
131 151
131 152
131 153
131 154
131 155
131 157
131 159
131 161
131 162
131 163
131 164
131 165
131 166
131 167
131 169
131 170
131 171
131 172
131 173
131 174
131 175
131 178
131 181
131 183
131 185
131 186
131 188
131 189
131 190
131 191
131 192
131 193
131 194
131 199
132 134
132 135
132 136
132 138
132 139
132 140
132 141
132 143
132 144
132 145
132 146
132 147
132 148
132 149
132 150
132 151
132 152
132 153
132 157
132 158
132 160
132 161
132 162
132 164
132 165
132 168
132 169
132 172
132 173
132 174
132 176
132 177
132 178
132 179
132 183
132 184
132 185
132 186
132 187
132 188
132 189
132 190
132 193
132 194
132 195
132 196
132 198
132 199
133 134
133 135
133 136
133 139
133 141
133 142
133 143
133 144
133 145
133 146
133 147
133 148
133 149
133 150
133 151
133 153
133 154
133 158
133 160
133 163
133 165
133 166
133 167
133 168
133 170
133 171
133 172
133 173
133 174
133 175
133 176
133 177
133 179
133 180
133 181
133 184
133 185
133 189
133 190
133 192
133 193
133 197
133 198
133 199
134 137
134 138
134 139
134 140
134 142
134 144
134 146
134 147
134 148
134 149
134 151
134 152
134 153
134 155
134 156
134 158
134 159
134 161
134 162
134 163
134 164
134 166
134 167
134 168
134 169
134 171
134 172
134 173
134 174
134 175
134 176
134 179
134 180
134 181
134 182
134 184
134 185
134 186
134 187
134 188
134 189
134 190
134 192
134 193
134 195
134 196
134 197
134 199
135 136
135 138
135 139
135 140
135 141
135 142
135 143
135 144
135 145
135 147
135 148
135 149
135 150
135 151
135 153
135 156
135 158
135 159
135 161
135 162
135 164
135 166
135 167
135 168
135 169
135 170
135 171
135 173
135 174
135 175
135 178
135 180
135 182
135 184
135 185
135 186
135 188
135 191
135 193
135 194
135 195
135 196
135 197
135 198
135 199
136 137
136 141
136 143
136 144
136 145
136 146
136 149
136 150
136 151
136 153
136 154
136 155
136 156
136 157
136 159
136 160
136 162
136 163
136 164
136 166
136 167
136 168
136 169
136 170
136 172
136 173
136 175
136 176
136 177
136 178
136 180
136 182
136 183
136 184
136 185
136 188
136 190
136 191
136 192
136 193
136 195
136 196
136 198
136 199
137 138
137 139
137 142
137 143
137 144
137 145
137 146
137 147
137 148
137 149
137 150
137 152
137 153
137 155
137 157
137 158
137 161
137 163
137 165
137 167
137 169
137 171
137 175
137 177
137 178
137 179
137 180
137 181
137 183
137 184
137 185
137 187
137 191
137 192
137 193
137 194
137 196
137 198
137 199
138 141
138 142
138 143
138 144
138 146
138 148
138 149
138 150
138 151
138 153
138 154
138 155
138 157
138 161
138 163
138 165
138 171
138 172
138 173
138 174
138 175
138 178
138 179
138 180
138 182
138 183
138 184
138 186
138 188
138 189
138 191
138 194
138 195
138 197
139 140
139 144
139 145
139 146
139 147
139 149
139 150
139 151
139 152
139 153
139 155
139 156
139 157
139 158
139 159
139 161
139 162
139 163
139 164
139 165
139 167
139 168
139 171
139 172
139 173
139 174
139 176
139 177
139 178
139 182
139 183
139 184
139 185
139 186
139 187
139 189
139 190
139 193
139 194
139 196
139 197
139 198
140 142
140 146
140 147
140 148
140 149
140 151
140 152
140 153
140 154
140 155
140 157
140 158
140 159
140 160
140 161
140 162
140 163
140 164
140 165
140 166
140 167
140 168
140 170
140 171
140 172
140 174
140 175
140 176
140 179
140 180
140 182
140 183
140 184
140 185
140 186
140 187
140 188
140 190
140 191
140 192
140 193
140 194
140 195
140 196
140 197
140 199
141 146
141 147
141 149
141 150
141 151
141 152
141 153
141 158
141 160
141 161
141 163
141 164
141 165
141 167
141 168
141 170
141 171
141 172
141 173
141 176
141 177
141 180
141 182
141 184
141 187
141 189
141 190
141 192
141 193
141 194
141 196
141 197
141 198
141 199
142 144
142 146
142 147
142 148
142 149
142 151
142 153
142 154
142 155
142 156
142 157
142 158
142 160
142 161
142 163
142 164
142 165
142 166
142 167
142 170
142 171
142 172
142 173
142 175
142 177
142 178
142 179
142 180
142 181
142 182
142 183
142 184
142 185
142 186
142 187
142 188
142 189
142 190
142 191
142 192
142 193
142 194
142 195
142 196
142 197
142 198
142 199
143 144
143 145
143 146
143 148
143 150
143 152
143 153
143 155
143 156
143 157
143 158
143 160
143 161
143 162
143 163
143 165
143 166
143 167
143 170
143 172
143 173
143 175
143 176
143 177
143 179
143 180
143 186
143 187
143 188
143 191
143 192
143 194
143 196
143 197
143 199
144 145
144 146
144 147
144 150
144 151
144 152
144 153
144 155
144 156
144 157
144 159
144 160
144 161
144 163
144 164
144 165
144 167
144 168
144 169
144 170
144 171
144 172
144 174
144 176
144 178
144 179
144 181
144 182
144 183
144 185
144 186
144 187
144 189
144 190
144 193
144 194
144 196
144 197
145 146
145 148
145 150
145 151
145 153
145 154
145 155
145 156
145 157
145 159
145 160
145 161
145 165
145 169
145 170
145 171
145 173
145 174
145 175
145 177
145 178
145 179
145 180
145 182
145 183
145 184
145 185
145 187
145 189
145 190
145 191
145 194
145 196
145 197
145 198
145 199
146 148
146 149
146 150
146 151
146 152
146 154
146 156
146 159
146 161
146 162
146 163
146 164
146 165
146 166
146 167
146 168
146 171
146 172
146 174
146 176
146 179
146 180
146 182
146 183
146 185
146 186
146 187
146 188
146 189
146 190
146 191
146 193
146 194
146 197
146 198
146 199
147 148
147 149
147 151
147 152
147 154
147 155
147 156
147 157
147 159
147 160
147 161
147 162
147 163
147 164
147 165
147 166
147 167
147 168
147 169
147 172
147 174
147 175
147 178
147 180
147 181
147 182
147 183
147 184
147 186
147 187
147 188
147 189
147 190
147 191
147 193
147 198
148 149
148 151
148 154
148 155
148 156
148 157
148 158
148 159
148 160
148 162
148 163
148 164
148 165
148 166
148 169
148 170
148 171
148 172
148 173
148 175
148 176
148 177
148 178
148 180
148 181
148 183
148 184
148 185
148 186
148 187
148 188
148 189
148 190
148 191
148 193
148 194
148 195
148 196
148 197
148 198
148 199
149 151
149 152
149 154
149 157
149 158
149 159
149 160
149 161
149 162
149 163
149 165
149 166
149 167
149 168
149 170
149 172
149 174
149 175
149 176
149 177
149 178
149 179
149 180
149 181
149 182
149 183
149 184
149 185
149 192
149 195
149 196
149 197
149 198
150 151
150 154
150 156
150 157
150 159
150 160
150 163
150 164
150 165
150 166
150 168
150 170
150 171
150 172
150 173
150 174
150 177
150 178
150 180
150 181
150 182
150 183
150 184
150 185
150 186
150 187
150 192
150 194
150 195
150 196
150 197
150 198
150 199
151 152
151 153
151 154
151 155
151 157
151 159
151 162
151 163
151 164
151 166
151 167
151 168
151 169
151 171
151 173
151 175
151 176
151 177
151 178
151 179
151 182
151 183
151 184
151 185
151 186
151 187
151 188
151 189
151 190
151 192
151 193
151 196
151 198
151 199
152 153
152 154
152 155
152 156
152 157
152 158
152 159
152 160
152 163
152 164
152 168
152 169
152 170
152 172
152 173
152 175
152 179
152 180
152 181
152 183
152 185
152 186
152 187
152 188
152 189
152 190
152 191
152 192
152 193
152 196
152 197
152 198
152 199
153 154
153 155
153 156
153 157
153 158
153 159
153 161
153 162
153 163
153 165
153 166
153 167
153 172
153 173
153 174
153 175
153 176
153 178
153 179
153 180
153 183
153 184
153 185
153 187
153 188
153 190
153 191
153 192
153 193
153 195
153 196
154 155
154 156
154 157
154 158
154 163
154 164
154 165
154 166
154 167
154 168
154 170
154 171
154 172
154 173
154 175
154 177
154 178
154 182
154 184
154 185
154 186
154 189
154 190
154 191
154 193
154 194
154 195
154 196
154 197
154 198
154 199
155 156
155 157
155 158
155 161
155 163
155 164
155 165
155 166
155 167
155 169
155 171
155 172
155 173
155 175
155 176
155 177
155 178
155 179
155 180
155 187
155 188
155 189
155 190
155 191
155 192
155 193
155 195
155 197
155 198
155 199
156 157
156 158
156 159
156 160
156 161
156 162
156 164
156 165
156 166
156 167
156 168
156 169
156 171
156 172
156 173
156 174
156 175
156 177
156 178
156 179
156 180
156 181
156 182
156 183
156 184
156 185
156 187
156 188
156 189
156 190
156 191
156 192
156 194
156 196
156 198
157 158
157 159
157 161
157 163
157 165
157 166
157 168
157 172
157 175
157 176
157 177
157 179
157 180
157 181
157 183
157 186
157 187
157 188
157 189
157 190
157 191
157 192
157 193
157 194
157 195
157 197
157 199
158 159
158 160
158 161
158 164
158 165
158 166
158 169
158 170
158 172
158 174
158 176
158 177
158 178
158 180
158 181
158 182
158 185
158 187
158 190
158 191
158 192
158 193
158 194
158 196
158 198
159 160
159 164
159 165
159 166
159 168
159 169
159 172
159 173
159 176
159 177
159 178
159 179
159 180
159 181
159 182
159 183
159 184
159 185
159 186
159 191
159 193
159 195
159 196
159 197
159 198
159 199
160 162
160 163
160 165
160 166
160 172
160 173
160 174
160 175
160 176
160 177
160 178
160 179
160 180
160 181
160 182
160 183
160 184
160 185
160 188
160 189
160 190
160 191
160 192
160 193
160 194
160 195
160 196
160 197
160 198
160 199
161 162
161 163
161 164
161 166
161 167
161 168
161 171
161 172
161 173
161 174
161 175
161 177
161 178
161 179
161 180
161 181
161 182
161 183
161 184
161 186
161 187
161 188
161 189
161 190
161 191
161 192
161 193
161 194
161 196
161 197
161 198
161 199
162 163
162 165
162 166
162 168
162 169
162 170
162 172
162 173
162 176
162 177
162 181
162 184
162 185
162 186
162 187
162 188
162 190
162 193
162 196
162 198
163 164
163 165
163 168
163 171
163 172
163 173
163 175
163 176
163 177
163 178
163 182
163 183
163 184
163 185
163 186
163 187
163 188
163 189
163 190
163 192
163 193
163 194
163 195
163 196
163 197
163 198
163 199
164 165
164 166
164 167
164 168
164 169
164 171
164 172
164 173
164 174
164 176
164 179
164 180
164 182
164 183
164 184
164 185
164 186
164 187
164 189
164 190
164 191
164 192
164 193
164 194
164 195
164 196
164 199
165 167
165 168
165 169
165 171
165 172
165 173
165 175
165 176
165 177
165 178
165 179
165 182
165 183
165 185
165 186
165 187
165 188
165 191
165 192
165 193
165 194
165 195
165 196
165 197
165 198
165 199
166 167
166 170
166 172
166 173
166 174
166 175
166 177
166 180
166 182
166 184
166 185
166 186
166 187
166 188
166 189
166 191
166 192
166 194
166 196
166 198
166 199
167 168
167 170
167 172
167 173
167 174
167 176
167 177
167 178
167 181
167 182
167 183
167 184
167 185
167 186
167 187
167 188
167 192
167 193
167 194
167 195
167 197
167 198
167 199
168 171
168 173
168 175
168 176
168 177
168 178
168 179
168 180
168 181
168 182
168 183
168 185
168 186
168 187
168 188
168 190
168 191
168 192
168 193
168 196
168 197
168 198
168 199
169 170
169 171
169 172
169 173
169 175
169 176
169 178
169 179
169 182
169 184
169 187
169 189
169 191
169 193
169 195
169 196
169 197
169 198
169 199
170 171
170 173
170 174
170 176
170 180
170 181
170 182
170 183
170 185
170 186
170 187
170 188
170 189
170 190
170 193
170 195
170 196
170 199
171 172
171 173
171 174
171 175
171 176
171 177
171 178
171 179
171 180
171 181
171 182
171 183
171 184
171 185
171 186
171 188
171 189
171 191
171 192
171 194
171 195
171 196
171 197
171 198
171 199
172 173
172 175
172 176
172 178
172 179
172 180
172 181
172 182
172 183
172 185
172 187
172 189
172 190
172 192
172 193
172 194
172 195
172 196
172 197
172 198
172 199
173 174
173 175
173 176
173 177
173 178
173 179
173 181
173 183
173 184
173 185
173 186
173 187
173 190
173 191
173 192
173 193
173 194
173 196
173 198
173 199
174 175
174 176
174 177
174 182
174 183
174 184
174 185
174 186
174 187
174 188
174 189
174 190
174 193
174 194
174 196
174 197
174 199
175 176
175 177
175 178
175 180
175 182
175 184
175 185
175 186
175 187
175 188
175 189
175 191
175 193
175 196
175 198
175 199
176 179
176 180
176 181
176 182
176 183
176 184
176 188
176 190
176 192
176 193
176 194
176 197
176 198
176 199
177 179
177 180
177 181
177 183
177 184
177 185
177 186
177 188
177 189
177 192
177 193
177 195
177 197
177 199
178 179
178 181
178 182
178 185
178 187
178 188
178 189
178 190
178 191
178 192
178 193
178 194
178 195
178 196
178 198
178 199
179 180
179 184
179 185
179 186
179 187
179 188
179 189
179 190
179 192
179 193
179 194
179 195
179 196
179 197
179 198
179 199
180 181
180 182
180 185
180 186
180 187
180 188
180 189
180 191
180 193
180 196
180 197
180 198
180 199
181 182
181 183
181 185
181 187
181 189
181 193
181 195
181 196
181 197
181 198
181 199
182 184
182 186
182 189
182 191
182 192
182 194
182 195
182 196
182 197
182 199
183 184
183 186
183 187
183 188
183 190
183 193
183 194
183 195
183 196
183 198
183 199
184 185
184 187
184 188
184 189
184 192
184 193
184 195
184 196
184 197
184 198
184 199
185 186
185 188
185 190
185 191
185 192
185 194
185 195
185 196
185 197
185 199
186 187
186 188
186 189
186 191
186 192
186 194
186 196
186 198
186 199
187 189
187 190
187 191
187 193
187 194
187 196
187 197
187 199
188 189
188 190
188 191
188 192
188 193
188 194
188 196
188 197
188 198
188 199
189 190
189 191
189 192
189 193
189 194
189 195
189 196
189 197
189 198
190 191
190 193
190 194
190 195
190 197
190 198
190 199
191 192
191 193
191 194
191 195
191 196
191 198
191 199
192 193
192 194
192 195
192 196
192 197
192 198
193 194
193 195
193 196
193 197
193 199
194 196
194 198
194 199
195 196
195 198
196 197
196 198
196 199
197 198
197 199
198 199
13 92 174 90 100 194 82 3 70 1
35 180 75 173 136 187 192 107 46 137
141 164 120 117 31 55 185 4 165 81
27 182 69 58 42 71 79 175 78 29
166 116 91 62 177 38 93 144 158 199
23 162 168 24 61 50 41 12 88 68
150 26 190 139 181 37 102 19 65 49
73 18 178 85 145 80 32 59 84 125
197 155 132 5 128 109 33 2 198 143
196 114 110 188 183 14 40 161 17 86
133 8 184 39 0 57 172 36 186 193
159 105 56 171 20 147 104 47 122 157
54 16 142 43 112 135 21 167 148 7
170 96 64 126 52 67 138 77 99 119
25 63 108 53 151 154 34 123 131 28
191 195 103 134 9 22 156 101 127 140
11 10 76 160 106 98 189 72 124 89
66 95 74 48 60 97 146 83 163 179
6 45 129 15 87 176 115 44 118 152
30 130 94 113 169 121 51 153 111 149
