200
6067
10
99
3
56
43
93
18
44
93
43
6
0 2
0 4
0 5
0 7
0 17
0 25
0 26
0 27
0 31
0 33
0 40
0 41
0 43
0 44
0 46
0 48
0 49
0 50
0 53
0 55
0 56
0 57
0 59
0 62
0 64
0 66
0 68
0 77
0 78
0 79
0 81
0 84
0 86
0 89
0 90
0 92
0 95
0 98
0 100
0 102
0 103
0 113
0 116
0 119
0 124
0 125
0 128
0 130
0 132
0 141
0 143
0 145
0 146
0 149
0 160
0 162
0 175
0 176
0 177
0 179
0 180
0 181
0 190
0 195
0 199
1 2
1 5
1 8
1 12
1 13
1 17
1 20
1 22
1 25
1 26
1 29
1 34
1 39
1 46
1 51
1 59
1 65
1 67
1 77
1 78
1 79
1 89
1 96
1 97
1 100
1 104
1 106
1 107
1 109
1 113
1 115
1 116
1 121
1 127
1 131
1 136
1 137
1 138
1 142
1 145
1 147
1 150
1 152
1 155
1 156
1 160
1 163
1 169
1 171
1 172
1 175
1 184
1 191
1 195
2 6
2 21
2 25
2 29
2 32
2 33
2 37
2 38
2 42
2 46
2 47
2 48
2 56
2 57
2 59
2 60
2 64
2 65
2 67
2 68
2 69
2 76
2 79
2 80
2 85
2 87
2 90
2 91
2 92
2 96
2 100
2 103
2 105
2 106
2 109
2 110
2 116
2 117
2 120
2 121
2 122
2 125
2 127
2 128
2 131
2 145
2 150
2 153
2 157
2 159
2 164
2 165
2 169
2 177
2 184
2 185
2 194
2 197
2 199
3 4
3 6
3 14
3 19
3 25
3 26
3 27
3 30
3 32
3 36
3 39
3 43
3 45
3 47
3 48
3 50
3 54
3 55
3 60
3 61
3 65
3 67
3 70
3 71
3 72
3 77
3 78
3 88
3 90
3 97
3 99
3 100
3 101
3 102
3 106
3 107
3 108
3 112
3 113
3 118
3 125
3 131
3 133
3 134
3 135
3 137
3 138
3 141
3 142
3 143
3 146
3 149
3 150
3 152
3 156
3 161
3 163
3 166
3 169
3 171
3 174
3 176
3 177
3 182
3 193
3 194
3 196
4 5
4 8
4 9
4 14
4 18
4 23
4 26
4 33
4 34
4 37
4 38
4 39
4 43
4 48
4 49
4 52
4 54
4 58
4 60
4 63
4 67
4 69
4 73
4 76
4 88
4 92
4 96
4 98
4 99
4 105
4 106
4 107
4 108
4 109
4 113
4 114
4 117
4 121
4 124
4 127
4 129
4 132
4 133
4 134
4 139
4 147
4 148
4 150
4 151
4 152
4 154
4 159
4 161
4 164
4 171
4 174
4 175
4 177
4 178
4 179
4 189
4 190
4 193
4 194
5 11
5 12
5 15
5 18
5 19
5 20
5 21
5 24
5 25
5 30
5 32
5 43
5 46
5 55
5 58
5 62
5 64
5 65
5 72
5 80
5 81
5 85
5 99
5 101
5 103
5 106
5 111
5 113
5 117
5 119
5 120
5 125
5 128
5 130
5 132
5 136
5 137
5 138
5 139
5 141
5 147
5 149
5 156
5 162
5 167
5 169
5 170
5 172
5 174
5 177
5 183
5 186
5 191
5 194
5 198
6 8
6 11
6 13
6 15
6 16
6 17
6 20
6 26
6 28
6 35
6 37
6 39
6 43
6 44
6 46
6 47
6 51
6 61
6 78
6 80
6 81
6 82
6 85
6 86
6 87
6 88
6 92
6 98
6 101
6 104
6 107
6 109
6 110
6 113
6 115
6 116
6 118
6 122
6 126
6 129
6 132
6 133
6 134
6 136
6 137
6 141
6 143
6 146
6 150
6 155
6 157
6 158
6 159
6 161
6 168
6 169
6 171
6 172
6 175
6 177
6 179
6 181
6 185
6 186
6 197
7 10
7 11
7 13
7 18
7 27
7 28
7 29
7 33
7 35
7 37
7 38
7 40
7 42
7 53
7 58
7 65
7 69
7 72
7 77
7 80
7 82
7 83
7 92
7 93
7 94
7 100
7 104
7 105
7 107
7 110
7 114
7 116
7 117
7 119
7 124
7 142
7 144
7 145
7 149
7 151
7 152
7 154
7 163
7 165
7 167
7 171
7 176
7 179
7 180
7 191
8 11
8 15
8 18
8 19
8 20
8 23
8 24
8 26
8 28
8 32
8 36
8 41
8 47
8 48
8 57
8 59
8 61
8 65
8 69
8 70
8 72
8 74
8 76
8 81
8 83
8 84
8 91
8 93
8 94
8 95
8 97
8 98
8 99
8 102
8 107
8 108
8 112
8 113
8 115
8 116
8 120
8 128
8 129
8 130
8 136
8 138
8 140
8 141
8 142
8 144
8 150
8 153
8 157
8 160
8 162
8 166
8 169
8 170
8 171
8 176
8 186
8 187
8 197
9 11
9 17
9 22
9 25
9 27
9 28
9 31
9 32
9 33
9 36
9 37
9 42
9 43
9 45
9 50
9 54
9 56
9 58
9 61
9 64
9 68
9 69
9 72
9 74
9 78
9 81
9 84
9 86
9 87
9 92
9 103
9 105
9 107
9 111
9 116
9 117
9 123
9 125
9 126
9 128
9 131
9 132
9 134
9 135
9 144
9 146
9 151
9 152
9 155
9 156
9 157
9 161
9 165
9 166
9 168
9 171
9 173
9 174
9 175
9 176
9 180
9 181
9 187
9 189
9 192
9 195
10 12
10 14
10 15
10 21
10 25
10 27
10 28
10 32
10 33
10 34
10 42
10 43
10 44
10 48
10 50
10 53
10 59
10 61
10 63
10 65
10 67
10 68
10 74
10 77
10 82
10 83
10 96
10 98
10 106
10 108
10 111
10 113
10 114
10 117
10 122
10 128
10 133
10 134
10 135
10 141
10 142
10 145
10 150
10 152
10 153
10 154
10 155
10 158
10 161
10 162
10 163
10 164
10 166
10 167
10 168
10 172
10 173
10 176
10 181
10 189
10 192
10 196
10 197
10 198
11 15
11 17
11 18
11 21
11 24
11 28
11 32
11 33
11 34
11 48
11 50
11 51
11 53
11 55
11 57
11 58
11 59
11 60
11 66
11 68
11 69
11 73
11 77
11 81
11 82
11 89
11 95
11 99
11 102
11 104
11 107
11 109
11 111
11 114
11 118
11 119
11 122
11 125
11 127
11 128
11 129
11 134
11 137
11 142
11 143
11 146
11 152
11 159
11 162
11 164
11 167
11 168
11 172
11 175
11 179
11 181
11 182
11 184
11 192
11 195
11 196
12 13
12 15
12 20
12 24
12 27
12 28
12 30
12 31
12 34
12 44
12 45
12 46
12 48
12 51
12 52
12 67
12 70
12 71
12 73
12 74
12 78
12 80
12 81
12 82
12 84
12 85
12 90
12 93
12 96
12 98
12 102
12 113
12 117
12 119
12 121
12 127
12 128
12 129
12 131
12 132
12 133
12 134
12 136
12 141
12 142
12 150
12 152
12 154
12 155
12 158
12 163
12 168
12 171
12 172
12 177
12 181
12 185
12 191
12 195
12 199
13 19
13 21
13 22
13 24
13 25
13 29
13 33
13 34
13 44
13 46
13 48
13 50
13 51
13 52
13 54
13 55
13 57
13 59
13 63
13 64
13 68
13 69
13 70
13 73
13 74
13 77
13 78
13 81
13 82
13 85
13 92
13 94
13 99
13 103
13 104
13 105
13 107
13 109
13 111
13 113
13 116
13 117
13 121
13 123
13 124
13 125
13 126
13 127
13 131
13 136
13 138
13 139
13 140
13 142
13 149
13 150
13 151
13 152
13 153
13 154
13 155
13 156
13 159
13 166
13 168
13 172
13 173
13 174
13 175
13 176
13 178
13 183
13 184
13 185
13 187
13 188
13 193
13 195
13 196
13 198
14 16
14 24
14 26
14 27
14 28
14 36
14 46
14 49
14 53
14 54
14 56
14 62
14 63
14 66
14 70
14 71
14 72
14 78
14 82
14 86
14 89
14 96
14 99
14 103
14 107
14 110
14 112
14 113
14 117
14 122
14 123
14 130
14 131
14 132
14 133
14 135
14 141
14 142
14 144
14 145
14 147
14 148
14 150
14 152
14 158
14 160
14 161
14 162
14 163
14 166
14 168
14 169
14 172
14 173
14 175
14 180
14 184
14 185
14 189
14 191
14 193
14 194
14 195
14 198
15 16
15 18
15 21
15 26
15 27
15 29
15 32
15 34
15 35
15 39
15 42
15 44
15 45
15 50
15 51
15 52
15 53
15 56
15 63
15 64
15 68
15 72
15 74
15 76
15 77
15 78
15 79
15 83
15 91
15 94
15 96
15 97
15 99
15 101
15 102
15 107
15 108
15 109
15 113
15 122
15 125
15 129
15 137
15 139
15 147
15 149
15 150
15 152
15 159
15 160
15 161
15 162
15 165
15 170
15 172
15 176
15 178
15 182
15 183
15 186
15 189
15 190
15 191
15 193
15 198
15 199
16 25
16 28
16 36
16 37
16 43
16 44
16 45
16 54
16 57
16 59
16 60
16 63
16 68
16 69
16 71
16 73
16 74
16 76
16 81
16 84
16 85
16 91
16 92
16 93
16 96
16 98
16 101
16 109
16 110
16 116
16 117
16 118
16 121
16 127
16 130
16 137
16 138
16 139
16 140
16 149
16 150
16 153
16 155
16 156
16 159
16 160
16 165
16 171
16 173
16 174
16 176
16 178
16 179
16 186
16 189
16 190
16 191
16 195
16 199
17 18
17 23
17 26
17 28
17 32
17 37
17 38
17 39
17 44
17 54
17 56
17 58
17 66
17 67
17 69
17 72
17 75
17 77
17 87
17 97
17 101
17 102
17 114
17 118
17 120
17 124
17 127
17 129
17 130
17 143
17 146
17 152
17 155
17 157
17 168
17 173
17 174
17 175
17 180
17 184
17 185
17 187
17 190
17 193
17 195
18 19
18 26
18 27
18 29
18 31
18 32
18 34
18 39
18 41
18 43
18 45
18 47
18 54
18 58
18 60
18 63
18 66
18 73
18 75
18 77
18 78
18 80
18 86
18 87
18 88
18 89
18 90
18 91
18 95
18 96
18 99
18 101
18 112
18 118
18 120
18 121
18 126
18 128
18 129
18 133
18 135
18 136
18 148
18 150
18 151
18 154
18 155
18 158
18 160
18 161
18 164
18 168
18 178
18 179
18 182
18 184
18 187
18 188
19 20
19 21
19 24
19 26
19 29
19 34
19 38
19 41
19 43
19 44
19 46
19 49
19 53
19 55
19 57
19 59
19 80
19 90
19 91
19 96
19 101
19 107
19 108
19 112
19 116
19 117
19 120
19 122
19 129
19 137
19 138
19 146
19 150
19 153
19 154
19 160
19 162
19 164
19 166
19 167
19 170
19 172
19 175
19 199
20 21
20 22
20 27
20 32
20 35
20 36
20 38
20 39
20 41
20 45
20 47
20 50
20 51
20 52
20 53
20 60
20 61
20 66
20 72
20 74
20 77
20 81
20 82
20 83
20 84
20 85
20 87
20 92
20 94
20 95
20 101
20 109
20 110
20 112
20 114
20 116
20 117
20 119
20 120
20 121
20 130
20 131
20 135
20 137
20 139
20 140
20 142
20 143
20 145
20 150
20 152
20 155
20 157
20 161
20 162
20 164
20 165
20 167
20 169
20 173
20 179
20 180
20 181
20 185
20 189
20 192
20 196
20 198
20 199
21 22
21 27
21 29
21 30
21 35
21 37
21 39
21 41
21 43
21 55
21 56
21 58
21 62
21 68
21 69
21 70
21 71
21 73
21 77
21 81
21 83
21 86
21 91
21 93
21 95
21 97
21 98
21 101
21 107
21 113
21 116
21 117
21 119
21 121
21 128
21 135
21 149
21 150
21 152
21 153
21 159
21 160
21 165
21 168
21 172
21 173
21 188
21 191
21 192
21 193
22 26
22 27
22 30
22 32
22 33
22 35
22 42
22 58
22 59
22 60
22 61
22 63
22 64
22 66
22 67
22 69
22 71
22 72
22 75
22 80
22 81
22 85
22 90
22 94
22 98
22 102
22 103
22 105
22 112
22 119
22 120
22 122
22 128
22 129
22 133
22 134
22 135
22 138
22 140
22 142
22 145
22 148
22 150
22 151
22 152
22 153
22 156
22 157
22 161
22 163
22 166
22 167
22 175
22 177
22 179
22 184
22 189
22 195
23 26
23 30
23 31
23 32
23 33
23 34
23 37
23 39
23 41
23 45
23 46
23 49
23 50
23 58
23 62
23 66
23 67
23 68
23 85
23 92
23 97
23 100
23 102
23 103
23 108
23 120
23 122
23 126
23 127
23 128
23 129
23 130
23 131
23 135
23 139
23 143
23 149
23 151
23 154
23 156
23 157
23 166
23 168
23 169
23 171
23 172
23 177
23 180
23 184
23 187
23 191
23 195
23 196
24 27
24 30
24 33
24 35
24 40
24 47
24 49
24 56
24 58
24 61
24 62
24 65
24 71
24 77
24 81
24 82
24 85
24 86
24 89
24 91
24 97
24 98
24 100
24 104
24 106
24 108
24 116
24 119
24 122
24 131
24 136
24 137
24 138
24 141
24 142
24 145
24 149
24 150
24 152
24 157
24 165
24 168
24 176
24 178
24 180
24 183
24 184
24 185
24 186
24 192
24 195
24 196
24 197
25 27
25 32
25 39
25 44
25 51
25 52
25 53
25 57
25 60
25 64
25 71
25 72
25 77
25 78
25 84
25 85
25 88
25 90
25 91
25 93
25 99
25 101
25 115
25 119
25 121
25 124
25 126
25 131
25 135
25 136
25 139
25 141
25 144
25 153
25 154
25 156
25 157
25 158
25 160
25 162
25 174
25 176
25 179
25 186
25 187
25 191
26 30
26 31
26 33
26 34
26 40
26 44
26 45
26 50
26 51
26 55
26 61
26 65
26 69
26 80
26 91
26 92
26 93
26 103
26 105
26 107
26 114
26 115
26 117
26 125
26 131
26 134
26 139
26 140
26 141
26 147
26 153
26 154
26 161
26 164
26 165
26 166
26 175
26 177
26 182
26 186
26 188
26 195
26 198
27 29
27 30
27 32
27 34
27 37
27 40
27 42
27 54
27 65
27 70
27 71
27 76
27 77
27 83
27 87
27 88
27 91
27 104
27 105
27 108
27 109
27 111
27 112
27 114
27 115
27 119
27 122
27 124
27 131
27 132
27 133
27 140
27 141
27 145
27 146
27 151
27 154
27 157
27 163
27 167
27 169
27 173
27 176
27 181
27 183
27 192
27 194
27 199
28 34
28 35
28 37
28 41
28 48
28 52
28 56
28 57
28 58
28 61
28 66
28 71
28 75
28 77
28 79
28 85
28 86
28 87
28 89
28 91
28 92
28 97
28 103
28 104
28 108
28 111
28 113
28 122
28 123
28 130
28 131
28 132
28 139
28 143
28 151
28 152
28 153
28 154
28 155
28 157
28 165
28 169
28 175
28 177
28 182
28 184
28 192
28 198
29 35
29 40
29 41
29 42
29 46
29 48
29 49
29 53
29 57
29 58
29 63
29 64
29 66
29 67
29 72
29 79
29 80
29 82
29 83
29 85
29 88
29 90
29 96
29 97
29 98
29 102
29 108
29 110
29 112
29 113
29 115
29 118
29 120
29 124
29 125
29 134
29 137
29 139
29 146
29 151
29 157
29 164
29 165
29 166
29 168
29 169
29 170
29 173
29 177
29 181
29 183
29 184
29 186
29 188
29 192
29 198
30 33
30 35
30 42
30 45
30 48
30 50
30 53
30 54
30 55
30 56
30 57
30 59
30 63
30 67
30 76
30 84
30 92
30 93
30 95
30 96
30 98
30 102
30 107
30 108
30 112
30 114
30 115
30 117
30 118
30 119
30 120
30 122
30 128
30 135
30 140
30 143
30 144
30 146
30 149
30 151
30 155
30 159
30 162
30 163
30 166
30 167
30 173
30 176
30 177
30 178
30 187
30 190
30 191
30 195
30 197
30 198
30 199
31 33
31 36
31 38
31 39
31 40
31 42
31 56
31 58
31 59
31 63
31 64
31 65
31 68
31 74
31 77
31 80
31 82
31 83
31 86
31 90
31 93
31 97
31 105
31 106
31 107
31 110
31 112
31 118
31 123
31 124
31 128
31 132
31 137
31 138
31 141
31 148
31 152
31 153
31 154
31 155
31 156
31 158
31 164
31 168
31 169
31 173
31 177
31 181
31 188
31 193
31 194
31 195
32 34
32 37
32 38
32 39
32 41
32 43
32 46
32 49
32 51
32 54
32 60
32 63
32 70
32 76
32 78
32 79
32 80
32 86
32 88
32 89
32 91
32 92
32 94
32 95
32 100
32 102
32 103
32 106
32 113
32 116
32 117
32 121
32 122
32 126
32 127
32 128
32 129
32 131
32 133
32 138
32 141
32 144
32 146
32 147
32 151
32 156
32 157
32 158
32 164
32 169
32 175
32 182
32 184
32 186
32 187
32 190
32 191
32 194
33 39
33 40
33 42
33 43
33 44
33 47
33 49
33 50
33 51
33 52
33 55
33 57
33 58
33 65
33 66
33 72
33 75
33 76
33 84
33 85
33 86
33 88
33 90
33 92
33 93
33 95
33 99
33 104
33 109
33 111
33 112
33 114
33 118
33 127
33 129
33 136
33 139
33 145
33 146
33 150
33 151
33 157
33 162
33 164
33 166
33 168
33 169
33 174
33 181
33 183
33 184
33 185
33 186
33 187
33 194
33 198
34 40
34 45
34 47
34 57
34 60
34 65
34 67
34 73
34 77
34 82
34 85
34 106
34 109
34 111
34 112
34 113
34 115
34 118
34 119
34 130
34 131
34 132
34 136
34 137
34 138
34 144
34 147
34 149
34 152
34 156
34 159
34 160
34 162
34 164
34 171
34 174
34 178
34 179
34 183
34 185
34 186
34 189
34 193
34 196
35 38
35 39
35 40
35 46
35 48
35 50
35 51
35 54
35 55
35 56
35 57
35 61
35 62
35 65
35 67
35 70
35 71
35 73
35 75
35 76
35 81
35 84
35 86
35 88
35 90
35 95
35 98
35 100
35 101
35 104
35 112
35 120
35 124
35 125
35 133
35 138
35 139
35 140
35 143
35 145
35 146
35 151
35 155
35 156
35 157
35 159
35 161
35 173
35 174
35 175
35 177
35 185
35 186
35 194
35 195
35 196
35 198
36 37
36 42
36 43
36 45
36 53
36 59
36 62
36 63
36 66
36 68
36 73
36 76
36 78
36 81
36 93
36 96
36 97
36 99
36 100
36 102
36 107
36 108
36 113
36 117
36 119
36 120
36 121
36 122
36 126
36 128
36 129
36 137
36 141
36 142
36 145
36 148
36 149
36 152
36 153
36 154
36 157
36 166
36 167
36 168
36 169
36 170
36 177
36 182
36 190
36 191
36 194
36 197
36 198
36 199
37 44
37 45
37 57
37 60
37 62
37 63
37 70
37 76
37 80
37 84
37 91
37 92
37 93
37 97
37 102
37 104
37 110
37 111
37 115
37 116
37 118
37 123
37 124
37 125
37 126
37 129
37 131
37 132
37 134
37 136
37 137
37 148
37 151
37 154
37 158
37 160
37 161
37 162
37 165
37 166
37 172
37 176
37 177
37 185
37 186
37 188
37 192
37 193
37 198
38 39
38 44
38 47
38 51
38 64
38 67
38 68
38 69
38 74
38 78
38 80
38 82
38 83
38 89
38 94
38 100
38 101
38 103
38 104
38 108
38 112
38 113
38 114
38 117
38 118
38 119
38 120
38 126
38 129
38 130
38 139
38 140
38 141
38 142
38 145
38 147
38 148
38 150
38 152
38 154
38 156
38 163
38 164
38 166
38 172
38 178
38 181
38 188
38 191
38 192
38 199
39 42
39 46
39 49
39 56
39 58
39 60
39 69
39 70
39 73
39 79
39 81
39 82
39 84
39 85
39 92
39 94
39 97
39 101
39 102
39 104
39 105
39 121
39 123
39 124
39 129
39 131
39 140
39 141
39 146
39 147
39 149
39 150
39 152
39 155
39 161
39 164
39 171
39 172
39 174
39 175
39 180
39 184
39 186
39 187
39 189
39 190
39 191
39 194
40 48
40 51
40 52
40 53
40 60
40 62
40 63
40 71
40 73
40 74
40 76
40 84
40 91
40 93
40 110
40 115
40 116
40 117
40 119
40 120
40 122
40 125
40 131
40 132
40 145
40 146
40 148
40 150
40 151
40 160
40 167
40 171
40 175
40 183
40 186
40 188
40 190
40 192
40 193
40 195
40 199
41 52
41 53
41 54
41 61
41 64
41 70
41 71
41 74
41 75
41 84
41 86
41 90
41 93
41 98
41 102
41 103
41 105
41 106
41 113
41 118
41 128
41 129
41 130
41 131
41 132
41 134
41 135
41 138
41 145
41 148
41 152
41 153
41 154
41 157
41 158
41 162
41 165
41 166
41 169
41 173
41 180
41 181
41 183
41 190
41 192
41 198
42 51
42 52
42 53
42 54
42 55
42 63
42 64
42 69
42 70
42 71
42 75
42 81
42 82
42 83
42 92
42 93
42 97
42 102
42 104
42 105
42 107
42 109
42 110
42 112
42 113
42 115
42 118
42 128
42 129
42 131
42 132
42 134
42 136
42 138
42 150
42 151
42 153
42 158
42 160
42 162
42 165
42 172
42 179
42 181
42 186
42 190
42 192
42 194
42 195
42 197
42 198
43 44
43 47
43 53
43 60
43 61
43 65
43 68
43 77
43 82
43 85
43 88
43 89
43 92
43 93
43 99
43 105
43 112
43 114
43 115
43 116
43 121
43 122
43 124
43 133
43 136
43 138
43 141
43 142
43 143
43 154
43 161
43 162
43 164
43 167
43 171
43 176
43 179
43 181
43 184
43 186
43 188
43 196
43 197
43 199
44 45
44 48
44 53
44 54
44 60
44 61
44 62
44 63
44 64
44 75
44 77
44 79
44 86
44 88
44 89
44 93
44 94
44 95
44 96
44 100
44 101
44 109
44 113
44 115
44 127
44 131
44 135
44 140
44 147
44 150
44 153
44 159
44 163
44 171
44 185
44 190
44 194
44 195
44 198
45 46
45 49
45 53
45 59
45 64
45 65
45 70
45 76
45 77
45 81
45 89
45 94
45 98
45 104
45 110
45 116
45 118
45 125
45 126
45 131
45 134
45 138
45 139
45 143
45 144
45 149
45 154
45 155
45 157
45 160
45 163
45 167
45 169
45 171
45 176
45 177
45 184
45 188
45 189
45 190
45 191
45 192
46 47
46 51
46 62
46 65
46 68
46 73
46 78
46 79
46 82
46 85
46 88
46 90
46 94
46 96
46 100
46 102
46 103
46 106
46 109
46 110
46 115
46 118
46 120
46 122
46 123
46 126
46 127
46 129
46 130
46 134
46 136
46 142
46 143
46 145
46 150
46 154
46 157
46 164
46 170
46 174
46 176
46 195
46 196
46 198
46 199
47 55
47 59
47 67
47 70
47 72
47 73
47 76
47 82
47 84
47 86
47 87
47 88
47 90
47 91
47 92
47 101
47 103
47 106
47 109
47 115
47 123
47 126
47 130
47 131
47 132
47 133
47 143
47 144
47 146
47 148
47 150
47 151
47 156
47 160
47 164
47 167
47 168
47 172
47 176
47 180
47 181
47 185
47 186
47 188
47 189
47 191
47 192
47 196
47 199
48 50
48 51
48 64
48 67
48 69
48 70
48 83
48 85
48 86
48 88
48 89
48 91
48 94
48 98
48 100
48 120
48 122
48 126
48 128
48 133
48 142
48 143
48 144
48 147
48 149
48 155
48 157
48 167
48 171
48 177
48 182
48 184
48 185
48 186
48 190
48 193
49 52
49 54
49 56
49 58
49 60
49 61
49 63
49 65
49 70
49 71
49 75
49 78
49 83
49 84
49 91
49 99
49 102
49 109
49 110
49 111
49 114
49 115
49 116
49 117
49 118
49 122
49 124
49 127
49 130
49 131
49 143
49 144
49 148
49 152
49 153
49 154
49 155
49 165
49 167
49 168
49 170
49 171
49 172
49 173
49 179
49 180
49 181
49 182
49 185
49 191
49 196
49 197
50 53
50 62
50 68
50 69
50 71
50 74
50 75
50 77
50 79
50 82
50 92
50 98
50 105
50 106
50 109
50 113
50 120
50 121
50 123
50 133
50 135
50 136
50 137
50 141
50 147
50 154
50 155
50 156
50 157
50 173
50 176
50 177
50 184
50 189
50 192
50 193
50 196
50 199
51 54
51 55
51 59
51 60
51 68
51 71
51 74
51 75
51 79
51 88
51 92
51 93
51 94
51 95
51 96
51 102
51 105
51 106
51 107
51 109
51 116
51 118
51 120
51 122
51 127
51 128
51 133
51 134
51 137
51 138
51 140
51 143
51 148
51 149
51 153
51 158
51 159
51 165
51 166
51 167
51 169
51 170
51 171
51 174
51 182
51 187
51 188
51 190
51 192
51 193
51 194
51 199
52 55
52 57
52 58
52 60
52 64
52 65
52 66
52 67
52 68
52 70
52 73
52 76
52 78
52 80
52 82
52 86
52 87
52 92
52 94
52 96
52 98
52 103
52 106
52 109
52 110
52 113
52 119
52 122
52 123
52 125
52 136
52 149
52 154
52 156
52 157
52 158
52 162
52 163
52 168
52 172
52 173
52 178
52 180
52 182
52 185
52 188
52 191
52 193
52 195
52 196
52 199
53 55
53 62
53 64
53 65
53 69
53 70
53 75
53 78
53 90
53 95
53 99
53 105
53 107
53 112
53 113
53 114
53 115
53 119
53 121
53 122
53 130
53 138
53 139
53 140
53 147
53 148
53 149
53 151
53 152
53 157
53 161
53 165
53 168
53 171
53 174
53 177
53 178
53 183
53 190
53 191
53 193
53 197
53 198
54 59
54 60
54 63
54 65
54 66
54 67
54 68
54 72
54 75
54 80
54 82
54 85
54 88
54 89
54 94
54 97
54 104
54 106
54 107
54 108
54 111
54 112
54 115
54 116
54 123
54 125
54 126
54 129
54 136
54 138
54 141
54 143
54 144
54 148
54 149
54 150
54 154
54 159
54 167
54 169
54 171
54 172
54 174
54 186
54 187
54 188
54 189
54 192
54 193
55 61
55 63
55 64
55 74
55 80
55 83
55 84
55 87
55 89
55 94
55 98
55 99
55 101
55 102
55 110
55 115
55 116
55 117
55 119
55 121
55 122
55 123
55 124
55 131
55 139
55 142
55 143
55 145
55 148
55 149
55 150
55 156
55 160
55 166
55 179
55 180
55 182
55 184
55 185
55 189
55 190
55 192
55 195
55 197
55 199
56 57
56 59
56 65
56 72
56 73
56 76
56 79
56 80
56 82
56 85
56 86
56 88
56 90
56 91
56 94
56 102
56 103
56 105
56 107
56 108
56 109
56 112
56 115
56 119
56 122
56 123
56 126
56 128
56 130
56 131
56 132
56 133
56 134
56 138
56 139
56 140
56 142
56 145
56 151
56 159
56 164
56 165
56 167
56 170
56 173
56 175
56 176
56 177
56 182
56 186
56 187
56 192
57 68
57 75
57 76
57 78
57 79
57 82
57 83
57 97
57 106
57 109
57 111
57 121
57 122
57 124
57 128
57 129
57 130
57 131
57 135
57 136
57 137
57 142
57 146
57 147
57 149
57 152
57 155
57 160
57 161
57 163
57 164
57 165
57 166
57 167
57 171
57 173
57 180
57 185
57 188
57 190
57 192
57 195
57 197
58 59
58 66
58 68
58 71
58 73
58 76
58 79
58 81
58 84
58 87
58 90
58 95
58 98
58 106
58 107
58 111
58 112
58 113
58 122
58 126
58 134
58 137
58 138
58 139
58 140
58 144
58 158
58 160
58 162
58 165
58 173
58 174
58 175
58 182
58 183
58 186
58 187
58 190
58 192
58 193
58 195
59 66
59 67
59 70
59 79
59 85
59 88
59 93
59 99
59 100
59 101
59 103
59 104
59 106
59 107
59 108
59 110
59 111
59 112
59 113
59 132
59 134
59 138
59 142
59 144
59 151
59 152
59 158
59 162
59 163
59 164
59 174
59 177
59 178
59 179
59 180
59 185
59 186
59 193
60 64
60 66
60 67
60 74
60 75
60 77
60 80
60 81
60 82
60 87
60 93
60 94
60 97
60 98
60 102
60 107
60 109
60 115
60 116
60 123
60 133
60 135
60 137
60 143
60 150
60 155
60 156
60 162
60 163
60 172
60 173
60 174
60 176
60 177
60 181
60 182
60 183
60 184
60 186
60 192
60 196
61 62
61 64
61 73
61 74
61 77
61 79
61 83
61 87
61 89
61 100
61 106
61 110
61 116
61 118
61 120
61 122
61 123
61 124
61 126
61 133
61 142
61 152
61 157
61 158
61 161
61 163
61 166
61 170
61 173
61 176
61 181
61 184
61 188
62 66
62 68
62 72
62 73
62 82
62 83
62 85
62 88
62 91
62 92
62 93
62 94
62 102
62 103
62 104
62 107
62 109
62 111
62 113
62 122
62 125
62 128
62 130
62 132
62 134
62 136
62 137
62 140
62 142
62 148
62 152
62 154
62 155
62 168
62 170
62 172
62 175
62 178
62 180
62 182
62 183
62 184
62 186
62 195
62 196
62 197
63 67
63 71
63 74
63 75
63 79
63 80
63 85
63 88
63 89
63 94
63 96
63 97
63 102
63 109
63 110
63 114
63 115
63 116
63 122
63 128
63 129
63 132
63 137
63 139
63 142
63 148
63 152
63 155
63 159
63 160
63 162
63 164
63 165
63 173
63 175
63 186
63 187
63 189
63 191
63 196
63 198
63 199
64 70
64 74
64 77
64 79
64 82
64 85
64 86
64 95
64 98
64 99
64 107
64 110
64 116
64 117
64 121
64 122
64 126
64 128
64 129
64 131
64 132
64 134
64 135
64 136
64 139
64 149
64 152
64 154
64 159
64 161
64 162
64 164
64 166
64 168
64 170
64 172
64 173
64 179
64 183
64 184
64 185
64 188
64 189
64 190
65 68
65 69
65 73
65 86
65 89
65 90
65 91
65 94
65 98
65 99
65 101
65 106
65 110
65 113
65 114
65 115
65 118
65 122
65 124
65 125
65 128
65 129
65 135
65 140
65 141
65 142
65 145
65 146
65 151
65 152
65 156
65 158
65 163
65 165
65 173
65 174
65 175
65 178
65 179
65 182
65 190
65 191
65 197
66 69
66 72
66 74
66 82
66 83
66 87
66 91
66 92
66 95
66 97
66 103
66 104
66 105
66 107
66 110
66 111
66 113
66 114
66 120
66 125
66 130
66 133
66 134
66 135
66 144
66 146
66 148
66 150
66 155
66 156
66 157
66 165
66 168
66 169
66 172
66 176
66 178
66 183
66 184
66 185
66 186
66 189
66 192
66 193
66 194
66 195
66 196
67 73
67 74
67 76
67 78
67 79
67 87
67 90
67 93
67 104
67 106
67 111
67 112
67 114
67 115
67 123
67 133
67 135
67 136
67 137
67 139
67 147
67 154
67 156
67 157
67 162
67 164
67 169
67 170
67 171
67 179
67 180
67 181
67 188
67 189
67 190
67 191
68 70
68 75
68 76
68 79
68 83
68 87
68 89
68 95
68 103
68 104
68 108
68 110
68 111
68 112
68 115
68 116
68 127
68 129
68 134
68 140
68 144
68 151
68 155
68 163
68 164
68 165
68 166
68 169
68 170
68 172
68 176
68 177
68 179
68 189
68 193
69 76
69 77
69 81
69 83
69 85
69 86
69 87
69 89
69 96
69 97
69 98
69 99
69 103
69 105
69 108
69 109
69 110
69 116
69 117
69 118
69 122
69 124
69 126
69 128
69 132
69 134
69 135
69 138
69 140
69 141
69 142
69 146
69 151
69 152
69 158
69 162
69 164
69 170
69 171
69 172
69 174
69 178
69 179
69 183
69 184
69 188
69 189
69 191
69 198
70 71
70 72
70 79
70 81
70 83
70 84
70 85
70 88
70 92
70 93
70 101
70 103
70 104
70 107
70 112
70 115
70 126
70 128
70 132
70 136
70 138
70 151
70 153
70 154
70 155
70 160
70 164
70 166
70 169
70 171
70 173
70 176
70 177
70 184
70 186
70 187
70 193
70 194
70 195
70 198
70 199
71 77
71 80
71 81
71 82
71 83
71 84
71 89
71 99
71 100
71 104
71 108
71 119
71 122
71 123
71 124
71 125
71 128
71 135
71 148
71 152
71 157
71 161
71 162
71 165
71 166
71 167
71 168
71 172
71 175
71 177
71 178
71 180
71 185
71 187
71 190
71 193
71 198
72 73
72 74
72 77
72 78
72 81
72 83
72 84
72 85
72 86
72 89
72 91
72 92
72 95
72 96
72 100
72 104
72 105
72 106
72 110
72 111
72 113
72 114
72 115
72 117
72 119
72 120
72 122
72 125
72 127
72 129
72 133
72 135
72 142
72 145
72 153
72 155
72 158
72 161
72 163
72 165
72 166
72 167
72 168
72 169
72 170
72 175
72 180
72 181
72 183
72 186
72 187
72 190
72 193
72 196
72 197
73 74
73 82
73 85
73 97
73 99
73 101
73 103
73 106
73 125
73 129
73 131
73 133
73 142
73 145
73 150
73 151
73 152
73 156
73 162
73 164
73 173
73 181
73 185
73 186
73 193
73 196
73 197
73 199
74 75
74 76
74 79
74 86
74 87
74 88
74 91
74 95
74 101
74 105
74 106
74 112
74 113
74 115
74 116
74 118
74 121
74 123
74 125
74 127
74 131
74 135
74 137
74 140
74 141
74 143
74 147
74 149
74 150
74 154
74 158
74 160
74 161
74 162
74 167
74 173
74 175
74 176
74 177
74 181
74 182
74 188
74 193
74 195
74 196
74 199
75 79
75 90
75 91
75 92
75 98
75 101
75 103
75 113
75 114
75 115
75 119
75 120
75 123
75 127
75 133
75 139
75 145
75 146
75 147
75 150
75 164
75 165
75 182
75 183
75 184
75 193
76 83
76 91
76 92
76 94
76 95
76 98
76 100
76 102
76 113
76 118
76 122
76 124
76 125
76 129
76 130
76 132
76 135
76 141
76 144
76 146
76 148
76 149
76 162
76 167
76 168
76 170
76 173
76 174
76 177
76 182
76 184
76 186
76 187
76 188
76 191
76 192
76 193
76 194
76 196
77 82
77 85
77 91
77 98
77 99
77 100
77 105
77 110
77 112
77 116
77 122
77 124
77 128
77 130
77 132
77 135
77 141
77 143
77 147
77 155
77 158
77 160
77 161
77 172
77 174
77 177
77 180
77 181
77 182
77 183
77 186
77 188
77 192
77 193
77 198
78 79
78 83
78 87
78 97
78 98
78 99
78 100
78 102
78 103
78 104
78 110
78 117
78 122
78 126
78 127
78 128
78 131
78 133
78 134
78 135
78 171
78 181
78 183
78 184
78 185
78 190
78 193
79 81
79 83
79 85
79 86
79 88
79 92
79 93
79 94
79 95
79 102
79 106
79 111
79 114
79 118
79 122
79 124
79 127
79 130
79 131
79 132
79 133
79 136
79 144
79 147
79 153
79 157
79 158
79 159
79 161
79 164
79 167
79 169
79 171
79 173
79 176
79 183
79 191
79 192
80 85
80 89
80 91
80 97
80 99
80 100
80 102
80 103
80 105
80 106
80 109
80 117
80 121
80 126
80 129
80 137
80 141
80 143
80 145
80 148
80 151
80 158
80 159
80 160
80 162
80 163
80 164
80 165
80 170
80 172
80 176
80 178
80 179
80 183
80 186
80 187
80 194
80 199
81 86
81 87
81 91
81 93
81 99
81 101
81 102
81 105
81 106
81 107
81 109
81 112
81 117
81 121
81 123
81 125
81 137
81 138
81 139
81 141
81 143
81 149
81 150
81 152
81 155
81 165
81 166
81 172
81 173
81 174
81 177
81 182
81 183
81 191
81 192
82 90
82 94
82 96
82 97
82 101
82 116
82 119
82 124
82 126
82 127
82 129
82 130
82 131
82 133
82 136
82 138
82 140
82 151
82 153
82 159
82 161
82 162
82 163
82 164
82 166
82 168
82 169
82 170
82 172
82 174
82 175
82 179
82 191
82 192
82 194
82 198
83 84
83 96
83 99
83 105
83 107
83 110
83 111
83 113
83 115
83 117
83 119
83 121
83 136
83 138
83 140
83 142
83 148
83 150
83 151
83 152
83 154
83 158
83 163
83 164
83 165
83 166
83 167
83 169
83 170
83 179
83 180
83 190
83 196
84 86
84 87
84 89
84 101
84 106
84 109
84 113
84 115
84 117
84 120
84 121
84 122
84 123
84 125
84 134
84 139
84 143
84 144
84 145
84 153
84 157
84 164
84 166
84 167
84 170
84 172
84 174
84 179
84 181
84 185
84 187
84 188
84 196
85 86
85 88
85 93
85 102
85 107
85 108
85 119
85 122
85 125
85 130
85 132
85 138
85 142
85 145
85 147
85 149
85 152
85 153
85 160
85 163
85 164
85 165
85 166
85 171
85 178
85 179
85 180
85 181
85 182
85 183
85 197
85 199
86 88
86 90
86 96
86 97
86 98
86 100
86 101
86 104
86 109
86 112
86 119
86 120
86 121
86 124
86 126
86 128
86 135
86 140
86 145
86 159
86 162
86 164
86 166
86 167
86 168
86 171
86 172
86 174
86 175
86 178
86 183
86 185
86 186
86 189
86 194
86 197
86 198
87 92
87 96
87 97
87 99
87 104
87 106
87 111
87 112
87 114
87 119
87 120
87 121
87 124
87 126
87 130
87 135
87 137
87 140
87 144
87 145
87 148
87 149
87 152
87 158
87 161
87 166
87 168
87 172
87 173
87 174
87 176
87 177
87 183
87 189
87 190
88 95
88 102
88 104
88 105
88 110
88 112
88 114
88 118
88 122
88 123
88 125
88 127
88 132
88 133
88 146
88 147
88 153
88 155
88 158
88 159
88 163
88 164
88 171
88 176
88 188
88 189
88 190
88 192
88 196
88 198
89 90
89 91
89 92
89 93
89 101
89 114
89 115
89 117
89 118
89 119
89 123
89 127
89 130
89 136
89 142
89 143
89 144
89 148
89 152
89 158
89 159
89 160
89 162
89 165
89 167
89 170
89 171
89 174
89 179
89 181
89 183
89 184
89 193
89 195
90 97
90 103
90 111
90 114
90 116
90 118
90 119
90 121
90 123
90 127
90 135
90 136
90 143
90 145
90 146
90 147
90 151
90 154
90 155
90 157
90 158
90 161
90 164
90 167
90 168
90 171
90 174
90 180
90 182
90 185
90 191
90 194
90 195
90 196
90 198
91 93
91 97
91 106
91 107
91 109
91 112
91 113
91 120
91 121
91 122
91 128
91 130
91 132
91 134
91 136
91 140
91 144
91 149
91 151
91 152
91 154
91 155
91 157
91 161
91 165
91 173
91 174
91 176
91 182
91 184
91 185
91 186
91 189
91 195
92 102
92 103
92 107
92 108
92 109
92 111
92 113
92 114
92 115
92 121
92 122
92 125
92 129
92 139
92 141
92 142
92 148
92 152
92 154
92 155
92 157
92 158
92 162
92 165
92 172
92 176
92 177
92 179
92 180
92 182
92 185
92 188
92 190
92 192
92 193
92 198
92 199
93 96
93 101
93 102
93 103
93 104
93 108
93 113
93 115
93 116
93 118
93 119
93 122
93 127
93 130
93 134
93 139
93 141
93 142
93 144
93 146
93 147
93 150
93 152
93 153
93 154
93 155
93 156
93 161
93 165
93 170
93 174
93 176
93 179
93 181
93 182
93 183
93 184
93 187
93 189
93 190
93 191
93 193
93 195
93 196
93 199
94 98
94 99
94 104
94 111
94 114
94 123
94 125
94 129
94 132
94 134
94 135
94 140
94 141
94 146
94 147
94 151
94 156
94 162
94 170
94 171
94 172
94 173
94 175
94 177
94 187
94 188
94 190
94 191
94 193
94 199
95 97
95 99
95 100
95 102
95 103
95 111
95 116
95 119
95 126
95 130
95 132
95 133
95 134
95 139
95 146
95 150
95 151
95 153
95 154
95 156
95 166
95 175
95 176
95 178
95 182
95 183
95 191
95 195
95 198
96 97
96 105
96 106
96 109
96 110
96 116
96 118
96 120
96 135
96 138
96 145
96 158
96 161
96 162
96 163
96 164
96 165
96 170
96 172
96 173
96 177
96 185
96 189
96 194
96 198
96 199
97 105
97 106
97 108
97 111
97 115
97 116
97 117
97 125
97 127
97 129
97 135
97 136
97 149
97 154
97 156
97 159
97 162
97 175
97 176
97 180
97 185
97 187
97 188
97 194
97 195
97 196
97 199
98 100
98 103
98 104
98 107
98 113
98 114
98 115
98 118
98 120
98 123
98 126
98 131
98 132
98 134
98 139
98 151
98 155
98 158
98 160
98 171
98 181
98 189
98 191
98 192
99 100
99 103
99 104
99 112
99 115
99 116
99 119
99 124
99 128
99 129
99 132
99 134
99 135
99 139
99 143
99 149
99 152
99 153
99 155
99 159
99 160
99 172
99 176
99 182
99 184
99 188
99 189
99 192
99 194
99 197
100 103
100 104
100 112
100 113
100 118
100 119
100 129
100 137
100 138
100 143
100 149
100 152
100 157
100 167
100 168
100 177
100 179
100 182
100 183
100 186
100 189
100 190
100 191
101 104
101 105
101 109
101 110
101 111
101 114
101 115
101 121
101 129
101 133
101 136
101 142
101 149
101 150
101 152
101 158
101 159
101 162
101 167
101 168
101 170
101 172
101 174
101 175
101 176
101 181
101 184
101 191
101 193
101 196
102 105
102 108
102 122
102 125
102 129
102 135
102 139
102 140
102 143
102 149
102 150
102 154
102 156
102 158
102 162
102 167
102 169
102 171
102 172
102 173
102 179
102 185
102 186
102 188
102 191
102 195
102 197
102 198
102 199
103 104
103 105
103 106
103 109
103 111
103 122
103 123
103 126
103 132
103 135
103 142
103 143
103 146
103 154
103 158
103 159
103 164
103 169
103 177
103 190
103 191
103 192
103 195
103 196
103 199
104 109
104 112
104 122
104 123
104 125
104 129
104 131
104 132
104 136
104 138
104 139
104 143
104 144
104 150
104 156
104 157
104 177
104 179
104 181
104 182
104 183
104 187
104 190
104 191
104 197
105 109
105 110
105 118
105 119
105 123
105 124
105 125
105 126
105 129
105 130
105 132
105 135
105 141
105 142
105 146
105 147
105 153
105 155
105 158
105 160
105 162
105 166
105 170
105 171
105 177
105 194
105 195
105 196
106 111
106 113
106 117
106 119
106 126
106 131
106 136
106 137
106 138
106 144
106 148
106 156
106 157
106 158
106 163
106 164
106 166
106 167
106 170
106 173
106 176
106 180
106 183
106 186
106 189
106 191
106 194
107 115
107 116
107 119
107 120
107 121
107 124
107 126
107 128
107 130
107 139
107 141
107 144
107 149
107 150
107 154
107 157
107 160
107 161
107 162
107 164
107 167
107 171
107 174
107 176
107 180
107 185
107 190
107 196
107 197
107 199
108 110
108 112
108 117
108 120
108 123
108 124
108 128
108 145
108 146
108 147
108 151
108 152
108 153
108 156
108 158
108 160
108 164
108 169
108 170
108 172
108 176
108 180
108 182
108 183
108 187
108 189
108 193
109 117
109 118
109 119
109 123
109 125
109 132
109 134
109 136
109 140
109 141
109 142
109 144
109 148
109 156
109 158
109 161
109 164
109 165
109 167
109 174
109 175
109 179
109 185
109 186
109 190
109 193
109 194
109 199
110 111
110 113
110 120
110 121
110 122
110 124
110 134
110 139
110 141
110 147
110 152
110 154
110 158
110 160
110 161
110 162
110 164
110 166
110 169
110 177
110 180
110 183
110 188
110 190
110 193
111 112
111 113
111 116
111 130
111 131
111 132
111 136
111 137
111 141
111 145
111 149
111 152
111 155
111 161
111 178
111 182
111 184
111 189
111 193
111 198
112 114
112 125
112 129
112 131
112 132
112 138
112 142
112 144
112 148
112 160
112 164
112 167
112 169
112 171
112 174
112 177
112 185
112 186
112 188
112 189
112 190
112 195
112 199
113 115
113 128
113 129
113 130
113 135
113 138
113 140
113 144
113 146
113 150
113 151
113 154
113 159
113 162
113 163
113 166
113 182
113 186
113 190
113 192
113 194
113 197
114 115
114 117
114 118
114 123
114 127
114 131
114 140
114 147
114 150
114 151
114 152
114 154
114 158
114 159
114 161
114 163
114 172
114 175
114 177
114 178
114 184
114 185
114 192
114 193
114 194
114 199
115 117
115 118
115 119
115 120
115 128
115 134
115 137
115 139
115 141
115 142
115 143
115 144
115 145
115 148
115 149
115 153
115 160
115 171
115 172
115 175
115 176
115 177
115 182
115 185
115 187
115 190
115 192
115 194
115 195
115 198
115 199
116 118
116 120
116 121
116 122
116 124
116 125
116 127
116 128
116 135
116 136
116 141
116 142
116 143
116 144
116 146
116 161
116 172
116 173
116 178
116 193
117 129
117 131
117 133
117 134
117 135
117 137
117 141
117 142
117 143
117 148
117 150
117 155
117 157
117 158
117 163
117 168
117 175
117 176
117 178
117 186
117 193
117 194
118 119
118 120
118 124
118 125
118 131
118 132
118 141
118 144
118 147
118 151
118 154
118 162
118 164
118 165
118 166
118 167
118 170
118 179
118 185
118 189
118 193
118 197
119 120
119 123
119 129
119 136
119 142
119 146
119 147
119 149
119 151
119 152
119 153
119 154
119 156
119 159
119 161
119 162
119 165
119 168
119 170
119 173
119 177
119 193
119 199
120 123
120 128
120 131
120 137
120 143
120 144
120 145
120 149
120 150
120 155
120 156
120 158
120 163
120 165
120 168
120 170
120 171
120 172
120 177
120 181
120 186
120 188
120 190
120 194
120 196
120 197
121 122
121 123
121 134
121 136
121 138
121 140
121 143
121 149
121 151
121 155
121 160
121 161
121 169
121 174
121 175
121 180
121 187
121 190
121 195
122 129
122 132
122 136
122 140
122 143
122 145
122 153
122 154
122 156
122 159
122 160
122 161
122 173
122 174
122 180
122 185
122 188
122 195
123 125
123 128
123 130
123 135
123 136
123 143
123 147
123 156
123 168
123 170
123 173
123 185
123 189
123 193
123 194
123 195
124 126
124 129
124 130
124 134
124 136
124 137
124 138
124 141
124 142
124 144
124 150
124 152
124 153
124 160
124 169
124 170
124 174
124 185
124 186
124 187
124 192
124 194
124 196
125 126
125 134
125 136
125 137
125 140
125 142
125 149
125 151
125 154
125 156
125 157
125 158
125 159
125 163
125 166
125 173
125 179
125 180
125 183
125 184
125 187
125 189
125 191
125 194
125 196
125 198
126 130
126 153
126 154
126 155
126 156
126 159
126 161
126 162
126 163
126 167
126 169
126 170
126 171
126 173
126 177
126 183
126 185
126 187
126 189
126 190
126 191
126 198
127 128
127 130
127 132
127 134
127 138
127 143
127 150
127 154
127 158
127 162
127 173
127 182
127 183
127 186
127 188
127 190
127 193
127 194
127 197
127 199
128 129
128 132
128 133
128 135
128 136
128 137
128 149
128 159
128 160
128 161
128 162
128 163
128 166
128 178
128 183
128 185
129 132
129 134
129 137
129 145
129 150
129 152
129 155
129 165
129 174
129 175
129 176
129 183
129 186
129 193
129 197
129 198
130 135
130 136
130 140
130 141
130 143
130 145
130 146
130 148
130 151
130 152
130 164
130 165
130 166
130 184
130 188
130 190
130 196
131 136
131 138
131 139
131 140
131 141
131 142
131 143
131 144
131 146
131 148
131 153
131 155
131 157
131 158
131 159
131 162
131 163
131 166
131 168
131 171
131 174
131 175
131 176
131 180
131 181
131 187
131 191
131 192
131 193
132 136
132 138
132 143
132 145
132 149
132 150
132 153
132 159
132 160
132 168
132 171
132 175
132 178
132 181
132 184
132 186
132 188
132 195
132 199
133 139
133 140
133 142
133 144
133 156
133 166
133 171
133 175
133 176
133 178
133 179
133 183
133 195
133 198
134 135
134 136
134 141
134 143
134 144
134 147
134 151
134 155
134 157
134 159
134 161
134 162
134 163
134 165
134 172
134 174
134 175
134 178
134 179
134 190
134 192
134 193
134 197
135 142
135 143
135 147
135 150
135 151
135 155
135 162
135 165
135 167
135 181
135 183
135 190
135 196
135 199
136 139
136 143
136 146
136 155
136 156
136 159
136 161
136 163
136 166
136 168
136 172
136 175
136 177
136 182
136 186
136 190
136 196
137 138
137 139
137 140
137 142
137 146
137 147
137 156
137 158
137 166
137 173
137 181
137 192
137 196
137 197
137 199
138 140
138 142
138 147
138 150
138 155
138 158
138 159
138 160
138 161
138 167
138 168
138 171
138 172
138 174
138 181
138 182
138 184
138 185
138 187
138 189
138 190
138 192
138 195
138 198
138 199
139 141
139 142
139 143
139 144
139 153
139 156
139 162
139 163
139 166
139 167
139 169
139 177
139 178
139 180
139 183
139 187
139 194
139 196
139 197
139 199
140 144
140 146
140 155
140 159
140 160
140 161
140 162
140 163
140 168
140 169
140 170
140 174
140 177
140 182
140 184
140 187
140 188
140 194
140 195
140 199
141 148
141 149
141 158
141 162
141 165
141 167
141 168
141 169
141 171
141 180
141 181
141 183
141 186
141 190
141 191
141 196
141 197
141 199
142 146
142 150
142 153
142 154
142 156
142 158
142 159
142 161
142 165
142 171
142 173
142 183
142 184
142 191
142 196
143 148
143 153
143 154
143 155
143 157
143 158
143 161
143 162
143 168
143 170
143 175
143 179
143 180
143 182
143 183
143 185
143 191
143 193
143 197
143 198
143 199
144 145
144 147
144 149
144 152
144 161
144 162
144 169
144 170
144 173
144 174
144 175
144 176
144 181
144 184
144 185
144 186
144 189
144 191
144 195
144 198
144 199
145 149
145 153
145 155
145 156
145 159
145 161
145 162
145 168
145 170
145 171
145 172
145 173
145 174
145 175
145 176
145 181
145 182
145 186
145 188
145 192
145 193
145 194
145 195
146 148
146 159
146 162
146 164
146 166
146 170
146 175
146 178
146 181
146 186
146 188
146 189
146 191
146 193
146 194
146 196
146 198
147 149
147 151
147 153
147 155
147 158
147 162
147 164
147 166
147 169
147 170
147 171
147 172
147 173
147 177
147 185
147 189
147 190
147 191
147 196
147 197
147 198
148 149
148 152
148 154
148 158
148 161
148 164
148 166
148 176
148 181
148 187
148 188
148 189
148 192
148 195
149 150
149 152
149 154
149 156
149 157
149 159
149 161
149 163
149 167
149 168
149 170
149 173
149 175
149 178
149 181
149 183
149 187
149 188
149 189
149 192
149 193
149 195
149 196
149 199
150 153
150 156
150 162
150 163
150 165
150 166
150 168
150 171
150 173
150 185
150 186
150 187
150 189
150 192
150 193
151 155
151 156
151 158
151 159
151 165
151 167
151 170
151 175
151 176
151 178
151 180
151 195
151 196
152 153
152 154
152 159
152 165
152 167
152 168
152 173
152 177
152 179
152 180
152 181
152 183
152 185
152 186
152 187
152 189
152 192
152 194
152 198
153 154
153 155
153 157
153 160
153 169
153 170
153 176
153 177
153 178
153 180
153 182
153 183
153 186
153 187
153 196
153 198
153 199
154 157
154 164
154 165
154 166
154 167
154 169
154 173
154 175
154 178
154 181
154 190
154 193
154 197
154 199
155 160
155 163
155 164
155 169
155 173
155 182
155 183
155 184
155 187
155 189
155 192
155 198
155 199
156 159
156 162
156 165
156 166
156 168
156 176
156 178
156 179
156 184
156 186
156 187
156 193
156 195
157 160
157 161
157 169
157 177
157 178
157 180
157 189
157 190
157 191
157 196
158 159
158 161
158 163
158 164
158 167
158 168
158 169
158 171
158 174
158 176
158 178
158 181
158 183
158 188
158 190
158 195
158 196
158 197
158 198
159 163
159 164
159 165
159 169
159 170
159 174
159 182
159 183
159 185
159 186
159 197
159 199
160 166
160 177
160 181
160 185
160 188
160 193
160 194
160 198
161 164
161 168
161 170
161 173
161 175
161 178
161 181
161 183
161 187
161 188
161 189
161 191
161 194
162 169
162 174
162 177
162 178
162 179
162 183
162 185
162 192
162 197
163 167
163 171
163 174
163 177
163 193
163 195
163 196
163 199
164 166
164 173
164 179
164 181
164 182
164 186
164 192
164 195
164 197
165 167
165 168
165 171
165 175
165 179
165 181
165 183
165 184
165 193
165 196
165 199
166 173
166 183
166 184
166 186
166 189
166 191
166 192
166 193
166 194
166 195
166 198
167 176
167 179
167 182
167 183
167 185
167 188
167 192
167 195
167 197
167 199
168 170
168 175
168 176
168 183
168 184
168 186
168 190
168 192
168 195
168 196
169 176
169 177
169 178
169 179
169 180
169 192
170 174
170 177
170 179
170 180
170 182
170 186
170 187
170 188
170 196
170 199
171 172
171 174
171 175
171 177
171 178
171 179
171 181
171 182
171 185
171 187
171 188
171 191
171 195
171 196
171 197
171 199
172 176
172 177
172 182
172 184
172 185
172 187
172 189
172 193
172 194
172 197
173 174
173 176
173 177
173 178
173 179
173 184
173 187
173 188
173 189
173 196
173 197
174 178
174 183
174 185
174 189
174 190
174 191
174 193
175 182
175 187
175 195
175 198
176 177
176 182
176 185
176 189
176 192
177 178
177 179
177 180
177 187
177 188
177 192
177 195
177 198
178 185
178 192
178 196
178 197
178 199
179 180
179 181
179 184
179 188
179 189
179 193
179 196
180 183
180 189
180 190
180 193
181 182
181 185
181 188
181 189
181 192
181 195
181 197
182 186
182 189
182 191
182 197
183 184
183 187
183 190
183 191
183 192
183 197
184 186
184 187
184 191
185 187
185 188
185 196
186 188
186 198
186 199
187 189
187 198
188 192
188 197
188 199
189 191
189 199
191 192
191 194
192 199
195 196
195 197
196 198
197 198
198 199
66 46 39 19 173 9 0 106 118 75 99 188 58 137 139 186 81 93 156 1
141 160 197 5 183 149 116 101 146 4 97 194 22 151 69 89 60 176 11 82
73 50 115 29 136 61 41 105 56 125 143 190 113 78 193 122 133 17 12 191
164 127 196 63 107 53 167 128 117 52 195 154 8 38 49 21 131 198 26 65
27 37 84 15 178 170 32 76 119 23 121 30 18 45 180 25 161 80 64 83
157 123 85 79 2 6 67 145 130 54 126 91 95 163 33 159 129 111 87 48
187 77 43 92 96 102 114 59 55 165 144 177 100 147 134 31 155 34 47 166
62 98 120 158 132 152 148 153 74 124 103 138 14 104 140 42 168 71 142 172
181 72 108 174 86 179 135 16 20 24 185 90 182 112 199 57 175 35 88 13
169 94 189 150 110 3 40 68 184 51 171 7 70 44 36 192 109 162 28 10
