200
2026
4
85
50
23
93
0 14
0 21
0 23
0 30
0 31
0 38
0 41
0 45
0 47
0 63
0 84
0 85
0 108
0 124
0 125
0 138
0 156
0 160
0 170
0 188
0 190
0 191
1 18
1 28
1 52
1 56
1 57
1 63
1 76
1 91
1 100
1 111
1 113
1 117
1 122
1 123
1 125
1 133
1 140
1 144
1 168
1 172
1 177
1 194
2 3
2 4
2 7
2 10
2 26
2 55
2 77
2 90
2 98
2 104
2 105
2 110
2 120
2 126
2 150
2 155
2 175
2 183
2 193
2 195
3 23
3 25
3 26
3 60
3 72
3 80
3 88
3 98
3 103
3 106
3 108
3 114
3 117
3 122
3 123
3 136
3 138
3 147
3 151
3 155
3 156
3 162
3 165
3 169
3 177
3 185
3 190
3 193
4 10
4 15
4 30
4 33
4 34
4 47
4 76
4 89
4 101
4 103
4 106
4 116
4 126
4 149
4 154
4 156
4 173
4 178
4 191
4 195
4 199
5 13
5 38
5 75
5 84
5 93
5 118
5 126
5 138
5 143
5 150
5 196
6 8
6 14
6 17
6 20
6 32
6 39
6 40
6 43
6 45
6 48
6 60
6 88
6 108
6 110
6 119
6 121
6 122
6 126
6 139
6 186
7 13
7 40
7 53
7 63
7 66
7 71
7 86
7 87
7 103
7 109
7 121
7 129
7 140
7 151
7 163
7 190
8 22
8 27
8 30
8 34
8 46
8 55
8 68
8 92
8 95
8 101
8 110
8 131
8 132
8 148
8 160
8 178
9 18
9 21
9 26
9 30
9 31
9 40
9 47
9 61
9 72
9 77
9 109
9 119
9 127
9 131
9 135
9 149
9 154
9 179
10 22
10 29
10 34
10 46
10 59
10 73
10 76
10 100
10 105
10 106
10 111
10 113
10 119
10 135
10 149
10 176
10 178
10 179
10 186
11 18
11 40
11 55
11 56
11 57
11 60
11 63
11 74
11 79
11 83
11 85
11 90
11 92
11 97
11 100
11 103
11 104
11 106
11 112
11 118
11 128
11 135
11 145
11 159
11 160
11 163
11 165
11 171
11 178
11 180
11 185
11 186
11 194
11 199
12 30
12 69
12 72
12 74
12 83
12 85
12 100
12 118
12 130
12 133
12 137
12 140
12 147
12 155
12 164
12 166
12 175
12 177
12 185
12 193
13 20
13 31
13 47
13 49
13 64
13 69
13 77
13 80
13 85
13 96
13 103
13 107
13 111
13 113
13 130
13 140
13 142
13 144
13 146
13 147
13 169
13 174
13 195
14 23
14 41
14 56
14 120
14 128
14 143
14 156
14 157
14 162
14 170
14 179
14 195
14 197
15 20
15 28
15 34
15 37
15 48
15 51
15 60
15 63
15 74
15 96
15 137
15 156
15 163
15 170
15 173
15 196
16 28
16 32
16 35
16 72
16 83
16 85
16 89
16 96
16 99
16 100
16 109
16 116
16 124
16 148
16 166
16 170
16 193
16 194
17 30
17 33
17 37
17 43
17 48
17 63
17 69
17 82
17 89
17 104
17 105
17 107
17 109
17 118
17 127
17 137
17 161
17 185
18 22
18 35
18 61
18 78
18 83
18 87
18 100
18 122
18 126
18 130
18 137
18 149
18 150
18 151
18 156
18 162
18 181
19 29
19 39
19 43
19 62
19 80
19 82
19 85
19 106
19 112
19 123
19 124
19 135
19 143
19 155
19 159
19 160
19 179
19 195
20 37
20 83
20 107
20 110
20 127
20 160
20 171
20 184
20 185
20 199
21 23
21 26
21 27
21 33
21 40
21 42
21 84
21 88
21 118
21 135
21 136
21 141
21 153
21 163
21 169
21 181
21 189
22 28
22 39
22 50
22 56
22 61
22 73
22 76
22 87
22 90
22 91
22 107
22 120
22 138
22 165
22 193
23 43
23 55
23 71
23 78
23 80
23 92
23 93
23 105
23 119
23 123
23 168
23 193
23 198
24 28
24 29
24 37
24 66
24 76
24 87
24 160
24 173
24 195
25 39
25 42
25 52
25 53
25 57
25 72
25 75
25 99
25 101
25 115
25 133
25 138
25 169
25 170
25 182
25 184
25 185
26 37
26 43
26 47
26 73
26 84
26 95
26 115
26 136
26 150
26 162
26 176
26 180
26 188
26 190
26 197
27 28
27 63
27 65
27 69
27 79
27 98
27 107
27 117
27 121
27 129
27 135
27 158
27 165
27 166
27 167
27 174
28 29
28 32
28 33
28 44
28 47
28 59
28 61
28 65
28 74
28 76
28 83
28 84
28 88
28 113
28 120
28 128
28 129
28 162
28 166
28 167
28 171
28 195
28 198
29 35
29 47
29 57
29 71
29 88
29 91
29 105
29 108
29 132
29 139
29 162
29 190
30 34
30 49
30 50
30 60
30 68
30 70
30 85
30 97
30 102
30 106
30 129
30 130
30 135
30 144
30 145
30 149
30 155
30 161
30 163
30 166
30 167
30 181
30 190
30 193
30 194
31 33
31 41
31 43
31 46
31 52
31 59
31 60
31 68
31 85
31 87
31 96
31 99
31 106
31 112
31 124
31 128
31 129
31 135
31 142
31 148
31 162
31 195
32 38
32 39
32 44
32 75
32 77
32 78
32 81
32 88
32 94
32 107
32 113
32 115
32 129
32 134
32 143
32 156
32 157
32 162
32 163
32 165
32 169
32 171
32 184
32 186
32 189
32 192
32 194
32 198
33 49
33 61
33 65
33 68
33 97
33 98
33 100
33 103
33 111
33 118
33 121
33 122
33 126
33 135
33 145
33 154
33 159
33 161
33 170
33 189
33 195
33 198
34 62
34 63
34 64
34 68
34 72
34 73
34 92
34 113
34 116
34 120
34 129
34 140
34 149
34 164
34 186
34 188
35 40
35 43
35 44
35 46
35 54
35 69
35 79
35 85
35 93
35 147
35 151
35 153
35 175
36 40
36 41
36 58
36 63
36 67
36 74
36 90
36 97
36 148
36 156
36 157
36 162
36 163
36 174
36 178
36 189
36 193
37 38
37 40
37 62
37 63
37 64
37 78
37 81
37 88
37 91
37 95
37 102
37 114
37 115
37 118
37 126
37 129
37 155
37 163
37 174
37 178
37 186
37 194
38 44
38 56
38 70
38 80
38 88
38 95
38 105
38 113
38 127
38 136
38 150
38 157
38 179
38 182
38 193
39 42
39 49
39 55
39 60
39 67
39 74
39 81
39 107
39 108
39 112
39 121
39 125
39 163
39 168
39 169
39 170
39 175
40 44
40 52
40 55
40 60
40 74
40 75
40 77
40 78
40 82
40 117
40 147
40 153
40 155
40 157
40 174
40 178
40 180
40 183
40 187
40 192
40 194
41 43
41 44
41 55
41 57
41 63
41 65
41 74
41 83
41 88
41 96
41 111
41 136
41 141
41 148
41 158
41 162
41 190
42 59
42 61
42 65
42 66
42 67
42 72
42 74
42 89
42 93
42 95
42 96
42 107
42 120
42 128
42 129
42 133
42 141
42 147
42 179
42 182
42 198
43 64
43 78
43 86
43 91
43 100
43 111
43 112
43 145
43 152
43 154
43 173
43 175
44 50
44 54
44 104
44 108
44 118
44 127
44 128
44 160
44 164
44 183
45 75
45 107
45 110
45 121
45 125
45 142
45 150
45 157
45 159
45 160
45 161
45 170
45 178
45 185
45 192
45 198
46 62
46 63
46 68
46 83
46 85
46 92
46 96
46 104
46 124
46 131
46 132
46 172
46 173
46 186
46 189
46 199
47 54
47 66
47 92
47 155
47 160
47 174
47 177
47 189
47 195
47 197
48 57
48 66
48 69
48 81
48 84
48 95
48 105
48 120
48 121
48 125
48 133
48 138
48 149
48 156
48 167
48 186
48 190
49 57
49 83
49 107
49 122
49 125
49 151
49 170
49 182
49 184
49 186
49 192
49 193
50 53
50 79
50 80
50 88
50 104
50 111
50 124
50 144
50 150
50 151
50 155
50 157
50 165
50 180
50 195
50 197
51 58
51 65
51 84
51 87
51 100
51 101
51 138
51 160
51 170
51 186
52 61
52 63
52 88
52 103
52 115
52 117
52 119
52 123
52 135
52 141
52 146
52 152
52 162
52 167
52 171
52 172
52 182
52 195
52 196
53 57
53 58
53 62
53 68
53 70
53 79
53 91
53 106
53 128
53 164
53 186
53 190
53 193
54 60
54 67
54 79
54 85
54 87
54 91
54 103
54 105
54 107
54 115
54 121
54 123
54 135
54 136
54 149
54 160
54 168
54 182
54 196
55 57
55 63
55 83
55 121
55 129
55 139
55 146
55 150
55 162
55 164
55 175
55 186
55 187
56 65
56 66
56 70
56 75
56 77
56 83
56 85
56 86
56 91
56 102
56 116
56 127
56 128
56 141
56 150
56 152
56 157
56 161
56 177
56 178
56 189
56 192
57 65
57 87
57 102
57 143
57 147
57 154
57 172
58 69
58 72
58 82
58 84
58 88
58 93
58 110
58 136
58 140
58 173
58 185
58 186
58 189
59 61
59 65
59 69
59 82
59 88
59 93
59 111
59 119
59 133
59 134
59 142
59 143
59 158
59 182
59 189
60 73
60 74
60 81
60 84
60 87
60 89
60 96
60 120
60 140
60 146
60 154
60 164
60 168
60 172
60 175
60 177
60 182
60 188
60 189
61 75
61 79
61 108
61 120
61 121
61 127
61 128
61 129
61 155
61 160
61 171
61 172
62 79
62 84
62 89
62 100
62 111
62 117
62 127
62 135
62 143
62 155
62 179
62 181
62 186
62 196
62 198
63 75
63 78
63 97
63 98
63 105
63 128
63 133
63 157
63 161
63 171
63 174
63 180
63 181
64 72
64 78
64 82
64 85
64 96
64 110
64 117
64 122
64 125
64 127
64 141
64 147
64 152
64 153
64 158
64 167
64 168
64 169
64 171
64 173
64 182
64 193
65 78
65 97
65 99
65 112
65 116
65 131
65 133
65 134
65 155
65 167
65 173
65 186
65 192
66 68
66 69
66 78
66 82
66 89
66 94
66 106
66 110
66 127
66 130
66 132
66 148
66 181
66 194
67 78
67 105
67 160
67 161
67 173
67 187
67 198
68 74
68 80
68 92
68 94
68 98
68 101
68 112
68 119
68 126
68 149
68 160
68 169
68 173
68 178
68 180
68 191
68 196
68 198
69 73
69 74
69 80
69 94
69 130
69 161
69 168
69 191
70 86
70 95
70 114
70 118
70 120
70 131
70 143
70 145
70 157
70 179
70 195
71 80
71 94
71 103
71 104
71 125
71 129
71 139
71 150
71 159
71 164
71 165
71 179
71 188
72 74
72 85
72 105
72 139
72 141
72 147
72 148
72 169
72 186
72 194
72 195
73 88
73 94
73 100
73 103
73 111
73 112
73 120
73 127
73 151
73 152
73 170
74 82
74 92
74 103
74 109
74 118
74 134
74 138
74 144
74 149
74 161
74 191
74 198
75 76
75 79
75 92
75 99
75 103
75 105
75 108
75 125
75 129
75 130
75 132
75 136
75 151
75 152
75 163
75 174
75 175
75 184
75 189
75 195
76 89
76 108
76 117
76 121
76 135
76 138
76 159
76 164
76 176
76 182
76 189
76 198
76 199
77 94
77 114
77 129
77 140
77 152
77 161
77 162
77 170
77 173
77 181
77 192
78 81
78 87
78 96
78 102
78 106
78 129
78 134
78 145
78 166
78 170
78 178
78 180
78 181
78 197
79 85
79 89
79 95
79 98
79 107
79 110
79 111
79 112
79 115
79 141
79 154
79 159
79 167
79 169
79 180
79 189
79 194
80 85
80 98
80 100
80 104
80 105
80 131
80 134
80 138
80 151
80 153
80 155
80 159
80 165
80 176
80 180
80 190
81 87
81 88
81 89
81 105
81 110
81 113
81 143
81 155
81 163
81 168
81 171
81 174
81 181
81 183
81 186
81 191
81 196
82 90
82 93
82 106
82 109
82 110
82 113
82 115
82 122
82 143
82 147
82 188
83 84
83 86
83 107
83 109
83 123
83 125
83 126
83 134
83 136
83 138
83 140
83 142
83 150
83 153
83 154
83 166
83 173
83 186
83 196
84 96
84 119
84 136
84 137
84 167
85 87
85 117
85 119
85 120
85 129
85 130
85 137
85 146
85 150
85 151
85 154
85 172
85 177
85 178
85 180
85 199
86 97
86 109
86 117
86 142
86 145
86 146
86 162
86 165
86 167
86 175
86 177
87 98
87 100
87 103
87 120
87 154
88 92
88 95
88 108
88 131
88 143
88 150
88 151
88 156
88 166
89 92
89 95
89 101
89 109
89 134
89 155
89 165
89 172
89 176
89 182
89 186
90 91
90 124
90 126
90 129
90 132
90 134
90 151
90 158
90 166
90 172
90 188
90 197
91 98
91 100
91 110
91 128
91 140
91 147
91 150
91 160
91 174
91 175
91 176
91 184
91 186
91 188
91 199
92 101
92 107
92 124
92 135
92 147
92 153
92 162
92 169
92 199
93 95
93 96
93 115
93 134
93 135
93 140
93 147
93 154
93 160
93 162
93 186
94 103
94 112
94 128
94 140
94 145
94 149
94 151
94 156
94 158
94 165
94 172
94 184
94 199
95 96
95 106
95 128
95 131
95 140
95 143
95 148
95 158
95 165
95 172
96 106
96 119
96 127
96 130
96 139
96 142
96 170
96 174
96 180
96 191
97 121
97 122
97 129
97 136
97 158
97 172
97 175
97 179
97 181
97 185
98 115
98 117
98 134
98 169
98 170
98 171
98 174
98 182
99 137
99 145
99 155
99 176
99 183
99 188
99 199
100 125
100 133
100 145
100 155
100 160
100 163
100 164
100 166
100 173
100 175
100 182
100 185
100 187
100 191
101 114
101 118
101 119
101 120
101 170
102 106
102 112
102 134
102 136
102 137
102 145
102 148
102 153
102 159
102 172
102 173
102 177
102 183
102 184
102 193
103 130
103 138
103 146
103 151
103 160
103 171
104 115
104 130
104 135
104 140
104 145
104 147
104 150
104 156
104 173
104 174
104 179
104 183
104 193
104 195
104 198
105 121
105 122
105 126
105 132
105 135
105 141
105 147
105 161
105 162
105 197
105 199
106 107
106 121
106 131
106 132
106 137
106 148
106 150
106 164
106 169
106 174
106 183
106 199
107 115
107 126
107 127
107 133
107 136
107 137
107 147
107 156
107 163
107 167
107 172
107 179
108 125
108 136
108 143
108 151
108 153
108 166
108 176
108 180
108 184
108 185
108 190
109 118
109 120
109 150
109 163
110 115
110 171
111 112
111 131
111 136
111 153
111 155
111 162
112 127
112 128
112 140
112 148
112 154
112 155
112 179
112 182
112 188
112 189
112 192
112 194
113 119
113 129
113 131
113 137
113 150
113 153
113 162
113 172
113 174
113 187
113 196
114 128
114 143
114 151
114 152
114 154
114 176
114 190
114 199
115 122
115 130
115 139
115 142
115 158
115 173
115 178
115 188
115 191
115 193
116 142
116 157
116 172
116 192
117 125
117 131
117 133
117 139
117 151
117 156
117 169
117 178
117 183
117 186
117 197
117 198
118 126
118 133
118 139
118 140
118 150
118 160
118 167
118 169
119 141
119 145
119 168
119 196
120 144
120 147
120 167
120 174
120 180
120 185
120 189
121 122
121 126
121 143
121 158
121 174
121 175
121 182
121 186
121 188
121 189
122 134
122 136
122 139
122 141
122 142
122 179
122 183
122 187
123 136
123 138
123 153
123 160
123 170
123 194
123 195
124 127
124 132
124 142
124 147
124 149
124 164
124 168
124 184
124 187
124 190
124 195
124 197
125 126
125 133
125 153
125 169
125 170
125 175
125 182
125 185
125 187
125 196
126 131
126 146
126 184
127 135
127 152
127 153
127 154
127 164
127 183
127 198
128 165
128 169
129 142
129 156
129 159
129 169
129 171
129 189
129 190
130 134
130 136
130 140
130 154
130 172
130 174
130 188
131 138
131 145
131 149
131 153
131 161
131 171
131 183
131 184
131 187
131 195
132 143
132 160
132 171
132 175
132 180
132 186
132 189
132 197
133 136
133 138
133 145
133 149
133 169
133 191
134 137
134 148
134 159
134 163
134 169
134 174
134 178
134 190
134 195
135 136
135 147
135 157
135 162
135 163
135 172
135 173
135 188
135 193
135 194
136 137
136 138
136 142
136 153
136 156
136 161
136 174
136 176
136 177
136 179
136 188
136 190
136 191
136 194
136 195
137 142
137 149
137 152
137 159
137 164
137 166
137 171
137 172
137 177
137 187
137 192
137 197
138 154
138 174
139 159
139 160
139 177
139 181
139 192
139 193
140 143
140 156
140 161
140 167
140 185
141 142
141 157
141 160
141 164
141 183
141 189
142 151
142 158
142 164
142 167
142 168
142 172
143 152
143 167
144 149
144 158
144 169
144 181
144 189
144 191
144 195
145 163
145 167
145 171
145 175
146 149
146 153
146 162
146 166
146 169
146 191
147 156
147 163
147 167
147 184
147 195
148 165
148 167
149 156
149 177
149 183
149 187
149 189
149 198
150 156
150 175
150 187
150 192
151 157
151 162
151 181
151 187
151 194
152 157
152 159
152 160
152 163
152 188
153 156
153 171
153 183
153 192
153 199
154 170
155 156
155 174
156 181
156 193
156 195
157 165
157 172
157 181
158 166
158 170
158 171
158 172
158 189
159 167
159 173
159 176
159 187
159 192
160 167
160 189
161 172
161 178
161 187
162 165
162 174
162 178
162 183
162 186
163 190
164 175
164 190
165 193
166 167
166 174
166 186
166 191
166 198
167 183
167 197
168 180
168 199
169 173
169 174
169 178
169 193
170 177
171 178
171 187
171 188
171 195
172 174
172 184
172 185
173 182
173 183
173 186
174 176
174 198
175 182
176 177
177 180
177 188
178 182
179 187
179 189
179 192
179 194
179 198
180 187
181 194
181 195
182 183
182 187
182 199
185 188
185 190
185 192
185 193
185 195
186 187
186 196
187 196
189 190
189 192
192 196
186 167 78 33 195 133 140 145 53 88 14 127 191 57 82 72 112 17 44 18 162 83 189 138 117 84 151 118 190 106 60 74 94 64 79 101 187 25 16 184 59 111 116 85 136 182 62 148 98 122 43 55 66 158 137 185 40 91 19 75
65 71 188 197 21 180 159 164 196 194 63 131 102 108 8 13 178 7 93 103 174 120 149 39 128 130 97 0 139 27 10 183 23 105 81 125 28 179 193 181 47 119 15 68 22 163 1 161 24 99 153 26 12 132 50 38 76 61 198 104
32 29 150 35 171 172 199 49 160 36 143 155 5 20 95 41 4 173 31 37 80 177 89 168 156 54 90 52 110 114 157 170 45 107 169 146 96 73 86 87 92 56 6 67 166 58 100 2 30 165 34 70 142 141 3 11 115 175 147 134
152 113 126 109 46 135 48 154 124 121 192 123 77 144 42 129 9 51 176 69
