200
4027
5
8
96
95
51
2
0 7
0 15
0 29
0 43
0 46
0 56
0 61
0 72
0 76
0 79
0 84
0 85
0 94
0 96
0 105
0 111
0 113
0 120
0 123
0 124
0 125
0 130
0 132
0 140
0 142
0 146
0 153
0 157
0 178
0 186
0 198
1 6
1 7
1 8
1 9
1 22
1 25
1 26
1 28
1 29
1 35
1 38
1 39
1 40
1 43
1 44
1 48
1 49
1 50
1 56
1 62
1 63
1 65
1 66
1 69
1 76
1 77
1 81
1 83
1 85
1 87
1 90
1 95
1 96
1 105
1 112
1 113
1 133
1 141
1 150
1 151
1 152
1 153
1 157
1 159
1 174
1 176
1 178
1 183
1 187
1 191
2 9
2 10
2 15
2 16
2 18
2 25
2 30
2 35
2 44
2 49
2 51
2 56
2 61
2 63
2 67
2 73
2 93
2 95
2 96
2 109
2 118
2 127
2 128
2 131
2 138
2 139
2 143
2 160
2 164
2 167
2 169
2 179
2 182
2 191
2 193
3 7
3 14
3 24
3 25
3 35
3 37
3 39
3 43
3 45
3 49
3 50
3 52
3 53
3 57
3 58
3 70
3 80
3 81
3 97
3 101
3 105
3 107
3 108
3 115
3 126
3 127
3 133
3 136
3 141
3 145
3 147
3 148
3 151
3 155
3 157
3 159
3 171
3 172
3 176
3 183
3 184
3 189
3 191
3 196
4 11
4 22
4 28
4 30
4 39
4 47
4 62
4 65
4 73
4 75
4 77
4 78
4 81
4 86
4 90
4 95
4 96
4 98
4 102
4 105
4 118
4 119
4 120
4 126
4 132
4 134
4 139
4 147
4 156
4 158
4 161
4 162
4 173
4 181
4 190
5 9
5 15
5 16
5 17
5 18
5 19
5 22
5 25
5 29
5 30
5 48
5 49
5 56
5 58
5 60
5 70
5 74
5 75
5 76
5 78
5 96
5 100
5 121
5 125
5 128
5 143
5 148
5 161
5 164
5 168
5 169
5 181
5 192
6 9
6 17
6 28
6 37
6 41
6 42
6 47
6 49
6 60
6 65
6 67
6 71
6 72
6 74
6 76
6 77
6 82
6 92
6 100
6 104
6 107
6 109
6 111
6 113
6 118
6 124
6 128
6 129
6 134
6 141
6 148
6 149
6 152
6 154
6 157
6 165
6 167
6 172
6 174
6 180
6 189
6 195
6 198
7 12
7 17
7 18
7 20
7 24
7 41
7 44
7 45
7 48
7 66
7 69
7 75
7 76
7 78
7 88
7 90
7 96
7 98
7 99
7 100
7 104
7 110
7 113
7 116
7 132
7 139
7 141
7 143
7 153
7 154
7 162
7 171
7 174
7 181
7 190
7 198
8 9
8 15
8 20
8 29
8 32
8 35
8 40
8 42
8 46
8 51
8 54
8 62
8 64
8 65
8 67
8 72
8 73
8 74
8 75
8 76
8 78
8 92
8 93
8 100
8 102
8 104
8 129
8 132
8 135
8 145
8 148
8 160
8 167
8 178
8 179
8 180
8 186
8 191
9 12
9 16
9 17
9 24
9 26
9 28
9 37
9 42
9 46
9 57
9 59
9 63
9 77
9 81
9 85
9 86
9 91
9 97
9 100
9 114
9 116
9 117
9 120
9 122
9 127
9 133
9 134
9 139
9 140
9 150
9 152
9 154
9 159
9 162
9 163
9 165
9 171
9 172
9 181
9 195
9 196
9 197
10 19
10 21
10 24
10 37
10 68
10 71
10 74
10 75
10 79
10 89
10 91
10 92
10 93
10 96
10 97
10 102
10 106
10 111
10 118
10 123
10 134
10 136
10 150
10 151
10 157
10 161
10 167
10 177
10 180
11 24
11 26
11 29
11 43
11 53
11 60
11 62
11 65
11 67
11 72
11 86
11 95
11 96
11 115
11 134
11 139
11 150
11 153
11 159
11 161
11 164
11 165
11 176
11 178
11 179
11 180
11 187
11 188
11 191
11 199
12 13
12 16
12 17
12 19
12 20
12 29
12 31
12 32
12 39
12 43
12 48
12 52
12 53
12 63
12 66
12 80
12 81
12 90
12 92
12 96
12 102
12 107
12 111
12 112
12 114
12 115
12 117
12 133
12 134
12 142
12 147
12 156
12 167
12 168
12 182
12 184
13 15
13 25
13 28
13 31
13 32
13 41
13 44
13 48
13 49
13 52
13 63
13 64
13 66
13 73
13 74
13 77
13 79
13 83
13 94
13 102
13 108
13 111
13 113
13 114
13 115
13 117
13 120
13 125
13 131
13 134
13 150
13 154
13 158
13 160
13 161
13 167
13 173
13 175
13 180
13 181
13 193
13 196
13 197
14 15
14 21
14 22
14 25
14 27
14 37
14 54
14 62
14 64
14 74
14 83
14 88
14 92
14 104
14 112
14 113
14 120
14 121
14 134
14 137
14 152
14 158
14 165
14 177
14 179
14 180
14 187
14 191
14 193
14 199
15 23
15 24
15 31
15 32
15 33
15 34
15 37
15 38
15 43
15 47
15 48
15 51
15 53
15 55
15 61
15 63
15 66
15 70
15 76
15 77
15 87
15 90
15 91
15 98
15 100
15 108
15 110
15 112
15 115
15 116
15 117
15 121
15 122
15 123
15 128
15 130
15 132
15 136
15 142
15 144
15 149
15 152
15 154
15 158
15 163
15 165
15 168
15 183
15 189
15 192
15 198
16 24
16 27
16 28
16 30
16 35
16 36
16 37
16 40
16 42
16 48
16 52
16 55
16 56
16 61
16 62
16 65
16 66
16 67
16 83
16 84
16 85
16 86
16 91
16 97
16 103
16 106
16 112
16 123
16 124
16 126
16 127
16 129
16 134
16 140
16 141
16 150
16 161
16 162
16 168
16 187
16 190
16 196
17 19
17 27
17 28
17 30
17 31
17 37
17 43
17 44
17 45
17 50
17 60
17 61
17 64
17 69
17 79
17 85
17 91
17 107
17 110
17 112
17 116
17 119
17 127
17 130
17 135
17 141
17 150
17 154
17 165
17 172
17 174
17 177
17 189
17 192
17 193
17 199
18 25
18 32
18 43
18 77
18 78
18 79
18 83
18 85
18 86
18 92
18 93
18 96
18 101
18 104
18 105
18 107
18 110
18 111
18 114
18 117
18 120
18 138
18 146
18 165
18 168
18 169
18 171
18 177
18 183
18 190
18 194
18 195
18 198
18 199
19 20
19 29
19 36
19 38
19 45
19 49
19 56
19 63
19 75
19 77
19 78
19 87
19 93
19 94
19 98
19 103
19 107
19 108
19 109
19 110
19 113
19 115
19 127
19 128
19 133
19 135
19 139
19 147
19 152
19 157
19 161
19 167
19 182
19 193
19 199
20 21
20 23
20 27
20 29
20 34
20 38
20 42
20 46
20 51
20 54
20 56
20 59
20 70
20 72
20 73
20 82
20 84
20 85
20 95
20 108
20 112
20 114
20 121
20 126
20 130
20 140
20 141
20 148
20 149
20 157
20 158
20 159
20 160
20 172
20 181
20 183
20 186
20 189
20 194
20 199
21 32
21 39
21 41
21 48
21 50
21 55
21 56
21 64
21 69
21 72
21 87
21 103
21 105
21 110
21 115
21 116
21 119
21 123
21 125
21 128
21 142
21 143
21 148
21 149
21 152
21 159
21 163
21 168
21 172
21 186
21 196
22 24
22 34
22 41
22 47
22 50
22 54
22 58
22 59
22 63
22 72
22 77
22 88
22 97
22 104
22 111
22 112
22 115
22 128
22 131
22 133
22 143
22 145
22 149
22 155
22 163
22 177
22 179
22 182
22 184
22 185
22 186
22 193
23 25
23 33
23 34
23 36
23 38
23 41
23 42
23 47
23 55
23 56
23 65
23 73
23 74
23 75
23 86
23 92
23 95
23 97
23 100
23 103
23 106
23 123
23 146
23 148
23 149
23 152
23 155
23 163
23 169
23 175
23 179
23 185
23 190
23 195
24 28
24 32
24 38
24 45
24 50
24 55
24 62
24 63
24 64
24 65
24 71
24 79
24 80
24 85
24 86
24 89
24 91
24 92
24 98
24 107
24 112
24 116
24 118
24 120
24 128
24 129
24 132
24 137
24 148
24 157
24 162
24 165
24 178
24 187
24 188
24 189
24 191
24 197
25 29
25 30
25 31
25 35
25 40
25 41
25 45
25 46
25 48
25 52
25 54
25 65
25 71
25 76
25 78
25 86
25 99
25 101
25 107
25 108
25 110
25 114
25 118
25 119
25 123
25 139
25 141
25 146
25 152
25 166
25 169
25 172
25 181
25 183
25 186
26 30
26 31
26 32
26 37
26 44
26 45
26 46
26 48
26 51
26 55
26 56
26 65
26 68
26 69
26 79
26 82
26 83
26 84
26 87
26 88
26 93
26 97
26 100
26 111
26 112
26 115
26 120
26 127
26 129
26 130
26 136
26 137
26 140
26 144
26 147
26 149
26 153
26 171
26 176
26 193
26 194
27 28
27 30
27 33
27 41
27 45
27 51
27 53
27 67
27 69
27 81
27 82
27 86
27 87
27 93
27 94
27 95
27 114
27 123
27 124
27 141
27 149
27 151
27 154
27 157
27 167
27 171
27 172
27 175
27 177
27 179
27 181
27 188
27 196
28 29
28 33
28 34
28 42
28 51
28 59
28 68
28 86
28 93
28 94
28 95
28 96
28 99
28 106
28 124
28 125
28 129
28 131
28 132
28 143
28 145
28 150
28 151
28 154
28 159
28 174
28 178
28 180
28 183
28 192
28 199
29 30
29 35
29 36
29 38
29 39
29 42
29 43
29 50
29 55
29 70
29 85
29 92
29 95
29 103
29 104
29 127
29 130
29 133
29 134
29 141
29 142
29 154
29 155
29 159
29 160
29 167
29 171
29 181
29 188
29 189
29 197
30 45
30 48
30 50
30 53
30 55
30 58
30 60
30 61
30 63
30 67
30 72
30 74
30 75
30 83
30 90
30 94
30 95
30 98
30 102
30 104
30 107
30 113
30 126
30 138
30 142
30 144
30 146
30 150
30 151
30 154
30 157
30 163
30 166
30 170
30 174
30 177
30 179
30 180
30 181
30 187
30 188
30 193
30 198
30 199
31 33
31 34
31 38
31 43
31 47
31 48
31 56
31 60
31 66
31 67
31 80
31 91
31 101
31 111
31 114
31 117
31 118
31 125
31 138
31 165
31 169
31 171
31 175
31 177
31 184
31 185
31 191
31 195
31 199
32 33
32 38
32 45
32 49
32 53
32 69
32 76
32 77
32 79
32 82
32 83
32 86
32 87
32 89
32 95
32 100
32 102
32 109
32 110
32 118
32 123
32 128
32 133
32 138
32 146
32 147
32 154
32 156
32 157
32 163
32 167
32 171
32 177
32 195
32 196
33 35
33 62
33 63
33 64
33 70
33 74
33 77
33 79
33 81
33 82
33 85
33 86
33 88
33 95
33 96
33 99
33 116
33 118
33 127
33 129
33 131
33 143
33 148
33 156
33 157
33 159
33 162
33 164
33 169
33 171
33 174
33 175
33 178
33 182
33 185
33 187
33 190
33 195
33 199
34 35
34 43
34 44
34 71
34 72
34 75
34 81
34 83
34 93
34 98
34 101
34 103
34 133
34 136
34 139
34 142
34 147
34 155
34 157
34 166
34 172
34 183
34 190
34 194
34 196
34 199
35 39
35 42
35 43
35 48
35 54
35 69
35 74
35 89
35 93
35 96
35 97
35 100
35 104
35 109
35 116
35 123
35 126
35 132
35 136
35 137
35 140
35 142
35 149
35 150
35 157
35 159
35 177
35 182
36 44
36 45
36 54
36 63
36 64
36 73
36 77
36 79
36 82
36 85
36 87
36 88
36 93
36 95
36 100
36 103
36 112
36 113
36 115
36 117
36 125
36 132
36 133
36 153
36 154
36 162
36 163
36 176
36 178
36 179
36 182
36 190
36 195
37 40
37 55
37 65
37 70
37 74
37 78
37 84
37 90
37 94
37 96
37 98
37 101
37 120
37 121
37 122
37 125
37 138
37 139
37 140
37 146
37 163
37 167
37 177
37 178
37 193
37 194
37 195
38 45
38 53
38 54
38 55
38 58
38 62
38 66
38 75
38 91
38 100
38 103
38 110
38 111
38 114
38 117
38 118
38 131
38 132
38 137
38 141
38 144
38 145
38 146
38 147
38 154
38 167
38 170
38 172
38 173
38 175
38 182
38 183
38 189
38 197
38 199
39 46
39 49
39 50
39 51
39 52
39 53
39 54
39 69
39 74
39 78
39 85
39 92
39 100
39 106
39 107
39 108
39 109
39 114
39 116
39 122
39 130
39 136
39 137
39 138
39 143
39 146
39 158
39 160
39 165
39 171
39 173
39 177
39 184
39 186
39 189
39 195
40 47
40 59
40 66
40 70
40 78
40 80
40 83
40 85
40 90
40 101
40 106
40 111
40 113
40 114
40 123
40 126
40 139
40 140
40 144
40 154
40 157
40 158
40 165
40 174
40 193
40 194
41 47
41 48
41 52
41 53
41 59
41 61
41 64
41 67
41 72
41 79
41 81
41 85
41 99
41 105
41 111
41 118
41 128
41 137
41 146
41 150
41 155
41 171
41 179
41 183
41 184
41 186
41 193
42 46
42 61
42 63
42 70
42 72
42 82
42 93
42 106
42 107
42 110
42 120
42 121
42 150
42 158
42 162
42 168
42 174
42 175
42 176
42 183
42 184
42 188
42 193
42 199
43 46
43 50
43 54
43 56
43 57
43 59
43 69
43 71
43 72
43 81
43 82
43 92
43 95
43 102
43 105
43 106
43 108
43 111
43 114
43 118
43 122
43 124
43 125
43 135
43 138
43 139
43 141
43 152
43 159
43 160
43 162
43 174
43 179
43 185
43 187
43 194
43 198
43 199
44 50
44 52
44 57
44 61
44 62
44 68
44 80
44 81
44 84
44 87
44 103
44 112
44 115
44 117
44 118
44 124
44 126
44 129
44 130
44 132
44 133
44 143
44 158
44 161
44 162
44 164
44 166
44 167
44 181
44 182
44 183
44 185
44 186
44 188
44 198
45 52
45 62
45 71
45 74
45 85
45 90
45 91
45 92
45 97
45 102
45 108
45 112
45 114
45 115
45 116
45 120
45 122
45 124
45 130
45 137
45 138
45 139
45 146
45 148
45 149
45 150
45 157
45 171
45 172
45 177
45 182
45 184
45 185
45 187
45 195
46 53
46 59
46 63
46 64
46 67
46 70
46 73
46 80
46 81
46 84
46 87
46 88
46 91
46 98
46 101
46 104
46 110
46 111
46 115
46 120
46 121
46 124
46 129
46 131
46 137
46 138
46 141
46 142
46 150
46 159
46 160
46 161
46 163
46 166
46 171
46 172
46 173
46 176
46 186
46 187
46 190
46 197
47 61
47 65
47 74
47 81
47 86
47 89
47 93
47 103
47 104
47 105
47 108
47 116
47 117
47 119
47 123
47 134
47 135
47 145
47 147
47 161
47 165
47 166
47 168
47 173
47 177
47 181
47 185
47 191
47 195
48 49
48 50
48 51
48 55
48 56
48 60
48 62
48 65
48 73
48 74
48 76
48 79
48 89
48 96
48 99
48 108
48 113
48 125
48 128
48 136
48 138
48 145
48 146
48 152
48 158
48 160
48 161
48 171
48 180
48 186
48 188
48 191
48 199
49 60
49 61
49 62
49 64
49 66
49 78
49 82
49 89
49 97
49 99
49 102
49 105
49 106
49 111
49 116
49 133
49 153
49 170
49 171
49 172
49 175
49 182
49 184
49 194
49 196
50 53
50 54
50 58
50 62
50 65
50 80
50 84
50 88
50 89
50 95
50 101
50 110
50 111
50 114
50 115
50 120
50 122
50 128
50 134
50 135
50 141
50 143
50 149
50 155
50 158
50 172
50 174
50 180
50 184
50 190
50 191
50 195
50 196
50 199
51 56
51 58
51 59
51 66
51 68
51 75
51 76
51 77
51 78
51 79
51 84
51 85
51 100
51 103
51 118
51 125
51 137
51 141
51 143
51 144
51 147
51 151
51 155
51 156
51 165
51 189
51 192
52 53
52 71
52 72
52 74
52 78
52 80
52 82
52 89
52 96
52 103
52 114
52 121
52 122
52 123
52 130
52 132
52 141
52 148
52 150
52 161
52 172
52 176
52 182
52 183
52 185
52 186
52 191
52 195
53 54
53 63
53 67
53 75
53 79
53 81
53 96
53 111
53 131
53 135
53 136
53 137
53 138
53 140
53 145
53 151
53 156
53 157
53 159
53 164
53 169
53 172
53 174
53 177
53 182
53 188
53 190
53 192
54 56
54 61
54 62
54 64
54 67
54 72
54 73
54 86
54 92
54 96
54 128
54 129
54 136
54 138
54 145
54 159
54 162
54 180
54 195
54 196
55 60
55 64
55 66
55 70
55 71
55 75
55 80
55 81
55 83
55 85
55 87
55 91
55 93
55 98
55 99
55 103
55 108
55 110
55 119
55 122
55 124
55 125
55 126
55 127
55 163
55 171
55 174
55 185
55 190
55 193
56 60
56 61
56 64
56 66
56 70
56 73
56 74
56 79
56 80
56 82
56 94
56 95
56 96
56 103
56 104
56 105
56 113
56 114
56 115
56 121
56 131
56 143
56 146
56 156
56 164
56 166
56 173
56 174
56 177
56 185
56 186
56 187
56 196
56 199
57 90
57 91
57 97
57 99
57 103
57 115
57 120
57 122
57 141
57 142
57 145
57 146
57 147
57 149
57 152
57 156
57 164
57 167
57 170
57 185
57 189
57 190
57 198
58 62
58 65
58 75
58 80
58 90
58 91
58 97
58 104
58 107
58 108
58 111
58 116
58 119
58 120
58 121
58 124
58 129
58 135
58 146
58 147
58 155
58 159
58 162
58 166
58 167
58 180
58 189
58 192
58 195
58 196
58 199
59 74
59 75
59 78
59 79
59 93
59 100
59 107
59 111
59 113
59 118
59 138
59 150
59 157
59 159
59 175
59 178
59 180
59 186
59 188
59 190
59 196
59 198
60 64
60 68
60 86
60 89
60 90
60 94
60 95
60 97
60 98
60 100
60 101
60 103
60 108
60 111
60 121
60 125
60 129
60 130
60 134
60 135
60 139
60 140
60 150
60 152
60 162
60 164
60 169
60 174
60 177
60 179
60 180
60 181
60 185
61 66
61 76
61 77
61 87
61 91
61 99
61 100
61 103
61 129
61 138
61 140
61 141
61 148
61 151
61 156
61 167
61 181
61 184
61 185
61 194
62 67
62 68
62 73
62 74
62 75
62 97
62 101
62 120
62 128
62 135
62 139
62 143
62 146
62 148
62 150
62 161
62 163
62 167
62 182
62 183
62 186
62 191
62 194
63 66
63 69
63 72
63 81
63 83
63 94
63 100
63 115
63 119
63 123
63 137
63 147
63 150
63 151
63 154
63 157
63 158
63 171
63 172
63 177
63 183
63 190
63 194
64 68
64 70
64 75
64 87
64 107
64 109
64 111
64 113
64 117
64 118
64 124
64 128
64 132
64 135
64 137
64 138
64 140
64 145
64 155
64 159
64 162
64 163
64 165
64 166
64 168
64 179
64 181
64 182
64 183
64 184
64 187
64 189
64 193
64 194
65 66
65 67
65 70
65 74
65 86
65 87
65 97
65 100
65 103
65 109
65 121
65 126
65 131
65 133
65 134
65 145
65 146
65 150
65 152
65 155
65 158
65 159
65 163
65 172
65 181
65 187
65 189
65 191
65 194
65 198
66 71
66 72
66 97
66 99
66 103
66 116
66 124
66 131
66 136
66 144
66 146
66 152
66 155
66 157
66 165
66 167
66 168
66 170
66 172
66 178
66 179
66 182
66 183
66 187
67 73
67 74
67 80
67 85
67 97
67 100
67 101
67 107
67 108
67 114
67 115
67 116
67 120
67 127
67 128
67 131
67 132
67 137
67 138
67 141
67 143
67 145
67 154
67 156
67 157
67 158
67 166
67 167
67 168
67 175
67 182
67 183
67 188
67 195
68 71
68 73
68 76
68 83
68 84
68 85
68 86
68 90
68 97
68 110
68 112
68 114
68 116
68 125
68 131
68 140
68 143
68 146
68 150
68 154
68 157
68 159
68 161
68 162
68 163
68 166
68 168
68 170
68 171
68 174
68 176
68 177
68 182
68 186
68 190
68 193
68 196
68 199
69 73
69 78
69 80
69 83
69 93
69 95
69 103
69 131
69 133
69 136
69 137
69 138
69 151
69 154
69 155
69 157
69 161
69 168
69 175
69 176
69 182
69 184
69 187
69 190
69 192
69 199
70 79
70 85
70 89
70 91
70 92
70 94
70 96
70 104
70 105
70 128
70 134
70 140
70 143
70 144
70 150
70 153
70 158
70 161
70 174
70 175
70 177
70 179
70 181
70 185
70 192
70 194
70 195
70 196
71 73
71 78
71 92
71 93
71 96
71 101
71 102
71 103
71 105
71 111
71 151
71 153
71 154
71 156
71 161
71 179
71 186
71 189
71 198
72 73
72 87
72 88
72 89
72 91
72 93
72 99
72 103
72 106
72 107
72 109
72 117
72 119
72 129
72 133
72 136
72 145
72 146
72 151
72 160
72 182
72 189
72 196
73 75
73 78
73 79
73 85
73 89
73 94
73 97
73 99
73 105
73 108
73 109
73 112
73 115
73 117
73 118
73 120
73 122
73 123
73 129
73 130
73 133
73 134
73 145
73 151
73 152
73 157
73 164
73 165
73 168
73 174
73 180
73 184
73 185
73 197
73 199
74 78
74 79
74 80
74 82
74 88
74 89
74 99
74 105
74 109
74 111
74 127
74 130
74 131
74 135
74 136
74 137
74 142
74 153
74 158
74 159
74 160
74 172
74 176
74 183
74 198
75 76
75 78
75 80
75 81
75 84
75 89
75 91
75 95
75 112
75 114
75 120
75 129
75 130
75 132
75 133
75 144
75 145
75 147
75 153
75 156
75 162
75 165
75 175
75 180
75 194
76 78
76 85
76 90
76 97
76 100
76 108
76 109
76 111
76 113
76 116
76 119
76 121
76 122
76 130
76 133
76 152
76 155
76 157
76 163
76 170
76 171
76 177
76 190
76 198
76 199
77 80
77 85
77 86
77 93
77 101
77 107
77 111
77 117
77 122
77 137
77 143
77 145
77 147
77 154
77 160
77 165
77 166
77 173
77 175
77 184
77 187
78 82
78 91
78 92
78 93
78 95
78 102
78 107
78 108
78 114
78 125
78 128
78 138
78 139
78 150
78 153
78 158
78 172
78 173
78 179
78 181
78 182
78 185
78 192
78 194
79 81
79 89
79 96
79 97
79 107
79 108
79 113
79 119
79 126
79 127
79 134
79 136
79 139
79 140
79 141
79 147
79 148
79 149
79 158
79 163
79 171
79 173
79 175
79 179
79 184
79 185
79 195
79 199
80 82
80 84
80 85
80 97
80 98
80 100
80 104
80 105
80 108
80 119
80 120
80 123
80 129
80 133
80 134
80 135
80 137
80 140
80 143
80 153
80 155
80 158
80 161
80 173
80 179
80 180
80 187
80 189
80 192
80 193
80 196
80 197
81 82
81 86
81 87
81 95
81 105
81 110
81 111
81 121
81 123
81 128
81 137
81 138
81 142
81 144
81 145
81 163
81 182
81 184
81 185
81 186
81 190
81 194
81 197
81 198
82 86
82 88
82 93
82 99
82 105
82 107
82 108
82 115
82 120
82 125
82 127
82 129
82 130
82 131
82 135
82 147
82 148
82 149
82 153
82 158
82 162
82 163
82 172
82 175
82 177
82 179
82 182
82 190
83 84
83 85
83 86
83 90
83 97
83 98
83 108
83 114
83 116
83 121
83 131
83 134
83 135
83 137
83 142
83 146
83 147
83 151
83 156
83 159
83 162
83 174
83 175
83 177
83 181
83 186
83 188
83 193
83 199
84 105
84 107
84 118
84 122
84 123
84 127
84 138
84 139
84 143
84 150
84 151
84 156
84 160
84 173
84 176
84 193
85 86
85 87
85 90
85 92
85 93
85 97
85 100
85 109
85 111
85 117
85 124
85 129
85 130
85 135
85 146
85 151
85 159
85 165
85 166
85 167
85 181
85 186
85 187
85 191
85 194
86 88
86 97
86 100
86 101
86 108
86 115
86 118
86 119
86 121
86 128
86 132
86 133
86 136
86 164
86 166
86 169
86 173
86 174
86 180
86 181
86 182
86 184
86 191
86 194
86 199
87 89
87 91
87 101
87 102
87 113
87 116
87 133
87 139
87 146
87 147
87 156
87 159
87 170
87 180
87 185
87 191
87 193
87 196
87 198
88 89
88 95
88 97
88 101
88 103
88 127
88 140
88 145
88 146
88 150
88 151
88 153
88 156
88 158
88 161
88 163
88 174
88 177
88 179
88 181
88 184
88 192
88 195
88 199
89 91
89 95
89 104
89 110
89 115
89 117
89 133
89 150
89 151
89 155
89 169
89 170
89 171
89 176
89 181
89 188
89 189
89 192
89 196
90 97
90 134
90 135
90 136
90 138
90 141
90 144
90 169
90 173
90 175
90 183
90 185
90 186
90 191
90 193
91 93
91 103
91 109
91 111
91 113
91 114
91 120
91 127
91 140
91 143
91 144
91 150
91 151
91 161
91 165
91 166
91 179
91 182
91 183
91 184
91 185
91 186
91 191
91 192
92 93
92 106
92 116
92 118
92 122
92 126
92 134
92 135
92 142
92 145
92 146
92 149
92 151
92 164
92 168
92 169
92 170
92 171
92 181
92 192
92 195
93 97
93 98
93 101
93 104
93 109
93 110
93 114
93 116
93 117
93 129
93 137
93 145
93 159
93 167
93 171
93 174
93 179
93 180
93 181
93 182
93 191
94 101
94 102
94 112
94 118
94 120
94 121
94 125
94 127
94 134
94 137
94 143
94 146
94 147
94 154
94 162
94 164
94 168
94 171
94 173
94 185
94 193
94 194
95 96
95 104
95 116
95 120
95 123
95 125
95 136
95 143
95 146
95 154
95 155
95 160
95 163
95 171
95 174
96 97
96 105
96 108
96 114
96 126
96 127
96 138
96 145
96 146
96 153
96 164
96 180
96 181
96 184
96 186
96 189
96 197
97 99
97 104
97 108
97 114
97 120
97 126
97 127
97 132
97 137
97 141
97 149
97 151
97 156
97 171
97 176
97 181
97 182
97 184
97 185
97 190
97 193
97 195
98 99
98 105
98 108
98 112
98 115
98 116
98 118
98 120
98 122
98 125
98 137
98 138
98 142
98 143
98 160
98 164
98 169
98 173
98 177
98 178
98 179
98 189
98 191
98 192
99 102
99 108
99 112
99 116
99 117
99 123
99 128
99 130
99 131
99 140
99 148
99 149
99 156
99 166
99 167
99 182
99 189
99 194
99 197
100 101
100 103
100 104
100 111
100 117
100 119
100 129
100 133
100 135
100 139
100 149
100 154
100 161
100 162
100 176
100 181
100 189
100 190
100 191
100 199
101 103
101 114
101 118
101 120
101 127
101 133
101 135
101 152
101 160
101 164
101 165
101 169
101 173
101 174
101 178
101 181
101 192
101 197
102 115
102 117
102 122
102 124
102 131
102 141
102 147
102 155
102 159
102 162
102 163
102 167
102 170
102 188
102 192
102 195
103 104
103 108
103 115
103 117
103 124
103 131
103 142
103 144
103 145
103 147
103 151
103 152
103 164
103 165
103 166
103 173
103 189
103 194
103 199
104 105
104 108
104 113
104 116
104 119
104 129
104 130
104 138
104 140
104 143
104 162
104 164
104 173
104 183
104 185
104 186
104 192
105 107
105 114
105 117
105 126
105 133
105 138
105 151
105 158
105 165
105 171
105 178
105 179
105 185
105 187
105 191
105 192
105 194
106 110
106 112
106 114
106 118
106 120
106 126
106 127
106 135
106 139
106 142
106 149
106 159
106 166
106 168
106 193
106 199
107 113
107 122
107 127
107 138
107 143
107 146
107 147
107 174
107 185
107 190
107 191
107 192
107 194
108 110
108 115
108 121
108 128
108 129
108 134
108 145
108 156
108 164
108 170
108 175
108 179
108 180
108 186
108 188
108 193
108 194
108 197
109 113
109 122
109 128
109 138
109 139
109 141
109 153
109 158
109 159
109 160
109 169
109 172
109 175
109 179
109 180
109 190
109 197
110 113
110 118
110 121
110 133
110 134
110 135
110 137
110 141
110 142
110 150
110 158
110 160
110 169
110 170
110 174
110 189
110 198
111 124
111 126
111 128
111 135
111 138
111 143
111 145
111 148
111 149
111 150
111 152
111 161
111 167
111 186
111 187
111 189
111 191
111 194
112 115
112 116
112 118
112 119
112 123
112 126
112 137
112 144
112 145
112 152
112 159
112 165
112 166
112 168
112 169
112 170
112 177
112 181
112 182
112 186
112 190
112 198
113 121
113 128
113 131
113 135
113 146
113 149
113 150
113 159
113 160
113 188
113 190
113 192
113 194
113 196
113 199
114 115
114 122
114 125
114 126
114 127
114 136
114 140
114 145
114 156
114 157
114 158
114 161
114 167
114 174
114 183
115 128
115 129
115 133
115 136
115 138
115 140
115 149
115 150
115 151
115 153
115 159
115 167
115 169
115 171
115 173
115 184
115 186
115 187
115 192
116 120
116 139
116 142
116 155
116 156
116 162
116 164
116 175
116 182
116 183
116 185
116 188
116 198
117 121
117 131
117 143
117 147
117 150
117 153
117 160
117 166
117 173
117 184
117 186
117 194
118 120
118 126
118 128
118 145
118 146
118 147
118 154
118 164
118 165
118 169
118 171
118 178
118 180
118 186
118 193
118 199
119 122
119 126
119 127
119 129
119 132
119 133
119 140
119 146
119 148
119 152
119 158
119 166
119 172
119 176
119 177
119 183
119 191
120 125
120 127
120 128
120 133
120 143
120 154
120 158
120 165
120 172
120 174
120 180
120 191
120 193
120 196
120 198
121 124
121 125
121 126
121 134
121 137
121 138
121 144
121 148
121 153
121 167
121 173
121 174
121 178
121 179
121 188
121 190
121 192
121 199
122 145
122 148
122 149
122 155
122 161
122 163
122 167
122 173
122 176
122 179
122 182
122 183
122 185
122 186
122 188
122 191
122 197
123 127
123 134
123 135
123 141
123 142
123 143
123 148
123 153
123 156
123 163
123 164
123 166
123 168
123 169
123 172
123 173
123 179
123 182
123 183
123 184
123 185
123 198
124 127
124 128
124 131
124 142
124 148
124 151
124 166
124 168
124 170
124 173
124 175
124 179
124 190
124 193
124 198
124 199
125 127
125 128
125 129
125 132
125 140
125 143
125 145
125 147
125 148
125 150
125 166
125 167
125 169
125 171
125 180
125 183
125 184
125 194
126 133
126 146
126 152
126 156
126 160
126 166
126 169
126 181
126 188
126 189
127 128
127 130
127 141
127 142
127 152
127 163
127 165
127 170
127 174
127 178
127 180
127 192
127 196
128 129
128 130
128 134
128 136
128 145
128 150
128 159
128 164
128 165
128 168
128 171
128 173
128 177
128 185
128 186
128 188
128 197
128 198
129 134
129 139
129 150
129 153
129 156
129 158
129 162
129 168
129 170
129 171
129 180
129 181
129 182
129 184
129 185
129 188
129 192
129 196
129 197
130 134
130 144
130 146
130 152
130 159
130 163
130 172
130 173
130 180
130 185
130 194
130 197
130 198
131 139
131 150
131 155
131 161
131 168
131 176
131 185
131 188
131 194
131 195
132 135
132 148
132 149
132 151
132 167
132 170
132 176
132 178
132 182
132 184
132 187
132 198
133 134
133 147
133 155
133 156
133 166
133 167
133 178
133 181
133 182
133 189
133 193
133 194
133 197
134 135
134 136
134 141
134 146
134 151
134 154
134 156
134 165
134 166
134 167
134 168
134 172
134 173
134 182
134 191
134 192
135 138
135 144
135 145
135 155
135 173
135 174
135 178
135 179
135 180
135 183
135 187
135 190
136 140
136 144
136 149
136 154
136 156
136 158
136 163
136 179
136 183
136 188
136 190
136 193
136 196
137 143
137 145
137 146
137 159
137 160
137 164
137 166
137 168
137 171
137 173
137 178
137 179
137 192
137 194
138 139
138 140
138 157
138 161
138 163
138 166
138 168
138 169
138 174
138 176
138 177
138 179
138 182
138 187
138 188
138 190
138 191
138 194
139 148
139 150
139 158
139 161
139 170
139 175
139 176
139 177
139 182
139 190
139 192
140 143
140 146
140 151
140 153
140 154
140 158
140 169
140 178
140 179
140 182
140 183
140 187
140 192
140 194
141 144
141 147
141 153
141 154
141 161
141 169
141 176
141 181
141 188
141 190
141 194
141 195
141 196
142 143
142 146
142 149
142 159
142 162
142 164
142 169
142 170
142 188
142 191
143 152
143 158
143 159
143 160
143 162
143 170
143 171
143 172
143 179
143 184
143 187
143 190
143 195
144 147
144 148
144 150
144 151
144 153
144 154
144 155
144 161
144 163
144 164
144 174
144 182
144 186
144 187
144 194
145 152
145 157
145 159
145 161
145 162
145 164
145 166
145 168
145 169
145 170
145 175
145 177
145 182
145 196
145 197
146 147
146 148
146 150
146 153
146 155
146 158
146 159
146 164
146 170
146 174
146 175
146 187
146 188
146 189
146 194
147 152
147 155
147 160
147 162
147 166
147 173
147 174
147 175
147 176
147 199
148 149
148 155
148 157
148 160
148 161
148 162
148 163
148 164
148 167
148 174
148 175
148 182
148 186
148 197
149 152
149 153
149 160
149 163
149 166
149 167
149 170
149 172
149 173
149 178
149 179
149 191
149 195
149 198
149 199
150 166
150 168
150 169
150 170
150 173
150 178
150 181
150 182
150 187
150 188
150 195
150 199
151 152
151 156
151 163
151 164
151 166
151 177
151 189
151 192
152 160
152 180
152 196
153 163
153 164
153 168
153 169
153 176
153 178
153 198
153 199
154 157
154 158
154 160
154 169
154 172
154 174
154 176
154 189
154 197
155 160
155 161
155 164
155 171
155 182
155 189
155 198
156 158
156 161
156 162
156 163
156 164
156 168
156 170
156 175
156 178
156 179
156 180
156 187
156 188
156 189
156 190
156 194
156 199
157 159
157 169
157 173
157 175
157 179
157 180
157 187
157 190
157 194
157 196
157 197
158 168
158 169
158 175
158 183
158 184
158 189
158 190
158 195
158 198
159 170
159 173
159 176
159 187
159 191
159 192
160 161
160 162
160 173
160 177
160 183
160 189
160 191
160 192
160 198
161 162
161 174
161 176
161 179
161 180
161 193
162 163
162 169
162 172
162 186
162 191
162 194
162 197
163 168
163 172
163 176
163 178
163 179
163 180
163 187
163 188
163 189
163 192
163 193
163 195
164 167
164 181
164 182
164 184
164 197
165 167
165 170
165 173
165 176
165 177
165 178
165 181
165 188
166 171
166 179
166 183
166 187
166 191
167 179
167 183
167 188
167 197
168 170
168 171
168 173
168 188
168 190
168 195
168 198
169 178
169 182
169 190
169 196
170 179
170 185
170 186
170 189
170 195
170 198
171 172
171 179
171 183
171 184
171 187
171 189
172 173
172 176
172 177
172 178
172 180
172 183
172 189
172 190
172 191
172 196
173 175
173 179
173 181
173 182
173 187
173 189
173 197
173 199
174 177
174 181
174 195
174 196
174 199
175 181
175 182
175 183
175 187
175 190
176 185
176 189
176 191
176 192
176 193
176 199
177 178
177 195
177 199
178 179
178 181
178 182
178 186
178 188
178 199
179 182
179 185
179 191
179 198
180 181
180 182
180 185
180 197
181 183
181 187
181 196
182 186
182 188
183 184
183 190
183 191
183 197
184 185
184 186
184 193
184 197
184 198
185 187
185 193
185 195
185 198
185 199
186 190
186 191
186 193
186 198
187 189
187 194
187 195
187 196
188 192
188 195
188 199
189 190
189 199
190 197
190 199
191 196
192 198
195 198
195 199
198 199
28 134 63 3 47 44 15 94 69 64 27 178 4 127 26 108 150 59 20 199 58 43 146 114 90 93 104 175 196 22 71 82 169 35 130 126 124 23 70 75
17 57 21 136 116 74 112 19 39 91 181 62 0 109 137 7 86 189 96 187 195 139 153 174 18 72 164 138 42 61 102 135 40 194 143 145 2 103 193 121
30 140 168 142 185 198 80 125 171 78 52 8 66 123 85 155 154 115 122 33 190 10 144 65 55 131 88 76 29 100 14 152 179 151 97 92 197 191 12 25
67 159 48 9 172 113 6 84 149 163 158 60 173 13 129 111 167 117 5 120 45 186 133 166 132 157 183 37 147 101 170 141 156 51 36 98 89 165 176 56
24 128 54 177 38 87 184 107 73 119 188 81 34 68 182 79 16 105 99 50 77 160 83 162 192 41 95 106 49 11 148 110 46 32 31 1 180 161 53 118
