200
1934
10
31
43
29
80
23
53
0
66
76
71
0 18
0 33
0 42
0 76
0 84
0 89
0 116
0 117
0 124
0 145
0 149
0 163
0 189
0 194
1 6
1 13
1 28
1 46
1 54
1 60
1 67
1 80
1 84
1 96
1 101
1 103
1 133
1 135
1 145
1 149
1 152
1 155
1 167
1 173
1 181
1 182
1 184
2 11
2 14
2 15
2 16
2 75
2 76
2 78
2 83
2 99
2 109
2 149
2 153
2 168
2 175
2 183
2 191
3 17
3 26
3 28
3 30
3 31
3 53
3 81
3 87
3 93
3 101
3 103
3 105
3 111
3 113
3 141
3 153
3 155
3 157
3 160
3 164
3 167
3 178
3 180
3 188
3 197
4 40
4 56
4 88
4 97
4 118
4 135
4 137
4 140
4 145
4 164
4 172
4 195
5 25
5 44
5 51
5 67
5 74
5 116
5 120
5 127
5 138
5 152
5 162
5 168
5 177
5 181
5 189
5 194
6 26
6 40
6 47
6 51
6 60
6 68
6 74
6 89
6 97
6 103
6 119
6 144
6 150
6 153
6 162
6 164
6 170
6 185
6 190
7 29
7 44
7 52
7 66
7 78
7 79
7 93
7 97
7 120
7 129
7 144
7 148
7 151
7 161
7 169
7 180
7 189
8 19
8 26
8 27
8 35
8 44
8 55
8 85
8 92
8 104
8 124
8 125
8 126
8 142
8 144
8 157
8 164
9 13
9 15
9 19
9 28
9 78
9 82
9 98
9 104
9 106
9 120
9 130
9 134
9 140
9 142
9 163
9 190
10 34
10 42
10 62
10 65
10 71
10 73
10 81
10 95
10 101
10 118
10 131
10 150
10 153
10 154
10 158
10 165
11 16
11 34
11 36
11 51
11 64
11 66
11 70
11 83
11 89
11 106
11 108
11 130
11 132
11 147
11 152
11 156
11 175
11 192
12 43
12 46
12 63
12 85
12 100
12 101
12 102
12 103
12 110
12 114
12 133
12 144
12 159
12 161
12 167
13 20
13 33
13 46
13 49
13 62
13 81
13 110
13 117
13 122
13 126
13 129
13 134
13 135
13 141
13 161
13 188
13 191
13 192
14 22
14 28
14 29
14 43
14 46
14 48
14 61
14 64
14 72
14 73
14 103
14 107
14 115
14 122
14 167
14 174
14 195
15 17
15 34
15 42
15 49
15 54
15 58
15 81
15 83
15 90
15 96
15 108
15 122
15 124
15 132
15 135
15 146
15 147
15 157
15 160
15 161
15 170
16 28
16 30
16 33
16 38
16 47
16 66
16 92
16 102
16 111
16 146
16 154
16 161
16 165
16 175
16 180
16 199
17 36
17 39
17 41
17 50
17 77
17 82
17 88
17 94
17 102
17 120
17 122
17 128
17 134
17 147
17 154
17 194
18 20
18 47
18 49
18 59
18 74
18 82
18 98
18 102
18 104
18 111
18 112
18 127
18 152
18 154
18 158
18 167
18 173
18 176
19 24
19 28
19 30
19 35
19 37
19 39
19 41
19 52
19 74
19 107
19 114
19 116
19 153
19 162
19 170
19 174
19 181
19 193
20 24
20 32
20 34
20 44
20 45
20 58
20 74
20 80
20 96
20 105
20 107
20 109
20 114
20 120
20 128
20 136
20 144
20 154
20 156
20 161
20 176
20 182
20 184
20 185
20 194
21 38
21 60
21 74
21 81
21 82
21 94
21 97
21 100
21 102
21 122
21 125
21 126
21 128
21 162
21 190
22 25
22 28
22 32
22 44
22 55
22 67
22 86
22 106
22 114
22 133
22 136
22 145
22 149
22 161
22 174
22 181
23 39
23 47
23 58
23 74
23 97
23 102
23 105
23 118
23 145
23 180
23 197
24 31
24 39
24 45
24 46
24 62
24 64
24 75
24 86
24 102
24 104
24 105
24 126
24 128
24 138
24 141
24 157
24 170
24 187
25 38
25 52
25 53
25 54
25 59
25 71
25 78
25 83
25 97
25 100
25 106
25 111
25 121
25 125
25 151
25 189
25 192
25 194
26 54
26 57
26 68
26 69
26 74
26 76
26 78
26 82
26 97
26 102
26 112
26 123
26 126
26 132
26 152
26 158
26 167
26 172
26 189
26 193
26 196
27 34
27 41
27 53
27 57
27 93
27 95
27 107
27 116
27 126
27 127
27 143
27 150
27 155
27 160
27 164
27 166
27 172
27 179
27 185
27 186
27 190
27 192
27 195
27 199
28 46
28 50
28 52
28 79
28 81
28 82
28 86
28 105
28 112
28 147
28 170
28 176
28 198
29 36
29 38
29 39
29 46
29 58
29 66
29 80
29 83
29 101
29 103
29 113
29 115
29 139
29 146
29 171
29 172
29 194
29 195
29 197
30 31
30 47
30 60
30 72
30 77
30 105
30 106
30 107
30 110
30 113
30 127
30 132
30 134
30 161
30 184
30 192
30 199
31 33
31 42
31 65
31 68
31 69
31 80
31 107
31 109
31 113
31 114
31 116
31 136
31 137
31 141
31 149
31 150
31 165
31 172
32 39
32 42
32 60
32 88
32 89
32 102
32 114
32 127
32 139
32 140
32 142
32 143
32 151
32 157
32 160
32 162
32 176
32 181
32 185
32 193
32 195
33 49
33 66
33 86
33 105
33 108
33 125
33 126
33 127
33 129
33 130
33 140
33 144
33 149
33 155
33 172
33 197
34 40
34 67
34 76
34 88
34 105
34 128
34 130
34 132
34 133
34 142
34 143
34 144
34 166
34 183
34 186
34 187
35 51
35 66
35 94
35 96
35 101
35 103
35 123
35 151
35 152
35 157
35 190
35 199
36 38
36 46
36 49
36 63
36 81
36 97
36 136
36 140
36 151
36 152
36 154
36 157
36 160
36 169
36 180
36 187
36 193
37 39
37 54
37 81
37 85
37 91
37 95
37 118
37 121
37 136
37 146
37 163
37 184
37 189
37 190
37 191
37 196
38 40
38 68
38 70
38 75
38 76
38 102
38 107
38 111
38 116
38 119
38 124
38 126
38 129
38 133
38 139
38 168
38 179
38 183
38 196
39 42
39 43
39 45
39 47
39 53
39 54
39 63
39 67
39 71
39 88
39 103
39 109
39 118
39 122
39 164
39 167
39 173
39 185
39 187
39 192
39 195
40 44
40 60
40 64
40 71
40 75
40 77
40 82
40 121
40 136
40 137
40 166
40 178
40 189
41 44
41 59
41 66
41 137
41 187
41 189
42 47
42 56
42 64
42 65
42 66
42 67
42 82
42 101
42 106
42 129
42 131
42 135
42 145
42 147
42 154
42 181
43 48
43 53
43 69
43 71
43 84
43 97
43 114
43 119
43 121
43 133
43 138
43 148
43 151
43 158
43 171
43 179
44 60
44 70
44 82
44 83
44 95
44 97
44 103
44 109
44 110
44 111
44 117
44 135
44 149
44 151
44 154
44 158
44 159
44 165
44 170
44 196
45 50
45 53
45 55
45 61
45 83
45 98
45 104
45 126
45 158
45 165
45 169
45 194
46 47
46 48
46 51
46 63
46 78
46 85
46 100
46 103
46 111
46 113
46 117
46 129
46 137
46 154
46 159
46 165
46 171
46 181
46 192
46 193
46 196
47 51
47 59
47 82
47 101
47 113
47 115
47 117
47 130
47 136
47 137
47 141
47 149
47 189
47 193
48 55
48 63
48 74
48 81
48 86
48 88
48 109
48 112
48 115
48 121
48 122
48 127
48 133
48 137
48 144
48 147
48 153
48 154
48 181
49 75
49 81
49 93
49 99
49 101
49 115
49 124
49 125
49 143
49 177
49 187
49 189
49 193
49 197
50 65
50 78
50 80
50 94
50 95
50 100
50 126
50 163
50 165
50 178
50 189
50 192
50 194
51 52
51 55
51 56
51 60
51 61
51 63
51 64
51 85
51 96
51 97
51 101
51 103
51 117
51 123
51 162
51 180
51 183
51 193
51 199
52 53
52 60
52 66
52 68
52 76
52 78
52 79
52 91
52 101
52 107
52 166
52 168
52 172
53 56
53 80
53 89
53 106
53 109
53 116
53 125
53 126
53 131
53 137
53 158
53 163
53 181
53 192
53 198
54 58
54 62
54 78
54 91
54 102
54 107
54 111
54 114
54 131
54 145
54 159
54 163
54 188
54 194
55 57
55 62
55 75
55 77
55 88
55 107
55 108
55 129
55 130
55 135
55 141
55 157
55 159
55 160
55 168
55 171
56 68
56 72
56 79
56 80
56 88
56 89
56 102
56 110
56 121
56 131
56 135
56 144
56 154
56 173
56 184
57 58
57 65
57 76
57 108
57 153
57 165
57 176
57 180
57 189
58 78
58 96
58 101
58 102
58 105
58 108
58 110
58 130
58 134
58 135
58 142
58 144
58 155
58 164
58 168
58 185
58 189
58 191
59 63
59 71
59 84
59 89
59 107
59 132
59 145
59 157
59 175
59 183
59 193
59 194
60 64
60 66
60 94
60 103
60 104
60 107
60 110
60 117
60 122
60 133
60 138
60 187
60 191
61 63
61 64
61 77
61 81
61 116
61 139
61 148
61 152
61 170
61 171
62 63
62 66
62 73
62 77
62 93
62 106
62 113
62 114
62 127
62 139
62 140
62 152
62 156
62 159
62 169
62 171
62 194
62 199
63 66
63 82
63 92
63 99
63 100
63 118
63 120
63 123
63 131
63 139
63 188
64 66
64 72
64 76
64 81
64 97
64 121
64 122
64 123
64 162
64 163
64 164
64 172
64 175
64 178
65 69
65 70
65 74
65 77
65 78
65 80
65 87
65 101
65 104
65 120
65 135
65 143
65 156
65 161
65 163
65 176
65 177
66 78
66 84
66 85
66 95
66 111
66 120
66 124
66 136
66 144
66 147
66 151
66 152
66 163
66 168
66 195
67 87
67 88
67 123
67 133
67 151
67 166
67 191
67 193
68 75
68 79
68 81
68 86
68 90
68 99
68 117
68 123
68 132
68 135
68 153
68 155
68 159
68 171
68 173
68 187
68 195
69 82
69 86
69 89
69 92
69 93
69 98
69 114
69 126
69 149
69 156
69 172
70 75
70 77
70 137
70 146
70 153
70 157
70 190
71 79
71 84
71 87
71 131
71 159
71 170
71 175
71 178
71 181
71 182
71 189
71 192
72 78
72 86
72 103
72 113
72 115
72 118
72 122
72 138
72 160
72 167
72 192
72 198
73 75
73 77
73 85
73 97
73 98
73 131
73 148
73 179
74 77
74 88
74 91
74 96
74 132
74 135
74 136
74 137
74 143
74 162
74 167
74 171
74 177
74 193
75 85
75 112
75 113
75 123
75 129
75 140
75 147
75 151
75 161
75 163
75 170
75 173
75 180
75 184
75 189
76 81
76 102
76 110
76 119
76 120
76 134
76 157
76 158
76 163
76 179
76 184
76 195
77 94
77 115
77 118
77 133
77 146
77 147
77 148
77 149
77 159
77 170
77 181
77 186
77 187
77 192
78 80
78 81
78 91
78 99
78 100
78 101
78 112
78 121
78 129
78 139
78 142
78 143
78 155
78 159
78 180
79 92
79 98
79 102
79 109
79 115
79 124
79 144
79 169
79 176
79 194
80 84
80 85
80 110
80 150
80 156
81 117
81 124
81 151
81 155
81 157
81 168
81 176
81 180
81 189
81 193
82 91
82 98
82 102
82 116
82 137
82 150
82 155
82 156
82 180
83 98
83 101
83 126
83 145
83 163
83 164
83 167
83 177
83 179
83 187
83 195
83 199
84 95
84 119
84 133
84 142
84 149
84 155
84 158
84 159
84 172
84 178
84 184
84 190
84 193
85 94
85 111
85 138
85 140
85 145
85 153
85 154
85 159
85 160
85 165
85 171
85 186
86 92
86 94
86 140
86 152
86 156
86 169
86 177
86 186
86 195
86 199
87 97
87 99
87 101
87 106
87 113
87 116
87 125
87 126
87 137
87 143
87 151
87 155
87 165
87 176
87 181
87 191
87 197
88 109
88 115
88 124
88 132
88 138
88 144
88 163
88 170
88 188
88 195
89 97
89 116
89 122
89 127
89 134
89 138
89 151
89 152
89 188
89 190
90 98
90 102
90 108
90 120
90 129
90 132
90 135
90 147
90 148
90 149
90 157
90 164
90 171
90 183
90 197
91 98
91 108
91 116
91 120
91 125
91 126
91 134
91 151
91 175
91 184
91 192
92 110
92 121
92 124
92 142
92 158
92 168
92 174
93 162
93 172
93 188
93 193
93 199
94 102
94 112
94 118
94 136
94 137
94 148
94 163
94 178
94 197
94 199
95 119
95 122
95 167
96 106
96 114
96 125
96 129
96 138
96 153
96 154
96 155
96 161
96 164
96 173
96 184
96 190
97 111
97 114
97 115
97 136
97 152
97 158
97 164
97 180
97 185
97 187
97 199
98 106
98 133
98 136
98 151
98 164
98 165
98 171
98 176
98 178
98 179
98 190
99 110
99 113
99 122
99 153
99 168
99 179
99 185
99 191
99 197
100 102
100 114
100 141
100 158
100 163
100 182
100 189
100 191
101 116
101 150
101 153
101 188
101 193
101 196
102 103
102 114
102 129
102 135
102 137
102 148
102 164
102 178
102 195
102 198
103 106
103 111
103 117
103 121
103 146
103 153
103 160
103 167
103 169
103 183
103 184
103 198
104 106
104 114
104 119
104 121
104 137
104 144
104 151
104 162
104 163
104 184
105 109
105 118
105 133
105 154
105 166
105 170
105 183
105 193
106 121
106 128
106 140
106 155
106 177
107 110
107 119
107 149
107 154
107 156
107 160
107 167
107 173
108 110
108 135
108 139
108 142
108 147
108 153
108 157
108 158
108 171
109 110
109 116
109 127
109 143
109 152
109 181
109 182
109 185
109 188
109 197
110 121
110 132
110 142
110 154
110 160
110 165
110 173
110 179
111 126
111 135
111 148
111 154
111 164
111 190
111 195
112 114
112 119
112 126
112 127
112 142
112 144
112 147
112 150
112 156
112 162
112 163
112 167
112 177
112 179
112 192
113 114
113 117
113 121
113 132
113 141
113 145
113 149
113 159
113 183
113 193
114 117
114 123
114 153
114 154
114 157
114 159
114 171
114 172
114 186
114 189
114 192
115 127
115 130
115 136
115 139
115 148
115 149
115 163
115 166
115 167
115 168
115 169
115 172
115 173
115 175
116 120
116 121
116 138
116 144
116 151
116 154
116 174
116 184
117 134
117 145
117 154
117 162
117 171
117 193
118 153
118 157
118 163
118 170
118 171
118 187
118 198
119 132
119 150
119 166
119 178
119 180
119 196
120 124
120 131
120 147
120 155
120 179
120 183
120 187
120 193
121 128
121 140
121 173
121 187
121 188
122 125
122 147
122 149
122 185
123 147
123 169
123 173
123 179
123 181
123 191
123 195
123 198
124 132
124 134
124 160
124 167
124 189
124 190
124 191
124 194
125 167
125 191
126 131
126 149
126 151
126 154
126 160
126 164
126 165
126 178
126 182
126 196
127 143
127 157
127 158
127 160
127 172
128 132
128 156
128 161
128 176
128 198
129 130
129 157
129 162
129 179
129 198
130 133
130 140
130 150
130 164
130 177
130 185
130 191
130 195
131 144
131 147
131 196
131 198
132 134
132 139
132 141
132 145
132 147
132 156
132 169
132 194
133 148
133 153
133 154
133 171
133 178
134 141
134 147
134 151
134 152
134 165
134 181
135 136
135 138
135 146
135 166
135 177
135 188
135 197
136 137
136 146
136 157
136 167
136 175
136 186
137 151
137 157
137 161
137 175
137 193
137 195
138 142
138 150
138 181
138 184
138 187
138 190
139 149
139 164
139 165
139 171
140 141
140 144
140 174
140 195
140 198
141 144
141 147
141 149
141 151
141 155
141 164
142 185
142 196
143 144
143 150
143 155
143 158
143 163
143 177
143 183
143 190
144 155
144 159
144 176
144 178
144 179
144 186
145 161
145 178
145 192
146 155
146 167
146 172
146 179
147 153
147 166
147 174
147 175
147 179
147 180
147 181
147 185
148 164
148 180
149 168
149 182
149 189
149 196
149 197
150 169
150 177
150 182
150 184
151 156
151 161
151 171
151 174
151 179
151 185
152 156
152 189
152 190
152 192
152 197
153 183
153 190
154 166
154 173
154 195
155 177
155 182
155 189
156 157
156 158
156 169
156 179
156 181
157 161
157 162
157 173
157 174
157 175
157 181
157 182
157 190
158 161
158 162
158 167
158 176
158 181
158 186
159 161
159 162
159 184
159 192
160 162
160 177
160 180
161 166
161 198
162 163
162 166
162 176
163 169
163 172
163 175
163 187
163 189
164 165
164 169
164 171
164 177
164 182
164 198
165 170
165 174
165 176
165 185
165 186
165 188
165 197
166 167
166 186
166 187
166 196
168 177
168 178
169 170
169 172
169 174
169 181
169 183
169 185
169 196
170 176
170 182
170 189
170 190
171 183
172 185
172 191
173 174
173 189
173 196
174 182
174 185
175 183
175 199
176 191
176 196
177 178
177 179
177 180
177 185
177 186
177 190
177 194
177 196
177 199
179 180
179 183
179 187
179 197
180 185
180 189
180 194
181 193
182 196
183 191
183 193
184 187
185 190
186 196
186 198
187 188
187 192
187 194
188 192
190 191
190 198
193 195
194 195
194 199
195 196
195 199
189 47 76 61 164 16 20 31 34 121 53 135 195 166 157 5 167 29 154 84
134 58 22 181 171 139 101 75 156 178 72 42 120 193 160 33 113 107 97 49
88 56 70 57 86 91 119 187 123 83 133 158 12 24 7 192 131 52 81 89
38 108 65 117 60 18 10 93 82 74 37 78 147 124 96 148 172 118 6 149
176 141 191 152 41 111 55 40 182 99 169 129 98 0 179 105 146 175 145 17
190 90 9 142 180 161 177 128 66 153 103 36 48 63 137 155 100 2 45 59
13 162 39 54 174 150 116 138 151 122 184 110 199 3 28 163 144 44 188 130
125 67 14 77 87 173 140 106 196 132 79 94 186 115 25 109 85 170 26 64
19 168 126 62 104 136 73 127 35 198 43 4 27 69 197 32 80 114 1 11
71 50 92 165 183 112 15 21 8 30 46 23 194 68 102 95 143 185 159 51
