200
3975
7
59
14
23
82
80
30
54
0 1
0 14
0 18
0 24
0 25
0 34
0 37
0 46
0 73
0 81
0 85
0 86
0 95
0 100
0 106
0 117
0 118
0 119
0 123
0 124
0 126
0 128
0 130
0 158
0 159
0 160
0 165
0 175
0 182
0 187
0 189
0 193
1 5
1 6
1 16
1 25
1 37
1 49
1 54
1 57
1 60
1 66
1 72
1 76
1 78
1 79
1 87
1 104
1 105
1 122
1 124
1 129
1 133
1 135
1 140
1 147
1 154
1 172
1 173
1 185
1 188
1 196
1 199
2 3
2 10
2 18
2 28
2 29
2 31
2 35
2 42
2 50
2 58
2 76
2 116
2 121
2 123
2 124
2 129
2 130
2 131
2 133
2 134
2 138
2 139
2 144
2 147
2 153
2 154
2 162
2 164
2 191
2 194
3 5
3 9
3 13
3 14
3 24
3 25
3 27
3 28
3 63
3 64
3 65
3 67
3 78
3 80
3 81
3 87
3 90
3 91
3 96
3 97
3 99
3 103
3 119
3 122
3 125
3 131
3 140
3 142
3 146
3 153
3 158
3 159
3 163
3 164
3 167
3 177
3 192
4 9
4 13
4 19
4 21
4 23
4 27
4 37
4 44
4 46
4 50
4 56
4 62
4 85
4 90
4 94
4 96
4 97
4 105
4 108
4 119
4 120
4 122
4 123
4 128
4 131
4 135
4 142
4 151
4 157
4 158
4 166
4 174
4 175
4 187
4 191
4 195
4 199
5 6
5 19
5 24
5 26
5 48
5 53
5 57
5 65
5 66
5 69
5 72
5 78
5 83
5 90
5 96
5 105
5 113
5 114
5 115
5 129
5 134
5 137
5 139
5 150
5 161
5 166
5 173
5 179
5 181
5 182
5 194
5 197
5 199
6 7
6 10
6 19
6 21
6 23
6 24
6 27
6 31
6 39
6 66
6 72
6 85
6 87
6 91
6 92
6 93
6 98
6 99
6 102
6 108
6 110
6 120
6 128
6 129
6 130
6 132
6 133
6 135
6 137
6 140
6 145
6 147
6 149
6 150
6 154
6 155
6 161
6 167
6 171
6 172
6 183
6 187
6 190
6 193
7 10
7 18
7 19
7 27
7 51
7 66
7 79
7 81
7 83
7 96
7 98
7 108
7 109
7 121
7 126
7 133
7 137
7 138
7 140
7 148
7 150
7 151
7 157
7 162
7 176
7 178
7 179
7 181
7 187
7 189
7 199
8 10
8 23
8 36
8 41
8 49
8 52
8 53
8 55
8 60
8 82
8 83
8 86
8 89
8 90
8 94
8 98
8 115
8 122
8 125
8 129
8 133
8 134
8 141
8 146
8 157
8 162
8 165
8 166
8 176
8 179
8 182
9 11
9 12
9 14
9 16
9 18
9 25
9 30
9 32
9 35
9 37
9 42
9 60
9 61
9 64
9 66
9 70
9 71
9 77
9 78
9 86
9 92
9 98
9 101
9 102
9 103
9 108
9 109
9 112
9 113
9 115
9 116
9 118
9 135
9 137
9 139
9 143
9 145
9 156
9 158
9 162
9 165
9 169
9 175
9 178
9 179
9 186
9 190
9 192
10 14
10 17
10 20
10 25
10 26
10 31
10 34
10 38
10 41
10 44
10 55
10 56
10 59
10 60
10 67
10 70
10 73
10 76
10 80
10 86
10 102
10 105
10 110
10 115
10 123
10 126
10 135
10 141
10 142
10 143
10 144
10 145
10 147
10 151
10 153
10 159
10 168
10 169
10 174
10 178
10 179
10 183
10 188
10 190
11 24
11 25
11 40
11 52
11 56
11 60
11 70
11 78
11 79
11 81
11 82
11 88
11 89
11 95
11 98
11 106
11 108
11 110
11 116
11 117
11 124
11 126
11 129
11 136
11 142
11 144
11 150
11 152
11 158
11 162
11 169
11 182
11 185
11 189
11 190
11 191
11 194
11 198
11 199
12 20
12 22
12 23
12 25
12 34
12 38
12 44
12 47
12 50
12 54
12 58
12 80
12 85
12 86
12 87
12 93
12 95
12 104
12 105
12 108
12 111
12 114
12 119
12 120
12 129
12 139
12 141
12 162
12 164
12 169
12 174
12 180
12 184
12 196
12 199
13 14
13 16
13 24
13 41
13 44
13 46
13 49
13 55
13 56
13 66
13 68
13 71
13 72
13 75
13 78
13 90
13 102
13 105
13 110
13 112
13 116
13 121
13 123
13 124
13 125
13 128
13 129
13 132
13 135
13 139
13 140
13 144
13 146
13 157
13 158
13 167
13 179
13 183
13 185
13 191
13 195
13 196
14 15
14 23
14 27
14 28
14 35
14 36
14 38
14 44
14 45
14 48
14 58
14 59
14 84
14 87
14 97
14 103
14 108
14 112
14 117
14 119
14 120
14 123
14 128
14 138
14 141
14 144
14 154
14 157
14 158
14 160
14 166
14 167
14 178
14 180
14 183
14 190
14 194
14 196
15 17
15 19
15 27
15 33
15 42
15 44
15 50
15 54
15 57
15 59
15 61
15 62
15 65
15 72
15 73
15 78
15 81
15 83
15 96
15 97
15 107
15 112
15 114
15 119
15 120
15 123
15 125
15 126
15 132
15 138
15 139
15 146
15 150
15 151
15 157
15 165
15 172
15 173
15 182
15 184
15 185
15 187
15 188
15 191
15 194
16 20
16 21
16 22
16 26
16 27
16 28
16 32
16 37
16 40
16 43
16 49
16 53
16 59
16 70
16 76
16 77
16 81
16 83
16 84
16 89
16 90
16 93
16 99
16 102
16 103
16 110
16 119
16 129
16 138
16 155
16 156
16 163
16 181
16 182
16 192
16 194
16 198
17 19
17 20
17 22
17 26
17 28
17 32
17 34
17 48
17 55
17 60
17 65
17 69
17 76
17 79
17 81
17 83
17 85
17 95
17 101
17 102
17 107
17 110
17 119
17 121
17 122
17 124
17 131
17 140
17 141
17 142
17 145
17 147
17 151
17 153
17 158
17 160
17 161
17 168
17 170
17 171
17 173
17 184
17 185
17 187
17 198
18 23
18 26
18 27
18 30
18 32
18 46
18 50
18 57
18 58
18 62
18 66
18 70
18 82
18 104
18 108
18 112
18 124
18 126
18 147
18 158
18 159
18 166
18 167
18 170
18 174
18 175
18 179
18 181
18 184
18 187
18 194
18 198
19 20
19 25
19 26
19 29
19 41
19 49
19 54
19 55
19 62
19 87
19 95
19 103
19 122
19 126
19 130
19 133
19 138
19 139
19 140
19 144
19 151
19 157
19 159
19 160
19 163
19 169
19 172
19 175
19 178
19 182
19 187
19 189
19 195
20 31
20 33
20 37
20 43
20 49
20 53
20 54
20 55
20 56
20 63
20 65
20 66
20 72
20 75
20 76
20 82
20 84
20 88
20 92
20 98
20 99
20 100
20 101
20 103
20 116
20 125
20 138
20 139
20 141
20 152
20 155
20 166
20 167
20 172
20 177
20 180
20 181
20 184
20 188
20 192
20 194
20 199
21 27
21 39
21 42
21 43
21 44
21 45
21 50
21 60
21 74
21 106
21 120
21 130
21 132
21 134
21 137
21 144
21 151
21 155
21 157
21 159
21 160
21 161
21 164
21 166
21 167
21 173
21 181
21 186
21 187
21 191
21 197
22 25
22 30
22 38
22 42
22 48
22 51
22 52
22 55
22 56
22 63
22 64
22 68
22 73
22 76
22 77
22 85
22 88
22 102
22 106
22 117
22 121
22 129
22 132
22 133
22 135
22 147
22 151
22 156
22 168
22 173
22 175
22 198
23 36
23 42
23 46
23 59
23 68
23 86
23 97
23 99
23 104
23 107
23 109
23 110
23 113
23 120
23 121
23 122
23 127
23 137
23 152
23 169
23 171
23 175
23 178
23 191
23 193
24 32
24 35
24 38
24 46
24 48
24 60
24 62
24 63
24 65
24 69
24 74
24 76
24 80
24 81
24 91
24 114
24 119
24 124
24 130
24 131
24 134
24 136
24 137
24 143
24 144
24 147
24 151
24 154
24 160
24 161
24 163
24 168
24 175
24 176
24 179
24 191
24 192
24 197
25 26
25 29
25 35
25 37
25 41
25 47
25 48
25 58
25 65
25 66
25 86
25 96
25 97
25 113
25 114
25 117
25 118
25 120
25 122
25 123
25 124
25 135
25 140
25 147
25 154
25 164
25 180
25 188
25 193
25 195
25 198
26 35
26 37
26 40
26 43
26 47
26 63
26 64
26 67
26 72
26 81
26 83
26 96
26 98
26 106
26 107
26 111
26 116
26 121
26 124
26 130
26 133
26 142
26 143
26 145
26 149
26 150
26 151
26 153
26 155
26 168
26 183
26 189
26 193
26 195
26 199
27 28
27 30
27 35
27 36
27 42
27 49
27 51
27 52
27 58
27 63
27 65
27 71
27 74
27 76
27 77
27 82
27 85
27 86
27 87
27 103
27 106
27 123
27 126
27 134
27 151
27 152
27 153
27 154
27 155
27 157
27 161
27 167
27 168
27 176
27 181
27 188
27 189
27 190
27 195
28 32
28 39
28 40
28 51
28 57
28 61
28 64
28 68
28 70
28 74
28 77
28 78
28 82
28 92
28 95
28 99
28 102
28 104
28 110
28 115
28 117
28 127
28 129
28 131
28 134
28 136
28 147
28 152
28 157
28 158
28 160
28 162
28 170
28 175
28 178
28 179
28 182
28 183
28 192
28 193
28 197
29 31
29 39
29 41
29 45
29 56
29 57
29 58
29 61
29 63
29 78
29 80
29 89
29 90
29 91
29 96
29 101
29 106
29 107
29 111
29 129
29 130
29 147
29 153
29 164
29 181
29 183
29 185
29 192
29 194
29 196
30 36
30 40
30 43
30 45
30 46
30 51
30 52
30 53
30 55
30 82
30 84
30 85
30 90
30 96
30 100
30 106
30 108
30 109
30 112
30 113
30 123
30 124
30 132
30 135
30 136
30 139
30 149
30 159
30 167
30 170
30 172
30 190
30 193
30 194
30 196
31 33
31 42
31 45
31 47
31 49
31 52
31 56
31 68
31 70
31 85
31 86
31 92
31 108
31 109
31 114
31 129
31 132
31 140
31 141
31 142
31 143
31 144
31 146
31 147
31 152
31 154
31 157
31 158
31 162
31 167
31 176
31 182
31 184
31 186
31 187
31 193
31 198
32 35
32 46
32 47
32 48
32 52
32 59
32 60
32 61
32 81
32 99
32 100
32 105
32 106
32 109
32 111
32 119
32 123
32 138
32 139
32 141
32 149
32 152
32 159
32 162
32 166
32 168
32 173
32 175
32 176
32 178
32 186
32 188
32 190
32 191
32 197
33 42
33 44
33 51
33 56
33 72
33 78
33 79
33 82
33 84
33 91
33 93
33 94
33 97
33 98
33 111
33 115
33 119
33 122
33 127
33 136
33 141
33 143
33 144
33 147
33 149
33 150
33 151
33 152
33 154
33 160
33 166
33 168
33 174
33 175
33 178
33 179
33 187
33 193
33 194
33 196
33 199
34 40
34 42
34 53
34 55
34 56
34 58
34 60
34 63
34 71
34 84
34 103
34 104
34 107
34 116
34 117
34 121
34 132
34 143
34 150
34 151
34 158
34 167
34 179
34 180
34 185
34 186
34 193
35 43
35 48
35 52
35 57
35 66
35 70
35 71
35 75
35 79
35 80
35 88
35 91
35 97
35 98
35 101
35 102
35 105
35 106
35 116
35 123
35 130
35 135
35 138
35 140
35 141
35 144
35 146
35 148
35 151
35 152
35 153
35 158
35 162
35 164
35 165
35 166
35 184
35 196
35 198
35 199
36 40
36 44
36 51
36 66
36 79
36 82
36 87
36 91
36 93
36 111
36 113
36 126
36 130
36 134
36 135
36 138
36 141
36 143
36 148
36 150
36 157
36 158
36 159
36 161
36 162
36 177
36 180
36 188
36 194
36 198
37 38
37 39
37 48
37 49
37 51
37 61
37 64
37 65
37 67
37 68
37 72
37 79
37 83
37 97
37 100
37 105
37 107
37 115
37 122
37 127
37 134
37 136
37 143
37 146
37 148
37 149
37 152
37 161
37 171
37 187
37 190
38 39
38 41
38 43
38 47
38 54
38 60
38 61
38 65
38 72
38 77
38 83
38 84
38 90
38 93
38 111
38 113
38 115
38 123
38 126
38 127
38 132
38 144
38 154
38 157
38 162
38 163
38 168
38 174
38 176
38 180
38 182
38 184
38 188
38 189
38 190
38 192
38 194
38 196
38 197
39 46
39 55
39 56
39 65
39 70
39 78
39 79
39 82
39 84
39 88
39 89
39 96
39 104
39 107
39 110
39 115
39 117
39 125
39 132
39 135
39 141
39 144
39 152
39 161
39 162
39 163
39 167
39 168
39 169
39 170
39 176
39 181
39 186
40 41
40 42
40 50
40 51
40 52
40 53
40 58
40 59
40 62
40 68
40 80
40 85
40 89
40 91
40 104
40 109
40 120
40 122
40 125
40 128
40 135
40 142
40 143
40 144
40 149
40 151
40 157
40 159
40 160
40 165
40 167
40 169
40 173
40 177
40 186
40 192
41 46
41 51
41 56
41 60
41 65
41 71
41 72
41 80
41 81
41 82
41 101
41 114
41 117
41 132
41 143
41 144
41 147
41 150
41 153
41 155
41 157
41 162
41 167
41 169
41 170
41 172
41 177
41 183
41 189
41 194
42 43
42 48
42 53
42 55
42 58
42 73
42 96
42 101
42 102
42 104
42 108
42 121
42 126
42 131
42 133
42 137
42 141
42 146
42 153
42 154
42 156
42 167
42 169
42 174
42 181
42 185
43 50
43 54
43 56
43 57
43 59
43 63
43 65
43 69
43 71
43 81
43 86
43 90
43 93
43 99
43 103
43 110
43 113
43 114
43 117
43 119
43 127
43 134
43 138
43 139
43 141
43 144
43 150
43 151
43 159
43 163
43 165
43 179
43 186
43 190
44 47
44 52
44 54
44 55
44 65
44 71
44 74
44 80
44 81
44 82
44 94
44 96
44 103
44 107
44 116
44 119
44 126
44 128
44 131
44 137
44 158
44 159
44 182
44 185
44 186
44 190
44 191
44 192
45 47
45 55
45 60
45 63
45 71
45 76
45 79
45 84
45 88
45 91
45 101
45 105
45 109
45 110
45 122
45 124
45 129
45 141
45 144
45 146
45 157
45 158
45 168
45 174
45 177
45 186
45 187
45 193
45 198
46 49
46 57
46 61
46 62
46 64
46 81
46 85
46 87
46 89
46 92
46 94
46 97
46 100
46 106
46 117
46 120
46 124
46 134
46 135
46 136
46 155
46 157
46 167
46 173
46 175
46 185
46 186
46 188
46 192
46 198
47 48
47 54
47 56
47 59
47 61
47 66
47 67
47 68
47 69
47 72
47 78
47 81
47 93
47 96
47 105
47 106
47 109
47 115
47 116
47 120
47 122
47 139
47 141
47 144
47 148
47 153
47 156
47 160
47 165
47 173
47 176
47 194
48 59
48 66
48 73
48 74
48 75
48 77
48 78
48 83
48 85
48 97
48 106
48 110
48 114
48 116
48 125
48 129
48 130
48 132
48 136
48 140
48 146
48 148
48 154
48 161
48 163
48 164
48 167
48 168
48 170
48 171
48 181
48 194
48 197
49 54
49 59
49 65
49 70
49 76
49 78
49 95
49 96
49 104
49 105
49 108
49 120
49 123
49 124
49 128
49 136
49 137
49 141
49 145
49 148
49 158
49 170
49 188
49 191
49 193
49 198
50 59
50 63
50 64
50 67
50 68
50 71
50 81
50 82
50 85
50 88
50 92
50 101
50 105
50 106
50 108
50 112
50 114
50 115
50 116
50 120
50 121
50 127
50 128
50 133
50 134
50 136
50 138
50 146
50 150
50 158
50 162
50 163
50 173
50 177
50 178
50 179
50 182
50 185
50 187
50 189
50 195
50 197
51 52
51 58
51 59
51 65
51 66
51 67
51 76
51 80
51 85
51 96
51 98
51 105
51 108
51 121
51 124
51 134
51 140
51 144
51 149
51 159
51 163
51 172
51 176
51 177
51 179
51 180
51 181
51 187
51 195
52 55
52 60
52 61
52 64
52 72
52 76
52 81
52 84
52 91
52 95
52 96
52 117
52 126
52 127
52 136
52 143
52 157
52 158
52 160
52 161
52 163
52 167
52 168
52 170
52 175
52 181
52 188
52 199
53 70
53 72
53 74
53 75
53 77
53 81
53 84
53 88
53 102
53 111
53 115
53 118
53 119
53 120
53 126
53 132
53 137
53 140
53 143
53 146
53 148
53 152
53 157
53 159
53 160
53 166
53 184
53 188
53 192
53 194
53 199
54 58
54 59
54 61
54 63
54 65
54 70
54 71
54 73
54 75
54 80
54 86
54 87
54 95
54 104
54 106
54 108
54 114
54 116
54 123
54 125
54 132
54 136
54 138
54 139
54 140
54 144
54 146
54 147
54 155
54 157
54 168
54 178
54 180
54 181
54 182
54 183
54 198
54 199
55 56
55 61
55 64
55 66
55 67
55 71
55 72
55 77
55 81
55 91
55 93
55 96
55 99
55 107
55 117
55 121
55 123
55 126
55 129
55 130
55 138
55 144
55 147
55 152
55 155
55 156
55 160
55 163
55 166
55 169
55 181
55 189
56 64
56 66
56 72
56 76
56 79
56 81
56 84
56 91
56 97
56 110
56 123
56 125
56 126
56 131
56 137
56 139
56 141
56 153
56 155
56 162
56 165
56 167
56 173
56 174
56 175
56 176
56 177
56 182
56 183
56 185
56 189
56 191
56 196
56 197
57 61
57 71
57 77
57 78
57 80
57 84
57 88
57 106
57 108
57 113
57 126
57 127
57 129
57 130
57 132
57 137
57 146
57 151
57 152
57 161
57 162
57 164
57 169
57 176
57 177
57 178
57 188
57 190
57 192
57 194
58 60
58 66
58 71
58 73
58 82
58 84
58 87
58 89
58 93
58 96
58 99
58 106
58 108
58 118
58 119
58 125
58 127
58 130
58 133
58 143
58 151
58 158
58 160
58 166
58 173
58 179
58 184
58 186
58 191
58 196
59 61
59 65
59 66
59 71
59 76
59 78
59 81
59 85
59 86
59 90
59 112
59 114
59 116
59 134
59 135
59 136
59 138
59 139
59 143
59 145
59 149
59 165
59 172
59 173
59 174
59 175
59 191
59 194
60 71
60 73
60 75
60 77
60 79
60 81
60 84
60 91
60 95
60 100
60 108
60 111
60 120
60 122
60 123
60 128
60 130
60 133
60 137
60 144
60 149
60 153
60 156
60 161
60 162
60 165
60 166
60 167
60 168
60 169
60 171
60 176
60 181
60 183
60 184
60 191
60 193
61 71
61 78
61 79
61 87
61 97
61 100
61 103
61 109
61 112
61 124
61 130
61 145
61 147
61 148
61 152
61 157
61 158
61 162
61 167
61 169
61 176
61 179
61 180
61 184
61 185
61 189
61 190
61 194
61 195
62 63
62 64
62 73
62 74
62 78
62 85
62 88
62 90
62 98
62 123
62 142
62 144
62 158
62 164
62 177
62 178
62 184
62 190
62 191
62 194
63 67
63 76
63 83
63 88
63 94
63 99
63 105
63 113
63 128
63 135
63 138
63 139
63 145
63 146
63 151
63 159
63 160
63 162
63 165
63 170
63 174
63 178
63 184
63 185
63 190
63 192
63 193
63 194
63 196
63 198
64 65
64 70
64 75
64 80
64 82
64 84
64 86
64 95
64 98
64 106
64 109
64 115
64 116
64 120
64 129
64 135
64 137
64 138
64 152
64 156
64 157
64 160
64 161
64 171
64 174
64 175
64 180
64 197
65 70
65 73
65 80
65 83
65 88
65 90
65 96
65 101
65 104
65 105
65 108
65 114
65 126
65 130
65 134
65 135
65 149
65 153
65 162
65 176
65 180
65 182
65 190
66 68
66 76
66 78
66 80
66 92
66 95
66 98
66 100
66 105
66 113
66 125
66 126
66 132
66 148
66 151
66 159
66 166
66 172
66 173
66 176
66 180
66 186
66 187
66 193
66 194
66 199
67 70
67 71
67 76
67 77
67 100
67 101
67 109
67 112
67 117
67 119
67 127
67 134
67 137
67 138
67 140
67 142
67 143
67 145
67 147
67 148
67 149
67 159
67 162
67 167
67 170
67 176
67 180
67 186
67 188
67 189
67 191
67 193
67 194
67 197
68 72
68 75
68 77
68 78
68 80
68 86
68 99
68 102
68 103
68 105
68 106
68 112
68 114
68 119
68 120
68 123
68 130
68 132
68 134
68 138
68 139
68 146
68 161
68 163
68 166
68 167
68 175
68 179
68 180
69 70
69 71
69 73
69 87
69 88
69 90
69 92
69 100
69 103
69 105
69 111
69 121
69 128
69 132
69 133
69 139
69 142
69 150
69 151
69 155
69 171
69 175
69 185
69 188
69 190
69 196
70 76
70 79
70 81
70 84
70 86
70 88
70 90
70 93
70 101
70 104
70 108
70 117
70 121
70 124
70 144
70 160
70 166
70 171
70 173
70 179
70 182
70 183
70 186
70 187
70 190
71 80
71 81
71 99
71 101
71 103
71 106
71 121
71 124
71 125
71 129
71 142
71 143
71 144
71 153
71 154
71 155
71 165
71 181
71 182
71 189
71 192
71 194
71 199
72 82
72 108
72 109
72 112
72 113
72 121
72 126
72 135
72 143
72 145
72 147
72 150
72 162
72 173
72 176
72 177
72 181
72 182
72 188
72 190
72 192
72 193
72 195
73 79
73 87
73 90
73 91
73 94
73 95
73 97
73 108
73 112
73 116
73 118
73 125
73 148
73 153
73 162
73 164
73 166
73 175
73 182
73 191
73 193
73 195
74 75
74 76
74 79
74 93
74 97
74 111
74 121
74 127
74 134
74 139
74 140
74 147
74 153
74 154
74 155
74 157
74 158
74 159
74 170
74 179
74 181
75 95
75 97
75 104
75 106
75 117
75 123
75 127
75 129
75 135
75 138
75 146
75 151
75 158
75 162
75 163
75 165
75 176
75 184
75 187
75 190
75 194
75 195
76 89
76 100
76 102
76 103
76 108
76 111
76 113
76 114
76 121
76 136
76 137
76 138
76 142
76 143
76 144
76 149
76 155
76 157
76 166
76 171
76 177
76 179
76 181
76 195
77 78
77 81
77 89
77 90
77 91
77 100
77 106
77 108
77 113
77 122
77 136
77 152
77 165
77 173
77 177
77 183
77 189
77 199
78 79
78 80
78 91
78 95
78 101
78 104
78 106
78 108
78 109
78 115
78 116
78 120
78 123
78 132
78 133
78 147
78 150
78 153
78 157
78 160
78 163
78 164
78 176
78 186
78 187
78 190
78 193
78 199
79 83
79 86
79 88
79 90
79 91
79 100
79 101
79 103
79 106
79 108
79 114
79 128
79 140
79 155
79 156
79 162
79 165
79 166
79 167
79 190
79 192
80 82
80 86
80 87
80 92
80 98
80 99
80 106
80 112
80 121
80 125
80 126
80 127
80 139
80 141
80 144
80 150
80 160
80 161
80 163
80 173
80 174
80 178
80 180
80 183
80 184
80 187
80 189
80 198
81 103
81 108
81 118
81 121
81 123
81 141
81 148
81 152
81 153
81 155
81 159
81 167
81 175
81 180
81 184
81 187
81 188
81 191
81 194
81 197
82 83
82 86
82 94
82 100
82 105
82 109
82 112
82 118
82 124
82 134
82 145
82 149
82 153
82 160
82 165
82 167
82 169
82 170
82 172
82 188
82 189
82 190
82 192
82 195
83 86
83 93
83 102
83 105
83 106
83 107
83 116
83 123
83 125
83 127
83 136
83 139
83 141
83 143
83 150
83 155
83 168
83 169
83 179
83 185
83 189
83 192
84 95
84 103
84 117
84 123
84 126
84 133
84 139
84 154
84 161
84 165
84 167
84 169
84 170
84 177
84 180
84 186
84 189
85 87
85 94
85 100
85 104
85 108
85 110
85 112
85 113
85 118
85 121
85 127
85 132
85 134
85 139
85 144
85 150
85 162
85 166
85 168
85 169
85 170
85 172
85 181
85 184
85 186
85 188
85 191
85 196
86 99
86 102
86 110
86 113
86 116
86 119
86 121
86 123
86 127
86 145
86 146
86 150
86 152
86 159
86 167
86 169
86 175
86 182
86 191
86 192
86 194
86 197
86 198
86 199
87 89
87 94
87 95
87 98
87 101
87 106
87 111
87 114
87 115
87 120
87 122
87 135
87 139
87 142
87 154
87 163
87 166
87 167
87 182
87 183
87 184
87 190
88 101
88 114
88 128
88 147
88 154
88 156
88 162
88 163
88 164
88 169
88 172
88 176
88 177
88 178
88 182
88 198
89 90
89 92
89 96
89 102
89 108
89 111
89 118
89 121
89 129
89 132
89 135
89 136
89 144
89 156
89 162
89 163
89 168
89 184
89 185
89 188
89 189
89 192
90 92
90 99
90 100
90 103
90 110
90 114
90 118
90 119
90 120
90 123
90 124
90 128
90 130
90 147
90 169
90 173
90 174
90 176
90 182
90 185
90 190
90 192
90 193
90 195
91 103
91 104
91 106
91 111
91 112
91 113
91 114
91 122
91 130
91 143
91 144
91 151
91 161
91 168
91 169
91 183
91 185
91 193
91 196
91 197
92 93
92 111
92 114
92 132
92 133
92 140
92 144
92 146
92 156
92 159
92 168
92 191
92 198
93 94
93 97
93 98
93 103
93 104
93 120
93 121
93 126
93 127
93 140
93 146
93 156
93 160
93 161
93 166
93 173
93 177
93 188
94 95
94 97
94 103
94 104
94 107
94 108
94 118
94 129
94 147
94 151
94 154
94 158
94 161
94 163
94 166
94 182
94 183
94 194
94 195
94 199
95 109
95 115
95 127
95 130
95 142
95 150
95 159
95 161
95 164
95 168
95 170
95 181
96 99
96 103
96 105
96 106
96 108
96 116
96 120
96 131
96 135
96 136
96 138
96 140
96 141
96 144
96 149
96 150
96 155
96 159
96 163
96 164
96 166
96 167
96 173
96 185
96 187
96 190
96 191
96 194
96 195
96 196
96 198
96 199
97 100
97 111
97 114
97 115
97 118
97 123
97 127
97 133
97 138
97 147
97 149
97 161
97 169
97 173
97 179
97 181
97 186
97 194
97 197
98 99
98 104
98 106
98 109
98 110
98 111
98 112
98 114
98 118
98 124
98 128
98 142
98 143
98 144
98 146
98 147
98 148
98 150
98 152
98 158
98 161
98 164
98 182
98 183
98 195
99 101
99 114
99 118
99 123
99 136
99 138
99 142
99 148
99 155
99 157
99 158
99 160
99 162
99 169
99 170
99 178
99 179
99 181
99 184
99 186
99 187
99 190
100 101
100 103
100 104
100 107
100 109
100 111
100 124
100 126
100 129
100 130
100 135
100 136
100 137
100 141
100 153
100 155
100 159
100 162
100 164
100 168
100 181
100 199
101 122
101 127
101 142
101 143
101 152
101 153
101 155
101 159
101 175
101 176
101 177
101 182
101 186
101 190
101 191
102 112
102 124
102 134
102 140
102 149
102 168
102 170
102 173
102 192
103 105
103 110
103 115
103 117
103 121
103 129
103 152
103 156
103 158
103 159
103 197
103 198
104 114
104 115
104 123
104 131
104 140
104 164
104 166
104 167
104 174
104 181
104 187
104 189
104 191
104 192
105 110
105 114
105 116
105 124
105 129
105 137
105 138
105 144
105 145
105 146
105 162
105 164
105 166
105 173
105 178
105 179
105 180
105 188
105 190
105 194
105 198
106 108
106 110
106 120
106 126
106 128
106 133
106 139
106 150
106 156
106 159
106 163
106 165
106 169
106 181
106 182
106 183
107 112
107 119
107 124
107 125
107 126
107 127
107 129
107 135
107 140
107 141
107 142
107 143
107 146
107 147
107 151
107 152
107 153
107 157
107 164
107 172
107 182
107 187
107 189
107 191
108 121
108 122
108 134
108 140
108 151
108 162
108 163
108 175
108 177
108 183
108 187
108 190
108 191
108 195
109 110
109 112
109 119
109 133
109 134
109 137
109 139
109 146
109 154
109 166
109 168
109 180
109 181
109 183
109 194
110 111
110 115
110 116
110 123
110 129
110 138
110 147
110 149
110 151
110 152
110 157
110 163
110 165
110 166
110 172
110 174
110 178
110 184
110 187
110 188
110 191
110 199
111 115
111 117
111 124
111 130
111 145
111 148
111 149
111 169
111 182
111 187
111 191
112 115
112 116
112 124
112 126
112 137
112 138
112 145
112 152
112 155
112 169
112 171
112 177
112 178
112 184
112 190
113 123
113 124
113 130
113 132
113 139
113 140
113 142
113 143
113 146
113 148
113 151
113 166
113 181
113 185
114 116
114 119
114 126
114 134
114 148
114 153
114 159
114 164
114 169
114 175
114 176
114 186
114 192
114 196
114 198
115 119
115 130
115 141
115 145
115 146
115 149
115 165
115 167
115 169
115 171
115 174
115 180
115 190
115 193
115 196
115 198
116 122
116 123
116 140
116 153
116 156
116 166
116 171
116 172
116 178
116 179
116 181
116 182
116 184
116 186
116 188
116 197
116 199
117 119
117 124
117 128
117 142
117 144
117 147
117 148
117 151
117 160
117 166
117 168
117 170
117 186
117 187
117 196
118 119
118 121
118 131
118 138
118 139
118 145
118 148
118 149
118 155
118 156
118 163
118 164
118 165
118 167
118 173
118 174
118 175
118 180
118 181
118 184
118 196
118 198
119 121
119 148
119 150
119 169
119 170
119 184
119 185
119 188
119 198
120 122
120 126
120 133
120 134
120 135
120 137
120 138
120 143
120 156
120 157
120 160
120 165
120 178
120 179
120 181
120 194
121 127
121 129
121 131
121 132
121 133
121 136
121 144
121 145
121 147
121 157
121 160
121 165
121 168
121 169
121 171
121 172
121 174
121 178
121 180
121 190
121 194
122 123
122 126
122 128
122 141
122 143
122 147
122 148
122 149
122 150
122 151
122 152
122 157
122 161
122 185
122 188
122 190
122 199
123 127
123 129
123 133
123 134
123 136
123 139
123 145
123 147
123 155
123 163
123 169
123 170
123 171
123 172
123 174
123 178
123 190
123 194
123 197
124 137
124 142
124 145
124 146
124 155
124 157
124 158
124 162
124 170
124 172
124 173
124 174
124 177
124 179
124 181
124 183
124 184
124 190
124 191
124 194
124 196
125 129
125 130
125 135
125 141
125 142
125 145
125 146
125 147
125 153
125 154
125 164
125 165
125 173
125 177
125 178
125 183
125 184
125 191
125 195
126 134
126 149
126 156
126 157
126 158
126 168
126 179
126 181
126 188
126 190
126 194
127 130
127 132
127 138
127 142
127 148
127 151
127 157
127 158
127 165
127 166
127 170
127 191
127 195
128 129
128 138
128 141
128 143
128 148
128 157
128 159
128 167
128 172
128 177
128 178
128 179
128 180
128 185
128 188
128 190
128 195
128 196
128 197
129 138
129 143
129 144
129 150
129 169
129 172
130 134
130 136
130 141
130 153
130 157
130 158
130 160
130 168
130 177
130 186
130 189
130 192
130 198
131 133
131 139
131 144
131 148
131 165
131 179
131 183
131 194
132 133
132 135
132 136
132 144
132 146
132 151
132 152
132 157
132 158
132 159
132 163
132 168
132 170
132 175
132 177
132 192
132 196
133 147
133 153
133 156
133 159
133 165
133 168
133 169
133 174
133 175
133 178
133 182
133 185
133 196
133 198
134 137
134 143
134 152
134 155
134 160
134 161
134 162
134 164
134 168
134 172
134 177
134 179
134 185
134 190
135 137
135 138
135 141
135 148
135 150
135 153
135 154
135 168
135 172
135 174
135 178
135 183
135 184
135 187
135 192
135 193
135 197
136 138
136 139
136 141
136 147
136 149
136 152
136 157
136 162
136 166
136 183
136 184
136 191
136 192
137 147
137 155
137 156
137 169
137 181
137 183
137 193
137 196
137 197
138 139
138 148
138 149
138 151
138 156
138 159
138 160
138 168
138 171
138 176
138 180
138 181
138 186
138 187
138 190
139 145
139 150
139 155
139 168
139 170
139 172
139 173
139 175
139 180
139 182
139 184
139 185
139 187
139 189
140 152
140 153
140 154
140 158
140 159
140 164
140 166
140 179
140 183
140 186
140 190
140 197
141 143
141 144
141 145
141 158
141 162
141 172
141 178
141 190
141 193
141 194
141 197
142 145
142 147
142 154
142 161
142 166
142 172
142 179
142 182
142 188
142 189
142 194
143 151
143 165
143 167
143 178
143 183
143 187
144 146
144 148
144 149
144 153
144 154
144 156
144 159
144 162
144 163
144 168
144 170
144 173
144 174
144 180
144 181
144 184
144 187
144 188
144 193
145 154
145 166
145 180
145 185
145 187
145 197
146 148
146 149
146 156
146 157
146 158
146 159
146 171
146 183
146 190
146 193
146 194
146 197
147 159
147 160
147 169
147 170
147 172
147 174
147 180
147 199
148 158
148 162
148 170
148 171
148 173
148 177
148 180
148 182
148 196
149 152
149 157
149 165
149 166
149 177
149 180
149 186
149 190
149 193
149 195
150 152
150 163
150 168
150 169
150 178
150 180
150 181
150 183
150 187
150 190
150 195
150 199
151 157
151 163
151 165
151 166
151 173
151 177
151 185
151 187
151 198
152 163
152 175
152 177
152 180
152 191
152 195
153 157
153 158
153 160
153 162
153 164
153 167
153 175
153 176
153 180
153 183
153 184
153 186
153 187
153 190
153 194
153 197
153 199
154 155
154 166
154 167
154 173
154 184
154 191
154 195
154 199
155 157
155 165
155 167
155 179
155 184
155 186
155 190
156 160
156 170
156 171
156 172
156 181
156 183
156 184
156 187
156 189
156 191
156 192
156 197
157 160
157 162
157 174
157 177
157 181
157 190
157 194
157 198
158 160
158 164
158 165
158 166
158 169
158 172
158 174
158 178
158 183
158 188
158 196
159 160
159 166
159 167
159 177
159 181
159 191
159 193
159 195
160 164
160 167
160 170
160 173
160 175
160 180
160 182
160 187
160 188
160 192
160 194
161 166
161 171
161 173
161 174
161 193
161 194
162 165
162 166
162 167
162 174
162 179
162 182
162 190
162 191
162 196
163 174
163 176
163 178
163 181
163 182
163 185
163 189
163 191
163 195
163 196
164 171
164 174
164 192
164 195
165 169
165 171
165 172
165 177
165 184
165 185
165 191
165 193
165 196
165 198
166 177
166 178
166 180
166 185
167 168
167 171
167 179
167 180
167 181
167 183
167 188
167 196
167 197
168 172
168 173
168 174
168 178
168 187
168 194
168 195
169 174
169 176
169 184
169 185
169 188
169 192
170 177
170 186
170 187
170 194
171 177
171 186
171 192
171 198
172 176
172 181
172 186
173 174
173 177
173 184
173 187
173 190
173 192
173 196
173 199
174 180
174 182
174 190
174 196
175 177
175 189
175 192
176 178
176 180
176 188
176 193
176 194
176 195
177 182
177 183
177 187
177 188
177 192
177 193
178 188
178 192
178 197
178 199
179 182
179 183
179 184
179 196
179 197
180 182
180 196
180 199
181 189
181 197
182 186
183 189
183 190
183 191
183 192
183 193
183 197
184 186
184 192
184 195
184 197
184 198
185 187
185 196
186 189
186 190
187 193
188 193
188 198
189 196
190 193
190 197
191 192
191 194
191 199
192 194
192 195
192 198
193 198
194 196
195 199
196 197
22 76 95 9 37 177 35 165 134 69 47 127 70 125 163 118 26 173 182 29 192 45 7 56 172 74 108 91 152 20
195 28 51 109 8 97 40 93 66 156 139 110 85 115 187 180 111 185 193 94 145 175 16 154 101 166 136 99 113 164
140 196 23 105 130 159 160 138 123 135 117 90 162 3 186 50 150 33 68 44 46 63 78 116 42 6 148 143 157 153
197 183 190 198 133 119 122 81 158 32 80 126 176 15 21 120 60 96 43 188 62 174 61 147 184 100 31 57 181 114
170 59 82 71 149 18 79 112 104 14 194 142 11 65 131 34 13 161 128 55 75 86 19 58 178 38 5 129 49 77
92 168 189 89 151 179 2 106 121 41 24 67 144 98 107 146 12 25 53 169 48 83 132 10 64 167 103 17 155 84
1 52 39 199 102 137 191 87 73 27 0 72 4 88 124 54 141 30 171 36
