30
270
10
1
62
8
28
59
65
65
86
97
1
0 1
0 2
0 5
0 6
0 7
0 8
0 9
0 11
0 13
0 16
0 17
0 18
0 19
0 20
0 21
0 24
0 28
0 29
1 2
1 3
1 4
1 5
1 6
1 7
1 8
1 9
1 11
1 13
1 14
1 15
1 19
1 20
1 22
1 25
1 26
1 27
1 28
1 29
2 4
2 6
2 7
2 8
2 9
2 10
2 11
2 13
2 16
2 17
2 19
2 20
2 21
2 23
2 24
2 25
2 27
2 28
3 5
3 7
3 8
3 10
3 12
3 13
3 14
3 15
3 17
3 18
3 19
3 20
3 22
3 25
3 26
3 27
3 28
3 29
4 5
4 8
4 11
4 12
4 13
4 14
4 15
4 17
4 24
4 25
4 26
4 27
4 28
4 29
5 6
5 7
5 8
5 9
5 10
5 11
5 12
5 14
5 15
5 16
5 18
5 19
5 20
5 21
5 23
5 24
5 25
5 26
5 27
5 28
5 29
6 8
6 9
6 10
6 11
6 12
6 14
6 15
6 17
6 19
6 20
6 21
6 23
6 26
6 27
6 28
7 10
7 14
7 15
7 16
7 18
7 19
7 20
7 22
7 24
7 25
7 26
7 28
7 29
8 9
8 11
8 12
8 14
8 16
8 18
8 19
8 20
8 21
8 22
8 24
8 25
8 26
8 27
8 28
9 10
9 11
9 12
9 13
9 15
9 16
9 17
9 18
9 19
9 21
9 22
9 23
9 27
9 28
9 29
10 11
10 12
10 14
10 15
10 17
10 19
10 22
10 26
10 27
10 29
11 12
11 13
11 14
11 17
11 19
11 21
11 22
11 23
11 24
11 26
11 27
11 29
12 13
12 15
12 16
12 18
12 21
12 22
12 24
12 25
12 26
12 28
12 29
13 20
13 22
13 23
13 24
13 28
13 29
14 16
14 17
14 18
14 19
14 20
14 23
14 26
14 28
14 29
15 17
15 20
15 24
15 26
15 28
16 18
16 19
16 20
16 21
16 22
16 23
17 18
17 21
17 25
17 26
17 29
18 19
18 20
18 21
18 22
18 23
18 24
18 25
18 27
19 20
19 22
19 25
19 27
19 28
19 29
20 21
20 23
20 24
20 25
20 27
20 28
21 22
21 23
21 26
21 28
22 24
22 26
22 27
22 28
22 29
23 26
23 27
24 25
24 27
24 28
25 27
26 28
26 29
27 28
27 29
29 11 22
12 21 19
20 26 16
2 17 8
0 3 1
9 13 14
23 7 27
15 5 18
6 25 28
4 10 24
