30
135
8
3
38
28
97
33
8
71
78
0 2
0 4
0 6
0 9
0 11
0 12
0 18
0 19
0 21
0 25
0 26
0 29
1 6
1 10
1 19
1 22
1 23
1 24
1 28
2 7
2 9
2 11
2 14
2 17
2 24
3 6
3 7
3 9
3 11
3 18
3 20
3 21
3 23
3 24
4 5
4 6
4 9
4 11
4 13
4 15
4 24
4 25
4 26
5 9
5 15
5 16
5 25
6 11
6 17
6 20
6 25
7 9
7 11
7 12
7 17
7 23
7 28
8 13
8 17
8 18
8 20
8 25
8 27
8 29
9 10
9 11
9 15
9 19
9 24
9 25
9 29
10 11
10 14
10 20
10 25
10 26
10 27
10 29
11 13
11 17
11 23
11 24
11 25
12 14
12 16
12 23
13 16
13 17
13 19
13 21
13 24
13 26
13 28
14 19
14 21
14 27
15 17
15 23
15 24
15 25
15 29
16 17
16 19
16 20
16 21
16 22
16 24
16 25
16 28
16 29
17 22
17 23
17 24
17 26
17 29
18 25
18 28
19 23
19 27
19 29
20 24
20 25
21 22
21 23
21 24
21 25
21 26
21 27
22 23
22 24
22 27
23 28
24 25
25 28
26 29
11 0 17 15
29 27 1 16
2 25 7 13
20 9 26 19
18 24 4 8
10 5 28 3
22 23 6 14
12 21
