30
123
10
79
53
98
45
57
87
65
51
10
4
0 13
0 14
0 15
0 21
0 26
0 28
1 9
1 11
1 14
1 22
1 23
1 24
1 25
1 28
1 29
2 3
2 8
2 12
2 14
2 19
2 20
2 23
2 26
2 29
3 5
3 6
3 11
3 12
3 17
3 21
3 29
4 10
4 11
4 23
4 24
4 25
4 29
5 9
5 12
5 13
5 22
5 23
5 29
6 8
6 11
6 12
6 14
6 15
6 16
6 21
6 24
7 13
7 14
7 21
7 23
7 26
8 11
8 14
8 16
8 18
8 19
8 20
8 23
8 25
9 10
9 13
9 22
9 26
9 27
10 14
10 16
10 17
10 18
10 20
10 29
11 13
11 20
11 24
11 25
11 28
11 29
12 13
12 18
12 25
13 15
13 17
13 20
13 21
13 25
13 26
14 15
14 18
14 20
14 24
14 28
14 29
15 17
15 18
15 19
15 23
15 25
15 27
15 28
16 23
16 29
17 21
17 22
17 26
19 22
19 26
19 27
20 28
21 22
21 23
22 25
22 29
23 26
23 28
24 29
25 27
25 28
26 29
27 29
11 5 25
13 10 20
8 6 26
14 21 18
23 7 15
17 0 29
16 24 22
3 19 2
12 27 4
9 1 28
