300
4485
4
8
1
59
43
0 15
0 16
0 25
0 28
0 45
0 46
0 48
0 55
0 61
0 65
0 66
0 72
0 86
0 96
0 112
0 114
0 127
0 147
0 149
0 150
0 165
0 198
0 214
0 243
0 261
0 267
0 269
0 279
1 12
1 13
1 17
1 23
1 24
1 28
1 34
1 69
1 71
1 80
1 133
1 155
1 179
1 188
1 193
1 197
1 200
1 206
1 213
1 215
1 217
1 229
1 250
1 294
1 297
2 15
2 25
2 39
2 40
2 42
2 56
2 67
2 78
2 101
2 128
2 129
2 170
2 189
2 207
2 210
2 220
2 232
2 238
2 261
2 264
2 265
2 278
2 287
2 299
3 10
3 26
3 39
3 48
3 75
3 89
3 94
3 106
3 115
3 118
3 124
3 152
3 198
3 207
3 233
3 234
3 242
3 248
3 256
3 257
3 284
3 297
4 18
4 48
4 62
4 72
4 74
4 80
4 86
4 114
4 116
4 124
4 132
4 133
4 144
4 168
4 171
4 191
4 207
4 216
4 228
4 246
4 254
4 256
4 280
4 298
5 7
5 19
5 28
5 32
5 40
5 57
5 60
5 67
5 70
5 74
5 84
5 87
5 92
5 111
5 133
5 143
5 145
5 165
5 177
5 222
5 224
5 225
5 240
5 241
5 247
5 256
5 273
5 289
5 292
5 298
6 7
6 18
6 21
6 33
6 47
6 56
6 61
6 64
6 75
6 78
6 83
6 92
6 100
6 111
6 112
6 134
6 143
6 158
6 166
6 174
6 183
6 184
6 191
6 216
6 230
6 235
6 237
6 243
6 244
6 257
6 265
6 271
6 281
6 285
6 297
6 299
7 8
7 19
7 23
7 32
7 38
7 51
7 53
7 86
7 87
7 94
7 108
7 117
7 120
7 122
7 124
7 129
7 130
7 135
7 137
7 181
7 184
7 207
7 219
7 221
7 223
7 232
7 237
7 240
7 251
7 252
7 254
7 255
7 263
7 273
7 282
7 287
8 15
8 19
8 20
8 34
8 44
8 50
8 55
8 74
8 78
8 79
8 98
8 102
8 117
8 121
8 141
8 149
8 150
8 151
8 158
8 170
8 172
8 197
8 204
8 213
8 243
8 260
8 270
8 281
9 11
9 34
9 46
9 57
9 85
9 91
9 95
9 104
9 115
9 121
9 122
9 127
9 134
9 148
9 149
9 171
9 172
9 175
9 180
9 184
9 194
9 200
9 209
9 214
9 215
9 218
9 226
9 235
9 238
9 243
9 251
9 278
10 12
10 19
10 22
10 25
10 42
10 54
10 58
10 69
10 73
10 89
10 109
10 112
10 143
10 194
10 198
10 209
10 222
10 228
10 234
10 250
10 251
10 269
10 277
10 291
10 293
10 298
11 19
11 37
11 40
11 47
11 52
11 70
11 71
11 77
11 103
11 106
11 118
11 126
11 128
11 160
11 164
11 175
11 192
11 194
11 237
11 238
11 249
11 250
11 266
11 283
11 293
12 14
12 40
12 50
12 53
12 60
12 61
12 67
12 72
12 80
12 96
12 97
12 123
12 145
12 159
12 160
12 162
12 178
12 188
12 195
12 221
12 229
12 237
12 253
12 255
12 277
12 289
12 295
13 17
13 18
13 22
13 38
13 41
13 42
13 44
13 52
13 61
13 67
13 70
13 78
13 83
13 104
13 107
13 114
13 115
13 116
13 136
13 141
13 156
13 187
13 195
13 212
13 244
13 247
13 259
13 269
13 273
13 289
13 299
14 23
14 47
14 60
14 70
14 90
14 112
14 116
14 126
14 140
14 151
14 152
14 160
14 162
14 183
14 190
14 208
14 213
14 237
14 241
14 267
14 279
14 288
14 289
14 296
15 16
15 37
15 53
15 58
15 84
15 92
15 115
15 123
15 133
15 135
15 159
15 174
15 177
15 184
15 186
15 211
15 214
15 223
15 227
15 253
15 262
15 268
15 277
15 281
15 289
16 20
16 64
16 68
16 69
16 74
16 79
16 81
16 83
16 114
16 123
16 144
16 169
16 183
16 188
16 199
16 201
16 214
16 224
16 240
16 256
16 263
16 268
17 24
17 41
17 42
17 55
17 63
17 84
17 122
17 124
17 131
17 133
17 145
17 147
17 151
17 170
17 180
17 188
17 193
17 195
17 211
17 219
17 226
17 233
17 247
17 256
17 264
17 266
17 274
17 280
17 294
18 33
18 37
18 76
18 82
18 85
18 104
18 117
18 142
18 147
18 152
18 155
18 160
18 185
18 199
18 215
18 222
18 228
18 229
18 241
18 261
18 264
18 266
18 277
18 280
18 289
18 297
19 24
19 43
19 44
19 70
19 78
19 91
19 99
19 130
19 140
19 149
19 150
19 158
19 168
19 189
19 209
19 247
19 294
20 21
20 30
20 66
20 98
20 102
20 109
20 118
20 126
20 132
20 133
20 191
20 204
20 205
20 206
20 215
20 216
20 219
20 220
20 221
20 230
20 270
20 276
20 278
20 291
20 296
21 38
21 50
21 69
21 89
21 91
21 103
21 141
21 151
21 156
21 157
21 179
21 190
21 194
21 226
21 230
21 232
21 236
21 239
21 240
21 245
21 263
21 266
21 271
21 274
21 276
22 42
22 59
22 67
22 79
22 100
22 112
22 114
22 154
22 184
22 191
22 193
22 218
22 220
22 221
22 226
22 250
22 272
22 276
22 292
23 33
23 75
23 143
23 163
23 166
23 167
23 177
23 180
23 185
23 194
23 195
23 218
23 227
23 231
23 233
23 242
23 272
23 278
23 279
23 283
23 291
24 43
24 52
24 53
24 57
24 59
24 64
24 76
24 78
24 81
24 83
24 89
24 91
24 98
24 100
24 101
24 103
24 109
24 110
24 113
24 119
24 124
24 147
24 166
24 175
24 198
24 213
24 214
24 215
24 216
24 223
24 226
24 241
24 264
24 277
24 281
24 297
25 45
25 48
25 54
25 69
25 83
25 92
25 114
25 116
25 141
25 151
25 152
25 153
25 157
25 166
25 200
25 209
25 219
25 230
25 232
25 234
25 261
25 272
25 275
25 289
25 292
25 293
26 35
26 40
26 42
26 47
26 49
26 52
26 94
26 97
26 102
26 130
26 147
26 148
26 150
26 153
26 154
26 160
26 164
26 170
26 173
26 198
26 199
26 205
26 208
26 217
26 227
26 231
26 244
26 246
26 258
26 261
26 267
26 277
27 32
27 40
27 45
27 48
27 60
27 64
27 66
27 113
27 130
27 141
27 151
27 161
27 178
27 187
27 188
27 205
27 212
27 224
27 226
27 230
27 285
28 32
28 37
28 60
28 70
28 78
28 86
28 95
28 107
28 112
28 113
28 138
28 143
28 156
28 158
28 165
28 183
28 189
28 194
28 217
28 229
28 242
28 256
28 259
28 266
28 276
28 295
29 34
29 59
29 91
29 93
29 141
29 143
29 163
29 173
29 176
29 178
29 180
29 181
29 190
29 193
29 213
29 216
29 220
29 228
29 232
29 283
29 289
29 293
29 299
30 35
30 36
30 58
30 60
30 65
30 66
30 76
30 81
30 85
30 90
30 106
30 112
30 115
30 127
30 132
30 139
30 140
30 141
30 148
30 149
30 171
30 174
30 187
30 204
30 220
30 233
30 272
30 277
30 284
30 291
30 295
30 296
31 46
31 48
31 60
31 65
31 67
31 98
31 108
31 121
31 123
31 131
31 133
31 173
31 186
31 188
31 210
31 214
31 218
31 219
31 222
31 223
31 243
31 254
31 267
31 274
31 289
32 41
32 56
32 85
32 101
32 116
32 134
32 143
32 145
32 146
32 174
32 180
32 188
32 189
32 194
32 203
32 206
32 209
32 220
32 226
32 235
32 245
32 249
32 261
32 269
32 277
32 287
32 291
32 293
32 294
33 37
33 52
33 72
33 88
33 98
33 106
33 119
33 132
33 142
33 147
33 150
33 163
33 197
33 200
33 201
33 206
33 222
33 227
33 241
33 271
33 279
33 280
33 287
33 295
34 54
34 64
34 68
34 72
34 81
34 83
34 92
34 96
34 107
34 117
34 147
34 180
34 202
34 225
34 227
34 229
34 230
34 234
34 243
34 256
34 272
34 282
34 294
35 38
35 47
35 59
35 63
35 66
35 78
35 92
35 98
35 101
35 105
35 115
35 124
35 154
35 180
35 182
35 189
35 198
35 202
35 207
35 227
35 253
35 262
36 46
36 68
36 69
36 84
36 86
36 95
36 116
36 122
36 128
36 171
36 175
36 191
36 204
36 242
36 245
36 258
36 261
36 266
36 267
36 288
36 293
37 50
37 53
37 61
37 63
37 69
37 75
37 86
37 91
37 93
37 108
37 112
37 134
37 146
37 153
37 160
37 171
37 181
37 182
37 184
37 214
37 217
37 256
37 260
37 265
37 275
37 281
37 287
37 290
37 296
37 299
38 76
38 77
38 85
38 88
38 96
38 99
38 103
38 112
38 126
38 136
38 140
38 141
38 151
38 157
38 161
38 174
38 180
38 185
38 193
38 201
38 213
38 225
38 232
38 240
38 242
38 253
38 256
38 268
38 278
38 282
38 283
39 54
39 103
39 107
39 112
39 127
39 137
39 160
39 174
39 176
39 189
39 199
39 202
39 211
39 214
39 218
39 223
39 230
39 236
39 267
39 279
39 286
39 287
39 297
40 44
40 45
40 61
40 62
40 74
40 81
40 83
40 85
40 88
40 95
40 102
40 110
40 114
40 116
40 117
40 132
40 135
40 146
40 163
40 175
40 181
40 192
40 202
40 225
40 230
40 239
40 258
40 287
40 297
40 298
41 51
41 66
41 84
41 87
41 91
41 109
41 119
41 123
41 135
41 136
41 148
41 159
41 169
41 174
41 178
41 190
41 192
41 206
41 240
41 247
41 252
41 253
41 283
41 292
42 49
42 65
42 68
42 74
42 89
42 97
42 98
42 112
42 116
42 132
42 140
42 145
42 164
42 181
42 206
42 207
42 212
42 216
42 218
42 226
42 228
42 239
42 241
42 242
42 248
42 249
42 265
42 270
42 271
42 283
42 285
42 290
42 294
43 61
43 69
43 71
43 89
43 93
43 105
43 113
43 125
43 136
43 146
43 151
43 167
43 171
43 176
43 178
43 187
43 203
43 209
43 247
43 277
43 280
43 283
43 290
44 45
44 53
44 56
44 59
44 74
44 76
44 82
44 85
44 90
44 99
44 106
44 115
44 119
44 133
44 141
44 146
44 149
44 166
44 171
44 182
44 199
44 214
44 215
44 244
44 256
44 257
44 265
44 271
44 296
45 50
45 58
45 64
45 72
45 73
45 76
45 86
45 109
45 121
45 122
45 126
45 143
45 157
45 166
45 172
45 203
45 218
45 238
45 254
45 258
45 264
45 269
45 282
45 287
45 298
46 47
46 48
46 56
46 69
46 77
46 84
46 88
46 99
46 101
46 102
46 103
46 116
46 127
46 137
46 191
46 193
46 194
46 195
46 196
46 204
46 215
46 217
46 247
46 271
46 298
47 68
47 86
47 87
47 88
47 91
47 99
47 122
47 128
47 129
47 149
47 153
47 158
47 166
47 167
47 169
47 171
47 177
47 192
47 220
47 222
47 228
47 229
47 234
47 237
47 241
47 246
47 258
47 260
47 271
47 272
47 293
47 298
48 60
48 81
48 95
48 102
48 109
48 141
48 144
48 146
48 148
48 155
48 162
48 165
48 170
48 172
48 173
48 176
48 186
48 204
48 205
48 206
48 209
48 223
48 229
48 230
48 256
48 260
48 265
48 266
48 272
48 280
48 294
49 58
49 65
49 80
49 115
49 123
49 163
49 171
49 182
49 202
49 204
49 206
49 213
49 223
49 231
49 240
49 247
49 271
49 272
49 287
50 53
50 81
50 86
50 92
50 94
50 100
50 106
50 118
50 120
50 122
50 134
50 138
50 139
50 152
50 162
50 169
50 172
50 174
50 181
50 185
50 186
50 191
50 217
50 218
50 224
50 225
50 252
50 256
50 257
50 263
50 266
50 293
51 68
51 93
51 107
51 108
51 121
51 128
51 148
51 155
51 167
51 194
51 217
51 236
51 244
51 258
51 268
51 271
51 299
52 105
52 112
52 115
52 140
52 160
52 163
52 164
52 169
52 171
52 173
52 215
52 252
52 265
52 271
52 281
52 296
53 58
53 75
53 99
53 103
53 128
53 130
53 139
53 161
53 164
53 180
53 183
53 190
53 204
53 230
53 232
53 234
53 245
53 247
53 255
53 256
53 261
53 279
53 281
53 283
53 284
53 288
54 62
54 80
54 83
54 86
54 95
54 111
54 119
54 122
54 123
54 130
54 149
54 182
54 188
54 197
54 200
54 205
54 213
54 244
54 257
54 269
54 270
54 293
55 60
55 65
55 69
55 73
55 111
55 114
55 146
55 147
55 152
55 154
55 161
55 166
55 171
55 172
55 173
55 190
55 193
55 202
55 205
55 214
55 215
55 224
55 227
55 232
55 265
55 268
55 278
55 294
56 66
56 80
56 88
56 89
56 93
56 119
56 126
56 130
56 131
56 148
56 150
56 152
56 155
56 196
56 210
56 221
56 233
56 236
56 259
56 264
56 273
56 277
56 283
57 76
57 81
57 89
57 91
57 116
57 121
57 125
57 127
57 149
57 166
57 177
57 188
57 208
57 221
57 224
57 226
57 229
57 240
57 241
57 245
57 257
57 290
58 59
58 74
58 77
58 80
58 83
58 95
58 114
58 116
58 117
58 120
58 123
58 130
58 131
58 139
58 162
58 163
58 168
58 172
58 180
58 195
58 196
58 197
58 211
58 216
58 224
58 226
58 239
58 241
58 243
58 249
58 260
58 264
58 265
58 266
58 268
58 286
58 288
59 62
59 65
59 68
59 70
59 85
59 87
59 113
59 133
59 145
59 159
59 164
59 177
59 186
59 188
59 207
59 210
59 211
59 220
59 228
59 231
59 232
59 241
59 251
59 271
59 275
59 276
59 283
59 287
60 65
60 76
60 97
60 98
60 115
60 116
60 121
60 134
60 139
60 143
60 167
60 172
60 182
60 185
60 189
60 202
60 209
60 211
60 216
60 223
60 234
60 236
60 245
60 253
60 267
60 272
60 274
60 277
60 295
60 299
61 66
61 70
61 72
61 78
61 110
61 128
61 136
61 147
61 148
61 154
61 156
61 168
61 171
61 173
61 192
61 199
61 201
61 207
61 210
61 214
61 226
61 249
61 250
61 251
61 259
61 271
61 275
61 283
62 76
62 81
62 94
62 102
62 104
62 122
62 127
62 130
62 133
62 150
62 153
62 163
62 170
62 199
62 238
62 255
62 272
62 274
62 283
63 64
63 67
63 73
63 87
63 88
63 107
63 124
63 128
63 134
63 143
63 154
63 159
63 163
63 172
63 184
63 206
63 216
63 226
63 234
63 256
63 281
63 282
63 288
63 290
64 67
64 91
64 111
64 118
64 122
64 190
64 191
64 234
64 241
64 266
64 275
64 279
64 283
64 290
64 299
65 68
65 69
65 81
65 85
65 106
65 108
65 140
65 159
65 161
65 168
65 169
65 176
65 187
65 194
65 196
65 199
65 204
65 220
65 221
65 232
65 238
65 259
65 272
65 287
65 290
66 77
66 78
66 81
66 83
66 88
66 123
66 157
66 168
66 170
66 174
66 196
66 197
66 205
66 210
66 231
66 235
66 238
66 258
66 275
66 292
66 297
67 75
67 87
67 91
67 104
67 107
67 120
67 163
67 166
67 175
67 176
67 179
67 193
67 202
67 234
67 241
67 248
67 255
67 264
67 265
67 271
67 279
67 282
67 292
68 92
68 95
68 102
68 109
68 130
68 148
68 161
68 165
68 171
68 179
68 184
68 185
68 187
68 191
68 195
68 200
68 209
68 217
68 231
68 244
68 255
68 260
68 261
68 278
68 285
68 286
68 296
68 298
69 71
69 95
69 99
69 114
69 116
69 124
69 128
69 152
69 163
69 164
69 174
69 188
69 205
69 212
69 214
69 238
69 247
69 252
69 257
69 259
69 261
69 268
69 280
69 294
69 296
70 71
70 73
70 74
70 76
70 88
70 92
70 97
70 114
70 118
70 119
70 120
70 122
70 129
70 144
70 146
70 151
70 157
70 168
70 199
70 254
70 257
70 271
70 284
70 293
71 78
71 80
71 85
71 88
71 96
71 105
71 109
71 121
71 126
71 143
71 166
71 171
71 175
71 180
71 183
71 189
71 191
71 192
71 208
71 209
71 218
71 224
71 246
71 252
71 269
71 272
71 275
71 279
71 296
72 78
72 80
72 91
72 95
72 106
72 108
72 113
72 114
72 124
72 134
72 136
72 142
72 147
72 149
72 158
72 160
72 185
72 196
72 205
72 207
72 211
72 240
72 241
72 263
72 273
72 277
72 281
72 288
72 296
73 86
73 90
73 103
73 107
73 112
73 116
73 121
73 124
73 130
73 131
73 139
73 142
73 180
73 186
73 202
73 207
73 221
73 224
73 231
73 233
73 238
73 250
73 256
73 285
73 289
74 92
74 106
74 123
74 149
74 150
74 163
74 167
74 175
74 192
74 202
74 216
74 218
74 224
74 227
74 235
74 241
74 245
74 267
74 268
74 275
74 283
74 288
75 78
75 93
75 102
75 116
75 117
75 127
75 150
75 152
75 160
75 195
75 201
75 228
75 238
75 250
75 253
75 263
75 271
75 279
75 281
75 297
76 82
76 90
76 99
76 105
76 110
76 111
76 117
76 120
76 133
76 143
76 170
76 175
76 181
76 205
76 215
76 227
76 229
76 240
76 248
76 258
76 264
76 268
76 279
77 95
77 106
77 132
77 136
77 156
77 166
77 181
77 184
77 197
77 201
77 204
77 210
77 230
77 237
77 245
77 246
77 260
77 267
77 292
77 293
77 298
78 91
78 92
78 94
78 108
78 121
78 124
78 149
78 183
78 188
78 221
78 229
78 239
78 240
78 241
78 244
78 246
78 262
78 279
78 288
78 296
79 80
79 84
79 96
79 107
79 117
79 126
79 140
79 144
79 180
79 183
79 196
79 208
79 213
79 226
79 229
79 255
79 265
79 279
79 287
80 96
80 97
80 108
80 129
80 134
80 143
80 156
80 172
80 174
80 178
80 187
80 216
80 225
80 230
80 234
80 240
80 254
80 271
80 284
80 296
81 94
81 98
81 110
81 132
81 139
81 147
81 171
81 183
81 200
81 209
81 215
81 218
81 222
81 226
81 238
81 240
81 253
81 262
81 276
81 282
81 289
81 290
81 297
82 93
82 109
82 116
82 122
82 154
82 160
82 170
82 187
82 206
82 217
82 221
82 230
82 235
82 247
82 278
82 286
82 292
83 86
83 94
83 98
83 99
83 111
83 114
83 138
83 151
83 155
83 169
83 175
83 187
83 188
83 194
83 199
83 204
83 205
83 206
83 229
83 243
83 251
83 261
83 290
83 291
83 297
84 86
84 97
84 115
84 130
84 133
84 142
84 147
84 172
84 182
84 185
84 188
84 202
84 216
84 232
84 237
84 241
84 259
84 280
84 281
84 291
84 292
85 96
85 116
85 121
85 127
85 155
85 165
85 180
85 192
85 215
85 217
85 242
85 272
85 290
85 296
86 88
86 96
86 99
86 103
86 118
86 126
86 132
86 148
86 170
86 173
86 180
86 191
86 201
86 206
86 212
86 213
86 216
86 224
86 226
86 242
86 248
86 254
86 257
86 262
86 263
86 274
86 289
87 88
87 90
87 116
87 129
87 137
87 147
87 156
87 157
87 160
87 162
87 167
87 175
87 203
87 207
87 209
87 217
87 231
87 261
87 267
87 279
87 284
87 285
88 108
88 120
88 129
88 130
88 133
88 134
88 139
88 148
88 172
88 173
88 211
88 255
88 261
88 279
88 282
88 286
88 290
89 111
89 116
89 132
89 133
89 140
89 142
89 148
89 155
89 162
89 174
89 180
89 182
89 192
89 196
89 211
89 230
89 277
89 281
89 284
89 287
89 290
89 297
90 91
90 101
90 111
90 118
90 126
90 138
90 156
90 159
90 160
90 162
90 168
90 173
90 200
90 204
90 213
90 231
90 233
90 235
90 236
90 249
90 266
90 278
90 293
90 298
91 118
91 122
91 126
91 132
91 138
91 142
91 146
91 148
91 155
91 168
91 193
91 204
91 232
91 264
91 274
91 275
92 97
92 103
92 107
92 157
92 158
92 161
92 171
92 185
92 194
92 202
92 203
92 226
92 231
92 237
92 241
92 251
92 271
92 283
92 287
92 292
93 118
93 135
93 146
93 171
93 184
93 195
93 200
93 202
93 224
93 230
93 234
93 236
93 244
93 253
93 257
93 273
93 276
93 282
93 286
93 290
93 294
93 296
93 298
94 98
94 105
94 122
94 132
94 145
94 149
94 155
94 163
94 166
94 167
94 172
94 173
94 180
94 186
94 192
94 193
94 203
94 208
94 213
94 235
94 238
94 259
94 260
94 265
94 272
94 276
94 279
94 283
94 286
95 99
95 103
95 124
95 137
95 152
95 171
95 186
95 191
95 204
95 212
95 214
95 218
95 219
95 225
95 234
95 275
95 292
95 299
96 109
96 145
96 161
96 179
96 180
96 183
96 200
96 204
96 207
96 210
96 214
96 225
96 226
96 260
96 267
96 290
97 141
97 151
97 152
97 157
97 160
97 176
97 195
97 196
97 210
97 232
97 235
97 238
97 242
97 243
97 248
97 249
97 255
97 260
97 273
97 289
97 294
97 298
98 113
98 117
98 127
98 129
98 133
98 135
98 142
98 158
98 163
98 177
98 187
98 192
98 196
98 197
98 201
98 203
98 218
98 227
98 232
98 250
98 254
98 259
98 264
98 265
98 266
98 285
98 299
99 101
99 110
99 124
99 128
99 130
99 149
99 152
99 162
99 173
99 182
99 201
99 218
99 230
99 233
99 240
99 249
99 253
99 256
99 281
99 285
100 103
100 106
100 113
100 122
100 125
100 126
100 141
100 142
100 145
100 175
100 199
100 200
100 209
100 213
100 215
100 236
100 238
100 248
100 263
100 268
100 271
100 277
100 287
101 102
101 135
101 146
101 156
101 168
101 171
101 180
101 194
101 209
101 210
101 217
101 222
101 224
101 231
101 235
101 247
101 252
101 264
101 265
102 115
102 137
102 180
102 186
102 193
102 209
102 210
102 221
102 222
102 224
102 225
102 231
102 263
103 111
103 120
103 126
103 127
103 138
103 139
103 140
103 144
103 164
103 166
103 198
103 201
103 228
103 251
103 254
103 259
104 134
104 139
104 140
104 148
104 158
104 159
104 163
104 171
104 173
104 178
104 187
104 190
104 194
104 203
104 214
104 234
104 243
104 245
104 247
104 263
104 270
104 275
104 277
104 278
104 281
104 287
104 295
104 296
104 299
105 108
105 111
105 116
105 121
105 130
105 158
105 173
105 175
105 185
105 190
105 195
105 202
105 203
105 205
105 210
105 216
105 224
105 241
105 254
105 256
105 269
105 272
105 283
105 292
105 293
106 109
106 119
106 149
106 161
106 169
106 178
106 182
106 203
106 214
106 219
106 221
106 228
106 235
106 246
106 247
106 258
106 261
106 269
106 289
106 292
106 296
107 108
107 111
107 113
107 114
107 145
107 149
107 152
107 153
107 155
107 172
107 175
107 192
107 197
107 202
107 235
107 236
107 242
107 246
107 247
107 279
107 293
108 121
108 124
108 143
108 148
108 150
108 152
108 158
108 162
108 164
108 168
108 169
108 176
108 178
108 192
108 199
108 214
108 229
108 247
108 250
108 261
108 262
108 281
108 282
108 286
108 293
108 296
109 122
109 129
109 142
109 153
109 155
109 165
109 170
109 172
109 175
109 182
109 183
109 187
109 198
109 226
109 241
109 255
110 114
110 125
110 133
110 144
110 175
110 176
110 189
110 192
110 214
110 224
110 271
110 283
110 287
110 299
111 119
111 162
111 198
111 209
111 213
111 235
111 244
111 250
111 256
111 259
111 287
112 136
112 138
112 141
112 153
112 154
112 170
112 171
112 176
112 177
112 181
112 196
112 203
112 209
112 212
112 243
112 266
112 297
113 115
113 124
113 133
113 134
113 135
113 137
113 147
113 150
113 152
113 155
113 175
113 176
113 181
113 191
113 200
113 236
113 250
113 255
113 260
113 263
113 270
113 276
114 115
114 123
114 127
114 155
114 169
114 185
114 191
114 204
114 212
114 213
114 246
114 249
114 265
114 277
114 280
114 286
114 288
114 296
115 137
115 147
115 162
115 176
115 178
115 212
115 215
115 219
115 226
115 231
115 255
115 266
115 284
116 119
116 120
116 130
116 159
116 163
116 166
116 198
116 206
116 209
116 229
116 243
116 248
116 262
116 265
116 296
117 121
117 126
117 127
117 129
117 130
117 131
117 138
117 146
117 156
117 164
117 170
117 174
117 179
117 185
117 190
117 203
117 210
117 220
117 221
117 231
117 242
117 246
117 248
117 273
117 276
117 280
117 289
117 295
118 128
118 137
118 138
118 152
118 157
118 161
118 185
118 195
118 204
118 212
118 217
118 247
118 266
119 127
119 164
119 177
119 192
119 193
119 198
119 210
119 225
119 227
119 240
119 264
119 268
119 281
119 282
119 289
119 290
119 296
120 132
120 133
120 139
120 144
120 163
120 223
120 228
120 248
120 251
120 277
120 286
120 297
120 299
121 131
121 132
121 157
121 182
121 188
121 195
121 201
121 203
121 228
121 229
121 245
121 265
121 268
121 282
121 287
121 299
122 128
122 129
122 130
122 137
122 144
122 146
122 149
122 174
122 183
122 184
122 191
122 206
122 212
122 222
122 247
122 254
122 266
122 272
122 282
122 293
122 297
123 132
123 155
123 173
123 198
123 205
123 210
123 212
123 213
123 219
123 223
123 224
123 231
123 247
123 253
123 254
123 259
123 269
123 274
123 282
123 293
123 298
124 137
124 143
124 145
124 169
124 178
124 184
124 187
124 198
124 201
124 208
124 209
124 210
124 227
124 237
124 239
124 246
124 249
124 257
124 281
124 292
125 151
125 161
125 175
125 179
125 181
125 198
125 203
125 205
125 211
125 223
125 232
125 237
125 244
125 252
125 255
125 260
125 272
125 273
125 289
126 135
126 146
126 167
126 168
126 222
126 244
126 249
126 254
126 258
126 259
126 277
126 281
126 284
126 289
126 296
127 139
127 143
127 144
127 145
127 156
127 171
127 210
127 212
127 215
127 220
127 233
127 238
127 249
127 256
127 260
127 267
127 277
127 283
127 288
128 136
128 139
128 149
128 161
128 170
128 172
128 178
128 195
128 200
128 216
128 235
128 236
128 237
128 249
128 256
128 266
129 134
129 147
129 151
129 155
129 158
129 164
129 179
129 186
129 192
129 206
129 214
129 229
129 231
129 251
129 254
129 259
129 263
129 267
129 283
129 288
129 292
129 293
130 140
130 145
130 153
130 154
130 156
130 168
130 190
130 191
130 196
130 219
130 223
130 225
130 240
130 242
130 244
130 245
130 249
130 271
130 278
130 280
130 284
130 289
131 134
131 138
131 139
131 145
131 156
131 161
131 162
131 167
131 180
131 192
131 225
131 229
131 249
131 256
131 259
131 265
131 269
131 274
131 275
131 280
132 140
132 170
132 178
132 190
132 198
132 203
132 205
132 209
132 257
132 264
132 268
132 277
132 289
132 293
133 151
133 155
133 167
133 175
133 182
133 193
133 209
133 222
133 232
133 239
133 243
133 244
133 257
133 258
133 259
133 269
133 279
134 138
134 140
134 151
134 154
134 171
134 172
134 187
134 190
134 196
134 211
134 216
134 229
134 233
134 236
134 245
134 252
134 270
134 298
135 148
135 153
135 154
135 158
135 160
135 171
135 176
135 187
135 234
135 237
135 279
135 281
136 149
136 175
136 207
136 223
136 224
136 227
136 235
136 237
136 257
136 264
136 276
136 283
137 144
137 145
137 146
137 159
137 172
137 177
137 180
137 194
137 204
137 205
137 210
137 211
137 221
137 225
137 226
137 229
137 238
137 242
137 246
137 251
137 264
137 266
137 273
137 274
137 294
137 297
138 140
138 145
138 159
138 165
138 166
138 192
138 210
138 220
138 229
138 232
138 234
138 247
138 256
138 269
138 287
138 298
139 143
139 156
139 164
139 166
139 171
139 208
139 212
139 224
139 228
139 230
139 241
139 242
139 266
139 268
139 281
139 285
140 158
140 175
140 178
140 179
140 209
140 223
140 234
140 242
140 259
140 261
140 274
140 282
141 165
141 174
141 175
141 186
141 188
141 189
141 191
141 199
141 213
141 216
141 217
141 224
141 231
141 243
141 248
141 264
141 265
141 268
141 280
141 288
141 290
141 297
142 156
142 159
142 161
142 169
142 172
142 177
142 189
142 206
142 214
142 237
142 240
142 254
142 273
142 279
142 285
142 298
143 195
143 197
143 199
143 205
143 214
143 221
143 223
143 249
143 256
143 270
143 279
143 285
143 287
143 289
144 151
144 172
144 175
144 180
144 189
144 191
144 193
144 217
144 231
144 245
144 246
144 262
144 295
145 151
145 158
145 166
145 169
145 200
145 204
145 216
145 217
145 220
145 222
145 242
145 252
145 253
145 259
145 261
145 271
145 275
145 282
146 157
146 161
146 174
146 182
146 194
146 196
146 204
146 229
146 239
146 252
146 263
146 266
146 273
146 278
146 281
146 297
146 299
147 150
147 152
147 162
147 165
147 173
147 175
147 184
147 187
147 189
147 191
147 196
147 198
147 201
147 203
147 206
147 209
147 213
147 237
147 242
147 245
147 249
147 252
147 267
147 289
148 149
148 151
148 152
148 156
148 157
148 159
148 160
148 162
148 163
148 175
148 194
148 200
148 204
148 210
148 217
148 252
148 258
148 260
148 299
149 150
149 162
149 175
149 190
149 199
149 229
149 231
149 235
149 241
149 251
149 271
149 277
149 286
149 295
150 156
150 167
150 180
150 186
150 191
150 192
150 253
150 259
150 273
150 276
150 292
150 294
151 162
151 164
151 170
151 177
151 179
151 180
151 188
151 189
151 193
151 196
151 197
151 206
151 221
151 228
151 231
151 252
151 254
151 261
151 275
151 277
151 286
151 289
151 298
152 185
152 196
152 203
152 207
152 210
152 217
152 223
152 241
152 248
152 249
152 274
152 278
152 282
152 285
152 289
153 169
153 197
153 205
153 212
153 216
153 223
153 227
153 238
153 243
153 253
153 263
153 268
153 275
153 276
154 160
154 173
154 186
154 194
154 207
154 215
154 217
154 218
154 222
154 232
154 237
154 263
154 288
155 159
155 177
155 178
155 182
155 195
155 199
155 229
155 280
155 282
155 287
155 297
156 157
156 169
156 172
156 173
156 185
156 188
156 199
156 228
156 240
156 251
156 279
156 286
156 298
157 167
157 183
157 206
157 207
157 215
157 217
157 218
157 227
157 247
157 250
157 260
157 264
157 272
157 275
157 280
157 285
157 288
158 166
158 173
158 193
158 196
158 216
158 218
158 226
158 240
158 250
158 259
158 267
158 289
159 173
159 188
159 198
159 201
159 207
159 214
159 248
159 257
159 261
159 271
159 294
159 296
160 161
160 171
160 181
160 198
160 202
160 208
160 218
160 229
160 237
160 245
160 258
160 277
161 221
161 222
161 226
161 232
161 247
161 262
161 267
161 268
161 297
162 166
162 167
162 190
162 191
162 203
162 206
162 281
162 293
163 166
163 179
163 185
163 189
163 195
163 196
163 211
163 220
163 246
163 250
163 254
163 287
164 175
164 188
164 211
164 212
164 214
164 232
164 233
164 243
164 257
164 259
164 261
164 285
164 289
164 290
165 166
165 169
165 174
165 178
165 203
165 244
165 253
165 257
165 263
166 187
166 190
166 191
166 207
166 208
166 211
166 212
166 216
166 219
166 225
166 232
166 241
166 243
166 244
166 245
166 248
166 260
166 261
166 288
166 294
166 298
167 174
167 186
167 193
167 222
167 262
167 266
167 276
167 279
167 292
167 293
167 299
168 182
168 183
168 205
168 212
168 232
168 239
168 250
168 264
168 266
168 270
168 278
168 280
168 286
169 170
169 203
169 207
169 213
169 215
169 217
169 224
169 246
169 247
169 252
169 262
169 268
169 285
169 286
169 288
170 178
170 182
170 192
170 207
170 213
170 218
170 223
170 226
170 229
170 233
170 235
170 252
170 255
170 256
170 259
170 299
171 174
171 181
171 185
171 186
171 188
171 197
171 208
171 212
171 218
171 219
171 231
171 233
171 247
171 255
171 261
171 272
171 293
172 179
172 181
172 182
172 212
172 226
172 230
172 236
172 245
172 247
172 252
172 253
172 266
172 281
172 294
172 296
172 298
173 197
173 200
173 201
173 215
173 216
173 236
173 253
173 261
173 272
173 291
173 296
174 196
174 206
174 214
174 217
174 225
174 237
174 251
174 267
174 270
174 273
174 291
174 296
174 297
174 299
175 176
175 185
175 196
175 243
175 254
175 259
175 273
175 281
175 297
176 193
176 202
176 215
176 219
176 222
176 254
176 257
176 267
176 273
176 280
176 290
176 291
177 195
177 214
177 233
177 240
177 279
177 282
177 284
177 288
177 293
177 296
178 215
178 225
178 233
178 247
178 277
178 295
179 189
179 197
179 209
179 217
179 220
179 223
179 227
179 230
179 232
179 244
179 251
179 253
179 258
179 264
179 269
179 280
179 286
179 292
180 185
180 187
180 188
180 197
180 206
180 214
180 222
180 233
180 244
180 253
180 265
180 275
180 281
181 182
181 189
181 199
181 209
181 215
181 251
181 252
181 253
181 271
181 274
181 276
181 288
181 292
181 294
181 299
182 204
182 219
182 235
182 258
182 261
182 297
183 204
183 207
183 218
183 220
183 221
183 223
183 226
183 234
183 267
183 271
183 275
183 278
183 290
184 186
184 189
184 199
184 208
184 209
184 211
184 215
184 220
184 221
184 225
184 232
184 251
184 265
184 276
184 292
184 299
185 187
185 189
185 190
185 193
185 194
185 202
185 217
185 239
185 242
185 243
185 248
185 252
185 274
185 275
185 280
185 289
186 224
186 231
186 242
186 249
186 262
186 263
186 265
186 273
186 282
186 295
187 191
187 215
187 223
187 255
187 268
187 275
187 287
187 294
187 295
188 196
188 198
188 216
188 217
188 230
188 236
188 247
188 254
188 262
189 192
189 200
189 201
189 202
189 204
189 205
189 207
189 217
189 225
189 237
189 255
189 257
189 260
189 280
189 285
189 292
189 293
189 295
190 195
190 216
190 222
190 231
190 259
190 263
190 272
191 192
191 194
191 197
191 198
191 224
191 229
191 238
191 243
191 274
191 284
191 296
192 214
192 217
192 229
192 247
192 251
192 277
192 290
193 217
193 230
193 235
193 242
193 248
193 249
193 270
193 281
194 195
194 196
194 209
194 218
194 226
194 227
194 240
194 252
194 257
194 271
194 274
194 283
194 290
195 204
195 207
195 211
195 213
195 220
195 224
195 236
195 275
195 286
195 289
195 295
195 297
196 203
196 212
196 233
196 235
196 251
196 271
196 276
196 279
197 207
197 215
197 222
197 233
197 245
197 248
197 254
197 270
197 287
198 200
198 209
198 210
198 213
198 221
198 222
198 232
198 234
198 236
198 237
198 248
198 250
198 259
198 263
198 264
198 271
198 274
198 275
198 288
198 292
198 297
199 213
199 232
199 233
199 238
199 248
199 253
199 263
199 266
199 275
199 279
199 290
199 291
200 202
200 242
200 246
200 251
200 253
200 255
200 297
201 202
201 203
201 223
201 251
201 273
201 282
201 293
201 294
202 209
202 210
202 230
202 244
202 259
202 269
202 273
202 290
202 297
203 228
203 229
203 244
203 248
203 258
203 274
204 206
204 209
204 212
204 232
204 235
204 253
204 263
204 268
204 293
205 235
205 250
205 259
205 269
205 280
205 286
205 291
205 294
206 215
206 258
206 276
206 284
207 218
207 221
207 227
207 239
207 246
207 251
207 255
207 256
207 273
207 285
207 286
207 295
208 235
208 243
208 254
208 256
208 257
208 258
208 282
209 214
209 219
209 243
209 254
209 265
209 273
209 275
209 278
209 284
210 211
210 224
210 226
210 235
210 246
210 264
210 270
210 273
210 297
210 299
211 222
211 228
211 242
211 244
211 251
211 253
211 261
211 270
211 275
212 217
212 222
212 237
212 240
212 258
212 280
212 286
212 293
213 220
213 237
213 268
213 271
213 274
213 293
214 242
214 243
214 248
214 250
214 252
214 259
214 268
215 219
215 234
215 251
215 254
215 258
215 262
215 270
215 284
215 288
216 220
216 222
216 239
216 244
216 258
216 266
216 273
216 278
216 292
216 298
217 220
217 236
217 242
217 245
217 252
217 255
217 268
217 269
217 270
217 282
217 288
217 293
218 243
218 268
218 275
218 282
218 294
218 296
219 223
219 236
219 240
219 257
219 281
219 288
219 293
219 296
220 239
220 244
220 262
220 279
220 283
220 289
221 232
221 234
221 249
221 253
221 254
221 256
221 259
221 277
221 278
221 283
221 289
221 290
221 296
222 225
222 231
222 243
222 255
222 263
222 265
222 267
222 277
222 284
222 286
222 288
222 295
222 298
223 224
223 239
223 241
223 245
223 248
223 254
223 262
223 272
223 281
223 283
224 225
224 230
224 243
224 253
224 270
224 272
224 278
224 286
225 232
225 233
225 237
225 269
225 272
225 276
225 280
225 288
225 289
225 296
226 231
226 241
226 246
226 270
226 274
226 277
226 284
226 286
226 299
227 255
227 265
227 274
227 278
228 237
228 243
228 246
228 263
228 274
228 275
229 237
229 242
229 261
229 262
229 269
229 270
229 274
229 282
229 285
230 251
230 252
230 258
230 259
230 264
230 268
230 270
230 271
230 281
230 292
230 298
230 299
231 245
231 256
231 258
231 265
231 268
232 240
232 247
232 258
232 269
232 275
232 280
232 281
232 286
232 293
233 238
233 241
233 249
233 252
233 265
233 274
233 279
233 283
233 287
234 239
234 260
234 285
234 290
234 299
235 236
235 251
235 255
235 259
235 265
235 275
235 281
235 291
236 238
236 239
236 250
236 256
236 293
236 298
237 240
237 256
237 286
237 288
237 289
237 292
238 257
238 266
238 272
238 288
238 298
239 248
239 253
239 254
239 262
239 281
239 285
239 288
239 299
240 244
240 245
240 260
240 266
240 273
240 286
240 299
241 245
241 252
241 262
241 265
241 271
241 274
241 275
241 290
242 251
242 258
242 259
242 266
242 283
242 290
243 261
243 275
243 277
243 299
244 263
244 284
244 286
244 288
244 291
244 293
244 298
245 254
245 257
245 260
245 276
245 286
245 292
246 248
246 271
246 274
246 284
246 286
246 287
247 255
247 274
247 275
247 285
248 256
248 265
248 267
248 277
248 282
248 287
248 290
248 298
248 299
249 253
249 267
249 278
250 276
250 280
250 294
251 272
251 274
251 285
252 264
252 278
252 289
252 290
252 293
252 296
252 297
253 258
253 260
253 273
253 283
253 296
254 258
254 262
254 290
254 295
254 299
255 260
255 262
255 263
255 264
255 278
255 289
255 297
256 287
256 291
257 270
257 273
257 297
258 259
258 260
259 269
259 284
259 293
260 262
260 272
260 273
260 279
261 266
261 277
261 286
261 298
262 277
262 280
262 290
262 297
263 270
263 279
263 280
264 270
264 282
264 293
265 268
265 271
266 285
266 294
266 297
267 278
267 280
267 286
268 284
268 295
269 295
269 298
270 271
270 284
270 292
271 280
271 285
271 286
272 285
273 278
273 299
275 285
275 298
276 282
276 288
276 293
277 283
277 284
278 296
279 283
280 284
280 294
280 296
281 296
282 284
282 286
283 288
283 296
283 299
284 292
284 299
285 286
285 293
285 299
286 295
291 296
292 296
48 50 64 223 20 161 259 179 249 211 83 135 99 242 248 94 123 289 15 241 7 214 119 145 245 187 80 70 36 102 205 298 204 67 108 65 157 240 246 219 295 195 132 200 189 49 296 29 144 133 63 202 231 95 141 11 170 278 256 171 173 184 220 162 37 254 163 3 172 140 128 62 230 56 84
112 282 131 191 270 224 39 174 160 45 116 168 42 98 175 30 218 149 250 41 58 225 101 213 151 32 260 86 85 193 277 238 233 114 2 33 215 234 13 126 186 199 129 176 138 177 273 136 284 167 183 236 206 28 31 121 38 146 90 124 82 291 14 290 134 16 122 46 142 69 286 203 125 264 97
274 239 280 71 44 103 51 72 111 196 288 217 232 275 247 60 154 104 147 17 166 110 96 52 272 74 76 127 180 0 281 54 139 77 263 212 251 22 266 107 1 190 257 188 159 153 228 23 88 25 92 294 152 267 276 178 243 89 226 216 43 279 55 81 155 93 258 148 57 21 185 78 12 100 207
182 66 265 164 283 8 47 143 169 208 287 158 297 91 10 18 299 19 198 227 115 6 118 194 235 79 137 209 262 271 87 181 197 222 120 5 27 9 192 165 68 40 293 268 26 105 61 24 53 73 244 252 285 210 59 255 229 113 4 117 221 150 130 34 261 35 237 75 269 109 156 292 106 201 253
