30
302
30
94
25
77
22
55
65
98
15
75
46
43
10
65
36
7
54
22
24
2
54
87
85
63
40
23
0
89
6
44
81
0 1
0 2
0 3
0 4
0 5
0 6
0 7
0 8
0 9
0 10
0 11
0 12
0 13
0 15
0 16
0 18
0 19
0 21
0 22
0 24
0 25
0 27
0 29
1 2
1 3
1 4
1 5
1 7
1 8
1 9
1 10
1 11
1 12
1 13
1 14
1 19
1 22
1 25
1 26
1 27
1 28
1 29
2 3
2 4
2 5
2 7
2 8
2 9
2 11
2 12
2 13
2 14
2 16
2 18
2 19
2 20
2 22
2 24
2 25
2 26
2 27
3 4
3 5
3 7
3 8
3 9
3 10
3 11
3 12
3 13
3 15
3 16
3 17
3 18
3 19
3 20
3 22
3 24
3 26
3 27
3 28
3 29
4 5
4 6
4 8
4 10
4 11
4 12
4 13
4 15
4 16
4 18
4 20
4 21
4 22
4 24
4 25
4 26
4 27
4 29
5 7
5 8
5 10
5 12
5 13
5 14
5 15
5 19
5 20
5 21
5 22
5 23
5 26
5 28
5 29
6 7
6 8
6 11
6 12
6 14
6 16
6 17
6 18
6 19
6 20
6 22
6 24
6 26
6 27
6 28
6 29
7 9
7 13
7 15
7 16
7 18
7 19
7 20
7 21
7 22
7 23
7 24
7 25
7 28
7 29
8 9
8 10
8 11
8 12
8 13
8 14
8 16
8 17
8 19
8 20
8 21
8 23
8 24
8 27
8 28
9 13
9 14
9 15
9 17
9 18
9 19
9 20
9 21
9 23
9 24
9 26
9 27
9 28
9 29
10 12
10 13
10 14
10 18
10 19
10 20
10 22
10 25
10 26
10 28
10 29
11 12
11 15
11 17
11 18
11 20
11 22
11 23
11 25
11 26
11 27
11 29
12 13
12 14
12 16
12 17
12 19
12 20
12 21
12 22
12 23
12 25
12 26
13 16
13 17
13 18
13 20
13 22
13 23
13 26
13 27
13 28
13 29
14 15
14 16
14 17
14 18
14 20
14 21
14 24
14 25
14 26
14 27
14 28
14 29
15 19
15 21
15 22
15 23
15 24
15 25
15 26
15 27
15 29
16 17
16 18
16 23
16 24
16 25
16 27
16 29
17 18
17 21
17 23
17 24
17 25
17 26
17 27
17 28
17 29
18 19
18 22
18 24
18 25
18 29
19 20
19 21
19 23
19 24
19 25
19 26
19 27
19 29
20 21
20 22
20 23
20 25
20 26
20 27
20 28
21 22
21 23
21 24
21 25
21 26
21 27
21 28
22 23
22 24
22 25
22 26
22 27
22 28
22 29
23 27
23 28
24 26
24 27
24 29
25 26
25 27
25 28
25 29
26 27
26 28
26 29
27 29
28 29
16
11
5
13
3
18
9
24
6
2
10
0
26
14
27
20
1
12
8
21
29
17
28
22
23
4
15
19
25
7
