30
265
8
3
12
24
85
0
2
69
38
0 1
0 4
0 5
0 7
0 8
0 11
0 12
0 14
0 16
0 17
0 18
0 19
0 21
0 22
0 23
0 25
0 26
0 27
0 28
1 2
1 3
1 5
1 6
1 8
1 12
1 16
1 18
1 19
1 20
1 21
1 23
1 25
1 26
1 27
1 28
1 29
2 3
2 6
2 7
2 10
2 12
2 13
2 14
2 15
2 16
2 19
2 21
2 22
2 23
2 24
2 25
2 27
2 28
3 5
3 6
3 9
3 13
3 15
3 18
3 19
3 20
3 21
3 22
3 24
3 25
3 26
3 28
3 29
4 5
4 6
4 7
4 9
4 15
4 16
4 18
4 20
4 21
4 24
4 25
4 26
5 6
5 7
5 8
5 10
5 11
5 15
5 16
5 18
5 19
5 20
5 21
5 23
5 26
5 28
5 29
6 7
6 8
6 9
6 11
6 13
6 14
6 15
6 18
6 19
6 20
6 22
6 23
6 25
6 27
6 28
7 8
7 9
7 11
7 12
7 13
7 14
7 15
7 20
7 21
7 22
7 23
7 24
7 26
7 27
7 28
7 29
8 10
8 12
8 13
8 15
8 16
8 17
8 18
8 19
8 20
8 21
8 22
8 23
8 24
8 25
8 27
8 28
8 29
9 10
9 12
9 13
9 15
9 16
9 17
9 18
9 19
9 21
9 22
9 23
9 25
9 26
9 27
10 11
10 15
10 16
10 17
10 18
10 19
10 20
10 21
10 22
10 23
10 25
10 27
10 29
11 14
11 15
11 17
11 18
11 19
11 20
11 21
11 22
11 28
11 29
12 14
12 15
12 16
12 17
12 18
12 20
12 21
12 22
12 25
12 26
12 27
12 28
12 29
13 14
13 15
13 17
13 18
13 21
13 26
14 17
14 18
14 20
14 22
14 26
14 27
15 17
15 23
15 24
15 25
15 26
15 27
15 29
16 17
16 18
16 20
16 21
16 23
16 27
16 28
17 18
17 21
17 25
17 26
17 27
17 28
18 22
18 23
18 24
18 26
18 28
18 29
19 21
19 23
19 25
19 27
19 28
20 21
20 22
20 24
20 25
20 26
20 27
20 28
21 22
21 25
21 26
21 29
22 23
22 26
22 27
22 28
22 29
23 24
23 25
23 27
23 28
23 29
24 25
24 27
24 28
24 29
25 29
26 28
26 29
27 29
17 2 0 7
8 21 24 25
14 10 18 1
12 19 11 15
16 29 9 27
5 3 13 28
22 20 23 4
26 6
