300
4391
20
63
67
32
5
22
39
17
37
16
5
12
87
24
57
70
31
38
78
84
87
0 12
0 30
0 35
0 39
0 43
0 54
0 56
0 71
0 74
0 77
0 87
0 104
0 114
0 118
0 126
0 129
0 138
0 144
0 154
0 157
0 165
0 185
0 193
0 195
0 201
0 216
0 222
0 227
0 251
0 287
0 290
0 293
0 297
1 17
1 23
1 41
1 45
1 49
1 55
1 57
1 72
1 74
1 125
1 132
1 140
1 143
1 146
1 151
1 155
1 161
1 183
1 187
1 188
1 205
1 222
1 237
1 238
1 251
1 252
1 255
1 266
1 270
1 273
1 277
1 297
2 10
2 26
2 52
2 63
2 67
2 68
2 85
2 100
2 103
2 114
2 122
2 128
2 145
2 156
2 157
2 160
2 162
2 176
2 179
2 181
2 185
2 188
2 195
2 207
2 213
2 217
2 227
2 234
2 236
2 259
2 271
2 278
2 280
2 290
2 291
3 12
3 16
3 44
3 54
3 59
3 85
3 91
3 93
3 98
3 108
3 110
3 112
3 142
3 147
3 156
3 160
3 162
3 173
3 180
3 192
3 219
3 253
3 273
3 280
3 289
3 297
4 18
4 27
4 44
4 51
4 54
4 57
4 59
4 62
4 70
4 97
4 104
4 113
4 130
4 146
4 149
4 157
4 164
4 184
4 194
4 232
4 239
4 262
4 282
4 289
4 292
4 295
5 17
5 29
5 43
5 62
5 71
5 74
5 89
5 99
5 101
5 107
5 130
5 132
5 146
5 157
5 160
5 164
5 177
5 195
5 212
5 216
5 218
5 223
5 224
5 242
5 252
5 258
5 266
5 277
5 295
6 12
6 13
6 17
6 39
6 40
6 55
6 56
6 73
6 84
6 95
6 105
6 114
6 140
6 144
6 167
6 169
6 182
6 188
6 196
6 206
6 208
6 210
6 228
6 235
6 237
6 243
6 252
6 254
6 264
6 270
6 273
6 297
7 10
7 16
7 25
7 50
7 78
7 82
7 83
7 94
7 116
7 132
7 195
7 196
7 204
7 217
7 257
7 271
7 277
7 280
7 286
8 30
8 33
8 50
8 57
8 100
8 102
8 105
8 106
8 114
8 115
8 119
8 142
8 144
8 151
8 156
8 194
8 210
8 215
8 225
8 238
8 267
8 269
8 297
9 13
9 23
9 31
9 40
9 43
9 51
9 67
9 85
9 89
9 96
9 114
9 125
9 131
9 135
9 137
9 138
9 141
9 146
9 153
9 159
9 162
9 164
9 165
9 178
9 187
9 215
9 231
9 252
9 253
9 256
9 267
9 268
9 282
9 291
9 298
10 25
10 27
10 30
10 31
10 59
10 74
10 106
10 121
10 123
10 129
10 156
10 175
10 181
10 188
10 201
10 206
10 226
10 236
10 264
10 273
10 285
10 290
10 291
11 22
11 26
11 31
11 83
11 84
11 94
11 96
11 97
11 98
11 109
11 115
11 118
11 135
11 138
11 150
11 153
11 160
11 178
11 181
11 196
11 197
11 210
11 220
11 235
11 251
11 267
11 270
11 284
11 291
12 25
12 41
12 47
12 56
12 58
12 125
12 138
12 141
12 143
12 153
12 154
12 170
12 186
12 194
12 207
12 224
12 243
12 246
12 248
12 254
12 260
12 265
12 296
12 299
13 18
13 27
13 35
13 49
13 52
13 71
13 80
13 109
13 110
13 122
13 130
13 184
13 185
13 190
13 232
13 245
13 249
13 262
13 279
13 290
14 31
14 37
14 70
14 77
14 90
14 108
14 117
14 164
14 186
14 187
14 189
14 193
14 200
14 207
14 218
14 219
14 223
14 224
14 235
14 245
14 266
14 268
14 286
14 293
15 23
15 42
15 60
15 64
15 70
15 72
15 84
15 86
15 89
15 97
15 105
15 110
15 131
15 147
15 151
15 155
15 165
15 173
15 187
15 193
15 214
15 292
16 21
16 26
16 29
16 33
16 46
16 47
16 48
16 57
16 65
16 69
16 70
16 72
16 81
16 84
16 101
16 127
16 193
16 198
16 207
16 227
16 238
16 251
16 252
16 277
16 278
16 286
16 287
16 291
16 294
17 23
17 41
17 47
17 53
17 67
17 73
17 95
17 101
17 103
17 139
17 159
17 175
17 182
17 185
17 195
17 209
17 217
17 253
17 266
17 269
17 275
17 287
18 41
18 43
18 44
18 49
18 69
18 75
18 84
18 89
18 113
18 118
18 120
18 127
18 134
18 137
18 155
18 164
18 165
18 180
18 183
18 208
18 209
18 210
18 221
18 226
18 231
18 233
18 235
18 253
18 268
18 269
18 272
18 280
18 291
18 296
19 29
19 34
19 35
19 46
19 52
19 58
19 66
19 72
19 95
19 103
19 117
19 126
19 148
19 157
19 164
19 180
19 191
19 196
19 215
19 236
19 244
19 256
19 266
19 276
19 285
20 22
20 23
20 28
20 46
20 69
20 106
20 148
20 163
20 177
20 179
20 189
20 190
20 207
20 220
20 225
20 227
20 241
20 246
20 251
20 260
20 281
20 283
21 23
21 56
21 57
21 70
21 77
21 107
21 110
21 118
21 126
21 138
21 143
21 151
21 159
21 163
21 173
21 180
21 183
21 184
21 188
21 213
21 258
21 299
22 24
22 39
22 50
22 52
22 69
22 84
22 91
22 110
22 114
22 116
22 129
22 145
22 159
22 163
22 164
22 182
22 189
22 190
22 192
22 195
22 196
22 204
22 208
22 216
22 224
22 229
22 282
23 38
23 65
23 67
23 84
23 97
23 106
23 107
23 124
23 146
23 154
23 155
23 165
23 166
23 188
23 202
23 213
23 232
23 233
23 235
23 237
23 247
23 271
23 273
23 274
23 289
23 296
24 34
24 35
24 55
24 59
24 69
24 106
24 113
24 120
24 121
24 122
24 137
24 141
24 160
24 165
24 170
24 173
24 190
24 191
24 200
24 221
24 222
24 226
24 227
24 255
24 270
24 271
24 278
24 283
24 299
25 57
25 63
25 78
25 94
25 110
25 121
25 144
25 145
25 159
25 194
25 209
25 231
25 235
25 236
25 254
25 257
25 276
25 279
25 283
25 290
25 295
25 298
26 27
26 46
26 78
26 99
26 116
26 122
26 124
26 126
26 134
26 139
26 153
26 160
26 170
26 172
26 178
26 183
26 204
26 213
26 217
26 226
26 239
26 246
26 269
26 279
26 287
27 37
27 52
27 53
27 57
27 59
27 67
27 75
27 96
27 105
27 110
27 112
27 133
27 136
27 146
27 151
27 162
27 168
27 214
27 227
27 237
27 249
27 253
27 255
27 275
27 280
27 286
27 296
28 32
28 41
28 48
28 61
28 65
28 69
28 70
28 71
28 118
28 130
28 131
28 168
28 171
28 176
28 182
28 195
28 208
28 210
28 220
28 236
28 247
28 251
28 253
28 262
28 273
28 281
29 31
29 32
29 49
29 52
29 70
29 86
29 95
29 130
29 133
29 155
29 168
29 175
29 191
29 205
29 208
29 232
29 245
29 251
29 254
29 255
29 274
29 276
30 67
30 80
30 88
30 97
30 105
30 111
30 112
30 114
30 125
30 127
30 129
30 132
30 136
30 153
30 167
30 170
30 180
30 218
30 221
30 227
30 244
30 254
30 255
30 266
30 274
30 285
30 296
31 37
31 40
31 64
31 83
31 85
31 87
31 88
31 110
31 141
31 145
31 160
31 170
31 182
31 184
31 186
31 206
31 221
31 235
31 237
31 239
31 245
31 248
31 249
31 250
31 251
31 276
31 281
31 284
31 285
31 286
31 288
31 290
31 292
32 62
32 77
32 78
32 82
32 102
32 105
32 106
32 112
32 133
32 143
32 161
32 166
32 167
32 168
32 169
32 178
32 182
32 186
32 202
32 203
32 228
32 239
32 253
32 258
32 281
32 293
33 34
33 60
33 94
33 112
33 120
33 160
33 170
33 176
33 177
33 179
33 188
33 196
33 199
33 213
33 225
33 236
33 237
33 242
33 251
33 255
33 268
33 285
33 287
33 292
34 36
34 38
34 44
34 53
34 59
34 85
34 93
34 122
34 132
34 145
34 147
34 156
34 157
34 165
34 168
34 191
34 195
34 196
34 202
34 203
34 207
34 210
34 212
34 214
34 237
34 239
34 271
34 294
35 36
35 54
35 65
35 74
35 84
35 88
35 90
35 95
35 98
35 103
35 106
35 161
35 165
35 173
35 174
35 178
35 230
35 238
35 247
35 271
35 282
35 285
36 48
36 63
36 66
36 76
36 78
36 93
36 101
36 121
36 131
36 136
36 141
36 145
36 153
36 163
36 167
36 171
36 173
36 180
36 194
36 198
36 201
36 204
36 213
36 258
36 270
36 276
36 298
37 51
37 71
37 72
37 78
37 92
37 94
37 95
37 99
37 104
37 115
37 137
37 147
37 154
37 165
37 171
37 177
37 178
37 190
37 199
37 205
37 226
37 234
37 238
37 247
37 248
37 254
37 270
37 297
38 49
38 50
38 58
38 68
38 70
38 75
38 86
38 90
38 95
38 99
38 105
38 106
38 108
38 115
38 118
38 123
38 126
38 161
38 165
38 178
38 183
38 185
38 188
38 211
38 218
38 222
38 223
38 230
38 234
38 236
38 238
38 247
38 261
38 266
38 273
38 274
39 40
39 41
39 74
39 76
39 77
39 83
39 97
39 103
39 130
39 161
39 170
39 199
39 200
39 212
39 225
39 226
39 248
39 253
39 266
39 295
40 45
40 61
40 64
40 67
40 75
40 109
40 120
40 126
40 128
40 139
40 156
40 186
40 208
40 217
40 223
40 249
40 250
40 254
40 256
40 258
40 285
40 286
40 288
40 293
41 54
41 55
41 63
41 83
41 84
41 85
41 121
41 126
41 127
41 145
41 169
41 173
41 180
41 196
41 199
41 212
41 216
41 218
41 220
41 225
41 257
41 261
41 275
41 286
41 296
41 299
42 55
42 61
42 64
42 68
42 85
42 96
42 98
42 103
42 106
42 113
42 120
42 126
42 144
42 145
42 153
42 159
42 164
42 166
42 168
42 169
42 181
42 202
42 207
42 215
42 231
42 237
42 240
42 249
42 254
42 279
42 283
42 289
42 292
43 53
43 74
43 76
43 80
43 112
43 114
43 115
43 125
43 138
43 142
43 192
43 193
43 203
43 207
43 213
43 233
43 247
43 251
43 257
43 268
43 271
43 275
43 282
43 283
43 289
44 46
44 47
44 57
44 78
44 84
44 90
44 115
44 118
44 130
44 136
44 140
44 146
44 150
44 152
44 167
44 168
44 171
44 175
44 178
44 198
44 209
44 218
44 223
44 233
44 260
44 288
44 289
44 298
45 55
45 74
45 84
45 94
45 102
45 107
45 133
45 140
45 144
45 150
45 161
45 176
45 177
45 182
45 191
45 197
45 202
45 209
45 210
45 211
45 213
45 217
45 246
45 253
45 259
45 275
45 298
46 55
46 85
46 89
46 94
46 118
46 121
46 144
46 145
46 152
46 154
46 168
46 170
46 186
46 196
46 221
46 230
46 247
46 255
46 263
46 276
46 278
46 282
46 284
46 285
46 288
46 296
47 54
47 58
47 63
47 69
47 70
47 96
47 97
47 118
47 125
47 144
47 166
47 167
47 202
47 204
47 212
47 216
47 248
47 259
48 53
48 54
48 90
48 110
48 120
48 129
48 139
48 160
48 164
48 187
48 193
48 204
48 207
48 217
48 223
48 251
48 254
48 255
48 259
48 266
48 270
48 276
49 50
49 59
49 61
49 63
49 85
49 86
49 101
49 120
49 156
49 198
49 207
49 212
49 215
49 227
49 243
49 276
49 281
49 288
49 293
49 294
50 58
50 74
50 84
50 92
50 128
50 152
50 154
50 163
50 178
50 206
50 224
50 226
50 228
50 240
50 241
50 246
50 262
50 265
50 270
51 59
51 67
51 74
51 75
51 94
51 108
51 116
51 133
51 135
51 140
51 150
51 164
51 187
51 191
51 192
51 196
51 203
51 210
51 221
51 222
51 239
51 243
51 249
51 253
51 258
51 267
51 272
51 275
51 281
51 283
51 291
51 293
51 295
51 298
52 53
52 66
52 74
52 81
52 85
52 105
52 112
52 113
52 121
52 122
52 134
52 141
52 148
52 158
52 173
52 207
52 209
52 226
52 231
52 237
52 240
52 245
52 246
52 251
52 258
52 271
52 282
52 294
52 299
53 66
53 91
53 92
53 96
53 103
53 144
53 145
53 151
53 159
53 176
53 183
53 184
53 191
53 214
53 217
53 250
53 254
53 261
53 266
53 285
53 288
54 60
54 75
54 80
54 89
54 111
54 153
54 159
54 161
54 168
54 172
54 184
54 185
54 190
54 198
54 199
54 222
54 225
54 227
54 230
54 232
54 237
54 239
54 266
54 277
55 83
55 104
55 105
55 121
55 124
55 170
55 175
55 176
55 219
55 226
55 231
55 244
55 266
55 269
56 59
56 60
56 66
56 68
56 71
56 80
56 102
56 107
56 137
56 154
56 164
56 179
56 182
56 187
56 188
56 189
56 209
56 218
56 228
56 239
56 255
56 266
56 276
56 283
56 287
57 76
57 77
57 80
57 89
57 90
57 92
57 106
57 108
57 123
57 132
57 180
57 191
57 194
57 218
57 223
57 245
57 253
57 256
57 281
58 65
58 70
58 98
58 103
58 107
58 111
58 113
58 115
58 142
58 145
58 155
58 168
58 179
58 195
58 196
58 209
58 213
58 215
58 224
58 231
58 247
58 268
58 285
58 291
58 292
58 293
59 62
59 82
59 86
59 88
59 96
59 101
59 123
59 156
59 163
59 176
59 197
59 200
59 204
59 210
59 213
59 215
59 239
59 243
59 261
59 264
59 269
59 289
59 291
59 296
60 70
60 82
60 84
60 97
60 99
60 102
60 134
60 145
60 149
60 152
60 163
60 166
60 173
60 181
60 186
60 191
60 199
60 227
60 229
60 244
60 250
60 280
60 283
60 284
60 292
61 64
61 143
61 154
61 172
61 188
61 198
61 208
61 216
61 250
61 253
61 255
61 298
62 83
62 85
62 90
62 103
62 105
62 109
62 112
62 128
62 132
62 140
62 154
62 177
62 182
62 186
62 208
62 244
62 246
62 262
62 271
62 273
62 277
62 280
62 293
62 294
63 77
63 103
63 105
63 115
63 117
63 124
63 125
63 146
63 157
63 160
63 162
63 189
63 206
63 214
63 232
63 240
63 246
63 253
63 258
63 276
63 285
64 67
64 72
64 74
64 78
64 79
64 85
64 87
64 97
64 125
64 139
64 141
64 148
64 159
64 170
64 174
64 185
64 188
64 198
64 227
64 237
64 245
64 282
64 292
64 293
64 296
65 66
65 72
65 85
65 86
65 90
65 93
65 108
65 119
65 133
65 136
65 147
65 148
65 160
65 172
65 177
65 187
65 195
65 196
65 198
65 201
65 220
65 227
65 239
65 244
65 249
65 250
65 256
65 257
65 261
65 268
65 270
65 277
65 281
65 286
65 293
66 81
66 87
66 92
66 95
66 120
66 122
66 150
66 173
66 183
66 191
66 193
66 201
66 204
66 217
66 223
66 244
66 249
66 260
66 270
66 273
66 288
66 294
66 299
67 69
67 72
67 76
67 88
67 89
67 97
67 98
67 99
67 103
67 106
67 114
67 123
67 141
67 179
67 215
67 216
67 230
67 242
67 261
67 265
67 267
67 271
67 274
67 279
68 70
68 123
68 128
68 132
68 144
68 157
68 162
68 164
68 176
68 177
68 180
68 187
68 200
68 220
68 228
68 231
68 242
68 246
68 260
68 268
69 101
69 102
69 107
69 113
69 122
69 137
69 141
69 144
69 147
69 150
69 162
69 169
69 182
69 196
69 206
69 220
69 237
69 242
69 254
69 263
69 264
69 269
69 274
69 287
69 288
69 298
70 77
70 81
70 87
70 90
70 111
70 137
70 142
70 164
70 165
70 167
70 181
70 183
70 187
70 192
70 196
70 207
70 225
70 232
70 233
70 244
70 246
70 256
70 262
70 263
70 269
70 275
70 284
70 299
71 72
71 78
71 82
71 83
71 121
71 138
71 141
71 153
71 154
71 159
71 177
71 194
71 196
71 198
71 206
71 207
71 218
71 228
71 233
71 235
71 280
71 289
71 292
72 83
72 146
72 155
72 165
72 170
72 173
72 177
72 180
72 188
72 190
72 191
72 214
72 226
72 231
72 233
72 240
72 251
72 252
72 253
72 255
72 256
72 265
73 83
73 85
73 87
73 88
73 89
73 92
73 101
73 105
73 118
73 127
73 131
73 139
73 142
73 172
73 188
73 215
73 244
73 254
73 263
73 287
74 82
74 126
74 131
74 167
74 169
74 170
74 171
74 177
74 178
74 181
74 188
74 190
74 206
74 208
74 210
74 216
74 228
74 230
74 241
74 243
74 256
74 271
74 299
75 83
75 85
75 131
75 135
75 138
75 148
75 171
75 189
75 192
75 227
75 245
75 261
75 270
75 276
75 277
75 280
75 282
75 291
76 77
76 100
76 102
76 104
76 108
76 110
76 127
76 144
76 148
76 155
76 159
76 167
76 179
76 185
76 203
76 221
76 233
76 234
76 236
76 253
76 255
76 256
76 277
76 297
76 299
77 79
77 81
77 82
77 90
77 98
77 127
77 145
77 159
77 161
77 174
77 175
77 190
77 221
77 228
77 229
77 232
77 242
77 271
77 293
78 82
78 99
78 101
78 114
78 115
78 122
78 143
78 152
78 160
78 163
78 173
78 187
78 193
78 200
78 217
78 224
78 232
78 241
78 247
78 253
78 256
78 263
78 264
78 285
79 83
79 95
79 120
79 121
79 137
79 160
79 164
79 175
79 178
79 185
79 187
79 192
79 237
79 243
79 252
79 269
79 270
79 291
80 84
80 93
80 103
80 126
80 133
80 149
80 174
80 187
80 200
80 203
80 215
80 216
80 230
80 231
80 232
80 235
80 246
80 249
80 262
80 293
80 294
81 91
81 99
81 104
81 108
81 123
81 133
81 141
81 165
81 181
81 187
81 191
81 200
81 215
81 223
81 233
81 240
81 244
81 248
81 257
81 277
81 290
81 299
82 102
82 104
82 108
82 112
82 119
82 120
82 132
82 136
82 137
82 143
82 157
82 158
82 163
82 166
82 170
82 177
82 189
82 194
82 221
82 228
82 234
82 244
82 245
82 254
82 289
83 95
83 96
83 106
83 108
83 110
83 115
83 119
83 134
83 138
83 149
83 156
83 161
83 184
83 192
83 196
83 207
83 220
83 236
83 250
83 268
84 105
84 131
84 159
84 162
84 196
84 198
84 206
84 230
84 238
84 278
84 287
85 117
85 145
85 149
85 152
85 163
85 164
85 182
85 187
85 206
85 207
85 226
85 236
85 238
85 247
85 274
85 275
85 289
85 298
86 128
86 133
86 144
86 155
86 164
86 167
86 168
86 173
86 200
86 203
86 204
86 213
86 219
86 228
86 258
86 259
86 261
87 94
87 105
87 112
87 118
87 120
87 123
87 171
87 177
87 180
87 196
87 203
87 205
87 215
87 218
87 226
87 235
87 247
87 248
87 259
87 268
87 277
87 294
88 96
88 120
88 153
88 157
88 159
88 167
88 194
88 206
88 237
88 261
88 263
88 268
88 279
88 286
88 294
89 97
89 104
89 109
89 117
89 120
89 123
89 125
89 132
89 145
89 150
89 165
89 178
89 183
89 192
89 218
89 243
89 245
89 248
89 257
89 265
89 274
89 289
89 292
89 294
90 92
90 95
90 126
90 180
90 184
90 219
90 223
90 257
90 259
90 270
90 279
90 297
91 109
91 118
91 122
91 123
91 124
91 127
91 160
91 162
91 164
91 170
91 178
91 194
91 207
91 214
91 219
91 221
91 227
91 235
91 236
91 246
91 257
91 289
91 297
91 299
92 103
92 112
92 130
92 158
92 171
92 180
92 181
92 184
92 191
92 207
92 208
92 212
92 224
92 227
92 232
92 244
92 257
92 264
92 265
92 273
92 279
92 288
92 289
92 294
93 120
93 131
93 145
93 154
93 184
93 204
93 209
93 212
93 224
93 232
93 244
93 246
93 248
93 255
93 268
93 286
93 296
94 102
94 113
94 114
94 118
94 124
94 153
94 155
94 184
94 187
94 197
94 204
94 207
94 213
94 214
94 220
94 223
94 239
94 247
94 254
94 268
94 269
94 274
94 276
94 281
94 284
95 117
95 122
95 143
95 149
95 175
95 177
95 181
95 190
95 192
95 193
95 232
95 235
95 236
95 281
95 290
96 97
96 100
96 122
96 124
96 127
96 133
96 134
96 140
96 147
96 152
96 157
96 171
96 185
96 197
96 204
96 212
96 222
96 226
96 228
96 250
96 254
96 272
96 280
96 289
96 299
97 99
97 102
97 105
97 112
97 134
97 151
97 160
97 175
97 242
97 245
97 246
97 254
97 274
97 288
98 118
98 121
98 123
98 127
98 160
98 166
98 169
98 175
98 176
98 178
98 182
98 187
98 192
98 195
98 206
98 225
98 232
98 258
98 263
98 264
98 266
98 269
98 278
98 281
99 118
99 123
99 124
99 130
99 136
99 146
99 157
99 160
99 164
99 166
99 184
99 193
99 208
99 210
99 216
99 222
99 237
99 238
99 242
99 252
99 269
99 276
99 279
100 115
100 116
100 124
100 143
100 168
100 180
100 185
100 186
100 194
100 202
100 206
100 211
100 238
100 243
100 248
100 249
100 254
100 258
100 265
100 285
100 288
100 298
101 112
101 114
101 134
101 140
101 148
101 149
101 170
101 188
101 205
101 215
101 219
101 228
101 243
101 248
101 282
101 283
101 286
102 104
102 113
102 114
102 129
102 132
102 138
102 140
102 152
102 157
102 159
102 164
102 173
102 174
102 180
102 183
102 201
102 206
102 209
102 212
102 215
102 221
102 223
102 228
102 253
102 257
102 275
102 280
102 285
103 114
103 132
103 138
103 142
103 162
103 173
103 177
103 178
103 180
103 219
103 235
103 237
103 244
103 245
103 258
103 275
103 299
104 108
104 138
104 169
104 183
104 191
104 198
104 199
104 201
104 206
104 209
104 217
104 233
104 237
104 260
104 264
104 271
104 273
105 108
105 128
105 135
105 142
105 149
105 152
105 177
105 191
105 209
105 212
105 227
105 233
105 252
105 260
105 270
105 283
106 109
106 119
106 126
106 172
106 173
106 175
106 202
106 210
106 212
106 217
106 227
106 229
106 234
106 242
106 254
106 258
106 264
106 266
106 276
106 279
106 290
106 293
107 133
107 135
107 136
107 145
107 150
107 162
107 169
107 184
107 192
107 205
107 206
107 221
107 223
107 232
107 241
107 283
107 284
107 285
107 297
108 115
108 130
108 140
108 142
108 146
108 163
108 172
108 180
108 184
108 185
108 191
108 232
108 237
108 238
108 264
108 267
108 281
108 293
109 115
109 129
109 138
109 158
109 165
109 168
109 170
109 175
109 185
109 186
109 189
109 195
109 206
109 215
109 223
109 232
109 235
109 242
109 259
109 270
109 282
109 294
109 298
110 114
110 115
110 122
110 131
110 167
110 180
110 181
110 200
110 202
110 205
110 212
110 218
110 229
110 235
110 240
110 258
110 273
110 276
110 278
110 288
111 115
111 119
111 123
111 133
111 143
111 161
111 183
111 187
111 196
111 197
111 223
111 245
111 260
111 270
111 289
111 290
112 128
112 140
112 141
112 148
112 153
112 169
112 175
112 179
112 180
112 183
112 185
112 198
112 202
112 212
112 235
112 241
112 247
112 253
112 266
112 270
112 276
112 277
113 134
113 137
113 145
113 154
113 167
113 179
113 180
113 186
113 205
113 239
113 242
113 246
114 120
114 126
114 131
114 139
114 148
114 176
114 231
114 239
114 243
114 253
114 285
114 299
115 127
115 136
115 137
115 163
115 177
115 179
115 180
115 184
115 192
115 198
115 202
115 203
115 213
115 214
115 215
115 233
115 234
115 235
115 238
115 255
115 261
115 266
115 269
115 281
115 286
115 297
116 121
116 125
116 130
116 132
116 135
116 205
116 209
116 210
116 255
116 266
116 268
116 291
117 118
117 133
117 150
117 154
117 167
117 188
117 216
117 237
117 238
117 251
117 285
118 151
118 159
118 177
118 178
118 182
118 191
118 206
118 210
118 221
118 244
118 280
119 136
119 137
119 153
119 165
119 168
119 182
119 207
119 212
119 220
119 221
119 239
119 249
119 258
119 262
119 264
119 268
119 281
119 282
119 284
119 288
120 139
120 144
120 158
120 159
120 163
120 165
120 177
120 186
120 197
120 202
120 213
120 222
120 233
120 239
120 247
120 275
120 284
121 126
121 138
121 153
121 154
121 156
121 158
121 185
121 188
121 228
121 240
121 243
121 245
121 246
121 268
121 276
121 287
122 125
122 134
122 137
122 170
122 177
122 178
122 188
122 192
122 193
122 199
122 201
122 203
122 215
122 218
122 222
122 224
122 234
122 236
122 245
122 263
122 267
122 275
122 278
122 281
122 285
122 286
123 125
123 131
123 153
123 155
123 183
123 186
123 188
123 206
123 218
123 227
123 229
123 230
123 234
123 253
123 266
123 271
123 273
123 274
123 276
123 284
123 286
123 289
123 293
123 299
124 128
124 131
124 141
124 154
124 157
124 162
124 164
124 181
124 207
124 217
124 234
124 235
124 236
124 238
124 247
124 249
124 252
124 258
124 259
124 266
124 267
124 272
125 134
125 137
125 145
125 148
125 155
125 182
125 184
125 188
125 190
125 204
125 216
125 217
125 220
125 222
125 225
125 232
125 241
125 243
125 251
125 274
125 280
125 286
125 294
125 296
126 141
126 155
126 195
126 196
126 204
126 217
126 230
126 236
126 244
126 250
126 262
126 268
127 148
127 153
127 175
127 182
127 190
127 199
127 220
127 230
127 237
127 247
127 264
127 265
127 267
127 269
127 275
128 133
128 143
128 158
128 182
128 186
128 192
128 200
128 218
128 232
128 239
128 246
128 258
128 261
128 263
128 270
128 282
128 283
128 296
128 297
129 131
129 132
129 135
129 150
129 154
129 187
129 188
129 211
129 223
129 232
129 235
129 237
129 264
129 267
129 281
129 299
130 136
130 148
130 160
130 161
130 196
130 201
130 231
130 236
130 237
130 242
130 244
130 261
130 267
130 272
131 138
131 141
131 149
131 151
131 153
131 186
131 193
131 196
131 209
131 213
131 221
131 229
131 234
131 248
131 252
131 264
131 273
131 284
131 287
132 135
132 137
132 142
132 147
132 149
132 161
132 168
132 175
132 191
132 231
132 233
132 257
132 284
133 135
133 157
133 166
133 167
133 168
133 169
133 183
133 190
133 193
133 199
133 206
133 217
133 221
133 223
133 238
133 243
133 246
133 264
133 266
133 273
133 284
133 292
133 299
134 139
134 147
134 154
134 158
134 216
134 221
134 233
134 239
134 241
134 244
134 248
134 269
134 270
134 276
134 287
134 289
135 151
135 168
135 185
135 188
135 208
135 215
135 216
135 235
135 252
135 270
135 289
136 152
136 192
136 194
136 197
136 204
136 216
136 229
136 230
136 258
136 260
136 264
136 276
136 283
136 287
137 138
137 145
137 170
137 180
137 200
137 217
137 224
137 273
137 282
137 287
138 142
138 148
138 176
138 181
138 196
138 197
138 198
138 200
138 210
138 229
138 249
138 274
139 143
139 156
139 162
139 175
139 177
139 189
139 202
139 224
139 235
139 236
139 239
139 240
139 245
139 248
139 262
139 298
140 146
140 147
140 155
140 159
140 161
140 163
140 175
140 192
140 193
140 194
140 195
140 196
140 266
140 267
140 273
140 280
140 286
140 290
141 148
141 152
141 155
141 195
141 200
141 215
141 230
141 236
141 238
141 249
141 260
141 268
141 269
141 281
141 288
142 151
142 156
142 176
142 201
142 239
142 247
142 251
142 260
142 278
142 279
142 283
142 285
142 287
142 290
143 145
143 152
143 202
143 203
143 208
143 215
143 227
143 232
143 254
143 266
143 279
143 284
144 147
144 165
144 170
144 176
144 184
144 186
144 213
144 222
144 224
144 225
144 226
144 254
144 256
144 277
144 279
145 152
145 155
145 168
145 174
145 177
145 182
145 183
145 210
145 211
145 216
145 223
145 224
145 240
145 244
145 261
145 266
145 267
145 269
145 278
145 279
145 284
145 297
146 155
146 183
146 198
146 220
146 222
146 224
146 257
146 268
146 278
146 282
146 284
146 294
146 296
146 298
147 152
147 154
147 163
147 185
147 199
147 220
147 239
147 242
147 249
147 252
147 253
147 261
147 275
147 278
147 293
148 155
148 156
148 183
148 189
148 193
148 194
148 201
148 203
148 208
148 243
148 247
148 250
148 251
148 263
148 264
148 270
148 271
148 272
148 290
149 156
149 169
149 172
149 174
149 182
149 194
149 197
149 205
149 212
149 221
149 223
149 233
149 242
149 249
149 250
149 253
149 255
149 257
149 287
149 288
149 289
149 290
150 157
150 164
150 165
150 168
150 188
150 190
150 195
150 201
150 212
150 227
150 255
150 264
150 275
150 287
150 288
150 290
150 297
150 299
151 152
151 153
151 157
151 197
151 211
151 218
151 222
151 224
151 236
151 249
151 251
151 261
151 262
151 272
151 273
151 289
151 290
152 176
152 188
152 202
152 205
152 206
152 210
152 228
152 250
152 256
152 265
152 267
152 280
153 162
153 163
153 178
153 187
153 196
153 208
153 223
153 226
153 236
153 255
153 263
153 274
153 276
153 277
153 281
153 297
154 165
154 169
154 206
154 219
154 223
154 226
154 233
154 238
154 245
154 248
154 250
154 254
154 263
154 277
154 280
154 293
154 297
155 172
155 179
155 182
155 203
155 226
155 229
155 242
155 249
155 265
155 280
155 284
155 291
156 161
156 174
156 211
156 235
156 244
156 267
156 273
156 293
157 165
157 183
157 184
157 186
157 194
157 195
157 201
157 203
157 204
157 209
157 217
157 218
157 220
157 223
157 237
157 261
157 267
157 287
157 295
157 297
158 161
158 169
158 175
158 183
158 187
158 201
158 215
158 220
158 223
158 237
158 240
158 246
158 255
158 264
158 278
158 287
159 178
159 198
159 218
159 229
159 247
159 270
159 289
159 294
159 298
160 162
160 164
160 169
160 176
160 181
160 183
160 188
160 195
160 198
160 204
160 207
160 232
160 249
160 250
160 254
160 255
160 258
160 259
160 266
160 269
160 271
160 275
160 283
161 169
161 170
161 176
161 185
161 194
161 196
161 202
161 205
161 221
161 226
161 230
161 241
161 254
161 264
161 265
161 266
161 274
161 275
161 276
161 279
161 284
161 287
161 294
162 163
162 190
162 195
162 205
162 207
162 231
162 248
162 257
162 258
162 267
163 171
163 174
163 188
163 194
163 196
163 202
163 213
163 230
163 266
163 290
163 296
163 299
164 178
164 184
164 198
164 201
164 210
164 212
164 216
164 217
164 219
164 224
164 232
164 233
164 236
164 245
164 249
164 267
164 283
164 286
164 290
165 179
165 181
165 194
165 201
165 248
165 259
165 271
166 174
166 182
166 188
166 194
166 197
166 199
166 213
166 218
166 221
166 223
166 244
166 245
166 249
166 255
166 281
166 285
167 180
167 186
167 193
167 203
167 215
167 228
167 247
167 259
167 261
167 264
167 279
167 297
168 187
168 194
168 203
168 212
168 227
168 243
168 244
168 250
168 256
168 258
168 272
168 297
169 177
169 179
169 184
169 191
169 197
169 207
169 216
169 225
169 252
169 292
170 189
170 197
170 223
170 228
170 252
170 280
170 292
170 295
171 188
171 191
171 195
171 196
171 233
171 235
171 274
171 277
171 281
171 288
171 296
172 179
172 203
172 218
172 219
172 220
172 228
172 250
172 274
172 289
172 295
172 296
173 184
173 194
173 195
173 218
173 222
173 233
173 234
173 246
173 261
173 295
174 183
174 186
174 191
174 202
174 207
174 211
174 218
174 225
174 231
174 234
174 237
174 246
174 266
174 274
174 275
174 286
174 287
175 177
175 247
175 257
175 278
175 290
175 296
175 299
176 184
176 192
176 194
176 202
176 209
176 215
176 218
176 221
176 226
176 228
176 229
176 235
176 245
176 248
176 258
176 259
176 267
176 285
176 289
176 299
177 189
177 236
177 243
177 245
177 257
177 290
178 185
178 187
178 196
178 214
178 215
178 219
178 223
178 232
178 274
178 281
178 296
178 299
179 188
179 191
179 195
179 200
179 201
179 210
179 229
179 238
179 257
179 271
179 296
179 298
180 196
180 198
180 208
180 224
180 231
180 239
180 242
180 260
180 278
180 287
180 290
181 192
181 195
181 198
181 200
181 201
181 203
181 205
181 216
181 241
181 244
181 261
181 279
181 291
182 183
182 190
182 191
182 199
182 209
182 235
182 236
182 238
182 255
182 278
182 285
183 193
183 198
183 199
183 218
183 223
183 224
183 228
183 229
183 241
183 242
183 245
183 249
183 259
183 271
183 273
183 277
183 288
183 290
183 296
184 185
184 202
184 220
184 272
185 188
185 199
185 203
185 210
185 212
185 231
185 236
185 246
185 248
185 258
185 260
185 272
185 290
185 296
186 201
186 208
186 217
186 220
186 226
186 231
186 243
186 260
186 275
186 291
187 194
187 209
187 220
187 222
187 231
187 233
187 237
187 238
187 262
187 274
187 281
187 286
187 295
188 212
188 214
188 237
188 248
188 259
188 269
188 279
188 280
188 289
188 296
188 297
189 201
189 211
189 216
189 219
189 221
189 222
189 226
189 231
189 239
189 243
189 244
189 250
190 206
190 230
190 235
190 250
190 261
190 269
190 280
190 287
190 290
190 296
190 299
191 208
191 217
191 252
191 262
191 286
192 196
192 216
192 233
192 239
192 247
192 250
192 272
192 274
192 282
192 284
192 287
192 293
193 195
193 205
193 206
193 209
193 218
193 224
193 228
193 238
193 248
193 250
193 265
193 278
193 284
193 285
194 198
194 209
194 248
194 260
194 277
194 278
194 282
194 285
195 200
195 253
195 255
195 270
195 290
195 292
195 294
196 202
196 208
196 211
196 215
196 218
196 222
196 225
196 241
196 242
196 255
196 256
196 260
196 278
196 283
196 292
196 297
197 207
197 218
197 221
197 222
197 249
197 261
197 265
197 273
197 281
197 282
197 291
198 200
198 217
198 218
198 221
198 223
198 248
198 262
198 264
198 266
198 269
198 293
199 200
199 203
199 207
199 236
199 250
199 259
199 273
199 278
199 298
200 205
200 206
200 226
200 241
200 249
200 259
200 266
200 267
200 270
200 273
200 280
200 284
200 290
200 292
200 296
201 203
201 213
201 223
201 237
201 239
201 241
201 256
201 260
201 265
201 274
201 279
201 281
201 282
201 283
201 288
201 291
201 299
202 209
202 221
202 262
202 277
202 296
203 206
203 208
203 215
203 230
203 238
203 241
203 245
203 268
203 278
203 283
203 292
204 206
204 242
204 251
204 258
204 275
204 280
204 293
204 294
205 210
205 218
205 220
205 223
205 237
205 238
205 245
205 251
205 260
205 269
205 274
205 280
205 288
206 213
206 217
206 219
206 236
206 251
206 287
206 297
206 299
207 234
207 244
207 249
207 256
207 257
207 264
207 284
208 218
208 250
208 261
208 263
208 267
208 277
208 299
209 210
209 214
209 226
209 270
209 290
210 217
210 222
210 224
210 232
210 253
210 258
210 260
210 269
210 271
210 277
210 279
210 281
211 223
211 230
211 237
211 247
211 252
211 259
211 273
211 279
212 215
212 226
212 233
212 266
212 286
212 289
212 298
213 218
213 245
213 263
213 274
213 281
213 295
214 228
214 237
214 247
214 249
214 256
214 264
214 276
214 281
214 284
214 286
214 299
215 217
215 218
215 220
215 221
215 223
215 239
215 254
215 258
215 259
215 260
215 265
215 270
215 296
216 217
216 229
216 243
216 254
216 259
216 262
216 270
217 218
217 222
217 257
217 279
217 289
218 221
218 232
218 251
218 273
218 278
218 284
219 228
219 230
219 233
219 241
219 252
219 268
219 293
219 298
220 230
220 246
220 260
220 265
220 266
220 288
220 290
221 224
221 232
221 247
221 253
221 265
221 280
221 293
221 299
222 225
222 233
222 235
222 238
222 243
222 245
222 252
222 258
222 260
222 264
222 287
222 296
222 297
223 225
223 235
223 252
223 254
223 269
223 279
223 289
223 292
223 295
224 247
225 237
225 242
225 246
225 253
225 256
225 268
225 282
225 283
225 286
225 291
226 247
226 248
226 249
226 253
226 264
226 266
226 276
226 284
226 287
226 290
226 293
226 296
227 228
227 240
227 244
227 257
227 258
227 260
227 261
227 275
227 281
228 237
228 263
228 272
228 276
228 287
228 297
229 248
229 249
229 266
229 275
229 285
230 254
230 255
230 262
230 267
230 269
230 279
230 297
230 298
231 244
231 255
231 275
232 256
232 258
232 265
232 266
232 285
232 299
233 238
233 273
233 278
234 246
234 257
234 269
234 272
234 273
234 280
235 246
235 257
235 260
235 279
235 296
236 265
236 271
236 288
237 245
237 264
237 269
237 270
237 273
237 274
237 283
237 298
238 251
238 254
238 255
238 256
238 259
238 273
238 292
239 240
239 270
239 284
239 289
239 293
240 243
240 247
240 254
240 256
240 258
240 270
240 271
240 273
240 279
240 284
240 289
241 252
241 256
241 267
241 271
241 289
242 246
242 250
242 275
243 263
243 278
243 284
244 252
244 255
244 263
244 281
244 287
244 298
245 246
245 252
245 253
245 275
245 277
245 285
245 288
245 290
245 297
245 298
246 267
246 286
247 260
247 270
247 284
247 289
247 296
248 249
248 256
248 270
248 273
248 281
249 251
249 272
249 273
250 256
250 267
250 270
250 275
250 278
250 282
251 257
251 261
251 265
251 274
251 278
251 298
251 299
252 258
252 261
252 265
252 280
253 257
253 264
253 265
253 270
253 278
253 284
253 290
254 288
254 293
255 260
255 261
255 291
255 292
255 295
255 298
256 269
256 270
256 276
256 282
256 283
256 295
256 296
256 298
257 266
257 277
257 283
257 294
258 266
258 273
258 275
258 294
259 266
259 272
259 275
259 278
259 286
260 285
260 288
260 292
261 266
261 269
261 272
261 273
261 285
261 298
262 264
262 267
262 275
262 276
262 282
262 287
263 265
263 270
263 276
263 283
263 288
264 268
264 286
264 292
264 299
265 268
265 277
265 284
265 286
265 294
266 269
266 276
266 280
266 283
266 293
266 295
267 290
267 299
268 274
269 277
269 287
269 298
270 277
270 279
270 287
270 296
271 284
271 288
271 299
272 273
272 276
272 288
272 293
272 298
273 275
273 293
274 282
274 288
275 277
275 288
276 295
276 296
277 290
277 296
278 281
278 282
278 294
278 297
279 290
280 290
280 293
281 282
281 287
281 296
281 297
282 298
284 288
285 287
288 298
289 295
289 298
290 293
291 293
295 298
210 268 219 224 281 76 220 213 292 196 175 40 74 18 138
223 4 200 289 17 59 92 264 194 199 181 60 195 83 66
123 184 109 148 21 226 162 122 98 206 54 84 217 80 94
101 16 234 233 41 58 106 283 240 143 103 116 57 134 188
30 296 164 3 111 100 186 75 78 167 251 108 104 160 31
176 261 34 0 96 26 177 157 1 287 136 23 52 10 19
279 70 90 255 11 154 152 275 50 258 131 139 202 88 293
187 179 190 12 150 295 15 72 117 127 102 67 254 229 77
35 252 168 121 238 13 272 68 32 212 203 227 46 244 250
166 93 53 209 273 208 112 22 5 63 221 141 215 44 95
151 183 85 129 86 7 294 38 105 285 49 24 107 14 120
144 211 198 237 267 56 230 119 153 256 207 299 225 99 158
171 278 214 178 170 27 71 248 130 147 132 290 79 137 62
243 246 280 29 110 235 81 228 43 55 8 51 191 266 284
282 42 263 25 242 156 265 269 259 91 89 216 159 247 193
73 205 97 276 172 291 236 192 45 262 142 114 135 182 185
165 218 48 61 6 64 222 36 270 189 146 39 277 298 286
245 140 2 271 155 201 260 249 125 20 204 33 69 231 232
297 257 118 149 161 169 253 87 113 37 197 241 47 128 126
9 145 133 174 28 124 65 180 173 239 288 274 115 163 82
