30
93
8
71
81
77
48
81
15
94
77
0 12
0 18
0 23
0 26
1 9
1 16
1 19
1 20
1 21
1 24
2 3
2 5
2 7
2 11
2 28
3 4
3 5
3 12
3 22
3 26
3 27
3 28
3 29
4 6
4 10
4 11
4 18
4 24
4 27
4 28
5 10
5 12
5 13
5 15
6 9
6 11
6 15
6 25
6 26
7 15
7 21
7 25
8 11
8 12
8 16
9 10
9 15
9 19
9 20
9 21
9 25
11 13
11 15
11 18
11 19
12 14
12 17
12 18
12 20
12 29
13 17
13 21
13 22
13 26
14 18
14 23
14 25
15 19
15 20
15 21
15 25
15 27
16 18
16 20
16 21
16 26
17 20
17 25
17 26
18 21
18 26
18 29
19 20
19 23
19 24
19 27
21 25
21 28
22 25
22 29
24 29
25 29
27 28
0 4 18 15
3 5 14 20
12 25 27 19
8 7 28 17
16 24 26 23
2 10 13 9
11 22 1 21
6 29
