30
121
30
92
90
1
43
29
66
52
60
64
71
70
69
21
69
1
54
43
65
40
87
45
94
4
15
78
25
71
68
36
90
0 1
0 3
0 8
0 9
0 17
0 18
0 22
1 7
1 8
1 9
1 11
1 12
1 23
1 25
1 27
1 29
2 3
2 9
2 12
2 14
2 19
2 23
2 25
3 5
3 9
3 10
3 11
3 12
3 16
3 17
3 19
3 20
3 23
3 25
3 26
4 6
4 10
4 11
4 18
4 19
4 23
4 24
5 10
5 11
5 12
5 15
5 19
5 20
5 26
5 28
5 29
6 9
6 13
6 18
6 23
6 25
6 26
6 29
7 16
7 23
7 28
8 10
8 13
8 16
8 17
8 18
8 20
8 21
8 22
8 23
8 24
8 25
9 11
9 13
9 14
9 15
9 23
9 26
10 21
10 25
11 15
11 16
11 27
11 28
12 19
12 28
12 29
13 19
13 22
13 25
13 28
13 29
14 27
15 19
15 24
15 26
16 18
16 20
16 24
16 25
16 26
16 27
17 24
17 27
17 28
18 21
18 28
19 21
19 24
20 23
20 25
21 23
21 25
21 26
21 29
22 28
23 29
24 27
25 26
26 29
27 28
19
11
5
17
4
27
15
12
13
18
22
23
29
8
2
10
21
26
0
1
9
3
16
28
25
7
14
6
24
20
