40
485
10
86
62
1
51
19
3
50
79
23
76
0 1
0 2
0 3
0 4
0 5
0 6
0 11
0 12
0 15
0 16
0 18
0 19
0 20
0 21
0 22
0 24
0 25
0 26
0 28
0 30
0 31
0 32
0 33
0 35
0 36
0 39
1 2
1 7
1 8
1 9
1 14
1 16
1 18
1 19
1 22
1 24
1 25
1 26
1 27
1 29
1 31
1 32
1 33
1 37
1 38
1 39
2 3
2 5
2 7
2 8
2 9
2 11
2 12
2 14
2 15
2 17
2 20
2 21
2 22
2 23
2 25
2 27
2 28
2 29
2 31
2 33
2 36
2 37
2 38
2 39
3 4
3 7
3 9
3 10
3 11
3 12
3 13
3 15
3 17
3 20
3 21
3 22
3 24
3 26
3 27
3 28
3 31
3 32
3 33
3 35
3 37
3 38
4 5
4 7
4 9
4 10
4 11
4 13
4 14
4 15
4 16
4 17
4 19
4 20
4 21
4 24
4 26
4 27
4 28
4 31
4 33
4 34
4 35
4 36
4 38
5 6
5 9
5 11
5 12
5 16
5 17
5 19
5 22
5 23
5 24
5 26
5 27
5 29
5 30
5 31
5 32
5 33
5 34
5 37
5 38
5 39
6 8
6 9
6 11
6 13
6 16
6 17
6 19
6 21
6 22
6 24
6 25
6 27
6 28
6 29
6 31
6 32
6 33
6 34
6 35
6 37
6 38
6 39
7 8
7 10
7 11
7 13
7 15
7 16
7 17
7 18
7 19
7 21
7 22
7 23
7 24
7 28
7 33
7 34
7 36
7 39
8 9
8 10
8 11
8 12
8 13
8 14
8 16
8 17
8 19
8 20
8 21
8 25
8 31
8 34
8 35
8 36
8 37
9 10
9 12
9 13
9 14
9 15
9 16
9 17
9 18
9 19
9 20
9 23
9 25
9 26
9 32
9 33
9 36
9 37
9 38
9 39
10 11
10 12
10 13
10 17
10 18
10 19
10 21
10 22
10 23
10 24
10 25
10 26
10 27
10 28
10 30
10 31
10 34
10 35
11 13
11 14
11 15
11 16
11 17
11 18
11 20
11 22
11 23
11 25
11 26
11 27
11 30
11 31
11 32
11 36
11 37
12 13
12 17
12 18
12 19
12 20
12 21
12 23
12 24
12 26
12 27
12 29
12 30
12 31
12 32
12 33
12 34
12 35
12 36
12 38
13 14
13 15
13 16
13 20
13 21
13 22
13 24
13 25
13 26
13 27
13 29
13 32
13 33
13 34
13 35
13 36
14 15
14 16
14 17
14 21
14 23
14 25
14 27
14 29
14 33
14 36
14 37
14 39
15 16
15 17
15 21
15 22
15 24
15 27
15 29
15 32
15 33
15 34
15 37
15 38
15 39
16 17
16 19
16 21
16 22
16 23
16 25
16 26
16 28
16 32
16 34
16 36
16 37
16 38
16 39
17 18
17 19
17 20
17 21
17 22
17 24
17 25
17 26
17 27
17 28
17 29
17 30
17 31
17 36
18 20
18 21
18 22
18 24
18 25
18 26
18 27
18 28
18 30
18 31
18 36
18 37
18 38
18 39
19 22
19 23
19 24
19 25
19 26
19 29
19 31
19 32
19 33
19 34
19 35
20 21
20 22
20 23
20 24
20 25
20 26
20 27
20 28
20 29
20 30
20 31
20 34
20 38
21 24
21 26
21 27
21 30
21 32
21 33
21 35
21 36
21 37
21 38
21 39
22 23
22 24
22 25
22 29
22 30
22 31
22 33
22 35
22 38
22 39
23 24
23 27
23 28
23 31
23 34
23 36
23 37
23 38
23 39
24 28
24 29
24 30
24 32
24 34
24 38
25 26
25 27
25 29
25 30
25 31
25 32
25 33
25 34
25 36
25 38
25 39
26 29
26 31
26 32
26 34
26 35
26 36
26 37
26 38
26 39
27 28
27 29
27 30
27 32
27 33
27 34
27 35
27 36
27 37
27 39
28 29
28 30
28 31
28 32
28 34
28 35
28 36
28 37
28 39
29 30
29 31
29 32
29 33
29 35
29 36
29 38
29 39
30 31
30 32
30 33
30 34
30 35
30 36
31 32
31 35
31 36
31 38
31 39
32 33
32 34
32 38
32 39
33 34
33 35
33 39
34 35
34 36
34 38
34 39
35 36
35 37
35 38
36 38
37 38
37 39
38 39
4 37 11 22
21 16 15 6
19 38 1 3
36 2 29 0
8 31 30 26
32 7 13 12
14 18 35 20
25 5 24 23
9 27 39 28
33 10 17 34
