40
294
10
89
11
2
95
64
87
7
74
99
88
0 2
0 10
0 11
0 13
0 15
0 16
0 18
0 20
0 21
0 28
0 32
0 37
1 5
1 6
1 8
1 9
1 10
1 22
1 23
1 24
1 31
1 32
1 33
1 34
1 38
2 3
2 4
2 7
2 14
2 20
2 22
2 25
2 26
2 27
2 29
2 30
2 31
2 32
2 35
2 36
2 37
3 5
3 11
3 13
3 17
3 18
3 24
3 26
3 27
3 29
3 31
3 33
3 34
3 36
3 39
4 6
4 8
4 11
4 16
4 17
4 18
4 21
4 22
4 23
4 25
4 37
4 38
5 7
5 8
5 9
5 13
5 14
5 15
5 16
5 17
5 18
5 23
5 24
5 28
5 31
5 32
5 35
5 36
5 38
6 8
6 9
6 10
6 11
6 16
6 18
6 19
6 21
6 22
6 25
6 26
6 28
6 30
6 32
6 33
6 34
6 35
6 36
6 38
7 10
7 11
7 14
7 19
7 21
7 28
7 30
7 32
7 34
7 37
7 38
8 9
8 14
8 16
8 20
8 23
8 24
8 28
8 34
8 36
8 39
9 11
9 13
9 16
9 20
9 21
9 22
9 23
9 26
9 28
9 29
9 32
9 34
9 35
9 37
9 38
9 39
10 14
10 16
10 17
10 20
10 22
10 23
10 30
10 31
10 32
10 34
10 35
10 39
11 12
11 19
11 21
11 22
11 27
11 29
11 30
11 31
11 32
11 34
11 35
11 36
11 37
11 38
12 14
12 17
12 18
12 23
12 27
12 28
12 31
12 34
12 39
13 14
13 18
13 23
13 24
13 25
13 26
13 33
13 34
13 36
13 39
14 15
14 19
14 24
14 29
14 32
14 37
15 18
15 23
15 33
16 17
16 20
16 22
16 26
16 32
16 34
16 36
16 39
17 18
17 21
17 26
17 29
17 31
17 33
17 34
17 35
18 20
18 21
18 23
18 25
18 31
18 34
18 37
19 25
19 27
19 30
19 33
19 34
19 35
19 37
19 38
20 21
20 25
20 27
20 28
20 29
20 30
20 33
20 38
20 39
21 23
21 26
21 27
21 29
21 31
21 33
21 35
21 38
22 23
22 24
22 27
22 29
22 30
22 34
22 37
23 24
23 30
23 35
23 39
24 28
24 33
24 34
24 36
25 26
25 28
25 29
25 32
25 33
26 27
26 28
26 29
26 30
26 31
26 34
26 35
26 36
26 39
28 29
28 34
28 37
29 30
29 31
29 36
29 39
30 32
30 34
30 38
30 39
31 37
32 34
32 35
32 38
32 39
33 38
34 35
34 36
34 38
34 39
35 38
36 39
23 7 16 11
19 29 24 18
14 32 36 2
37 34 15 13
39 22 26 0
8 5 17 4
35 21 1 6
28 33 3 38
25 10 9 20
12 30 31 27
