40
81
5
70
45
77
99
84
0 2
0 6
0 7
0 19
0 26
1 8
1 22
2 14
2 16
2 38
3 8
3 13
4 7
4 14
4 19
4 20
4 27
4 30
5 9
5 11
5 15
5 18
6 24
6 28
6 32
6 33
7 19
7 36
8 25
8 29
9 19
9 21
9 25
9 28
10 18
10 20
10 24
10 27
10 29
11 15
11 34
12 24
12 34
12 38
12 39
13 21
13 25
15 29
15 34
16 29
16 37
17 21
17 35
18 19
19 23
19 24
19 27
19 38
20 23
20 27
20 31
20 34
20 35
21 29
21 38
22 23
22 30
23 27
23 34
26 38
27 31
27 37
28 30
28 37
29 34
29 35
30 33
32 37
34 35
34 37
35 37
17 2 3 13 38 23 21 22
15 12 34 19 14 24 16 7
32 11 35 1 33 9 29 25
28 4 39 30 5 8 18 37
0 26 10 36 27 31 6 20
