50
236
5
43
78
17
23
7
0 7
0 15
0 16
0 18
0 19
0 25
0 27
0 28
0 45
0 46
0 49
1 5
1 11
1 12
1 18
1 22
1 33
1 40
1 43
1 44
2 4
2 7
2 17
2 25
2 27
2 29
2 35
3 6
3 14
3 19
3 22
3 28
3 30
3 31
3 33
3 38
3 39
3 40
3 44
4 7
4 8
4 17
4 20
4 21
4 31
4 45
5 7
5 8
5 11
5 26
5 32
5 35
5 36
5 44
5 46
6 7
6 18
6 22
6 34
6 41
6 48
7 11
7 14
7 18
7 19
7 20
7 27
7 30
7 40
8 16
8 23
8 25
8 26
8 29
8 32
8 38
8 46
9 11
9 13
9 16
9 30
9 32
9 34
9 46
10 14
10 15
10 16
10 30
10 33
10 36
10 40
10 42
10 48
11 18
11 22
11 25
11 36
11 42
12 14
12 19
12 20
12 27
12 35
12 37
12 48
13 21
13 23
13 29
13 46
14 18
14 19
14 20
14 27
14 28
14 29
14 32
14 39
14 40
14 47
14 49
15 20
15 21
15 29
15 31
15 37
15 39
15 41
15 46
16 33
16 38
16 49
17 18
17 20
17 25
17 26
17 27
17 39
18 19
18 25
18 34
18 35
18 36
18 43
18 45
19 22
20 27
20 29
20 45
20 46
21 24
21 25
21 28
21 29
21 32
21 34
21 35
21 36
21 44
21 47
22 29
22 46
22 49
23 26
23 45
23 49
24 25
24 27
24 28
24 29
24 31
24 32
24 34
24 37
24 40
24 42
24 43
24 47
24 48
25 29
25 30
25 33
25 36
25 43
25 44
25 45
25 49
26 40
26 44
27 34
27 38
27 43
27 45
28 30
28 34
28 37
28 39
28 43
29 42
29 43
30 34
30 40
30 41
30 44
30 48
30 49
31 32
31 44
31 47
32 35
32 36
32 49
33 43
34 35
35 36
35 38
35 41
35 47
35 49
36 37
36 40
36 46
37 41
38 41
38 42
38 44
38 48
39 40
39 41
39 42
39 47
39 48
40 43
40 44
40 46
42 48
46 47
8 37 24 40 9 43 41 28 2 29 3 26
5 22 1 31 14 48 11 20 7 13 49 34
18 30 25 12 10 36 15 44 6 0 16 47
23 46 39 21 19 42 45 32 17 35 33 27
38 4
