50
122
8
21
34
17
23
66
11
82
5
0 5
0 8
0 26
0 32
0 38
0 44
0 46
0 49
1 18
1 19
1 31
2 30
2 37
3 12
3 16
3 30
3 32
3 37
4 5
4 9
4 21
4 43
5 9
6 8
6 13
6 19
6 25
6 29
6 38
6 41
7 12
7 20
7 27
7 35
7 41
8 11
8 45
9 13
9 20
9 21
9 22
9 23
9 28
9 36
9 39
9 46
10 11
10 13
10 20
10 22
10 42
11 22
12 32
12 43
12 45
13 23
13 24
14 21
14 24
14 39
14 48
15 19
15 36
15 42
16 24
16 25
16 33
16 36
17 28
17 33
18 23
19 48
20 30
20 31
20 37
21 24
21 26
21 30
21 43
21 45
22 29
23 43
24 25
24 42
24 43
24 46
25 32
25 48
26 35
26 42
26 49
27 36
27 44
27 45
28 29
28 39
28 44
29 34
29 38
30 35
30 36
30 48
31 33
31 48
32 47
33 37
35 40
35 49
36 49
37 44
37 46
37 47
38 39
40 45
40 46
41 48
42 45
42 48
44 45
44 47
46 47
48 49
35 10 29 16 33 49 4
15 22 19 21 6 37 8
26 36 2 24 41 46 44
14 11 20 3 34 23 48
17 40 28 18 9 13 42
31 12 32 27 38 47 0
25 39 43 30 45 1 5
7
