60
1255
10
9
17
32
85
60
39
98
63
26
28
0 3
0 4
0 5
0 7
0 8
0 12
0 14
0 16
0 17
0 21
0 23
0 24
0 27
0 28
0 29
0 31
0 32
0 34
0 35
0 37
0 38
0 39
0 40
0 41
0 42
0 44
0 45
0 46
0 48
0 50
0 51
0 53
0 54
0 55
0 56
0 58
0 59
1 3
1 5
1 8
1 9
1 10
1 11
1 12
1 14
1 16
1 19
1 20
1 22
1 23
1 24
1 25
1 26
1 27
1 29
1 30
1 31
1 32
1 34
1 36
1 37
1 38
1 39
1 42
1 43
1 44
1 45
1 46
1 48
1 49
1 50
1 51
1 53
1 55
1 56
1 58
1 59
2 3
2 5
2 6
2 7
2 8
2 9
2 10
2 12
2 13
2 14
2 15
2 16
2 18
2 19
2 21
2 22
2 23
2 25
2 26
2 28
2 32
2 33
2 35
2 36
2 38
2 39
2 40
2 41
2 42
2 43
2 44
2 47
2 48
2 49
2 50
2 51
2 55
2 57
2 58
2 59
3 4
3 5
3 6
3 8
3 10
3 11
3 12
3 13
3 16
3 17
3 18
3 19
3 20
3 21
3 22
3 23
3 24
3 27
3 28
3 29
3 31
3 32
3 33
3 34
3 35
3 36
3 37
3 39
3 40
3 41
3 42
3 44
3 49
3 51
3 52
3 53
3 54
3 55
3 56
3 57
3 58
3 59
4 6
4 7
4 8
4 10
4 11
4 12
4 13
4 14
4 15
4 16
4 17
4 18
4 19
4 20
4 21
4 22
4 24
4 25
4 26
4 27
4 28
4 29
4 31
4 33
4 38
4 40
4 42
4 43
4 44
4 45
4 46
4 47
4 49
4 50
4 54
4 55
4 56
4 57
4 58
4 59
5 7
5 8
5 9
5 11
5 12
5 13
5 14
5 15
5 17
5 19
5 20
5 25
5 26
5 27
5 28
5 29
5 30
5 32
5 33
5 34
5 35
5 36
5 37
5 38
5 39
5 42
5 44
5 45
5 46
5 48
5 49
5 50
5 52
5 54
5 55
5 56
5 57
5 58
5 59
6 8
6 9
6 10
6 11
6 12
6 13
6 14
6 15
6 18
6 19
6 20
6 21
6 23
6 25
6 27
6 29
6 31
6 32
6 33
6 34
6 35
6 36
6 37
6 38
6 42
6 43
6 44
6 46
6 48
6 49
6 50
6 51
6 54
6 56
6 57
6 58
7 8
7 9
7 10
7 12
7 13
7 14
7 15
7 17
7 19
7 20
7 22
7 23
7 24
7 25
7 26
7 27
7 28
7 32
7 34
7 35
7 36
7 37
7 40
7 41
7 42
7 44
7 45
7 46
7 49
7 50
7 51
7 52
7 53
7 54
7 56
7 58
8 9
8 10
8 11
8 12
8 15
8 17
8 18
8 19
8 20
8 21
8 22
8 23
8 28
8 30
8 31
8 33
8 34
8 35
8 36
8 37
8 38
8 39
8 42
8 43
8 45
8 46
8 47
8 49
8 50
8 51
8 53
8 54
8 55
8 56
8 57
8 59
9 12
9 13
9 14
9 15
9 16
9 17
9 19
9 22
9 23
9 24
9 27
9 29
9 33
9 35
9 36
9 38
9 39
9 40
9 41
9 42
9 44
9 45
9 47
9 49
9 50
9 51
9 52
9 54
9 56
9 57
9 58
10 11
10 12
10 14
10 15
10 16
10 18
10 20
10 21
10 22
10 24
10 25
10 26
10 28
10 29
10 30
10 31
10 32
10 33
10 36
10 37
10 38
10 39
10 40
10 41
10 42
10 44
10 45
10 46
10 47
10 48
10 49
10 50
10 52
10 53
10 54
10 57
10 58
10 59
11 18
11 20
11 21
11 22
11 24
11 26
11 29
11 30
11 31
11 33
11 34
11 35
11 36
11 37
11 38
11 39
11 40
11 41
11 42
11 44
11 45
11 46
11 47
11 48
11 50
11 51
11 52
11 53
11 54
11 55
11 56
11 57
11 58
12 13
12 16
12 18
12 19
12 20
12 21
12 23
12 24
12 25
12 26
12 27
12 28
12 29
12 30
12 31
12 32
12 34
12 36
12 40
12 41
12 42
12 43
12 44
12 45
12 47
12 48
12 51
12 54
12 55
12 57
12 58
13 14
13 16
13 17
13 18
13 19
13 20
13 22
13 24
13 25
13 26
13 27
13 28
13 32
13 35
13 36
13 37
13 38
13 39
13 42
13 43
13 44
13 45
13 48
13 49
13 50
13 53
13 55
13 56
13 57
13 58
13 59
14 15
14 16
14 17
14 19
14 20
14 22
14 24
14 25
14 27
14 29
14 30
14 31
14 33
14 37
14 38
14 39
14 40
14 41
14 42
14 43
14 44
14 45
14 46
14 47
14 48
14 50
14 52
14 55
14 57
14 58
15 16
15 17
15 18
15 21
15 22
15 23
15 24
15 25
15 26
15 27
15 28
15 29
15 30
15 32
15 33
15 35
15 37
15 39
15 40
15 41
15 42
15 43
15 44
15 45
15 46
15 47
15 49
15 50
15 54
15 55
15 56
15 57
15 58
15 59
16 17
16 19
16 20
16 21
16 22
16 23
16 25
16 27
16 28
16 29
16 30
16 32
16 33
16 35
16 36
16 37
16 38
16 39
16 43
16 45
16 46
16 47
16 48
16 50
16 51
16 54
16 55
16 58
16 59
17 18
17 20
17 21
17 23
17 25
17 26
17 27
17 28
17 30
17 31
17 32
17 33
17 34
17 35
17 36
17 37
17 39
17 40
17 41
17 42
17 43
17 44
17 45
17 47
17 49
17 50
17 51
17 52
17 53
17 54
17 56
17 57
17 59
18 19
18 20
18 21
18 22
18 25
18 27
18 29
18 33
18 34
18 35
18 36
18 38
18 42
18 43
18 44
18 45
18 47
18 48
18 49
18 50
18 51
18 52
18 53
18 54
18 56
18 58
19 20
19 21
19 23
19 24
19 25
19 26
19 27
19 29
19 30
19 31
19 33
19 34
19 36
19 37
19 38
19 39
19 40
19 41
19 42
19 43
19 44
19 45
19 46
19 47
19 48
19 50
19 51
19 52
19 54
19 55
19 56
19 57
19 58
19 59
20 24
20 25
20 26
20 29
20 31
20 33
20 34
20 35
20 36
20 37
20 38
20 39
20 40
20 41
20 42
20 43
20 45
20 46
20 48
20 51
20 52
20 53
20 54
20 55
20 56
20 57
20 59
21 22
21 25
21 26
21 28
21 29
21 30
21 31
21 33
21 34
21 35
21 37
21 38
21 42
21 43
21 44
21 45
21 47
21 48
21 49
21 50
21 51
21 52
21 53
21 54
21 55
21 58
22 24
22 25
22 26
22 27
22 28
22 29
22 30
22 33
22 35
22 36
22 37
22 38
22 39
22 40
22 41
22 42
22 43
22 44
22 45
22 46
22 47
22 48
22 49
22 50
22 51
22 52
22 53
22 54
22 59
23 24
23 25
23 27
23 28
23 29
23 30
23 32
23 33
23 34
23 35
23 37
23 40
23 43
23 45
23 46
23 47
23 48
23 49
23 51
23 52
23 54
23 55
23 56
23 57
23 58
23 59
24 25
24 26
24 28
24 29
24 30
24 32
24 33
24 34
24 35
24 37
24 38
24 39
24 40
24 43
24 46
24 48
24 49
24 51
24 52
24 54
24 55
24 56
24 57
24 58
24 59
25 26
25 27
25 28
25 29
25 31
25 32
25 33
25 35
25 37
25 38
25 40
25 41
25 43
25 44
25 45
25 46
25 47
25 48
25 49
25 50
25 51
25 52
25 54
25 55
25 56
25 57
25 58
25 59
26 28
26 31
26 32
26 33
26 34
26 35
26 36
26 37
26 38
26 42
26 43
26 45
26 46
26 47
26 48
26 50
26 51
26 52
26 54
26 58
26 59
27 28
27 31
27 33
27 34
27 35
27 36
27 37
27 40
27 42
27 43
27 44
27 45
27 46
27 47
27 48
27 50
27 51
27 52
27 53
27 54
27 55
27 56
27 57
28 29
28 30
28 31
28 32
28 33
28 34
28 36
28 37
28 40
28 41
28 42
28 43
28 45
28 46
28 49
28 50
28 51
28 53
28 54
28 56
28 58
28 59
29 30
29 31
29 32
29 33
29 36
29 38
29 39
29 41
29 42
29 43
29 48
29 50
29 51
29 54
29 56
29 58
29 59
30 31
30 33
30 34
30 36
30 39
30 40
30 41
30 42
30 44
30 45
30 46
30 47
30 48
30 49
30 51
30 52
30 53
30 54
30 55
30 56
30 57
30 59
31 32
31 35
31 36
31 37
31 38
31 39
31 40
31 41
31 42
31 43
31 44
31 46
31 47
31 48
31 49
31 50
31 51
31 52
31 53
31 54
31 55
31 57
31 59
32 33
32 35
32 36
32 39
32 40
32 43
32 44
32 45
32 47
32 48
32 49
32 50
32 51
32 52
32 53
32 54
32 56
32 57
32 58
33 34
33 35
33 36
33 39
33 40
33 43
33 46
33 47
33 48
33 49
33 50
33 52
33 53
33 54
33 55
33 56
33 57
33 58
33 59
34 35
34 36
34 38
34 39
34 41
34 42
34 43
34 45
34 47
34 48
34 49
34 50
34 52
34 54
34 55
34 57
34 59
35 38
35 39
35 40
35 43
35 44
35 45
35 46
35 47
35 48
35 49
35 50
35 51
35 52
35 53
35 54
35 59
36 37
36 38
36 39
36 40
36 41
36 43
36 44
36 45
36 46
36 48
36 49
36 50
36 51
36 52
36 53
36 55
36 56
36 57
36 58
36 59
37 38
37 40
37 41
37 42
37 43
37 44
37 45
37 46
37 48
37 51
37 52
37 54
37 56
37 58
37 59
38 39
38 40
38 43
38 45
38 46
38 48
38 49
38 50
38 51
38 52
38 54
38 55
38 56
38 57
38 59
39 40
39 41
39 42
39 45
39 46
39 47
39 49
39 50
39 51
39 53
39 54
39 55
39 56
39 57
40 42
40 43
40 44
40 45
40 46
40 47
40 48
40 49
40 50
40 51
40 52
40 54
40 55
40 56
40 58
41 42
41 44
41 46
41 47
41 48
41 51
41 52
41 53
41 54
41 55
41 56
41 57
41 58
41 59
42 43
42 44
42 45
42 46
42 47
42 49
42 50
42 51
42 52
42 53
42 55
42 57
42 58
43 44
43 45
43 50
43 53
43 55
43 57
43 59
44 46
44 47
44 48
44 49
44 50
44 51
44 53
44 54
44 56
44 57
44 58
44 59
45 46
45 47
45 48
45 49
45 50
45 52
45 53
45 55
45 57
45 58
45 59
46 47
46 48
46 49
46 51
46 52
46 54
46 55
46 56
46 57
47 48
47 49
47 50
47 53
47 54
47 55
47 56
47 57
47 59
48 49
48 50
48 51
48 52
48 53
48 55
48 56
48 58
48 59
49 50
49 52
49 53
49 54
49 55
49 56
49 57
49 59
50 51
50 53
50 54
50 58
50 59
51 52
51 53
51 55
51 56
51 57
51 58
51 59
52 53
52 54
52 56
52 57
53 55
53 56
53 58
54 56
54 58
55 56
55 57
56 57
56 58
56 59
57 58
58 59
36 46 49 33 14 8
34 24 59 16 58 44
12 51 19 13 39 31
17 55 18 43 26 21
27 28 42 57 32 29
3 54 10 20 52 38
4 25 6 22 15 11
45 50 47 56 40 35
37 41 2 9 23 5
7 30 1 53 48 0
