60
166
10
17
1
36
73
69
61
72
26
84
57
0 12
0 18
0 35
0 50
1 28
1 47
2 13
2 14
2 33
2 35
2 47
2 54
2 55
2 56
2 58
3 9
3 19
3 23
3 29
3 35
4 6
4 10
4 20
4 39
4 51
4 52
4 53
5 8
5 20
5 26
5 28
5 42
5 58
6 10
6 54
6 55
6 59
7 21
7 26
7 37
7 53
7 59
8 15
8 23
8 33
9 16
9 22
9 29
9 49
10 13
10 16
10 17
10 19
10 41
11 18
11 19
12 28
12 30
12 31
12 47
12 54
13 32
13 37
13 57
14 32
14 49
14 53
16 32
16 39
16 49
16 53
16 54
17 26
17 30
17 53
18 27
18 35
18 40
18 58
19 29
19 44
19 45
19 48
19 59
20 22
20 25
20 34
20 42
20 56
20 57
21 22
21 34
21 42
21 44
21 53
22 36
22 44
22 54
22 55
22 56
23 35
24 32
24 33
24 40
24 44
24 50
25 30
26 35
26 42
26 57
27 30
27 34
27 35
27 56
28 45
28 59
30 38
30 43
30 45
30 51
30 56
31 41
31 58
32 35
32 51
32 58
33 36
34 40
34 47
34 51
34 52
34 59
35 46
35 50
35 55
36 43
36 46
36 48
36 59
37 38
38 47
38 50
39 44
39 48
39 55
40 44
40 51
40 58
41 48
41 50
42 58
44 50
44 59
46 51
46 53
46 57
46 59
47 48
47 57
48 55
48 56
49 51
51 52
51 59
52 53
52 58
28 51 47 13 21 40
54 43 50 27 12 48
24 16 23 30 36 4
34 45 32 53 33 3
2 17 19 52 58 7
44 56 57 15 0 20
6 41 5 31 55 42
39 26 37 38 1 35
14 8 49 11 25 46
59 18 10 9 22 29
