80
328
5
29
3
77
6
67
0 23
0 24
0 25
0 26
0 28
0 44
0 49
0 55
0 64
0 67
0 69
1 24
1 25
1 31
1 38
1 41
1 60
1 64
2 6
2 13
2 14
2 18
2 20
2 27
2 39
2 68
2 72
2 79
3 11
3 17
3 43
3 45
3 49
3 60
3 65
3 72
3 73
3 77
4 13
4 18
4 20
4 29
4 44
4 65
4 67
4 69
4 70
4 72
5 14
5 19
5 24
5 35
5 50
5 61
5 67
6 17
6 39
6 48
6 53
6 58
6 60
7 10
7 27
7 34
7 39
7 51
8 21
8 24
8 30
8 36
8 40
8 48
8 52
8 60
9 37
9 38
9 56
9 66
9 75
9 76
10 14
10 15
10 25
10 29
10 36
10 49
10 54
10 58
10 69
10 74
11 12
11 15
11 16
11 17
11 20
11 47
11 57
11 65
11 71
11 77
12 21
12 26
12 41
12 44
12 56
12 68
13 21
13 26
13 32
13 33
13 37
13 44
13 56
13 66
13 79
14 20
14 53
14 56
14 59
14 76
15 27
15 43
15 54
15 64
15 70
15 73
16 30
16 47
16 63
16 69
17 20
17 27
17 44
17 51
17 52
18 20
18 21
18 24
18 47
18 53
18 58
18 76
18 77
18 78
19 24
19 31
19 36
19 41
19 50
19 51
19 57
19 65
19 76
19 78
20 35
20 38
20 43
20 50
20 57
20 69
21 22
21 25
21 33
21 37
21 41
21 48
21 50
21 57
21 66
21 71
21 74
21 76
22 69
22 75
23 27
23 35
23 46
23 52
23 60
24 30
24 34
24 37
24 41
24 47
24 54
24 63
25 61
25 62
25 66
25 70
25 74
25 77
26 48
26 61
26 79
27 33
27 35
27 47
27 67
27 68
28 33
28 35
28 50
28 58
28 63
28 65
28 79
29 38
29 39
29 49
29 59
29 73
30 34
30 39
30 58
30 63
30 64
30 67
31 33
31 54
31 59
31 68
31 75
32 34
32 37
32 62
32 63
32 65
32 79
33 40
33 50
33 52
33 60
33 67
33 72
33 74
34 38
34 44
34 47
35 42
35 62
35 63
35 73
36 40
36 41
36 55
36 56
36 66
36 75
37 40
37 41
37 46
37 50
38 42
38 50
38 60
39 52
39 75
40 44
40 48
40 51
40 52
40 55
40 78
41 43
41 48
41 52
41 69
42 76
43 55
43 66
43 73
44 57
44 64
44 67
44 71
45 47
45 64
45 69
45 72
45 76
46 52
47 71
48 70
48 75
48 79
50 62
50 77
51 60
51 61
51 76
52 71
52 72
52 73
53 57
53 62
53 79
54 69
55 75
56 64
56 72
56 77
58 67
58 75
59 60
59 68
59 73
60 63
60 73
60 75
60 77
61 63
61 64
61 75
62 70
63 66
64 70
64 73
64 75
64 76
65 72
68 69
68 71
69 70
72 76
73 75
75 77
77 79
10 51 37 7 5 34 6 39 54 33 63 45 73 42 26 30
28 15 52 35 38 66 61 24 74 70 41 75 65 46 21 79
18 60 78 16 55 9 3 31 22 25 23 4 71 0 69 57
50 43 27 76 8 53 11 68 64 62 40 13 32 67 20 48
49 47 59 1 19 77 44 12 58 56 17 72 2 29 36 14
