80
285
10
9
9
65
35
62
30
49
28
89
24
0 4
0 6
0 11
0 30
0 42
0 52
0 77
1 5
1 22
1 49
1 69
1 79
2 13
2 17
2 28
2 54
2 58
2 67
2 75
3 11
3 14
3 26
4 6
4 18
4 34
4 39
4 42
4 49
4 66
5 19
5 27
5 34
5 40
5 50
5 58
5 61
5 70
5 71
5 78
6 11
6 21
6 32
6 37
6 54
6 71
7 15
7 18
7 26
7 36
7 61
8 15
8 21
8 26
8 46
8 53
9 12
9 18
9 19
9 30
9 35
9 39
9 52
9 71
10 17
10 25
10 53
10 54
10 56
10 63
10 65
10 66
10 73
10 75
11 18
11 27
11 46
11 65
11 78
12 23
12 48
12 58
12 59
12 73
12 77
13 28
13 38
13 48
13 56
13 65
13 66
14 21
14 35
14 40
14 54
14 58
15 20
15 78
16 31
16 33
16 44
16 51
16 56
16 58
16 73
17 19
17 39
17 50
17 54
17 59
17 64
17 73
17 76
18 19
18 29
18 33
18 34
18 38
18 76
19 22
19 30
19 59
19 62
19 68
19 69
19 70
19 77
20 23
20 32
20 39
20 42
20 51
20 64
20 75
20 77
21 24
21 31
21 46
21 55
21 62
22 29
22 31
22 42
22 52
22 65
22 76
23 36
23 49
23 75
24 35
24 47
24 71
24 75
25 46
25 52
25 67
25 79
26 48
26 53
26 62
27 28
27 55
27 68
27 72
27 77
27 79
28 33
28 51
28 56
28 61
28 66
29 34
29 48
29 54
29 59
29 62
29 69
30 44
30 62
30 64
31 33
31 37
31 46
31 55
31 59
31 70
31 78
32 33
32 52
33 38
33 49
33 53
33 60
33 70
33 79
34 40
34 61
34 73
35 41
35 53
35 56
35 57
35 62
35 66
36 64
36 74
36 79
37 42
38 62
38 65
39 40
39 43
39 52
39 59
39 60
39 68
39 73
39 75
39 77
40 68
40 73
41 48
41 60
41 68
41 78
42 46
42 53
42 62
43 55
43 64
43 67
43 72
44 54
44 56
44 63
44 67
44 69
44 70
45 71
45 77
46 78
47 51
47 72
48 51
48 58
48 59
49 50
49 51
49 61
50 54
50 61
50 69
51 52
51 54
51 77
52 57
53 75
54 62
54 75
54 79
55 58
55 74
55 78
56 77
57 76
58 64
58 68
58 70
58 75
59 63
59 74
60 78
61 64
61 69
61 73
62 71
63 65
63 77
64 70
65 76
67 78
68 73
68 76
70 76
73 79
75 79
73 49 10 30 48 6 34 78
17 53 74 18 29 44 24 47
26 62 46 58 71 20 28 55
76 61 23 9 7 42 72 43
27 65 21 35 3 12 67 0
54 69 39 66 15 59 13 52
22 64 70 5 1 51 40 75
45 36 19 11 25 37 31 2
32 8 68 79 41 16 60 33
63 57 38 77 14 4 56 50
