80
626
5
44
51
8
13
97
0 2
0 6
0 11
0 24
0 26
0 38
0 42
0 44
0 54
0 59
0 64
0 66
0 71
0 73
0 78
1 5
1 6
1 8
1 22
1 32
1 33
1 34
1 42
1 44
1 45
1 50
1 56
1 60
1 61
1 64
1 74
1 78
2 17
2 20
2 21
2 28
2 31
2 35
2 36
2 53
2 57
2 61
2 62
2 63
2 65
2 76
3 5
3 8
3 11
3 22
3 23
3 28
3 33
3 35
3 42
3 54
3 60
3 66
3 70
3 79
4 6
4 18
4 20
4 36
4 39
4 42
4 53
4 69
4 71
4 73
4 79
5 13
5 14
5 17
5 25
5 32
5 33
5 34
5 37
5 40
5 42
5 47
5 51
5 61
5 63
5 64
5 70
5 74
5 76
5 77
6 9
6 17
6 18
6 20
6 21
6 41
6 43
6 50
6 51
6 57
6 59
6 60
6 62
6 76
6 79
7 10
7 17
7 21
7 26
7 31
7 35
7 40
7 46
7 49
7 52
7 55
7 56
7 58
7 60
7 71
7 75
7 76
8 9
8 13
8 26
8 37
8 38
8 49
8 53
8 57
8 58
8 61
8 63
8 71
8 73
8 77
8 78
9 10
9 23
9 35
9 38
9 40
9 42
9 49
9 54
9 57
9 59
9 72
10 23
10 24
10 31
10 36
10 41
10 42
10 46
10 51
10 61
10 69
10 70
10 72
10 74
10 75
10 77
11 14
11 15
11 16
11 20
11 23
11 24
11 28
11 30
11 31
11 33
11 36
11 44
11 45
11 47
11 50
11 55
11 68
11 72
11 73
12 13
12 14
12 28
12 29
12 36
12 38
12 41
12 45
12 46
12 50
12 59
12 64
12 70
12 76
12 77
13 28
13 32
13 37
13 40
13 43
13 52
13 76
13 77
13 79
14 17
14 24
14 35
14 36
14 40
14 51
14 59
14 67
14 72
14 73
15 16
15 17
15 28
15 30
15 38
15 41
15 45
15 60
15 66
16 19
16 26
16 27
16 28
16 33
16 38
16 45
16 66
16 70
16 74
16 78
17 25
17 29
17 30
17 31
17 34
17 37
17 40
17 54
17 57
17 60
17 62
17 63
17 77
18 22
18 30
18 35
18 36
18 37
18 39
18 51
18 58
18 63
18 66
18 67
18 72
18 75
18 78
18 79
19 31
19 33
19 34
19 36
19 40
19 48
19 57
19 60
19 79
20 25
20 31
20 35
20 44
20 57
20 76
21 25
21 26
21 27
21 38
21 42
21 43
21 49
21 52
21 58
21 59
21 68
21 73
21 76
21 77
22 25
22 26
22 31
22 33
22 41
22 48
22 54
22 61
22 71
22 78
23 30
23 32
23 35
23 43
23 44
23 48
23 49
23 55
23 56
23 58
23 59
23 60
23 63
23 64
23 74
23 77
24 29
24 34
24 51
24 57
24 69
24 72
24 79
25 29
25 30
25 31
25 42
25 48
25 50
25 56
25 66
25 70
25 74
26 35
26 37
26 44
26 68
26 76
27 34
27 38
27 41
27 42
27 43
27 47
27 48
27 51
27 57
27 60
27 73
27 75
28 35
28 36
28 39
28 44
28 46
28 47
28 50
28 57
28 64
28 70
28 74
29 30
29 32
29 34
29 37
29 46
29 61
29 66
29 77
30 41
30 56
30 78
31 33
31 34
31 36
31 42
31 43
31 44
31 45
31 47
31 49
31 53
31 62
31 67
31 70
31 75
32 42
32 43
32 44
32 45
32 46
32 58
32 59
32 60
32 63
32 68
32 70
32 78
32 79
33 37
33 40
33 47
33 51
33 56
33 57
33 63
33 67
33 73
34 41
34 43
34 55
34 59
34 65
34 70
35 41
35 42
35 43
35 46
35 48
35 51
35 55
35 56
35 71
35 74
35 75
35 76
35 78
35 79
36 40
36 41
36 48
36 50
36 55
36 60
36 64
36 70
36 79
37 39
37 41
37 45
37 50
37 54
37 57
37 60
37 68
37 76
38 39
38 47
38 52
38 53
38 55
38 65
38 67
38 75
39 48
39 52
39 56
39 59
39 61
39 68
39 75
39 78
40 46
40 47
40 60
40 62
40 68
40 75
41 45
41 50
41 53
41 56
41 57
41 66
41 69
42 48
42 49
42 50
42 62
42 67
42 76
43 47
43 50
43 59
43 60
43 61
43 66
43 68
43 69
43 71
43 72
43 76
43 77
43 79
44 46
44 48
44 54
44 56
44 71
44 76
44 79
45 59
45 62
45 66
45 69
45 72
45 78
46 49
46 53
46 59
46 61
46 65
46 71
46 74
47 54
47 63
47 65
47 68
47 72
47 74
48 54
48 56
48 57
48 58
48 67
48 74
48 78
49 52
49 53
49 65
49 75
49 76
50 56
50 58
50 66
50 77
50 78
51 53
51 55
51 57
51 60
51 61
51 66
51 68
51 70
51 76
51 77
51 78
52 58
52 67
52 74
52 77
52 79
53 54
53 57
53 65
53 68
53 74
53 75
53 78
54 55
54 59
54 64
54 76
54 79
55 56
55 62
55 68
55 69
56 58
56 69
56 70
56 72
56 74
56 77
57 60
57 67
57 69
57 71
57 76
57 78
58 59
58 62
58 63
58 68
58 70
59 71
59 73
59 75
60 65
60 67
60 70
60 72
60 73
60 76
60 78
61 67
61 78
62 64
62 69
62 72
62 74
62 75
63 64
63 70
63 76
63 78
64 66
65 69
65 73
65 78
66 69
66 73
69 70
69 73
70 73
70 78
71 79
73 75
74 76
74 77
75 76
75 78
3 40 12 54 24 39 43 56 51 27 10 11 72 1 44 35
65 20 70 46 42 17 69 5 18 66 67 77 62 14 32 58
34 19 68 9 59 76 16 28 33 73 2 15 79 50 47 55
38 0 8 6 63 31 13 49 7 36 71 48 41 60 64 29
78 45 37 25 52 53 22 74 21 23 4 61 30 26 57 75
