90
409
4
44
78
24
32
0 5
0 11
0 42
0 44
0 50
0 84
1 10
1 22
2 28
2 29
2 34
2 35
2 37
2 63
3 21
3 22
3 35
3 55
3 60
3 62
3 65
3 69
3 75
3 84
4 23
4 24
4 35
4 36
4 38
4 56
5 27
5 39
5 42
5 50
5 70
5 78
5 89
6 26
6 36
6 41
6 48
6 60
6 66
6 81
6 89
7 16
7 19
7 23
7 34
7 36
7 57
7 58
7 82
8 14
8 16
8 35
8 39
8 43
9 14
9 24
9 25
9 52
9 54
9 55
9 71
9 75
9 87
10 12
10 26
10 36
10 38
10 43
10 45
10 53
10 83
10 84
11 24
11 49
11 59
11 65
11 89
12 19
12 20
12 67
12 73
12 82
13 25
13 26
13 39
13 52
13 58
13 60
13 64
13 72
13 77
13 79
13 89
14 29
14 37
14 50
14 51
14 59
14 69
14 75
14 83
14 84
15 22
15 33
15 36
15 37
15 41
15 43
15 45
15 62
15 75
15 77
15 78
15 87
16 22
16 29
16 32
16 40
16 46
16 55
16 56
16 69
16 85
17 39
17 47
17 70
18 23
18 26
18 29
18 48
18 49
18 58
18 60
18 67
18 72
18 85
19 24
19 35
19 38
19 67
20 25
20 32
20 36
20 53
20 55
20 57
20 79
20 85
20 87
21 28
21 44
21 53
21 77
22 24
22 26
22 30
22 49
22 59
22 62
22 74
23 26
23 27
23 34
23 36
23 53
23 58
23 66
23 79
23 84
24 25
24 36
24 49
24 59
24 63
24 66
24 69
24 71
25 48
25 72
25 75
26 27
26 34
26 39
26 50
26 58
26 61
26 77
26 81
26 82
26 83
26 88
27 30
27 35
27 41
27 43
27 46
27 49
27 54
27 64
27 68
27 78
27 81
28 29
28 32
28 33
28 36
28 45
28 49
28 52
28 57
28 70
29 53
29 56
29 80
30 43
30 44
30 46
30 55
30 61
31 33
31 51
31 58
31 87
31 89
32 53
32 67
32 68
33 36
33 37
33 44
33 62
33 72
34 54
34 60
34 77
34 87
35 59
35 80
35 81
36 45
36 51
36 54
36 64
36 70
36 76
36 84
37 39
37 50
37 54
37 79
37 81
37 89
38 51
38 63
38 80
38 81
38 89
39 63
40 41
40 54
40 60
40 79
41 52
41 55
41 81
41 83
42 44
42 45
42 49
42 52
42 70
43 45
43 46
43 51
43 57
43 62
43 63
43 72
43 73
43 84
43 87
43 89
44 46
44 53
44 54
44 60
44 70
44 86
44 88
44 89
45 47
45 62
45 66
45 69
45 79
45 80
45 81
45 89
46 51
46 55
47 66
47 67
47 69
47 79
48 59
48 62
48 77
48 78
48 88
49 53
49 78
50 61
50 70
50 82
51 64
51 68
51 73
51 75
51 87
52 61
52 62
52 67
52 71
52 76
52 79
52 80
53 54
53 61
53 68
53 74
53 80
53 87
53 89
54 70
54 76
54 83
55 56
55 77
55 85
55 86
55 89
56 60
56 67
56 72
56 75
57 66
57 69
57 70
57 72
57 74
57 75
57 81
57 85
58 70
58 71
58 85
59 88
60 80
61 64
61 84
62 70
62 79
62 85
63 67
63 68
63 74
63 88
63 89
64 65
64 68
64 75
64 77
64 80
65 75
65 89
66 81
66 83
67 70
67 71
67 73
67 80
67 84
67 88
67 89
68 71
70 72
70 73
70 81
70 84
71 75
71 84
72 74
72 75
72 84
74 77
74 85
75 79
76 77
76 78
77 87
77 88
78 84
82 83
84 86
88 89
4 1 46 71 79 47 53 66 85 87 89 65 35 11 84 32 78 59 64 82 23 42 56 86 24 15 51
28 8 3 36 50 48 55 10 31 52 22 62 72 39 33 70 57 26 74 7 20 40 54 2 17 21 80
68 18 88 38 45 5 81 77 76 73 0 9 25 43 27 49 58 37 12 69 61 67 14 60 30 34 6
83 44 75 63 29 16 19 41 13
