90
1227
23
97
34
28
74
80
1
15
83
40
38
93
94
52
12
50
7
86
14
1
51
9
81
16
0 1
0 2
0 4
0 7
0 10
0 12
0 13
0 14
0 16
0 17
0 19
0 20
0 22
0 26
0 38
0 40
0 47
0 50
0 51
0 53
0 55
0 56
0 62
0 65
0 67
0 68
0 73
0 75
0 86
0 88
0 89
1 2
1 6
1 9
1 11
1 13
1 15
1 18
1 21
1 24
1 25
1 26
1 31
1 35
1 36
1 40
1 42
1 49
1 51
1 52
1 53
1 54
1 56
1 58
1 66
1 67
1 68
1 72
1 79
1 84
1 85
1 86
1 89
2 4
2 6
2 7
2 11
2 12
2 14
2 16
2 21
2 24
2 33
2 36
2 42
2 43
2 46
2 47
2 55
2 59
2 60
2 70
2 72
2 82
2 84
2 85
3 6
3 9
3 12
3 16
3 20
3 26
3 27
3 30
3 32
3 33
3 36
3 40
3 42
3 44
3 47
3 48
3 51
3 56
3 59
3 60
3 75
3 76
3 77
3 79
3 83
4 11
4 12
4 14
4 17
4 20
4 22
4 32
4 36
4 37
4 40
4 42
4 44
4 47
4 49
4 55
4 56
4 57
4 58
4 59
4 60
4 68
4 69
4 71
4 73
4 76
4 79
4 87
5 10
5 11
5 12
5 14
5 17
5 27
5 29
5 31
5 32
5 38
5 42
5 43
5 45
5 46
5 49
5 50
5 51
5 53
5 57
5 58
5 63
5 64
5 65
5 66
5 67
5 77
5 79
5 84
6 9
6 13
6 18
6 19
6 20
6 22
6 27
6 29
6 34
6 37
6 38
6 39
6 40
6 41
6 43
6 48
6 49
6 52
6 53
6 54
6 58
6 60
6 62
6 66
6 67
6 68
6 69
6 75
6 77
6 78
6 79
6 80
6 82
6 86
6 89
7 8
7 10
7 15
7 17
7 18
7 21
7 24
7 28
7 32
7 48
7 49
7 51
7 54
7 56
7 58
7 59
7 61
7 64
7 65
7 68
7 75
7 76
7 78
7 81
7 83
7 86
7 87
7 88
8 15
8 16
8 22
8 28
8 30
8 31
8 32
8 37
8 40
8 45
8 49
8 51
8 54
8 59
8 60
8 61
8 65
8 68
8 71
8 75
8 77
8 79
8 80
8 81
8 84
8 86
9 10
9 15
9 18
9 26
9 28
9 34
9 36
9 37
9 41
9 43
9 46
9 49
9 53
9 55
9 59
9 60
9 65
9 66
9 71
9 72
9 73
9 75
9 76
9 78
9 84
9 86
9 87
9 88
10 11
10 16
10 19
10 21
10 23
10 24
10 26
10 38
10 39
10 44
10 47
10 50
10 53
10 54
10 55
10 58
10 59
10 60
10 64
10 71
10 75
10 80
10 82
10 85
11 13
11 15
11 20
11 21
11 26
11 27
11 34
11 35
11 37
11 39
11 43
11 55
11 62
11 68
11 69
11 71
11 72
11 81
11 82
11 84
11 87
11 89
12 15
12 18
12 19
12 20
12 23
12 26
12 30
12 38
12 41
12 47
12 49
12 51
12 54
12 61
12 63
12 66
12 67
12 73
12 81
12 84
12 87
12 89
13 14
13 19
13 44
13 49
13 50
13 51
13 52
13 53
13 54
13 55
13 57
13 59
13 64
13 68
13 75
13 78
13 80
13 82
13 86
14 21
14 22
14 24
14 28
14 31
14 36
14 40
14 46
14 48
14 56
14 57
14 58
14 68
14 69
14 72
14 78
14 80
14 83
14 87
14 89
15 16
15 21
15 22
15 24
15 25
15 31
15 36
15 37
15 38
15 41
15 44
15 48
15 49
15 50
15 52
15 55
15 56
15 58
15 60
15 62
15 64
15 65
15 71
15 73
15 74
15 75
15 76
15 78
15 80
15 83
15 87
15 89
16 24
16 32
16 35
16 38
16 46
16 47
16 54
16 57
16 59
16 64
16 65
16 67
16 70
16 71
16 73
16 75
16 76
16 77
16 82
16 85
17 18
17 19
17 20
17 21
17 24
17 26
17 27
17 29
17 31
17 34
17 36
17 37
17 39
17 42
17 43
17 44
17 48
17 50
17 54
17 62
17 64
17 73
17 74
17 84
18 20
18 21
18 26
18 36
18 38
18 42
18 46
18 48
18 52
18 53
18 59
18 61
18 64
18 65
18 67
18 70
18 71
18 75
18 76
18 78
18 86
18 87
18 88
19 24
19 27
19 29
19 30
19 42
19 45
19 47
19 54
19 56
19 60
19 66
19 71
19 75
19 76
19 80
19 84
19 85
19 89
20 22
20 27
20 31
20 33
20 37
20 42
20 48
20 60
20 61
20 62
20 65
20 82
20 87
20 88
21 23
21 26
21 28
21 29
21 39
21 40
21 41
21 43
21 45
21 48
21 52
21 55
21 59
21 62
21 69
21 71
21 74
21 75
21 80
21 83
21 84
21 85
22 25
22 28
22 33
22 34
22 44
22 46
22 59
22 62
22 65
22 67
22 69
22 71
22 73
22 75
22 77
22 78
22 81
22 82
22 83
22 86
22 87
23 24
23 26
23 31
23 32
23 35
23 38
23 40
23 44
23 48
23 56
23 59
23 63
23 70
23 81
23 84
23 86
24 25
24 26
24 27
24 29
24 30
24 36
24 39
24 48
24 53
24 58
24 59
24 62
24 64
24 70
24 71
24 74
24 76
24 77
24 81
24 82
25 26
25 30
25 31
25 33
25 35
25 43
25 58
25 61
25 62
25 69
25 72
25 73
25 75
25 76
25 77
25 82
25 83
25 88
26 27
26 30
26 38
26 41
26 47
26 49
26 52
26 53
26 54
26 58
26 62
26 63
26 75
26 77
26 82
26 86
26 89
27 31
27 36
27 47
27 50
27 51
27 54
27 57
27 58
27 61
27 62
27 66
27 68
27 70
27 71
27 75
27 78
27 79
27 80
27 82
27 83
27 86
28 29
28 32
28 33
28 36
28 44
28 45
28 50
28 51
28 54
28 58
28 59
28 60
28 63
28 64
28 66
28 69
28 70
28 75
28 76
28 80
28 83
28 87
29 38
29 41
29 43
29 45
29 49
29 52
29 54
29 66
29 68
29 76
29 78
29 85
30 33
30 35
30 37
30 48
30 50
30 54
30 58
30 59
30 62
30 65
30 68
30 70
30 72
30 77
30 80
30 81
30 89
31 34
31 35
31 44
31 45
31 47
31 54
31 58
31 60
31 64
31 68
31 69
31 70
31 72
31 74
31 77
31 81
31 84
31 86
31 88
32 33
32 42
32 47
32 49
32 51
32 56
32 62
32 65
32 66
32 73
32 80
32 87
32 88
32 89
33 38
33 40
33 41
33 45
33 53
33 54
33 57
33 62
33 64
33 72
33 74
33 77
33 82
33 86
33 88
34 40
34 41
34 43
34 44
34 45
34 47
34 50
34 55
34 57
34 59
34 61
34 65
34 67
34 70
34 71
34 72
34 76
34 78
34 80
34 87
34 88
35 36
35 38
35 41
35 46
35 49
35 52
35 54
35 56
35 58
35 60
35 63
35 73
35 74
35 78
35 80
35 84
35 87
35 89
36 41
36 45
36 49
36 61
36 64
36 74
36 76
36 79
36 80
36 84
36 86
36 87
36 89
37 39
37 44
37 52
37 71
37 72
37 75
37 77
37 86
37 87
38 39
38 40
38 44
38 45
38 47
38 56
38 61
38 74
38 75
38 79
38 81
38 85
39 40
39 41
39 44
39 47
39 49
39 55
39 58
39 60
39 66
39 67
39 68
39 69
39 71
39 73
39 84
39 86
39 87
40 48
40 51
40 52
40 53
40 54
40 57
40 58
40 60
40 63
40 65
40 66
40 70
40 72
40 74
40 76
40 80
40 83
40 85
40 87
41 42
41 44
41 45
41 48
41 56
41 59
41 62
41 71
41 74
41 81
41 83
41 84
41 86
41 88
42 46
42 50
42 58
42 59
42 62
42 65
42 68
42 69
42 70
42 74
42 77
42 83
42 85
42 86
42 88
43 44
43 45
43 46
43 50
43 51
43 53
43 56
43 57
43 72
43 73
43 74
43 75
43 76
43 79
43 86
43 87
44 46
44 48
44 49
44 51
44 56
44 58
44 62
44 63
44 64
44 69
44 70
44 71
44 73
44 75
44 77
44 84
44 87
45 46
45 51
45 56
45 57
45 59
45 63
45 66
45 67
45 68
45 70
45 71
45 72
45 73
45 75
45 79
45 86
45 87
45 88
46 48
46 51
46 54
46 55
46 56
46 58
46 60
46 64
46 71
46 74
46 75
46 86
46 88
47 50
47 56
47 58
47 59
47 64
47 65
47 66
47 69
47 76
47 82
47 83
48 49
48 51
48 57
48 58
48 60
48 64
48 79
48 85
48 86
48 89
49 51
49 54
49 55
49 60
49 68
49 72
49 75
49 76
49 78
49 81
49 82
49 83
49 85
49 87
49 88
50 57
50 58
50 60
50 62
50 63
50 64
50 70
50 72
50 73
50 80
50 81
50 85
50 86
51 57
51 58
51 60
51 61
51 64
51 65
51 67
51 75
51 77
51 79
51 82
51 84
51 85
52 53
52 54
52 55
52 66
52 74
52 75
52 80
52 82
52 83
53 57
53 59
53 60
53 62
53 71
53 73
53 76
53 80
53 81
53 82
53 85
53 89
54 55
54 57
54 58
54 59
54 61
54 64
54 67
54 70
54 71
54 73
54 74
54 79
54 82
54 84
55 56
55 61
55 62
55 63
55 64
55 71
55 81
55 84
56 59
56 60
56 67
56 75
56 77
56 80
56 85
56 87
56 88
56 89
57 58
57 62
57 65
57 67
57 74
57 81
58 59
58 64
58 67
58 68
58 77
58 80
58 83
58 84
58 85
58 87
58 88
59 60
59 61
59 66
59 74
59 75
59 76
59 78
59 80
59 81
59 89
60 68
60 69
60 71
60 72
60 74
60 76
60 79
60 80
60 81
60 82
60 83
60 87
60 89
61 66
61 69
61 76
61 79
61 88
61 89
62 66
62 68
62 70
62 74
62 84
62 85
62 89
63 64
63 66
63 68
63 71
63 79
63 82
63 87
64 65
64 66
64 72
64 76
64 84
65 69
65 70
65 71
65 73
65 76
65 86
66 70
66 71
66 75
66 76
66 79
66 84
66 85
66 89
67 69
67 76
67 77
67 79
67 87
67 88
67 89
68 71
68 73
68 76
68 80
68 81
68 83
68 86
68 88
69 79
69 83
69 84
69 87
70 71
70 82
70 87
71 72
71 75
71 78
71 89
72 75
72 76
72 77
72 79
72 80
72 83
72 84
73 78
73 89
74 75
74 76
74 80
74 83
74 87
75 77
75 79
75 82
75 85
75 86
76 79
76 81
76 83
76 84
76 86
77 78
77 79
77 81
77 82
77 83
78 79
78 80
78 81
78 82
78 83
78 86
78 87
79 87
80 84
81 85
81 87
81 88
82 86
82 87
82 89
83 85
83 86
83 89
84 88
85 89
87 88
14 26 19 44
20 80 75 58
65 40 62 9
28 7 67 52
88 5 15 41
82 83 74 55
69 77 34 54
4 25 30 11
27 17 47 10
72 71 16 24
12 85 45 76
6 78 21 0
42 81 3 22
43 39 57 36
1 2 61 23
32 38 46 53
51 37 66 48
18 86 49 60
63 33 8 68
59 70 31 56
84 73 13 50
35 29 87 79
89 64
