44
355
22
0 2
0 4
0 6
0 16
0 24
0 30
0 32
0 34
0 36
0 38
0 42
1 3
1 5
1 7
1 9
1 11
1 13
1 15
1 17
1 19
1 21
1 23
1 25
1 27
1 29
1 31
1 33
1 35
1 37
1 39
1 41
1 43
2 4
2 6
2 8
2 10
2 12
2 14
2 16
2 18
2 24
2 30
2 32
2 34
2 36
2 38
2 42
3 5
3 7
3 9
3 11
3 13
3 15
3 19
3 21
3 23
3 25
3 27
3 29
3 31
3 33
3 35
3 37
3 39
3 41
3 43
4 6
4 8
4 10
4 12
4 14
4 16
4 18
4 20
4 22
4 24
4 30
4 32
4 34
4 36
4 38
4 42
5 7
5 9
5 11
5 13
5 15
5 19
5 21
5 23
5 27
5 29
5 31
5 33
5 35
5 37
5 39
5 41
5 43
6 8
6 10
6 12
6 14
6 16
6 18
6 20
6 22
6 24
6 26
6 28
6 30
6 32
6 34
6 36
6 38
6 42
7 9
7 11
7 13
7 15
7 19
7 21
7 23
7 27
7 29
7 41
7 43
8 10
8 12
8 14
8 16
8 24
8 32
8 34
8 36
8 38
8 42
9 11
9 13
9 15
9 19
9 21
9 23
9 25
9 27
9 29
9 31
9 33
9 35
9 37
9 39
9 41
9 43
10 12
10 14
10 16
10 18
10 24
10 32
10 34
10 36
10 38
10 42
11 13
11 15
11 19
11 21
11 23
11 25
11 27
11 29
11 31
11 33
11 35
11 37
11 39
11 41
11 43
12 14
12 16
12 18
12 20
12 22
12 24
12 26
12 28
12 32
12 34
12 36
12 38
12 42
13 15
13 19
13 21
13 23
13 27
13 29
13 35
13 37
13 39
13 41
13 43
14 38
14 42
15 19
15 21
15 23
15 25
15 27
15 29
15 31
15 33
15 35
15 37
15 39
15 41
15 43
16 18
16 20
16 22
16 24
16 26
16 28
16 30
16 32
16 34
16 36
16 38
16 40
16 42
17 19
17 21
17 23
17 25
17 27
17 29
17 31
17 33
17 35
17 37
17 41
19 21
19 23
19 25
19 27
19 29
19 31
19 33
19 35
19 37
19 39
19 41
19 43
20 22
21 23
21 25
21 27
21 29
21 31
21 33
21 35
21 37
21 39
21 41
21 43
22 24
22 26
22 28
23 25
23 27
23 29
23 31
23 33
23 35
23 37
23 39
23 41
23 43
24 26
24 28
24 30
24 32
24 34
24 36
24 38
24 40
24 42
25 27
25 29
25 31
25 33
25 35
25 37
25 39
25 41
25 43
26 28
27 29
27 31
27 33
27 35
27 37
27 39
27 41
27 43
28 30
28 32
29 31
29 33
29 35
29 37
29 39
29 41
29 43
30 32
30 34
30 36
30 38
30 40
30 42
31 33
31 35
31 37
31 39
31 41
31 43
32 34
32 36
32 38
32 40
32 42
33 35
33 37
33 39
33 41
33 43
34 36
34 38
34 40
34 42
35 37
35 39
35 41
35 43
36 38
36 40
36 42
37 39
37 41
37 43
38 40
38 42
39 41
39 43
41 43
0 1
2 3
4 5
6 7
8 9
10 11
12 13
14 15
16 17
18 19
20 21
22 23
24 25
26 27
28 29
30 31
32 33
34 35
36 37
38 39
40 41
42 43
