42
330
21
0 2
0 4
0 6
0 8
0 10
0 12
0 16
0 28
0 34
0 38
0 40
1 3
1 5
1 7
1 9
1 11
1 13
1 15
1 17
1 19
1 21
1 23
1 25
1 27
1 29
1 31
1 33
1 35
1 37
1 39
1 41
2 4
2 6
2 8
2 10
2 12
2 14
2 16
2 28
2 34
2 38
2 40
3 5
3 7
3 9
3 11
3 13
3 15
3 19
3 21
3 23
3 25
3 27
3 29
3 31
3 33
3 35
3 37
3 39
3 41
4 6
4 8
4 10
4 12
4 14
4 16
4 18
4 20
4 22
4 24
4 28
4 34
4 38
4 40
5 7
5 9
5 11
5 13
5 15
5 19
5 23
5 25
5 31
5 33
5 35
5 37
5 39
5 41
6 8
6 10
6 12
6 14
6 16
6 18
6 20
6 22
6 24
6 26
6 28
6 30
6 34
6 38
6 40
7 9
7 11
7 13
7 15
7 19
7 23
7 25
7 37
7 39
7 41
8 10
8 12
8 14
8 34
8 38
9 11
9 13
9 15
9 19
9 21
9 23
9 25
9 27
9 29
9 31
9 33
9 35
9 37
9 39
9 41
10 12
10 14
10 16
10 18
10 20
10 22
10 24
10 26
10 28
10 34
10 38
11 13
11 15
11 19
11 21
11 23
11 25
11 27
11 31
11 33
11 35
11 37
11 39
11 41
12 14
12 16
12 18
12 20
12 22
12 24
12 26
12 28
12 30
12 32
12 34
12 36
12 38
13 15
13 19
13 21
13 23
13 25
13 27
13 31
13 33
13 37
14 16
14 18
14 34
14 38
15 17
15 19
15 21
15 23
15 25
15 27
15 29
15 31
15 33
15 35
15 37
15 39
15 41
16 18
16 20
16 22
16 24
16 26
16 28
16 30
16 32
16 34
16 36
16 38
16 40
17 19
17 21
17 23
17 25
17 27
17 29
17 31
17 33
17 37
17 41
18 20
18 22
18 24
18 26
18 28
18 30
18 34
18 38
19 21
19 23
19 25
19 27
19 29
19 31
19 33
19 37
19 39
19 41
20 22
20 24
20 26
20 28
20 30
20 32
20 34
20 36
20 38
20 40
21 23
21 25
21 27
21 29
21 31
21 33
21 37
21 41
22 24
22 34
22 38
23 25
23 27
23 29
23 31
23 33
23 35
23 37
23 39
23 41
24 26
24 28
24 30
24 32
24 34
24 36
24 38
25 27
25 29
25 31
25 33
25 37
25 41
26 28
26 30
26 32
26 34
26 36
26 38
26 40
27 29
27 31
27 33
27 37
27 41
28 30
28 32
28 34
28 36
28 38
28 40
29 31
29 33
29 37
29 41
30 32
30 34
30 36
30 38
30 40
31 33
31 35
31 37
31 39
31 41
32 34
32 36
32 38
32 40
33 35
33 37
33 39
33 41
34 36
34 38
34 40
35 37
35 39
35 41
36 38
37 39
37 41
38 40
39 41
0 1
2 3
4 5
6 7
8 9
10 11
12 13
14 15
16 17
18 19
20 21
22 23
24 25
26 27
28 29
30 31
32 33
34 35
36 37
38 39
40 41
