90
1590
45
0 2
0 4
0 6
0 8
0 10
0 12
0 14
0 16
0 18
0 20
0 22
0 24
0 26
0 28
0 30
0 32
0 34
0 36
0 38
0 40
0 42
0 44
0 46
0 48
0 50
0 52
0 54
0 58
0 60
0 62
0 66
0 72
0 74
0 82
0 84
0 86
0 88
1 3
1 5
1 7
1 9
1 11
1 15
1 17
1 19
1 27
1 29
1 31
1 33
1 35
1 39
1 43
1 47
1 51
1 61
1 63
1 65
1 67
1 69
1 71
1 73
1 75
1 77
1 79
1 81
1 83
1 85
1 87
1 89
2 4
2 6
2 8
2 10
2 12
2 14
2 16
2 18
2 20
2 22
2 24
2 26
2 28
2 30
2 32
2 34
2 36
2 38
2 40
2 42
2 44
2 46
2 48
2 50
2 52
2 54
2 56
2 58
2 60
2 62
2 64
2 66
2 68
2 70
2 72
2 74
2 76
2 78
2 80
2 82
2 84
2 86
2 88
3 5
3 7
3 9
3 11
3 15
3 17
3 19
3 27
3 29
3 31
3 33
3 35
3 39
3 43
3 47
3 51
3 65
3 69
3 77
3 79
3 81
3 87
3 89
4 6
4 20
4 22
4 24
4 36
4 40
4 44
4 48
4 52
4 54
4 58
4 60
4 62
4 66
4 72
4 74
4 82
4 84
4 86
4 88
5 7
5 9
5 11
5 13
5 15
5 17
5 19
5 21
5 23
5 25
5 27
5 29
5 31
5 33
5 35
5 37
5 39
5 41
5 43
5 45
5 47
5 49
5 51
5 53
5 55
5 57
5 59
5 61
5 63
5 65
5 67
5 69
5 71
5 73
5 75
5 77
5 79
5 81
5 83
5 85
5 87
5 89
6 22
6 24
6 36
6 40
6 44
6 48
6 52
6 54
6 58
6 60
6 62
6 72
6 74
6 82
6 84
6 86
6 88
7 9
7 11
7 13
7 15
7 17
7 19
7 21
7 23
7 25
7 27
7 29
7 31
7 33
7 35
7 37
7 39
7 41
7 43
7 45
7 47
7 49
7 51
7 53
7 55
7 57
7 59
7 61
7 63
7 65
7 67
7 69
7 71
7 73
7 75
7 77
7 79
7 81
7 83
7 85
7 87
7 89
8 10
8 12
8 14
8 16
8 18
8 20
8 22
8 24
8 26
8 28
8 30
8 32
8 34
8 36
8 40
8 44
8 52
8 54
8 58
8 60
8 62
8 72
8 74
8 82
8 84
8 86
8 88
9 11
9 13
9 15
9 17
9 19
9 21
9 27
9 29
9 31
9 33
9 35
9 39
9 41
9 43
9 45
9 47
9 49
9 51
9 53
9 55
9 57
9 59
9 61
9 63
9 65
9 67
9 69
9 71
9 73
9 75
9 77
9 79
9 81
9 83
9 85
9 87
9 89
10 12
10 14
10 16
10 18
10 20
10 22
10 24
10 26
10 28
10 30
10 32
10 34
10 36
10 38
10 40
10 42
10 44
10 46
10 48
10 50
10 52
10 54
10 58
10 60
10 62
10 72
10 74
10 82
10 84
10 86
10 88
11 13
11 15
11 17
11 19
11 21
11 27
11 29
11 31
11 33
11 35
11 39
11 43
11 47
11 51
11 57
11 61
11 63
11 65
11 67
11 69
11 71
11 73
11 75
11 77
11 79
11 81
11 83
11 85
11 87
11 89
12 14
12 16
12 18
12 20
12 22
12 24
12 26
12 28
12 30
12 32
12 34
12 36
12 38
12 40
12 42
12 44
12 46
12 48
12 50
12 52
12 54
12 56
12 58
12 60
12 62
12 64
12 66
12 68
12 70
12 72
12 74
12 76
12 78
12 80
12 82
12 84
12 86
12 88
13 15
13 17
13 19
13 21
13 23
13 27
13 29
13 31
13 33
13 35
13 39
13 43
13 47
13 49
13 51
13 57
13 65
13 67
13 69
13 71
13 77
13 79
13 81
14 16
14 18
14 20
14 22
14 24
14 26
14 28
14 30
14 32
14 34
14 36
14 40
14 44
14 52
14 54
14 58
14 60
14 62
14 72
14 74
14 82
14 84
14 86
14 88
15 17
15 19
15 21
15 23
15 27
15 29
15 31
15 33
15 35
15 39
15 41
15 43
15 45
15 47
15 49
15 51
15 53
15 55
15 57
15 59
15 61
15 63
15 65
15 67
15 69
15 71
15 73
15 75
15 77
15 79
15 81
15 83
15 85
15 87
15 89
16 18
16 20
16 22
16 24
16 26
16 28
16 30
16 32
16 34
16 36
16 38
16 40
16 42
16 44
16 46
16 48
16 50
16 52
16 54
16 56
16 58
16 60
16 62
16 64
16 66
16 68
16 70
16 72
16 74
16 76
16 78
16 80
16 82
16 84
16 86
16 88
17 19
17 21
17 23
17 27
17 29
17 31
17 33
17 35
17 39
17 43
17 47
17 49
17 51
17 57
17 65
17 67
17 69
17 71
17 77
17 79
17 81
17 85
17 87
17 89
18 20
18 22
18 24
18 26
18 28
18 30
18 32
18 34
18 36
18 38
18 40
18 42
18 44
18 46
18 48
18 50
18 52
18 54
18 56
18 58
18 60
18 62
18 64
18 66
18 68
18 70
18 72
18 74
18 76
18 78
18 80
18 82
18 84
18 86
18 88
19 21
19 23
19 27
19 29
19 31
19 33
19 35
19 39
19 43
19 47
19 49
19 51
19 57
19 65
19 67
19 69
19 71
19 77
19 79
19 81
20 22
20 24
20 26
20 28
20 30
20 32
20 34
20 36
20 38
20 40
20 42
20 44
20 46
20 48
20 50
20 52
20 54
20 56
20 58
20 60
20 62
20 64
20 66
20 68
20 70
20 72
20 74
20 76
20 78
20 80
20 82
20 84
20 86
20 88
21 23
21 25
21 27
21 29
21 31
21 33
21 35
21 39
21 43
21 47
21 49
21 51
21 57
21 65
21 67
21 69
21 71
21 77
21 79
21 81
22 24
22 26
22 28
22 30
22 32
22 34
22 36
22 38
22 40
22 42
22 44
22 46
22 48
22 50
22 52
22 54
22 56
22 58
22 60
22 62
22 64
22 66
22 68
22 70
22 72
22 74
22 76
22 78
22 80
22 82
22 84
22 86
22 88
23 25
23 27
23 29
23 31
23 33
23 35
23 39
23 43
23 47
23 49
23 51
23 57
23 65
23 67
23 69
23 71
23 77
23 79
23 81
24 26
24 28
24 30
24 32
24 34
24 36
24 38
24 40
24 42
24 44
24 46
24 48
24 50
24 52
24 54
24 56
24 58
24 60
24 62
24 64
24 66
24 68
24 70
24 72
24 74
24 76
24 78
24 80
24 82
24 84
24 86
24 88
25 27
25 29
25 31
25 33
25 35
25 39
25 43
25 47
25 49
25 51
25 57
25 65
25 67
25 69
25 71
25 77
25 79
25 81
26 28
26 30
26 32
26 34
26 36
26 38
26 40
26 42
26 44
26 46
26 48
26 50
26 54
26 58
26 60
26 62
26 72
26 74
26 82
26 84
26 86
26 88
27 29
27 31
27 33
27 35
27 39
27 43
27 47
27 49
27 51
27 57
27 59
27 61
27 63
27 65
27 67
27 69
27 71
27 73
27 75
27 77
27 79
27 81
27 83
27 85
27 87
27 89
28 30
28 32
28 34
28 36
28 38
28 40
28 42
28 44
28 46
28 48
28 50
28 52
28 54
28 56
28 58
28 60
28 62
28 64
28 66
28 68
28 72
28 74
28 82
28 84
28 86
28 88
29 31
29 33
29 35
29 39
29 43
29 47
29 49
29 51
29 57
29 65
29 67
29 69
29 71
29 77
29 79
29 81
29 83
29 85
29 87
29 89
30 32
30 34
30 36
30 38
30 40
30 42
30 44
30 46
30 48
30 50
30 52
30 54
30 56
30 58
30 60
30 62
30 64
30 66
30 68
30 70
30 72
30 74
30 76
30 78
30 80
30 82
30 84
30 86
30 88
31 33
31 35
31 39
31 43
31 47
31 49
31 51
31 57
31 65
31 67
31 69
31 71
31 77
31 79
31 81
32 34
32 36
32 38
32 40
32 42
32 44
32 46
32 48
32 50
32 54
32 60
32 62
32 72
32 74
32 82
32 84
32 88
33 35
33 37
33 39
33 43
33 45
33 47
33 49
33 51
33 53
33 57
33 59
33 61
33 63
33 65
33 67
33 69
33 71
33 73
33 75
33 77
33 79
33 81
33 83
33 85
33 87
33 89
34 36
34 38
34 40
34 42
34 44
34 46
34 48
34 50
34 52
34 54
34 56
34 58
34 60
34 62
34 64
34 72
34 74
34 82
34 84
34 88
35 37
35 39
35 43
35 45
35 47
35 49
35 51
35 53
35 57
35 65
35 67
35 69
35 71
35 73
35 75
35 77
35 79
35 81
35 83
35 85
35 87
35 89
36 38
36 40
36 42
36 44
36 46
36 48
36 50
36 52
36 54
36 56
36 58
36 60
36 62
36 64
36 66
36 68
36 70
36 72
36 74
36 76
36 78
36 80
36 82
36 84
36 86
36 88
37 39
37 41
37 43
37 45
37 47
37 49
37 51
37 53
37 57
37 59
37 65
37 67
37 69
37 71
37 77
37 79
37 81
37 87
38 40
38 42
38 44
38 46
38 48
38 50
38 52
38 54
38 56
38 58
38 60
38 62
38 64
38 66
38 68
38 72
38 74
38 84
38 88
39 41
39 43
39 45
39 47
39 49
39 51
39 53
39 57
39 59
39 65
39 67
39 69
39 71
39 77
39 79
39 81
39 83
39 85
39 87
39 89
40 42
40 44
40 46
40 48
40 50
40 52
40 54
40 56
40 58
40 60
40 62
40 64
40 66
40 68
40 70
40 72
40 74
40 76
40 78
40 80
40 82
40 84
40 86
40 88
41 43
41 45
41 47
41 49
41 51
41 53
41 55
41 57
41 59
41 65
41 67
41 69
41 71
41 77
41 79
41 81
41 83
41 87
42 44
42 46
42 48
42 50
42 52
42 54
42 56
42 58
42 60
42 62
42 64
42 66
42 68
42 70
42 72
42 74
42 76
42 78
42 80
42 82
42 84
42 88
43 45
43 47
43 49
43 51
43 53
43 55
43 57
43 59
43 65
43 67
43 69
43 71
43 77
43 79
43 81
43 83
43 87
44 46
44 48
44 50
44 52
44 54
44 56
44 58
44 60
44 62
44 64
44 66
44 68
44 70
44 72
44 74
44 76
44 78
44 80
44 82
44 84
44 86
44 88
45 47
45 49
45 51
45 53
45 55
45 57
45 59
45 65
45 67
45 69
45 71
45 77
45 79
45 81
45 83
45 85
45 87
46 48
46 50
46 52
46 54
46 56
46 58
46 60
46 62
46 64
46 74
46 88
47 49
47 51
47 53
47 55
47 57
47 59
47 65
47 67
47 69
47 71
47 73
47 75
47 77
47 79
47 81
47 83
47 85
47 87
47 89
48 50
48 52
48 54
48 56
48 58
48 60
48 62
48 64
48 66
48 68
48 70
48 72
48 74
48 76
48 78
48 80
48 82
48 84
48 86
48 88
49 51
49 53
49 55
49 57
49 59
49 65
49 67
49 69
49 71
49 73
49 77
49 79
49 81
49 83
49 85
49 87
50 52
50 54
50 56
50 58
50 60
50 62
50 64
50 66
50 68
50 74
50 88
51 53
51 55
51 57
51 59
51 65
51 67
51 69
51 71
51 73
51 77
51 79
51 81
51 83
51 85
51 87
51 89
52 54
52 56
52 58
52 60
52 62
52 64
52 66
52 68
52 70
52 72
52 74
52 76
52 78
52 80
52 82
52 84
52 86
52 88
53 55
53 57
53 59
53 61
53 65
53 67
53 69
53 71
53 73
53 77
53 79
53 81
53 83
53 85
53 87
54 56
54 58
54 60
54 62
54 64
54 66
54 68
54 70
54 72
54 74
54 76
54 78
54 80
54 82
54 84
54 86
54 88
55 57
55 59
55 61
55 65
55 67
55 69
55 71
55 73
55 77
55 79
55 81
55 83
55 85
55 87
56 58
56 60
56 62
56 64
56 66
56 68
56 70
56 72
56 74
56 76
56 78
56 80
56 82
56 84
56 86
56 88
57 59
57 61
57 65
57 67
57 69
57 71
57 73
57 77
57 79
57 81
57 83
57 85
57 87
58 60
58 62
58 64
58 66
58 68
58 70
58 72
58 74
58 76
58 78
58 80
58 82
58 84
58 86
58 88
59 61
59 65
59 67
59 69
59 71
59 73
59 77
59 79
59 81
59 83
59 85
59 87
60 62
60 64
60 66
60 68
60 70
60 72
60 74
60 76
60 78
60 80
60 82
60 84
60 86
60 88
61 63
61 65
61 67
61 69
61 71
61 73
61 77
61 79
61 81
61 83
61 85
61 87
62 64
62 66
62 68
62 70
62 72
62 74
62 76
62 78
62 80
62 82
62 84
62 86
62 88
63 65
63 67
63 69
63 71
63 73
63 77
63 79
63 81
63 83
63 85
63 87
64 66
64 68
64 70
64 72
64 74
64 76
64 78
64 80
64 82
64 88
65 67
65 69
65 71
65 73
65 77
65 79
65 81
65 83
65 85
65 87
65 89
66 68
66 70
66 72
66 74
66 76
66 78
66 80
66 82
66 84
66 86
66 88
67 69
67 71
67 73
67 75
67 77
67 79
67 81
67 83
67 85
67 87
68 88
69 71
69 73
69 75
69 77
69 79
69 81
69 83
69 85
69 87
69 89
70 72
70 74
70 76
70 78
70 80
70 82
70 84
70 86
70 88
71 73
71 75
71 77
71 79
71 81
71 83
71 85
71 87
72 74
72 76
72 78
72 80
72 82
72 84
72 86
72 88
73 75
73 77
73 79
73 81
73 83
73 85
73 87
74 76
74 78
74 80
74 82
74 84
74 86
74 88
75 77
75 79
75 81
75 83
75 85
75 87
76 78
76 80
77 79
77 81
77 83
77 85
77 87
77 89
78 80
78 82
79 81
79 83
79 85
79 87
79 89
80 82
81 83
81 85
81 87
81 89
82 84
82 86
82 88
83 85
83 87
83 89
84 86
84 88
85 87
85 89
86 88
87 89
0 1
2 3
4 5
6 7
8 9
10 11
12 13
14 15
16 17
18 19
20 21
22 23
24 25
26 27
28 29
30 31
32 33
34 35
36 37
38 39
40 41
42 43
44 45
46 47
48 49
50 51
52 53
54 55
56 57
58 59
60 61
62 63
64 65
66 67
68 69
70 71
72 73
74 75
76 77
78 79
80 81
82 83
84 85
86 87
88 89
