208
8656
104
0 2
0 4
0 6
0 8
0 40
0 46
0 56
0 58
0 72
0 74
0 82
0 84
0 86
0 88
0 94
0 96
0 98
0 100
0 104
0 106
0 108
0 120
0 122
0 124
0 126
0 128
0 130
0 136
0 138
0 140
0 142
0 144
0 146
0 152
0 154
0 156
0 158
0 160
0 162
0 164
0 166
0 168
0 176
0 178
0 180
0 182
0 184
0 188
0 190
0 192
0 194
0 196
0 198
0 200
0 202
0 204
0 206
1 3
1 5
1 7
1 9
1 11
1 13
1 15
1 17
1 19
1 21
1 23
1 25
1 27
1 29
1 31
1 33
1 35
1 37
1 39
1 41
1 43
1 45
1 47
1 49
1 51
1 53
1 55
1 57
1 59
1 61
1 63
1 65
1 67
1 69
1 71
1 73
1 75
1 77
1 79
1 81
1 83
1 85
1 87
1 89
1 91
1 93
1 95
1 97
1 99
1 101
1 103
1 105
1 107
1 109
1 111
1 113
1 115
1 117
1 119
1 121
1 123
1 125
1 127
1 129
1 131
1 133
1 135
1 137
1 139
1 141
1 143
1 145
1 147
1 149
1 151
1 153
1 155
1 157
1 159
1 161
1 163
1 165
1 167
1 169
1 171
1 173
1 175
1 177
1 179
1 181
1 183
1 185
1 187
1 189
1 191
1 193
1 195
1 197
1 199
1 201
1 203
1 205
1 207
2 4
2 6
2 8
2 10
2 12
2 14
2 16
2 18
2 20
2 22
2 24
2 26
2 28
2 30
2 32
2 34
2 36
2 38
2 40
2 42
2 44
2 46
2 48
2 50
2 52
2 54
2 56
2 58
2 60
2 62
2 64
2 66
2 68
2 70
2 72
2 74
2 82
2 84
2 86
2 88
2 94
2 96
2 98
2 100
2 104
2 106
2 108
2 120
2 122
2 124
2 126
2 128
2 130
2 136
2 138
2 140
2 142
2 144
2 146
2 152
2 154
2 156
2 158
2 160
2 162
2 164
2 166
2 168
2 176
2 178
2 180
2 182
2 184
2 188
2 190
2 192
2 194
2 196
2 198
2 200
2 202
2 204
2 206
3 5
3 7
3 9
3 11
3 13
3 15
3 17
3 19
3 21
3 23
3 27
3 29
3 31
3 33
3 35
3 37
3 43
3 45
3 49
3 51
3 53
3 55
3 61
3 63
3 65
3 67
3 69
3 71
3 77
3 79
3 81
3 83
3 85
3 87
3 89
3 91
3 93
3 95
3 97
3 99
3 101
3 103
3 105
3 107
3 109
3 111
3 113
3 115
3 117
3 119
3 121
3 123
3 125
3 127
3 129
3 131
3 133
3 135
3 137
3 139
3 141
3 143
3 145
3 147
3 149
3 151
3 153
3 155
3 157
3 159
3 161
3 163
3 165
3 167
3 169
3 171
3 173
3 175
3 177
3 179
3 181
3 183
3 185
3 187
3 189
3 191
3 193
3 195
3 197
3 199
3 201
3 203
3 205
3 207
4 6
4 8
4 10
4 12
4 14
4 16
4 18
4 20
4 22
4 24
4 26
4 28
4 30
4 32
4 34
4 36
4 38
4 40
4 42
4 44
4 46
4 48
4 50
4 52
4 54
4 56
4 58
4 60
4 62
4 64
4 66
4 68
4 70
4 72
4 74
4 76
4 78
4 80
4 82
4 84
4 86
4 88
4 90
4 92
4 94
4 96
4 98
4 100
4 102
4 104
4 106
4 108
4 110
4 112
4 114
4 116
4 118
4 120
4 122
4 124
4 126
4 128
4 130
4 132
4 136
4 138
4 140
4 142
4 144
4 146
4 152
4 154
4 156
4 158
4 160
4 162
4 164
4 166
4 168
4 176
4 178
4 180
4 182
4 184
4 188
4 190
4 192
4 194
4 196
4 198
4 200
4 202
4 204
4 206
5 7
5 9
5 11
5 13
5 15
5 17
5 19
5 21
5 23
5 27
5 29
5 31
5 33
5 35
5 37
5 43
5 45
5 49
5 51
5 53
5 55
5 61
5 63
5 65
5 67
5 69
5 71
5 77
5 79
5 91
5 93
5 103
5 111
5 113
5 115
5 117
5 133
5 149
5 151
5 153
5 155
5 157
5 159
5 161
5 163
5 165
5 167
5 169
5 171
5 173
5 175
5 177
5 179
5 181
5 183
5 185
5 187
5 189
5 191
5 193
5 195
5 197
5 199
5 201
5 203
5 205
5 207
6 8
6 10
6 12
6 14
6 16
6 18
6 20
6 22
6 24
6 26
6 28
6 30
6 32
6 34
6 36
6 38
6 40
6 42
6 44
6 46
6 48
6 50
6 52
6 54
6 56
6 58
6 60
6 62
6 64
6 66
6 68
6 70
6 72
6 74
6 76
6 78
6 80
6 82
6 84
6 86
6 88
6 90
6 92
6 94
6 96
6 98
6 100
6 102
6 104
6 106
6 108
6 110
6 112
6 114
6 116
6 118
6 120
6 122
6 124
6 126
6 128
6 130
6 132
6 134
6 136
6 138
6 140
6 142
6 144
6 146
6 148
6 150
6 152
6 154
6 156
6 158
6 160
6 162
6 164
6 166
6 168
6 176
6 178
6 180
6 182
6 184
6 188
6 190
6 192
6 194
6 196
6 198
6 200
6 202
6 204
6 206
7 9
7 11
7 13
7 15
7 17
7 19
7 21
7 23
7 27
7 29
7 31
7 33
7 35
7 37
7 43
7 45
7 49
7 51
7 53
7 55
7 61
7 63
7 65
7 67
7 69
7 71
7 77
7 79
7 91
7 93
7 103
7 111
7 113
7 115
7 117
7 133
7 149
7 151
7 171
7 173
7 175
7 177
7 179
7 181
7 183
7 185
7 187
7 189
7 191
7 193
7 195
7 197
7 199
7 201
7 203
7 205
7 207
8 10
8 12
8 14
8 16
8 18
8 20
8 22
8 24
8 26
8 28
8 30
8 32
8 34
8 36
8 38
8 40
8 42
8 44
8 46
8 48
8 50
8 52
8 54
8 56
8 58
8 60
8 62
8 64
8 66
8 68
8 70
8 72
8 74
8 76
8 78
8 80
8 82
8 84
8 86
8 88
8 90
8 92
8 94
8 96
8 98
8 100
8 102
8 104
8 106
8 108
8 110
8 112
8 114
8 116
8 118
8 120
8 122
8 124
8 126
8 128
8 130
8 132
8 134
8 136
8 138
8 140
8 142
8 144
8 146
8 148
8 150
8 152
8 154
8 156
8 158
8 160
8 162
8 164
8 166
8 168
8 170
8 172
8 176
8 178
8 180
8 182
8 184
8 188
8 190
8 192
8 194
8 196
8 198
8 200
8 202
8 204
8 206
9 11
9 13
9 15
9 17
9 19
9 21
9 23
9 27
9 29
9 31
9 33
9 35
9 37
9 43
9 45
9 49
9 51
9 53
9 55
9 61
9 63
9 65
9 67
9 69
9 71
9 77
9 79
9 91
9 93
9 103
9 111
9 113
9 115
9 117
9 133
9 149
9 151
9 171
9 173
9 187
9 189
9 191
9 193
9 195
9 197
9 199
9 201
9 203
9 205
9 207
10 12
10 14
10 16
10 18
10 20
10 22
10 24
10 26
10 28
10 30
10 32
10 34
10 36
10 40
10 46
10 58
10 74
10 84
10 86
10 88
10 94
10 96
10 98
10 100
10 104
10 106
10 108
10 122
10 124
10 126
10 128
10 130
10 138
10 140
10 142
10 144
10 146
10 154
10 156
10 158
10 160
10 162
10 164
10 166
10 168
10 176
10 178
10 180
10 182
10 184
10 190
10 192
10 194
10 196
10 198
10 200
10 202
10 204
10 206
11 13
11 15
11 17
11 19
11 21
11 23
11 25
11 27
11 29
11 31
11 33
11 35
11 37
11 39
11 43
11 45
11 47
11 49
11 51
11 53
11 55
11 57
11 59
11 61
11 63
11 65
11 67
11 69
11 71
11 73
11 75
11 77
11 79
11 81
11 83
11 85
11 87
11 89
11 91
11 93
11 95
11 97
11 99
11 101
11 103
11 105
11 107
11 109
11 111
11 113
11 115
11 117
11 119
11 121
11 123
11 125
11 127
11 129
11 131
11 133
11 135
11 137
11 139
11 141
11 143
11 145
11 147
11 149
11 151
11 153
11 155
11 157
11 159
11 161
11 163
11 165
11 167
11 169
11 171
11 173
11 175
11 177
11 179
11 181
11 183
11 185
11 187
11 189
11 191
11 193
11 195
11 197
11 199
11 201
11 203
11 205
11 207
12 14
12 16
12 18
12 20
12 22
12 24
12 26
12 28
12 30
12 32
12 34
12 36
12 38
12 40
12 42
12 44
12 46
12 58
12 74
12 84
12 86
12 88
12 94
12 96
12 98
12 100
12 104
12 106
12 108
12 122
12 124
12 126
12 128
12 130
12 138
12 140
12 142
12 144
12 146
12 154
12 156
12 158
12 160
12 162
12 164
12 166
12 168
12 176
12 178
12 180
12 182
12 184
12 190
12 192
12 194
12 196
12 198
12 200
12 202
12 204
12 206
13 15
13 17
13 19
13 21
13 23
13 25
13 27
13 29
13 31
13 33
13 35
13 37
13 39
13 43
13 45
13 49
13 51
13 53
13 55
13 57
13 59
13 61
13 63
13 65
13 67
13 69
13 71
13 73
13 75
13 77
13 79
13 81
13 83
13 85
13 87
13 89
13 91
13 93
13 95
13 97
13 99
13 101
13 103
13 105
13 107
13 109
13 111
13 113
13 115
13 117
13 119
13 121
13 123
13 125
13 127
13 129
13 131
13 133
13 135
13 137
13 139
13 141
13 143
13 145
13 147
13 149
13 151
13 153
13 155
13 157
13 159
13 161
13 163
13 165
13 167
13 169
13 171
13 173
13 175
13 177
13 179
13 181
13 183
13 185
13 187
13 189
13 191
13 193
13 195
13 197
13 199
13 201
13 203
13 205
13 207
14 16
14 18
14 20
14 22
14 24
14 26
14 28
14 30
14 32
14 34
14 36
14 38
14 40
14 42
14 44
14 46
14 48
14 50
14 52
14 54
14 58
14 74
14 84
14 86
14 88
14 94
14 96
14 98
14 100
14 104
14 106
14 108
14 122
14 124
14 126
14 128
14 130
14 138
14 140
14 142
14 144
14 146
14 154
14 156
14 158
14 160
14 162
14 164
14 166
14 168
14 176
14 178
14 180
14 182
14 184
14 190
14 192
14 194
14 196
14 198
14 200
14 202
14 204
14 206
15 17
15 19
15 21
15 23
15 25
15 27
15 29
15 31
15 33
15 35
15 37
15 39
15 43
15 45
15 49
15 51
15 53
15 55
15 61
15 63
15 65
15 67
15 69
15 71
15 73
15 75
15 77
15 79
15 81
15 83
15 85
15 87
15 89
15 91
15 93
15 95
15 97
15 99
15 101
15 103
15 105
15 107
15 109
15 111
15 113
15 115
15 117
15 119
15 121
15 123
15 125
15 127
15 129
15 131
15 133
15 135
15 137
15 139
15 141
15 143
15 145
15 147
15 149
15 151
15 153
15 155
15 157
15 159
15 161
15 163
15 165
15 167
15 169
15 171
15 173
15 175
15 177
15 179
15 181
15 183
15 185
15 187
15 189
15 191
15 193
15 195
15 197
15 199
15 201
15 203
15 205
15 207
16 18
16 20
16 22
16 24
16 26
16 28
16 30
16 32
16 34
16 36
16 38
16 40
16 42
16 44
16 46
16 48
16 50
16 52
16 54
16 56
16 58
16 60
16 62
16 64
16 66
16 68
16 70
16 74
16 84
16 86
16 88
16 94
16 96
16 98
16 100
16 104
16 106
16 108
16 122
16 124
16 126
16 128
16 130
16 138
16 140
16 142
16 144
16 146
16 154
16 156
16 158
16 160
16 162
16 164
16 166
16 168
16 176
16 178
16 180
16 182
16 184
16 190
16 192
16 194
16 196
16 198
16 200
16 202
16 204
16 206
17 19
17 21
17 23
17 25
17 27
17 29
17 31
17 33
17 35
17 37
17 39
17 43
17 45
17 49
17 51
17 53
17 55
17 61
17 63
17 65
17 67
17 69
17 71
17 77
17 79
17 81
17 83
17 85
17 87
17 89
17 91
17 93
17 95
17 97
17 99
17 101
17 103
17 105
17 107
17 109
17 111
17 113
17 115
17 117
17 119
17 121
17 123
17 125
17 127
17 129
17 131
17 133
17 135
17 137
17 139
17 141
17 143
17 145
17 147
17 149
17 151
17 153
17 155
17 157
17 159
17 161
17 163
17 165
17 167
17 169
17 171
17 173
17 175
17 177
17 179
17 181
17 183
17 185
17 187
17 189
17 191
17 193
17 195
17 197
17 199
17 201
17 203
17 205
17 207
18 20
18 22
18 24
18 26
18 28
18 30
18 32
18 34
18 36
18 38
18 40
18 42
18 44
18 46
18 48
18 50
18 52
18 54
18 56
18 58
18 60
18 62
18 64
18 66
18 68
18 70
18 72
18 74
18 76
18 78
18 84
18 86
18 88
18 94
18 96
18 98
18 100
18 104
18 106
18 108
18 122
18 124
18 126
18 128
18 130
18 138
18 140
18 142
18 144
18 146
18 154
18 156
18 158
18 160
18 162
18 164
18 166
18 168
18 176
18 178
18 180
18 182
18 184
18 190
18 192
18 194
18 196
18 198
18 200
18 202
18 204
18 206
19 21
19 23
19 25
19 27
19 29
19 31
19 33
19 35
19 37
19 39
19 43
19 45
19 49
19 51
19 53
19 55
19 61
19 63
19 65
19 67
19 69
19 71
19 77
19 79
19 81
19 91
19 93
19 95
19 97
19 99
19 101
19 103
19 105
19 107
19 109
19 111
19 113
19 115
19 117
19 119
19 121
19 123
19 125
19 127
19 129
19 131
19 133
19 135
19 137
19 139
19 141
19 143
19 145
19 147
19 149
19 151
19 153
19 155
19 157
19 159
19 161
19 163
19 165
19 167
19 169
19 171
19 173
19 175
19 177
19 179
19 181
19 183
19 185
19 187
19 189
19 191
19 193
19 195
19 197
19 199
19 201
19 203
19 205
19 207
20 22
20 24
20 26
20 28
20 30
20 32
20 34
20 36
20 38
20 40
20 42
20 44
20 46
20 48
20 50
20 52
20 54
20 56
20 58
20 60
20 62
20 64
20 66
20 68
20 70
20 72
20 74
20 76
20 78
20 80
20 82
20 84
20 86
20 88
20 90
20 92
20 94
20 96
20 98
20 100
20 102
20 104
20 106
20 108
20 110
20 112
20 114
20 116
20 118
20 120
20 122
20 124
20 126
20 128
20 130
20 132
20 138
20 140
20 142
20 144
20 146
20 154
20 156
20 158
20 160
20 162
20 164
20 166
20 168
20 176
20 178
20 180
20 182
20 184
20 190
20 192
20 194
20 196
20 198
20 200
20 202
20 204
20 206
21 23
21 25
21 27
21 29
21 31
21 33
21 35
21 37
21 39
21 43
21 45
21 49
21 51
21 53
21 55
21 61
21 63
21 65
21 67
21 69
21 71
21 77
21 79
21 81
21 91
21 93
21 103
21 111
21 113
21 115
21 117
21 119
21 133
21 135
21 149
21 151
21 153
21 155
21 157
21 159
21 161
21 163
21 165
21 167
21 169
21 171
21 173
21 175
21 177
21 179
21 181
21 183
21 185
21 187
21 189
21 191
21 193
21 195
21 197
21 199
21 201
21 203
21 205
21 207
22 24
22 26
22 28
22 30
22 32
22 34
22 36
22 38
22 40
22 42
22 44
22 46
22 48
22 50
22 52
22 54
22 56
22 58
22 60
22 62
22 64
22 66
22 68
22 70
22 72
22 74
22 76
22 78
22 80
22 82
22 84
22 86
22 88
22 90
22 92
22 94
22 96
22 98
22 100
22 102
22 104
22 106
22 108
22 110
22 112
22 114
22 116
22 118
22 120
22 122
22 124
22 126
22 128
22 130
22 132
22 134
22 136
22 138
22 140
22 142
22 144
22 146
22 148
22 150
22 154
22 156
22 158
22 160
22 162
22 164
22 166
22 168
22 176
22 178
22 180
22 182
22 184
22 190
22 192
22 194
22 196
22 198
22 200
22 202
22 204
22 206
23 25
23 27
23 29
23 31
23 33
23 35
23 37
23 39
23 43
23 45
23 49
23 51
23 53
23 55
23 61
23 63
23 65
23 67
23 69
23 71
23 77
23 79
23 81
23 91
23 93
23 103
23 111
23 113
23 115
23 117
23 119
23 133
23 135
23 149
23 151
23 171
23 173
23 175
23 177
23 179
23 181
23 183
23 185
23 187
23 189
23 191
23 193
23 195
23 197
23 199
23 201
23 203
23 205
23 207
24 26
24 28
24 30
24 32
24 34
24 36
24 38
24 40
24 42
24 44
24 46
24 48
24 50
24 52
24 54
24 56
24 58
24 60
24 62
24 64
24 66
24 68
24 70
24 72
24 74
24 76
24 78
24 80
24 82
24 84
24 86
24 88
24 90
24 92
24 94
24 96
24 98
24 100
24 102
24 104
24 106
24 108
24 110
24 112
24 114
24 116
24 118
24 120
24 122
24 124
24 126
24 128
24 130
24 132
24 134
24 136
24 138
24 140
24 142
24 144
24 146
24 148
24 150
24 152
24 154
24 156
24 158
24 160
24 162
24 164
24 166
24 168
24 170
24 172
24 174
24 176
24 178
24 180
24 182
24 184
24 186
24 188
24 190
24 192
24 194
24 196
24 198
24 200
24 202
24 204
24 206
25 27
25 29
25 31
25 33
25 35
25 37
25 39
25 43
25 45
25 49
25 51
25 53
25 55
25 57
25 61
25 63
25 65
25 67
25 69
25 71
25 73
25 77
25 79
25 81
25 83
25 91
25 93
25 103
25 111
25 113
25 115
25 117
25 119
25 121
25 133
25 135
25 137
25 149
25 151
25 153
25 171
25 173
25 175
25 187
25 189
26 28
26 30
26 32
26 34
26 36
26 38
26 40
26 42
26 44
26 46
26 48
26 50
26 52
26 54
26 56
26 58
26 60
26 62
26 64
26 66
26 68
26 70
26 72
26 74
26 76
26 78
26 86
26 88
26 94
26 96
26 98
26 100
26 106
26 108
26 122
26 124
26 126
26 128
26 130
26 140
26 142
26 144
26 146
26 156
26 158
26 160
26 162
26 164
26 166
26 168
26 178
26 180
26 182
26 184
26 192
26 194
26 196
26 198
26 200
26 202
26 204
26 206
27 29
27 31
27 33
27 35
27 37
27 39
27 43
27 45
27 49
27 51
27 53
27 55
27 57
27 61
27 63
27 65
27 67
27 69
27 71
27 73
27 77
27 79
27 81
27 83
27 91
27 93
27 95
27 97
27 99
27 101
27 103
27 105
27 107
27 109
27 111
27 113
27 115
27 117
27 119
27 121
27 123
27 125
27 127
27 129
27 131
27 133
27 135
27 137
27 139
27 141
27 143
27 145
27 147
27 149
27 151
27 153
27 155
27 157
27 159
27 161
27 163
27 165
27 167
27 169
27 171
27 173
27 175
27 177
27 179
27 181
27 183
27 185
27 187
27 189
27 191
27 193
27 195
27 197
27 199
27 201
27 203
27 205
27 207
28 30
28 32
28 34
28 36
28 38
28 40
28 42
28 44
28 46
28 48
28 50
28 52
28 54
28 56
28 58
28 60
28 62
28 64
28 66
28 68
28 70
28 72
28 74
28 76
28 78
28 80
28 82
28 84
28 86
28 88
28 90
28 92
28 94
28 96
28 98
28 100
28 102
28 104
28 106
28 108
28 110
28 112
28 114
28 116
28 122
28 124
28 126
28 128
28 130
28 140
28 142
28 144
28 146
28 156
28 158
28 160
28 162
28 164
28 166
28 168
28 178
28 180
28 182
28 184
28 192
28 194
28 196
28 198
28 200
28 202
28 204
28 206
29 31
29 33
29 35
29 37
29 39
29 43
29 45
29 49
29 51
29 53
29 55
29 57
29 61
29 63
29 65
29 67
29 69
29 71
29 73
29 77
29 79
29 81
29 83
29 91
29 93
29 103
29 111
29 113
29 115
29 117
29 119
29 121
29 133
29 135
29 137
29 139
29 141
29 143
29 145
29 147
29 149
29 151
29 153
29 155
29 157
29 159
29 161
29 163
29 165
29 167
29 169
29 171
29 173
29 175
29 177
29 179
29 181
29 183
29 185
29 187
29 189
29 191
29 193
29 195
29 197
29 199
29 201
29 203
29 205
29 207
30 32
30 34
30 36
30 38
30 40
30 42
30 44
30 46
30 48
30 50
30 52
30 54
30 56
30 58
30 60
30 62
30 64
30 66
30 68
30 70
30 72
30 74
30 76
30 78
30 80
30 82
30 84
30 86
30 88
30 90
30 92
30 94
30 96
30 98
30 100
30 102
30 104
30 106
30 108
30 110
30 112
30 114
30 116
30 118
30 120
30 122
30 124
30 126
30 128
30 130
30 132
30 140
30 142
30 144
30 146
30 156
30 158
30 160
30 162
30 164
30 166
30 168
30 178
30 180
30 182
30 184
30 192
30 194
30 196
30 198
30 200
30 202
30 204
30 206
31 33
31 35
31 37
31 39
31 43
31 45
31 49
31 51
31 53
31 55
31 57
31 61
31 63
31 65
31 67
31 69
31 71
31 73
31 77
31 79
31 81
31 83
31 91
31 93
31 103
31 111
31 113
31 115
31 117
31 119
31 121
31 133
31 135
31 137
31 149
31 151
31 153
31 155
31 157
31 159
31 161
31 163
31 165
31 167
31 169
31 171
31 173
31 175
31 177
31 179
31 181
31 183
31 185
31 187
31 189
31 191
31 193
31 195
31 197
31 199
31 201
31 203
31 205
31 207
32 34
32 36
32 38
32 40
32 42
32 44
32 46
32 48
32 50
32 52
32 54
32 56
32 58
32 60
32 62
32 64
32 66
32 68
32 70
32 72
32 74
32 76
32 78
32 80
32 82
32 84
32 86
32 88
32 90
32 92
32 94
32 96
32 98
32 100
32 102
32 104
32 106
32 108
32 110
32 112
32 114
32 116
32 118
32 120
32 122
32 124
32 126
32 128
32 130
32 132
32 134
32 136
32 138
32 140
32 142
32 144
32 146
32 148
32 150
32 156
32 158
32 160
32 162
32 164
32 166
32 168
32 178
32 180
32 182
32 184
32 192
32 194
32 196
32 198
32 200
32 202
32 204
32 206
33 35
33 37
33 39
33 43
33 45
33 49
33 51
33 53
33 55
33 57
33 61
33 63
33 65
33 67
33 69
33 71
33 73
33 77
33 79
33 81
33 83
33 91
33 93
33 103
33 111
33 113
33 115
33 117
33 119
33 121
33 133
33 135
33 137
33 149
33 151
33 153
33 171
33 173
33 175
33 177
33 179
33 181
33 183
33 185
33 187
33 189
33 191
33 193
33 195
33 197
33 199
33 201
33 203
33 205
33 207
34 36
34 38
34 40
34 42
34 44
34 46
34 48
34 50
34 52
34 54
34 56
34 58
34 60
34 62
34 64
34 66
34 68
34 70
34 72
34 74
34 76
34 78
34 80
34 82
34 84
34 86
34 88
34 90
34 92
34 94
34 96
34 98
34 100
34 102
34 104
34 106
34 108
34 110
34 112
34 114
34 116
34 118
34 120
34 122
34 124
34 126
34 128
34 130
34 132
34 134
34 136
34 138
34 140
34 142
34 144
34 146
34 148
34 150
34 152
34 154
34 156
34 158
34 160
34 162
34 164
34 166
34 168
34 170
34 172
34 178
34 180
34 182
34 184
34 192
34 194
34 196
34 198
34 200
34 202
34 204
34 206
35 37
35 39
35 43
35 45
35 49
35 51
35 53
35 55
35 57
35 61
35 63
35 65
35 67
35 69
35 71
35 73
35 77
35 79
35 81
35 83
35 91
35 93
35 103
35 111
35 113
35 115
35 117
35 119
35 121
35 133
35 135
35 137
35 149
35 151
35 153
35 171
35 173
35 175
35 187
35 189
35 191
35 193
35 195
35 197
35 199
35 201
35 203
35 205
35 207
36 38
36 40
36 42
36 44
36 46
36 48
36 50
36 52
36 54
36 56
36 58
36 60
36 62
36 64
36 66
36 68
36 70
36 72
36 74
36 76
36 78
36 80
36 82
36 84
36 86
36 88
36 90
36 92
36 94
36 96
36 98
36 100
36 102
36 104
36 106
36 108
36 110
36 112
36 114
36 116
36 118
36 120
36 122
36 124
36 126
36 128
36 130
36 132
36 134
36 136
36 138
36 140
36 142
36 144
36 146
36 148
36 150
36 152
36 154
36 156
36 158
36 160
36 162
36 164
36 166
36 168
36 170
36 172
36 174
36 176
36 178
36 180
36 182
36 184
36 192
36 194
36 196
36 198
36 200
36 202
36 204
36 206
37 39
37 43
37 45
37 49
37 51
37 53
37 55
37 57
37 61
37 63
37 65
37 67
37 69
37 71
37 73
37 77
37 79
37 81
37 83
37 91
37 93
37 103
37 111
37 113
37 115
37 117
37 119
37 121
37 133
37 135
37 137
37 149
37 151
37 153
37 171
37 173
37 175
37 187
37 189
38 40
38 42
38 44
38 46
38 48
38 50
38 52
38 54
38 56
38 58
38 60
38 62
38 64
38 66
38 68
38 70
38 72
38 74
38 76
38 78
38 80
38 82
38 84
38 86
38 88
38 90
38 92
38 94
38 96
38 98
38 100
38 102
38 104
38 106
38 108
38 110
38 112
38 114
38 116
38 118
38 120
38 122
38 124
38 126
38 128
38 130
38 132
38 134
38 136
38 138
38 140
38 142
38 144
38 146
38 148
38 150
38 152
38 154
38 156
38 158
38 160
38 162
38 164
38 166
38 168
38 170
38 172
38 174
38 176
38 178
38 180
38 182
38 184
38 186
38 188
38 190
38 192
38 194
38 196
38 198
38 200
38 202
38 204
38 206
39 41
39 43
39 45
39 49
39 51
39 53
39 55
39 57
39 61
39 63
39 65
39 67
39 69
39 71
39 73
39 77
39 79
39 81
39 83
39 85
39 91
39 93
39 103
39 105
39 111
39 113
39 115
39 117
39 119
39 121
39 133
39 135
39 137
39 139
39 149
39 151
39 153
39 155
39 171
39 173
39 175
39 177
39 187
39 189
39 191
40 42
40 44
40 46
40 48
40 50
40 52
40 54
40 56
40 58
40 60
40 62
40 64
40 66
40 68
40 70
40 72
40 74
40 76
40 78
40 80
40 82
40 84
40 86
40 88
40 90
40 92
40 94
40 96
40 98
40 100
40 102
40 104
40 106
40 108
40 110
40 112
40 114
40 116
40 118
40 120
40 122
40 124
40 126
40 128
40 130
40 132
40 134
40 136
40 138
40 140
40 142
40 144
40 146
40 148
40 150
40 152
40 154
40 156
40 158
40 160
40 162
40 164
40 166
40 168
40 170
40 172
40 174
40 176
40 178
40 180
40 182
40 184
40 186
40 188
40 190
40 192
40 194
40 196
40 198
40 200
40 202
40 204
40 206
41 43
41 45
41 49
41 51
41 53
41 55
41 57
41 61
41 63
41 65
41 67
41 69
41 71
41 73
41 77
41 79
41 81
41 83
41 85
41 91
41 93
41 103
41 105
41 111
41 113
41 115
41 117
41 119
41 121
41 133
41 135
41 137
41 139
41 149
41 151
41 153
41 155
41 171
41 173
41 175
41 177
41 187
41 189
41 191
42 44
42 46
42 48
42 50
42 52
42 54
42 56
42 58
42 60
42 62
42 64
42 66
42 68
42 70
42 72
42 74
42 76
42 78
42 80
42 82
42 84
42 86
42 88
42 90
42 92
42 94
42 96
42 98
42 100
42 102
42 104
42 106
42 108
42 110
42 112
42 114
42 116
42 118
42 120
42 122
42 124
42 126
42 128
42 130
42 132
42 134
42 136
42 138
42 140
42 142
42 144
42 146
42 148
42 150
42 158
42 160
42 162
42 164
42 166
42 168
42 178
42 180
42 182
42 184
42 192
42 194
42 196
42 198
42 200
42 202
42 204
42 206
43 45
43 49
43 51
43 53
43 55
43 57
43 61
43 63
43 65
43 67
43 69
43 71
43 73
43 77
43 79
43 81
43 83
43 85
43 91
43 93
43 103
43 105
43 111
43 113
43 115
43 117
43 119
43 121
43 133
43 135
43 137
43 139
43 149
43 151
43 153
43 155
43 171
43 173
43 175
43 177
43 179
43 181
43 183
43 185
43 187
43 189
43 191
43 193
43 195
43 197
43 199
43 201
43 203
43 205
43 207
44 46
44 48
44 50
44 52
44 54
44 56
44 58
44 60
44 62
44 64
44 66
44 68
44 70
44 72
44 74
44 76
44 78
44 80
44 82
44 84
44 86
44 88
44 90
44 92
44 94
44 96
44 98
44 100
44 102
44 104
44 106
44 108
44 110
44 112
44 114
44 116
44 118
44 120
44 122
44 124
44 126
44 128
44 130
44 132
44 134
44 136
44 138
44 140
44 142
44 144
44 146
44 148
44 150
44 152
44 154
44 156
44 158
44 160
44 162
44 164
44 166
44 168
44 170
44 172
44 174
44 176
44 178
44 180
44 182
44 184
44 192
44 194
44 196
44 198
44 200
44 202
44 204
44 206
45 49
45 51
45 53
45 55
45 57
45 61
45 63
45 65
45 67
45 69
45 71
45 73
45 77
45 79
45 81
45 83
45 85
45 91
45 93
45 103
45 105
45 111
45 113
45 115
45 117
45 119
45 121
45 133
45 135
45 137
45 139
45 149
45 151
45 153
45 155
45 171
45 173
45 175
45 177
45 187
45 189
45 191
46 48
46 50
46 52
46 54
46 56
46 58
46 60
46 62
46 64
46 66
46 68
46 70
46 72
46 74
46 76
46 78
46 80
46 82
46 84
46 86
46 88
46 90
46 92
46 94
46 96
46 98
46 100
46 102
46 104
46 106
46 108
46 110
46 112
46 114
46 116
46 118
46 120
46 122
46 124
46 126
46 128
46 130
46 132
46 134
46 136
46 138
46 140
46 142
46 144
46 146
46 148
46 150
46 152
46 154
46 156
46 158
46 160
46 162
46 164
46 166
46 168
46 170
46 172
46 174
46 176
46 178
46 180
46 182
46 184
46 186
46 188
46 190
46 192
46 194
46 196
46 198
46 200
46 202
46 204
46 206
47 49
47 51
47 53
47 55
47 57
47 59
47 61
47 63
47 65
47 67
47 69
47 71
47 73
47 77
47 79
47 81
47 83
47 85
47 87
47 91
47 93
47 95
47 103
47 105
47 111
47 113
47 115
47 117
47 119
47 121
47 123
47 133
47 135
47 137
47 139
47 141
47 149
47 151
47 153
47 155
47 157
47 171
47 173
47 175
47 177
47 187
47 189
47 191
48 50
48 52
48 54
48 56
48 58
48 60
48 62
48 64
48 66
48 68
48 70
48 88
48 96
48 98
48 100
48 106
48 108
48 126
48 128
48 130
48 142
48 144
48 146
48 158
48 160
48 162
48 164
48 166
48 168
48 178
48 180
48 182
48 184
48 194
48 196
48 198
48 200
48 202
48 204
48 206
49 51
49 53
49 55
49 57
49 59
49 61
49 63
49 65
49 67
49 69
49 71
49 73
49 77
49 79
49 81
49 83
49 85
49 87
49 89
49 91
49 93
49 95
49 97
49 99
49 101
49 103
49 105
49 107
49 109
49 111
49 113
49 115
49 117
49 119
49 121
49 123
49 125
49 127
49 129
49 131
49 133
49 135
49 137
49 139
49 141
49 143
49 145
49 147
49 149
49 151
49 153
49 155
49 157
49 159
49 161
49 163
49 165
49 167
49 169
49 171
49 173
49 175
49 177
49 179
49 181
49 183
49 185
49 187
49 189
49 191
49 193
49 195
49 197
49 199
49 201
49 203
49 205
49 207
50 52
50 54
50 56
50 58
50 60
50 62
50 64
50 66
50 68
50 70
50 72
50 74
50 76
50 78
50 88
50 96
50 98
50 100
50 106
50 108
50 126
50 128
50 130
50 142
50 144
50 146
50 158
50 160
50 162
50 164
50 166
50 168
50 178
50 180
50 182
50 184
50 194
50 196
50 198
50 200
50 202
50 204
50 206
51 53
51 55
51 57
51 59
51 61
51 63
51 65
51 67
51 69
51 71
51 73
51 77
51 79
51 81
51 83
51 85
51 87
51 91
51 93
51 95
51 97
51 99
51 101
51 103
51 105
51 107
51 109
51 111
51 113
51 115
51 117
51 119
51 121
51 123
51 125
51 127
51 129
51 131
51 133
51 135
51 137
51 139
51 141
51 143
51 145
51 147
51 149
51 151
51 153
51 155
51 157
51 159
51 161
51 163
51 165
51 167
51 169
51 171
51 173
51 175
51 177
51 179
51 181
51 183
51 185
51 187
51 189
51 191
51 193
51 195
51 197
51 199
51 201
51 203
51 205
51 207
52 54
52 56
52 58
52 60
52 62
52 64
52 66
52 68
52 70
52 72
52 74
52 76
52 78
52 80
52 82
52 84
52 86
52 88
52 90
52 92
52 96
52 98
52 100
52 106
52 108
52 126
52 128
52 130
52 142
52 144
52 146
52 158
52 160
52 162
52 164
52 166
52 168
52 178
52 180
52 182
52 184
52 194
52 196
52 198
52 200
52 202
52 204
52 206
53 55
53 57
53 59
53 61
53 63
53 65
53 67
53 69
53 71
53 73
53 77
53 79
53 81
53 83
53 85
53 87
53 91
53 93
53 95
53 103
53 105
53 107
53 109
53 111
53 113
53 115
53 117
53 119
53 121
53 123
53 125
53 127
53 129
53 131
53 133
53 135
53 137
53 139
53 141
53 143
53 145
53 147
53 149
53 151
53 153
53 155
53 157
53 159
53 161
53 163
53 165
53 167
53 169
53 171
53 173
53 175
53 177
53 179
53 181
53 183
53 185
53 187
53 189
53 191
53 193
53 195
53 197
53 199
53 201
53 203
53 205
53 207
54 56
54 58
54 60
54 62
54 64
54 66
54 68
54 70
54 72
54 74
54 76
54 78
54 80
54 82
54 84
54 86
54 88
54 90
54 92
54 94
54 96
54 98
54 100
54 102
54 104
54 106
54 108
54 110
54 112
54 114
54 116
54 126
54 128
54 130
54 142
54 144
54 146
54 158
54 160
54 162
54 164
54 166
54 168
54 178
54 180
54 182
54 184
54 194
54 196
54 198
54 200
54 202
54 204
54 206
55 57
55 59
55 61
55 63
55 65
55 67
55 69
55 71
55 73
55 77
55 79
55 81
55 83
55 85
55 87
55 91
55 93
55 95
55 103
55 105
55 111
55 113
55 115
55 117
55 119
55 121
55 123
55 133
55 135
55 137
55 139
55 141
55 143
55 145
55 147
55 149
55 151
55 153
55 155
55 157
55 159
55 161
55 163
55 165
55 167
55 169
55 171
55 173
55 175
55 177
55 179
55 181
55 183
55 185
55 187
55 189
55 191
55 193
55 195
55 197
55 199
55 201
55 203
55 205
55 207
56 58
56 60
56 62
56 64
56 66
56 68
56 70
56 72
56 74
56 76
56 78
56 80
56 82
56 84
56 86
56 88
56 90
56 92
56 94
56 96
56 98
56 100
56 102
56 104
56 106
56 108
56 110
56 112
56 114
56 116
56 118
56 120
56 122
56 124
56 126
56 128
56 130
56 132
56 134
56 136
56 138
56 140
56 142
56 144
56 146
56 148
56 150
56 152
56 154
56 156
56 158
56 160
56 162
56 164
56 166
56 168
56 170
56 172
56 174
56 176
56 178
56 180
56 182
56 184
56 186
56 188
56 190
56 192
56 194
56 196
56 198
56 200
56 202
56 204
56 206
57 59
57 61
57 63
57 65
57 67
57 69
57 71
57 73
57 75
57 77
57 79
57 81
57 83
57 85
57 87
57 91
57 93
57 95
57 103
57 105
57 111
57 113
57 115
57 117
57 119
57 121
57 123
57 125
57 133
57 135
57 137
57 139
57 141
57 149
57 151
57 153
57 155
57 157
57 171
57 173
57 175
57 177
57 187
57 189
57 191
57 193
58 60
58 62
58 64
58 66
58 68
58 70
58 72
58 74
58 76
58 78
58 80
58 82
58 84
58 86
58 88
58 90
58 92
58 94
58 96
58 98
58 100
58 102
58 104
58 106
58 108
58 110
58 112
58 114
58 116
58 118
58 120
58 122
58 124
58 126
58 128
58 130
58 132
58 134
58 136
58 138
58 140
58 142
58 144
58 146
58 148
58 150
58 152
58 154
58 156
58 158
58 160
58 162
58 164
58 166
58 168
58 170
58 172
58 174
58 176
58 178
58 180
58 182
58 184
58 186
58 188
58 190
58 192
58 194
58 196
58 198
58 200
58 202
58 204
58 206
59 61
59 63
59 65
59 67
59 69
59 71
59 73
59 75
59 77
59 79
59 81
59 83
59 85
59 87
59 91
59 93
59 95
59 103
59 105
59 111
59 113
59 115
59 117
59 119
59 121
59 123
59 125
59 133
59 135
59 137
59 139
59 141
59 149
59 151
59 153
59 155
59 157
59 171
59 173
59 175
59 177
59 187
59 189
59 191
59 193
60 62
60 64
60 66
60 68
60 70
60 88
60 98
60 100
60 106
60 108
60 126
60 128
60 130
60 144
60 146
60 160
60 162
60 164
60 166
60 168
60 180
60 182
60 184
60 196
60 198
60 200
60 202
60 204
60 206
61 63
61 65
61 67
61 69
61 71
61 73
61 75
61 77
61 79
61 81
61 83
61 85
61 87
61 89
61 91
61 93
61 95
61 97
61 99
61 101
61 103
61 105
61 107
61 109
61 111
61 113
61 115
61 117
61 119
61 121
61 123
61 125
61 127
61 129
61 131
61 133
61 135
61 137
61 139
61 141
61 143
61 145
61 147
61 149
61 151
61 153
61 155
61 157
61 159
61 161
61 163
61 165
61 167
61 169
61 171
61 173
61 175
61 177
61 179
61 181
61 183
61 185
61 187
61 189
61 191
61 193
61 195
61 197
61 199
61 201
61 203
61 205
61 207
62 64
62 66
62 68
62 70
62 72
62 74
62 76
62 78
62 80
62 82
62 84
62 86
62 88
62 90
62 92
62 94
62 96
62 98
62 100
62 102
62 106
62 108
62 126
62 128
62 130
62 144
62 146
62 160
62 162
62 164
62 166
62 168
62 180
62 182
62 184
62 196
62 198
62 200
62 202
62 204
62 206
63 65
63 67
63 69
63 71
63 73
63 75
63 77
63 79
63 81
63 83
63 85
63 87
63 91
63 93
63 95
63 103
63 105
63 111
63 113
63 115
63 117
63 119
63 121
63 123
63 125
63 127
63 129
63 131
63 133
63 135
63 137
63 139
63 141
63 143
63 145
63 147
63 149
63 151
63 153
63 155
63 157
63 159
63 161
63 163
63 165
63 167
63 169
63 171
63 173
63 175
63 177
63 179
63 181
63 183
63 185
63 187
63 189
63 191
63 193
63 195
63 197
63 199
63 201
63 203
63 205
63 207
64 66
64 68
64 70
64 72
64 74
64 76
64 78
64 80
64 82
64 84
64 86
64 88
64 90
64 92
64 94
64 96
64 98
64 100
64 102
64 104
64 106
64 108
64 110
64 112
64 114
64 116
64 126
64 128
64 130
64 144
64 146
64 160
64 162
64 164
64 166
64 168
64 180
64 182
64 184
64 196
64 198
64 200
64 202
64 204
64 206
65 67
65 69
65 71
65 73
65 75
65 77
65 79
65 81
65 83
65 85
65 87
65 91
65 93
65 95
65 103
65 105
65 111
65 113
65 115
65 117
65 119
65 121
65 123
65 125
65 133
65 135
65 137
65 139
65 141
65 143
65 145
65 147
65 149
65 151
65 153
65 155
65 157
65 159
65 161
65 163
65 165
65 167
65 169
65 171
65 173
65 175
65 177
65 179
65 181
65 183
65 185
65 187
65 189
65 191
65 193
65 195
65 197
65 199
65 201
65 203
65 205
65 207
66 68
66 70
66 72
66 74
66 76
66 78
66 80
66 82
66 84
66 86
66 88
66 90
66 92
66 94
66 96
66 98
66 100
66 102
66 104
66 106
66 108
66 110
66 112
66 114
66 116
66 118
66 120
66 122
66 124
66 126
66 128
66 130
66 132
66 144
66 146
66 160
66 162
66 164
66 166
66 168
66 180
66 182
66 184
66 196
66 198
66 200
66 202
66 204
66 206
67 69
67 71
67 73
67 75
67 77
67 79
67 81
67 83
67 85
67 87
67 91
67 93
67 95
67 103
67 105
67 111
67 113
67 115
67 117
67 119
67 121
67 123
67 125
67 133
67 135
67 137
67 139
67 141
67 149
67 151
67 153
67 155
67 157
67 159
67 161
67 163
67 165
67 167
67 169
67 171
67 173
67 175
67 177
67 179
67 181
67 183
67 185
67 187
67 189
67 191
67 193
67 195
67 197
67 199
67 201
67 203
67 205
67 207
68 70
68 72
68 74
68 76
68 78
68 80
68 82
68 84
68 86
68 88
68 90
68 92
68 94
68 96
68 98
68 100
68 102
68 104
68 106
68 108
68 110
68 112
68 114
68 116
68 118
68 120
68 122
68 124
68 126
68 128
68 130
68 132
68 134
68 136
68 138
68 140
68 142
68 144
68 146
68 148
68 150
68 160
68 162
68 164
68 166
68 168
68 180
68 182
68 184
68 196
68 198
68 200
68 202
68 204
68 206
69 71
69 73
69 75
69 77
69 79
69 81
69 83
69 85
69 87
69 91
69 93
69 95
69 103
69 105
69 111
69 113
69 115
69 117
69 119
69 121
69 123
69 125
69 133
69 135
69 137
69 139
69 141
69 149
69 151
69 153
69 155
69 157
69 171
69 173
69 175
69 177
69 179
69 181
69 183
69 185
69 187
69 189
69 191
69 193
69 195
69 197
69 199
69 201
69 203
69 205
69 207
70 72
70 74
70 76
70 78
70 80
70 82
70 84
70 86
70 88
70 90
70 92
70 94
70 96
70 98
70 100
70 102
70 104
70 106
70 108
70 110
70 112
70 114
70 116
70 118
70 120
70 122
70 124
70 126
70 128
70 130
70 132
70 134
70 136
70 138
70 140
70 142
70 144
70 146
70 148
70 150
70 152
70 154
70 156
70 158
70 160
70 162
70 164
70 166
70 168
70 170
70 172
70 180
70 182
70 184
70 196
70 198
70 200
70 202
70 204
70 206
71 73
71 75
71 77
71 79
71 81
71 83
71 85
71 87
71 91
71 93
71 95
71 103
71 105
71 111
71 113
71 115
71 117
71 119
71 121
71 123
71 125
71 133
71 135
71 137
71 139
71 141
71 149
71 151
71 153
71 155
71 157
71 171
71 173
71 175
71 177
71 187
71 189
71 191
71 193
71 195
71 197
71 199
71 201
71 203
71 205
71 207
72 74
72 76
72 78
72 80
72 82
72 84
72 86
72 88
72 90
72 92
72 94
72 96
72 98
72 100
72 102
72 104
72 106
72 108
72 110
72 112
72 114
72 116
72 118
72 120
72 122
72 124
72 126
72 128
72 130
72 132
72 134
72 136
72 138
72 140
72 142
72 144
72 146
72 148
72 150
72 152
72 154
72 156
72 158
72 160
72 162
72 164
72 166
72 168
72 170
72 172
72 174
72 176
72 178
72 180
72 182
72 184
72 186
72 188
72 190
72 192
72 194
72 196
72 198
72 200
72 202
72 204
72 206
73 75
73 77
73 79
73 81
73 83
73 85
73 87
73 91
73 93
73 95
73 97
73 103
73 105
73 111
73 113
73 115
73 117
73 119
73 121
73 123
73 125
73 133
73 135
73 137
73 139
73 141
73 143
73 149
73 151
73 153
73 155
73 157
73 159
73 171
73 173
73 175
73 177
73 179
73 187
73 189
73 191
73 193
73 195
74 76
74 78
74 80
74 82
74 84
74 86
74 88
74 90
74 92
74 94
74 96
74 98
74 100
74 102
74 104
74 106
74 108
74 110
74 112
74 114
74 116
74 118
74 120
74 122
74 124
74 126
74 128
74 130
74 132
74 134
74 136
74 138
74 140
74 142
74 144
74 146
74 148
74 150
74 152
74 154
74 156
74 158
74 160
74 162
74 164
74 166
74 168
74 170
74 172
74 174
74 176
74 178
74 180
74 182
74 184
74 186
74 188
74 190
74 192
74 194
74 196
74 198
74 200
74 202
74 204
74 206
75 77
75 79
75 81
75 83
75 85
75 87
75 91
75 93
75 95
75 97
75 103
75 105
75 111
75 113
75 115
75 117
75 119
75 121
75 123
75 125
75 133
75 135
75 137
75 139
75 141
75 143
75 149
75 151
75 153
75 155
75 157
75 159
75 171
75 173
75 175
75 177
75 179
75 187
75 189
75 191
75 193
75 195
76 78
76 80
76 82
76 84
76 86
76 88
76 90
76 92
76 100
76 108
76 128
76 130
76 146
76 162
76 164
76 166
76 168
76 182
76 184
76 196
76 198
76 200
76 202
76 204
76 206
77 79
77 81
77 83
77 85
77 87
77 91
77 93
77 95
77 97
77 103
77 105
77 107
77 109
77 111
77 113
77 115
77 117
77 119
77 121
77 123
77 125
77 127
77 129
77 131
77 133
77 135
77 137
77 139
77 141
77 143
77 145
77 147
77 149
77 151
77 153
77 155
77 157
77 159
77 161
77 163
77 165
77 167
77 169
77 171
77 173
77 175
77 177
77 179
77 181
77 183
77 185
77 187
77 189
77 191
77 193
77 195
77 197
77 199
77 201
77 203
77 205
77 207
78 80
78 82
78 84
78 86
78 88
78 90
78 92
78 94
78 96
78 98
78 100
78 102
78 104
78 106
78 108
78 110
78 112
78 114
78 116
78 118
78 120
78 122
78 124
78 126
78 128
78 130
78 132
78 134
78 136
78 138
78 140
78 142
78 144
78 146
78 148
78 150
78 162
78 164
78 166
78 168
78 182
78 184
78 196
78 198
78 200
78 202
78 204
78 206
79 81
79 83
79 85
79 87
79 91
79 93
79 95
79 97
79 103
79 105
79 111
79 113
79 115
79 117
79 119
79 121
79 123
79 125
79 133
79 135
79 137
79 139
79 141
79 143
79 149
79 151
79 153
79 155
79 157
79 159
79 171
79 173
79 175
79 177
79 179
79 181
79 183
79 185
79 187
79 189
79 191
79 193
79 195
79 197
79 199
79 201
79 203
79 205
79 207
80 82
80 84
80 86
80 88
80 90
80 92
80 94
80 96
80 98
80 100
80 102
80 104
80 106
80 108
80 110
80 112
80 114
80 116
80 118
80 120
80 122
80 124
80 126
80 128
80 130
80 132
80 134
80 136
80 138
80 140
80 142
80 144
80 146
80 148
80 150
80 152
80 154
80 156
80 158
80 160
80 162
80 164
80 166
80 168
80 170
80 172
80 174
80 176
80 178
80 180
80 182
80 184
80 186
80 188
80 190
80 192
80 194
80 196
80 198
80 200
80 202
80 204
80 206
81 83
81 85
81 87
81 89
81 91
81 93
81 95
81 97
81 99
81 103
81 105
81 107
81 111
81 113
81 115
81 117
81 119
81 121
81 123
81 125
81 127
81 133
81 135
81 137
81 139
81 141
81 143
81 145
81 149
81 151
81 153
81 155
81 157
81 159
81 161
81 171
81 173
81 175
81 177
81 179
81 181
81 187
81 189
81 191
81 193
81 195
82 84
82 86
82 88
82 90
82 92
82 94
82 96
82 98
82 100
82 102
82 104
82 106
82 108
82 110
82 112
82 114
82 116
82 118
82 120
82 122
82 124
82 126
82 128
82 130
82 132
82 134
82 136
82 138
82 140
82 142
82 144
82 146
82 148
82 150
82 152
82 154
82 156
82 158
82 160
82 162
82 164
82 166
82 168
82 170
82 172
82 174
82 176
82 178
82 180
82 182
82 184
82 186
82 188
82 190
82 192
82 194
82 196
82 198
82 200
82 202
82 204
82 206
83 85
83 87
83 89
83 91
83 93
83 95
83 97
83 99
83 103
83 105
83 107
83 111
83 113
83 115
83 117
83 119
83 121
83 123
83 125
83 127
83 133
83 135
83 137
83 139
83 141
83 143
83 145
83 149
83 151
83 153
83 155
83 157
83 159
83 161
83 171
83 173
83 175
83 177
83 179
83 181
83 187
83 189
83 191
83 193
83 195
84 86
84 88
84 90
84 92
84 94
84 96
84 98
84 100
84 102
84 104
84 106
84 108
84 110
84 112
84 114
84 116
84 118
84 120
84 122
84 124
84 126
84 128
84 130
84 132
84 134
84 136
84 138
84 140
84 142
84 144
84 146
84 148
84 150
84 152
84 154
84 156
84 158
84 160
84 162
84 164
84 166
84 168
84 170
84 172
84 174
84 176
84 178
84 180
84 182
84 184
84 186
84 188
84 190
84 192
84 194
84 196
84 198
84 200
84 202
84 204
84 206
85 87
85 89
85 91
85 93
85 95
85 97
85 99
85 103
85 105
85 107
85 111
85 113
85 115
85 117
85 119
85 121
85 123
85 125
85 127
85 133
85 135
85 137
85 139
85 141
85 143
85 145
85 149
85 151
85 153
85 155
85 157
85 159
85 161
85 171
85 173
85 175
85 177
85 179
85 181
85 187
85 189
85 191
85 193
85 195
86 88
86 90
86 92
86 94
86 96
86 98
86 100
86 102
86 104
86 106
86 108
86 110
86 112
86 114
86 116
86 118
86 120
86 122
86 124
86 126
86 128
86 130
86 132
86 134
86 136
86 138
86 140
86 142
86 144
86 146
86 148
86 150
86 152
86 154
86 156
86 158
86 160
86 162
86 164
86 166
86 168
86 170
86 172
86 174
86 176
86 178
86 180
86 182
86 184
86 186
86 188
86 190
86 192
86 194
86 196
86 198
86 200
86 202
86 204
86 206
87 89
87 91
87 93
87 95
87 97
87 99
87 103
87 105
87 107
87 111
87 113
87 115
87 117
87 119
87 121
87 123
87 125
87 127
87 133
87 135
87 137
87 139
87 141
87 143
87 145
87 149
87 151
87 153
87 155
87 157
87 159
87 161
87 171
87 173
87 175
87 177
87 179
87 181
87 187
87 189
87 191
87 193
87 195
88 90
88 92
88 94
88 96
88 98
88 100
88 102
88 104
88 106
88 108
88 110
88 112
88 114
88 116
88 118
88 120
88 122
88 124
88 126
88 128
88 130
88 132
88 134
88 136
88 138
88 140
88 142
88 144
88 146
88 148
88 150
88 152
88 154
88 156
88 158
88 160
88 162
88 164
88 166
88 168
88 170
88 172
88 174
88 176
88 178
88 180
88 182
88 184
88 186
88 188
88 190
88 192
88 194
88 196
88 198
88 200
88 202
88 204
88 206
89 91
89 93
89 95
89 97
89 99
89 103
89 105
89 107
89 111
89 113
89 115
89 117
89 119
89 121
89 123
89 125
89 127
89 133
89 135
89 137
89 139
89 141
89 143
89 145
89 149
89 151
89 153
89 155
89 157
89 159
89 161
89 171
89 173
89 175
89 177
89 179
89 181
89 187
89 189
89 191
89 193
89 195
90 92
90 108
90 130
90 146
90 164
90 166
90 168
90 182
90 184
90 198
90 200
90 202
90 204
90 206
91 93
91 95
91 97
91 99
91 103
91 105
91 107
91 109
91 111
91 113
91 115
91 117
91 119
91 121
91 123
91 125
91 127
91 129
91 131
91 133
91 135
91 137
91 139
91 141
91 143
91 145
91 147
91 149
91 151
91 153
91 155
91 157
91 159
91 161
91 163
91 165
91 167
91 169
91 171
91 173
91 175
91 177
91 179
91 181
91 183
91 185
91 187
91 189
91 191
91 193
91 195
91 197
91 199
91 201
91 203
91 205
91 207
92 94
92 96
92 98
92 100
92 102
92 104
92 106
92 108
92 110
92 112
92 114
92 116
92 118
92 120
92 122
92 124
92 126
92 128
92 130
92 132
92 134
92 136
92 138
92 140
92 142
92 144
92 146
92 148
92 150
92 152
92 154
92 156
92 158
92 160
92 162
92 164
92 166
92 168
92 170
92 172
92 174
92 176
92 178
92 180
92 182
92 184
92 198
92 200
92 202
92 204
92 206
93 95
93 97
93 99
93 103
93 105
93 107
93 111
93 113
93 115
93 117
93 119
93 121
93 123
93 125
93 127
93 133
93 135
93 137
93 139
93 141
93 143
93 145
93 149
93 151
93 153
93 155
93 157
93 159
93 161
93 171
93 173
93 175
93 177
93 179
93 181
93 187
93 189
93 191
93 193
93 195
94 96
94 98
94 100
94 102
94 104
94 106
94 108
94 110
94 112
94 114
94 116
94 118
94 120
94 122
94 124
94 126
94 128
94 130
94 132
94 134
94 136
94 138
94 140
94 142
94 144
94 146
94 148
94 150
94 152
94 154
94 156
94 158
94 160
94 162
94 164
94 166
94 168
94 170
94 172
94 174
94 176
94 178
94 180
94 182
94 184
94 186
94 188
94 190
94 192
94 194
94 196
94 198
94 200
94 202
94 204
94 206
95 97
95 99
95 101
95 103
95 105
95 107
95 111
95 113
95 115
95 117
95 119
95 121
95 123
95 125
95 127
95 129
95 133
95 135
95 137
95 139
95 141
95 143
95 145
95 149
95 151
95 153
95 155
95 157
95 159
95 161
95 163
95 171
95 173
95 175
95 177
95 179
95 181
95 187
95 189
95 191
95 193
95 195
95 197
96 98
96 100
96 102
96 104
96 106
96 108
96 110
96 112
96 114
96 116
96 118
96 120
96 122
96 124
96 126
96 128
96 130
96 132
96 134
96 136
96 138
96 140
96 142
96 144
96 146
96 148
96 150
96 152
96 154
96 156
96 158
96 160
96 162
96 164
96 166
96 168
96 170
96 172
96 174
96 176
96 178
96 180
96 182
96 184
96 186
96 188
96 190
96 192
96 194
96 196
96 198
96 200
96 202
96 204
96 206
97 99
97 101
97 103
97 105
97 107
97 111
97 113
97 115
97 117
97 119
97 121
97 123
97 125
97 127
97 129
97 133
97 135
97 137
97 139
97 141
97 143
97 145
97 149
97 151
97 153
97 155
97 157
97 159
97 161
97 163
97 171
97 173
97 175
97 177
97 179
97 181
97 187
97 189
97 191
97 193
97 195
97 197
98 100
98 102
98 104
98 106
98 108
98 110
98 112
98 114
98 116
98 118
98 120
98 122
98 124
98 126
98 128
98 130
98 132
98 134
98 136
98 138
98 140
98 142
98 144
98 146
98 148
98 150
98 152
98 154
98 156
98 158
98 160
98 162
98 164
98 166
98 168
98 170
98 172
98 174
98 176
98 178
98 180
98 182
98 184
98 186
98 188
98 190
98 192
98 194
98 196
98 198
98 200
98 202
98 204
98 206
99 101
99 103
99 105
99 107
99 111
99 113
99 115
99 117
99 119
99 121
99 123
99 125
99 127
99 129
99 133
99 135
99 137
99 139
99 141
99 143
99 145
99 149
99 151
99 153
99 155
99 157
99 159
99 161
99 163
99 171
99 173
99 175
99 177
99 179
99 181
99 187
99 189
99 191
99 193
99 195
99 197
100 102
100 104
100 106
100 108
100 110
100 112
100 114
100 116
100 118
100 120
100 122
100 124
100 126
100 128
100 130
100 132
100 134
100 136
100 138
100 140
100 142
100 144
100 146
100 148
100 150
100 152
100 154
100 156
100 158
100 160
100 162
100 164
100 166
100 168
100 170
100 172
100 174
100 176
100 178
100 180
100 182
100 184
100 186
100 188
100 190
100 192
100 194
100 196
100 198
100 200
100 202
100 204
100 206
101 103
101 105
101 107
101 111
101 113
101 115
101 117
101 119
101 121
101 123
101 125
101 127
101 129
101 133
101 135
101 137
101 139
101 141
101 143
101 145
101 149
101 151
101 153
101 155
101 157
101 159
101 161
101 163
101 171
101 173
101 175
101 177
101 179
101 181
101 187
101 189
101 191
101 193
101 195
101 197
102 104
102 106
102 108
102 110
102 112
102 114
102 116
102 118
102 120
102 122
102 124
102 126
102 128
102 130
102 132
102 134
102 136
102 138
102 140
102 142
102 144
102 146
102 148
102 150
102 166
102 168
102 184
102 200
102 202
102 204
102 206
103 105
103 107
103 111
103 113
103 115
103 117
103 119
103 121
103 123
103 125
103 127
103 129
103 133
103 135
103 137
103 139
103 141
103 143
103 145
103 149
103 151
103 153
103 155
103 157
103 159
103 161
103 163
103 171
103 173
103 175
103 177
103 179
103 181
103 183
103 185
103 187
103 189
103 191
103 193
103 195
103 197
103 199
103 201
103 203
103 205
103 207
104 106
104 108
104 110
104 112
104 114
104 116
104 118
104 120
104 122
104 124
104 126
104 128
104 130
104 132
104 134
104 136
104 138
104 140
104 142
104 144
104 146
104 148
104 150
104 152
104 154
104 156
104 158
104 160
104 162
104 164
104 166
104 168
104 170
104 172
104 174
104 176
104 178
104 180
104 182
104 184
104 186
104 188
104 190
104 192
104 194
104 196
104 198
104 200
104 202
104 204
104 206
105 107
105 109
105 111
105 113
105 115
105 117
105 119
105 121
105 123
105 125
105 127
105 129
105 133
105 135
105 137
105 139
105 141
105 143
105 145
105 149
105 151
105 153
105 155
105 157
105 159
105 161
105 163
105 165
105 171
105 173
105 175
105 177
105 179
105 181
105 183
105 187
105 189
105 191
105 193
105 195
105 197
105 199
106 108
106 110
106 112
106 114
106 116
106 118
106 120
106 122
106 124
106 126
106 128
106 130
106 132
106 134
106 136
106 138
106 140
106 142
106 144
106 146
106 148
106 150
106 152
106 154
106 156
106 158
106 160
106 162
106 164
106 166
106 168
106 170
106 172
106 174
106 176
106 178
106 180
106 182
106 184
106 186
106 188
106 190
106 192
106 194
106 196
106 198
106 200
106 202
106 204
106 206
107 109
107 111
107 113
107 115
107 117
107 119
107 121
107 123
107 125
107 127
107 129
107 133
107 135
107 137
107 139
107 141
107 143
107 145
107 149
107 151
107 153
107 155
107 157
107 159
107 161
107 163
107 165
107 171
107 173
107 175
107 177
107 179
107 181
107 183
107 187
107 189
107 191
107 193
107 195
107 197
107 199
108 110
108 112
108 114
108 116
108 118
108 120
108 122
108 124
108 126
108 128
108 130
108 132
108 134
108 136
108 138
108 140
108 142
108 144
108 146
108 148
108 150
108 152
108 154
108 156
108 158
108 160
108 162
108 164
108 166
108 168
108 170
108 172
108 174
108 176
108 178
108 180
108 182
108 184
108 186
108 188
108 190
108 192
108 194
108 196
108 198
108 200
108 202
108 204
108 206
109 111
109 113
109 115
109 117
109 119
109 121
109 123
109 125
109 127
109 129
109 133
109 135
109 137
109 139
109 141
109 143
109 145
109 149
109 151
109 153
109 155
109 157
109 159
109 161
109 163
109 165
109 171
109 173
109 175
109 177
109 179
109 181
109 183
109 187
109 189
109 191
109 193
109 195
109 197
109 199
110 112
110 114
110 116
110 146
110 168
110 184
110 200
110 202
110 204
110 206
111 113
111 115
111 117
111 119
111 121
111 123
111 125
111 127
111 129
111 133
111 135
111 137
111 139
111 141
111 143
111 145
111 147
111 149
111 151
111 153
111 155
111 157
111 159
111 161
111 163
111 165
111 167
111 169
111 171
111 173
111 175
111 177
111 179
111 181
111 183
111 185
111 187
111 189
111 191
111 193
111 195
111 197
111 199
111 201
111 203
111 205
111 207
112 114
112 116
112 118
112 120
112 122
112 124
112 126
112 128
112 130
112 132
112 146
112 168
112 184
112 200
112 202
112 204
112 206
113 115
113 117
113 119
113 121
113 123
113 125
113 127
113 129
113 133
113 135
113 137
113 139
113 141
113 143
113 145
113 149
113 151
113 153
113 155
113 157
113 159
113 161
113 163
113 165
113 167
113 169
113 171
113 173
113 175
113 177
113 179
113 181
113 183
113 185
113 187
113 189
113 191
113 193
113 195
113 197
113 199
113 201
113 203
113 205
113 207
114 116
114 118
114 120
114 122
114 124
114 126
114 128
114 130
114 132
114 134
114 136
114 138
114 140
114 142
114 144
114 146
114 148
114 150
114 152
114 154
114 156
114 158
114 160
114 162
114 164
114 166
114 168
114 170
114 172
114 184
114 200
114 202
114 204
114 206
115 117
115 119
115 121
115 123
115 125
115 127
115 129
115 133
115 135
115 137
115 139
115 141
115 143
115 145
115 149
115 151
115 153
115 155
115 157
115 159
115 161
115 163
115 165
115 171
115 173
115 175
115 177
115 179
115 181
115 183
115 187
115 189
115 191
115 193
115 195
115 197
115 199
115 201
115 203
115 205
115 207
116 118
116 120
116 122
116 124
116 126
116 128
116 130
116 132
116 134
116 136
116 138
116 140
116 142
116 144
116 146
116 148
116 150
116 152
116 154
116 156
116 158
116 160
116 162
116 164
116 166
116 168
116 170
116 172
116 174
116 176
116 178
116 180
116 182
116 184
116 200
116 202
116 204
116 206
117 119
117 121
117 123
117 125
117 127
117 129
117 133
117 135
117 137
117 139
117 141
117 143
117 145
117 149
117 151
117 153
117 155
117 157
117 159
117 161
117 163
117 165
117 171
117 173
117 175
117 177
117 179
117 181
117 183
117 187
117 189
117 191
117 193
117 195
117 197
117 199
118 120
118 122
118 124
118 126
118 128
118 130
118 132
118 134
118 136
118 138
118 140
118 142
118 144
118 146
118 148
118 150
118 152
118 154
118 156
118 158
118 160
118 162
118 164
118 166
118 168
118 170
118 172
118 174
118 176
118 178
118 180
118 182
118 184
118 186
118 188
118 190
118 192
118 194
118 196
118 198
118 200
118 202
118 204
118 206
119 121
119 123
119 125
119 127
119 129
119 131
119 133
119 135
119 137
119 139
119 141
119 143
119 145
119 149
119 151
119 153
119 155
119 157
119 159
119 161
119 163
119 165
119 167
119 171
119 173
119 175
119 177
119 179
119 181
119 183
119 187
119 189
119 191
119 193
119 195
119 197
119 199
120 122
120 124
120 126
120 128
120 130
120 132
120 134
120 136
120 138
120 140
120 142
120 144
120 146
120 148
120 150
120 152
120 154
120 156
120 158
120 160
120 162
120 164
120 166
120 168
120 170
120 172
120 174
120 176
120 178
120 180
120 182
120 184
120 186
120 188
120 190
120 192
120 194
120 196
120 198
120 200
120 202
120 204
120 206
121 123
121 125
121 127
121 129
121 131
121 133
121 135
121 137
121 139
121 141
121 143
121 145
121 149
121 151
121 153
121 155
121 157
121 159
121 161
121 163
121 165
121 167
121 171
121 173
121 175
121 177
121 179
121 181
121 183
121 187
121 189
121 191
121 193
121 195
121 197
121 199
122 124
122 126
122 128
122 130
122 132
122 134
122 136
122 138
122 140
122 142
122 144
122 146
122 148
122 150
122 152
122 154
122 156
122 158
122 160
122 162
122 164
122 166
122 168
122 170
122 172
122 174
122 176
122 178
122 180
122 182
122 184
122 186
122 188
122 190
122 192
122 194
122 196
122 198
122 200
122 202
122 204
122 206
123 125
123 127
123 129
123 131
123 133
123 135
123 137
123 139
123 141
123 143
123 145
123 149
123 151
123 153
123 155
123 157
123 159
123 161
123 163
123 165
123 167
123 171
123 173
123 175
123 177
123 179
123 181
123 183
123 187
123 189
123 191
123 193
123 195
123 197
123 199
124 126
124 128
124 130
124 132
124 134
124 136
124 138
124 140
124 142
124 144
124 146
124 148
124 150
124 152
124 154
124 156
124 158
124 160
124 162
124 164
124 166
124 168
124 170
124 172
124 174
124 176
124 178
124 180
124 182
124 184
124 186
124 188
124 190
124 192
124 194
124 196
124 198
124 200
124 202
124 204
124 206
125 127
125 129
125 131
125 133
125 135
125 137
125 139
125 141
125 143
125 145
125 149
125 151
125 153
125 155
125 157
125 159
125 161
125 163
125 165
125 167
125 171
125 173
125 175
125 177
125 179
125 181
125 183
125 187
125 189
125 191
125 193
125 195
125 197
125 199
126 128
126 130
126 132
126 134
126 136
126 138
126 140
126 142
126 144
126 146
126 148
126 150
126 152
126 154
126 156
126 158
126 160
126 162
126 164
126 166
126 168
126 170
126 172
126 174
126 176
126 178
126 180
126 182
126 184
126 186
126 188
126 190
126 192
126 194
126 196
126 198
126 200
126 202
126 204
126 206
127 129
127 131
127 133
127 135
127 137
127 139
127 141
127 143
127 145
127 149
127 151
127 153
127 155
127 157
127 159
127 161
127 163
127 165
127 167
127 171
127 173
127 175
127 177
127 179
127 181
127 183
127 187
127 189
127 191
127 193
127 195
127 197
127 199
128 130
128 132
128 134
128 136
128 138
128 140
128 142
128 144
128 146
128 148
128 150
128 152
128 154
128 156
128 158
128 160
128 162
128 164
128 166
128 168
128 170
128 172
128 174
128 176
128 178
128 180
128 182
128 184
128 186
128 188
128 190
128 192
128 194
128 196
128 198
128 200
128 202
128 204
128 206
129 131
129 133
129 135
129 137
129 139
129 141
129 143
129 145
129 149
129 151
129 153
129 155
129 157
129 159
129 161
129 163
129 165
129 167
129 171
129 173
129 175
129 177
129 179
129 181
129 183
129 187
129 189
129 191
129 193
129 195
129 197
129 199
130 132
130 134
130 136
130 138
130 140
130 142
130 144
130 146
130 148
130 150
130 152
130 154
130 156
130 158
130 160
130 162
130 164
130 166
130 168
130 170
130 172
130 174
130 176
130 178
130 180
130 182
130 184
130 186
130 188
130 190
130 192
130 194
130 196
130 198
130 200
130 202
130 204
130 206
131 133
131 135
131 137
131 139
131 141
131 143
131 145
131 149
131 151
131 153
131 155
131 157
131 159
131 161
131 163
131 165
131 167
131 171
131 173
131 175
131 177
131 179
131 181
131 183
131 187
131 189
131 191
131 193
131 195
131 197
131 199
132 168
132 184
132 202
132 204
132 206
133 135
133 137
133 139
133 141
133 143
133 145
133 149
133 151
133 153
133 155
133 157
133 159
133 161
133 163
133 165
133 167
133 169
133 171
133 173
133 175
133 177
133 179
133 181
133 183
133 185
133 187
133 189
133 191
133 193
133 195
133 197
133 199
133 201
133 203
133 205
133 207
134 136
134 138
134 140
134 142
134 144
134 146
134 148
134 150
134 152
134 154
134 156
134 158
134 160
134 162
134 164
134 166
134 168
134 170
134 172
134 174
134 176
134 178
134 180
134 182
134 184
134 186
134 188
134 190
134 192
134 194
134 196
134 198
134 200
134 202
134 204
134 206
135 137
135 139
135 141
135 143
135 145
135 147
135 149
135 151
135 153
135 155
135 157
135 159
135 161
135 163
135 165
135 167
135 171
135 173
135 175
135 177
135 179
135 181
135 183
135 187
135 189
135 191
135 193
135 195
135 197
135 199
135 201
136 138
136 140
136 142
136 144
136 146
136 148
136 150
136 152
136 154
136 156
136 158
136 160
136 162
136 164
136 166
136 168
136 170
136 172
136 174
136 176
136 178
136 180
136 182
136 184
136 186
136 188
136 190
136 192
136 194
136 196
136 198
136 200
136 202
136 204
136 206
137 139
137 141
137 143
137 145
137 147
137 149
137 151
137 153
137 155
137 157
137 159
137 161
137 163
137 165
137 167
137 171
137 173
137 175
137 177
137 179
137 181
137 183
137 187
137 189
137 191
137 193
137 195
137 197
137 199
137 201
138 140
138 142
138 144
138 146
138 148
138 150
138 152
138 154
138 156
138 158
138 160
138 162
138 164
138 166
138 168
138 170
138 172
138 174
138 176
138 178
138 180
138 182
138 184
138 186
138 188
138 190
138 192
138 194
138 196
138 198
138 200
138 202
138 204
138 206
139 141
139 143
139 145
139 147
139 149
139 151
139 153
139 155
139 157
139 159
139 161
139 163
139 165
139 167
139 171
139 173
139 175
139 177
139 179
139 181
139 183
139 187
139 189
139 191
139 193
139 195
139 197
139 199
139 201
140 142
140 144
140 146
140 148
140 150
140 152
140 154
140 156
140 158
140 160
140 162
140 164
140 166
140 168
140 170
140 172
140 174
140 176
140 178
140 180
140 182
140 184
140 186
140 188
140 190
140 192
140 194
140 196
140 198
140 200
140 202
140 204
140 206
141 143
141 145
141 147
141 149
141 151
141 153
141 155
141 157
141 159
141 161
141 163
141 165
141 167
141 171
141 173
141 175
141 177
141 179
141 181
141 183
141 187
141 189
141 191
141 193
141 195
141 197
141 199
141 201
142 144
142 146
142 148
142 150
142 152
142 154
142 156
142 158
142 160
142 162
142 164
142 166
142 168
142 170
142 172
142 174
142 176
142 178
142 180
142 182
142 184
142 186
142 188
142 190
142 192
142 194
142 196
142 198
142 200
142 202
142 204
142 206
143 145
143 147
143 149
143 151
143 153
143 155
143 157
143 159
143 161
143 163
143 165
143 167
143 171
143 173
143 175
143 177
143 179
143 181
143 183
143 187
143 189
143 191
143 193
143 195
143 197
143 199
143 201
144 146
144 148
144 150
144 152
144 154
144 156
144 158
144 160
144 162
144 164
144 166
144 168
144 170
144 172
144 174
144 176
144 178
144 180
144 182
144 184
144 186
144 188
144 190
144 192
144 194
144 196
144 198
144 200
144 202
144 204
144 206
145 147
145 149
145 151
145 153
145 155
145 157
145 159
145 161
145 163
145 165
145 167
145 171
145 173
145 175
145 177
145 179
145 181
145 183
145 187
145 189
145 191
145 193
145 195
145 197
145 199
145 201
146 148
146 150
146 152
146 154
146 156
146 158
146 160
146 162
146 164
146 166
146 168
146 170
146 172
146 174
146 176
146 178
146 180
146 182
146 184
146 186
146 188
146 190
146 192
146 194
146 196
146 198
146 200
146 202
146 204
146 206
147 149
147 151
147 153
147 155
147 157
147 159
147 161
147 163
147 165
147 167
147 171
147 173
147 175
147 177
147 179
147 181
147 183
147 187
147 189
147 191
147 193
147 195
147 197
147 199
147 201
148 150
148 152
148 154
148 156
148 158
148 160
148 162
148 164
148 166
148 168
148 170
148 172
148 184
148 204
148 206
149 151
149 153
149 155
149 157
149 159
149 161
149 163
149 165
149 167
149 171
149 173
149 175
149 177
149 179
149 181
149 183
149 187
149 189
149 191
149 193
149 195
149 197
149 199
149 201
149 203
149 205
149 207
150 152
150 154
150 156
150 158
150 160
150 162
150 164
150 166
150 168
150 170
150 172
150 174
150 176
150 178
150 180
150 182
150 184
150 204
150 206
151 153
151 155
151 157
151 159
151 161
151 163
151 165
151 167
151 171
151 173
151 175
151 177
151 179
151 181
151 183
151 187
151 189
151 191
151 193
151 195
151 197
151 199
151 201
152 154
152 156
152 158
152 160
152 162
152 164
152 166
152 168
152 170
152 172
152 174
152 176
152 178
152 180
152 182
152 184
152 186
152 188
152 190
152 192
152 194
152 196
152 198
152 200
152 202
152 204
152 206
153 155
153 157
153 159
153 161
153 163
153 165
153 167
153 169
153 171
153 173
153 175
153 177
153 179
153 181
153 183
153 187
153 189
153 191
153 193
153 195
153 197
153 199
153 201
153 203
154 156
154 158
154 160
154 162
154 164
154 166
154 168
154 170
154 172
154 174
154 176
154 178
154 180
154 182
154 184
154 186
154 188
154 190
154 192
154 194
154 196
154 198
154 200
154 202
154 204
154 206
155 157
155 159
155 161
155 163
155 165
155 167
155 169
155 171
155 173
155 175
155 177
155 179
155 181
155 183
155 187
155 189
155 191
155 193
155 195
155 197
155 199
155 201
155 203
156 158
156 160
156 162
156 164
156 166
156 168
156 170
156 172
156 174
156 176
156 178
156 180
156 182
156 184
156 186
156 188
156 190
156 192
156 194
156 196
156 198
156 200
156 202
156 204
156 206
157 159
157 161
157 163
157 165
157 167
157 169
157 171
157 173
157 175
157 177
157 179
157 181
157 183
157 187
157 189
157 191
157 193
157 195
157 197
157 199
157 201
157 203
158 160
158 162
158 164
158 166
158 168
158 170
158 172
158 174
158 176
158 178
158 180
158 182
158 184
158 186
158 188
158 190
158 192
158 194
158 196
158 198
158 200
158 202
158 204
158 206
159 161
159 163
159 165
159 167
159 169
159 171
159 173
159 175
159 177
159 179
159 181
159 183
159 187
159 189
159 191
159 193
159 195
159 197
159 199
159 201
159 203
160 162
160 164
160 166
160 168
160 170
160 172
160 174
160 176
160 178
160 180
160 182
160 184
160 186
160 188
160 190
160 192
160 194
160 196
160 198
160 200
160 202
160 204
160 206
161 163
161 165
161 167
161 169
161 171
161 173
161 175
161 177
161 179
161 181
161 183
161 187
161 189
161 191
161 193
161 195
161 197
161 199
161 201
161 203
162 164
162 166
162 168
162 170
162 172
162 174
162 176
162 178
162 180
162 182
162 184
162 186
162 188
162 190
162 192
162 194
162 196
162 198
162 200
162 202
162 204
162 206
163 165
163 167
163 169
163 171
163 173
163 175
163 177
163 179
163 181
163 183
163 187
163 189
163 191
163 193
163 195
163 197
163 199
163 201
163 203
164 166
164 168
164 170
164 172
164 174
164 176
164 178
164 180
164 182
164 184
164 186
164 188
164 190
164 192
164 194
164 196
164 198
164 200
164 202
164 204
164 206
165 167
165 169
165 171
165 173
165 175
165 177
165 179
165 181
165 183
165 187
165 189
165 191
165 193
165 195
165 197
165 199
165 201
165 203
166 168
166 170
166 172
166 174
166 176
166 178
166 180
166 182
166 184
166 186
166 188
166 190
166 192
166 194
166 196
166 198
166 200
166 202
166 204
166 206
167 169
167 171
167 173
167 175
167 177
167 179
167 181
167 183
167 187
167 189
167 191
167 193
167 195
167 197
167 199
167 201
167 203
168 170
168 172
168 174
168 176
168 178
168 180
168 182
168 184
168 186
168 188
168 190
168 192
168 194
168 196
168 198
168 200
168 202
168 204
168 206
169 171
169 173
169 175
169 177
169 179
169 181
169 183
169 187
169 189
169 191
169 193
169 195
169 197
169 199
169 201
169 203
170 172
170 206
171 173
171 175
171 177
171 179
171 181
171 183
171 187
171 189
171 191
171 193
171 195
171 197
171 199
171 201
171 203
171 205
171 207
172 174
172 176
172 178
172 180
172 182
172 184
172 206
173 175
173 177
173 179
173 181
173 183
173 187
173 189
173 191
173 193
173 195
173 197
173 199
173 201
173 203
174 176
174 178
174 180
174 182
174 184
174 186
174 188
174 190
174 192
174 194
174 196
174 198
174 200
174 202
174 204
174 206
175 177
175 179
175 181
175 183
175 185
175 187
175 189
175 191
175 193
175 195
175 197
175 199
175 201
175 203
175 205
176 178
176 180
176 182
176 184
176 186
176 188
176 190
176 192
176 194
176 196
176 198
176 200
176 202
176 204
176 206
177 179
177 181
177 183
177 185
177 187
177 189
177 191
177 193
177 195
177 197
177 199
177 201
177 203
177 205
178 180
178 182
178 184
178 186
178 188
178 190
178 192
178 194
178 196
178 198
178 200
178 202
178 204
178 206
179 181
179 183
179 185
179 187
179 189
179 191
179 193
179 195
179 197
179 199
179 201
179 203
179 205
180 182
180 184
180 186
180 188
180 190
180 192
180 194
180 196
180 198
180 200
180 202
180 204
180 206
181 183
181 185
181 187
181 189
181 191
181 193
181 195
181 197
181 199
181 201
181 203
181 205
182 184
182 186
182 188
182 190
182 192
182 194
182 196
182 198
182 200
182 202
182 204
182 206
183 185
183 187
183 189
183 191
183 193
183 195
183 197
183 199
183 201
183 203
183 205
184 186
184 188
184 190
184 192
184 194
184 196
184 198
184 200
184 202
184 204
184 206
185 187
185 189
185 191
185 193
185 195
185 197
185 199
185 201
185 203
185 205
186 188
186 190
186 192
186 194
186 196
186 198
186 200
186 202
186 204
186 206
187 189
187 191
187 193
187 195
187 197
187 199
187 201
187 203
187 205
187 207
188 190
188 192
188 194
188 196
188 198
188 200
188 202
188 204
188 206
189 191
189 193
189 195
189 197
189 199
189 201
189 203
189 205
189 207
190 192
190 194
190 196
190 198
190 200
190 202
190 204
190 206
191 193
191 195
191 197
191 199
191 201
191 203
191 205
191 207
192 194
192 196
192 198
192 200
192 202
192 204
192 206
193 195
193 197
193 199
193 201
193 203
193 205
193 207
194 196
194 198
194 200
194 202
194 204
194 206
195 197
195 199
195 201
195 203
195 205
195 207
196 198
196 200
196 202
196 204
196 206
197 199
197 201
197 203
197 205
197 207
198 200
198 202
198 204
198 206
199 201
199 203
199 205
199 207
200 202
200 204
200 206
201 203
201 205
201 207
202 204
202 206
203 205
203 207
204 206
205 207
0 1
2 3
4 5
6 7
8 9
10 11
12 13
14 15
16 17
18 19
20 21
22 23
24 25
26 27
28 29
30 31
32 33
34 35
36 37
38 39
40 41
42 43
44 45
46 47
48 49
50 51
52 53
54 55
56 57
58 59
60 61
62 63
64 65
66 67
68 69
70 71
72 73
74 75
76 77
78 79
80 81
82 83
84 85
86 87
88 89
90 91
92 93
94 95
96 97
98 99
100 101
102 103
104 105
106 107
108 109
110 111
112 113
114 115
116 117
118 119
120 121
122 123
124 125
126 127
128 129
130 131
132 133
134 135
136 137
138 139
140 141
142 143
144 145
146 147
148 149
150 151
152 153
154 155
156 157
158 159
160 161
162 163
164 165
166 167
168 169
170 171
172 173
174 175
176 177
178 179
180 181
182 183
184 185
186 187
188 189
190 191
192 193
194 195
196 197
198 199
200 201
202 203
204 205
206 207
