30
164
15
0 2
0 4
0 6
0 10
0 18
0 24
0 26
0 28
1 3
1 5
1 7
1 9
1 11
1 13
1 15
1 17
1 19
1 21
1 23
1 25
1 27
1 29
2 4
2 6
2 8
2 10
2 18
2 24
2 26
2 28
3 5
3 7
3 9
3 13
3 15
3 17
3 19
3 21
3 23
3 25
3 27
3 29
4 6
4 8
4 10
4 12
4 14
4 16
4 18
4 20
4 24
4 26
4 28
5 7
5 9
5 13
5 15
5 17
5 25
5 27
5 29
6 8
6 10
6 12
6 14
6 18
6 24
6 26
6 28
7 9
7 13
7 15
7 17
7 21
7 23
7 25
7 27
7 29
8 10
8 12
8 24
8 26
8 28
9 13
9 15
9 17
9 19
9 21
9 23
9 25
9 27
9 29
10 12
10 14
10 16
10 18
10 20
10 22
10 24
10 26
10 28
11 13
11 15
11 17
11 19
11 21
11 23
12 24
12 26
12 28
13 15
13 17
13 19
13 21
13 23
13 25
13 27
13 29
14 16
14 18
14 20
14 22
14 24
14 26
14 28
15 17
15 19
15 21
15 23
15 25
16 18
16 20
16 22
16 24
16 26
16 28
17 19
17 21
17 23
17 25
18 20
18 22
18 24
18 26
18 28
19 21
19 23
19 25
20 22
20 24
20 26
20 28
21 23
21 25
22 24
22 26
22 28
23 25
24 26
24 28
25 27
25 29
26 28
27 29
0 1
2 3
4 5
6 7
8 9
10 11
12 13
14 15
16 17
18 19
20 21
22 23
24 25
26 27
28 29
