138
3719
69
0 2
0 4
0 6
0 8
0 26
0 38
0 40
0 54
0 56
0 58
0 68
0 70
0 72
0 80
0 82
0 84
0 86
0 96
0 98
0 100
0 102
0 108
0 110
0 112
0 114
0 116
0 118
0 120
0 124
0 126
0 128
0 130
0 132
0 134
0 136
1 3
1 5
1 7
1 9
1 11
1 13
1 15
1 17
1 19
1 21
1 23
1 25
1 27
1 29
1 31
1 33
1 35
1 37
1 39
1 41
1 43
1 45
1 47
1 49
1 51
1 53
1 55
1 57
1 59
1 61
1 63
1 65
1 67
1 69
1 71
1 73
1 75
1 77
1 79
1 81
1 83
1 85
1 87
1 89
1 91
1 93
1 95
1 97
1 99
1 101
1 103
1 105
1 107
1 109
1 111
1 113
1 115
1 117
1 119
1 121
1 123
1 125
1 127
1 129
1 131
1 133
1 135
1 137
2 4
2 6
2 8
2 10
2 12
2 14
2 16
2 18
2 20
2 22
2 24
2 26
2 28
2 30
2 32
2 34
2 38
2 40
2 54
2 56
2 58
2 68
2 70
2 72
2 80
2 82
2 84
2 86
2 96
2 98
2 100
2 102
2 108
2 110
2 112
2 114
2 116
2 118
2 120
2 124
2 126
2 128
2 130
2 132
2 134
2 136
3 5
3 7
3 9
3 11
3 13
3 15
3 17
3 19
3 21
3 23
3 29
3 31
3 33
3 35
3 43
3 45
3 47
3 49
3 51
3 53
3 55
3 57
3 59
3 61
3 63
3 65
3 67
3 69
3 71
3 73
3 75
3 77
3 79
3 81
3 83
3 85
3 87
3 89
3 91
3 93
3 95
3 97
3 99
3 101
3 103
3 105
3 107
3 109
3 111
3 113
3 115
3 117
3 119
3 121
3 123
3 125
3 127
3 129
3 131
3 133
3 135
3 137
4 6
4 8
4 10
4 12
4 14
4 16
4 18
4 20
4 22
4 24
4 26
4 28
4 30
4 32
4 34
4 36
4 38
4 40
4 42
4 44
4 46
4 48
4 50
4 52
4 54
4 56
4 58
4 60
4 62
4 64
4 66
4 68
4 70
4 72
4 74
4 76
4 80
4 82
4 84
4 86
4 96
4 98
4 100
4 102
4 108
4 110
4 112
4 114
4 116
4 118
4 120
4 124
4 126
4 128
4 130
4 132
4 134
4 136
5 7
5 9
5 11
5 13
5 15
5 17
5 19
5 21
5 23
5 29
5 31
5 33
5 35
5 43
5 45
5 47
5 49
5 51
5 61
5 63
5 65
5 67
5 75
5 77
5 89
5 91
5 93
5 95
5 97
5 99
5 101
5 103
5 105
5 107
5 109
5 111
5 113
5 115
5 117
5 119
5 121
5 123
5 125
5 127
5 129
5 131
5 133
5 135
5 137
6 8
6 10
6 12
6 14
6 16
6 18
6 20
6 22
6 24
6 26
6 28
6 30
6 32
6 34
6 36
6 38
6 40
6 42
6 44
6 46
6 48
6 50
6 52
6 54
6 56
6 58
6 60
6 62
6 64
6 66
6 68
6 70
6 72
6 74
6 76
6 78
6 80
6 82
6 84
6 86
6 88
6 90
6 92
6 94
6 96
6 98
6 100
6 102
6 104
6 106
6 108
6 110
6 112
6 114
6 116
6 118
6 120
6 124
6 126
6 128
6 130
6 132
6 134
6 136
7 9
7 11
7 13
7 15
7 17
7 19
7 21
7 23
7 29
7 31
7 33
7 35
7 43
7 45
7 47
7 49
7 51
7 61
7 63
7 65
7 67
7 75
7 77
7 89
7 91
7 93
7 105
7 107
7 123
7 125
7 127
7 129
7 131
7 133
7 135
7 137
8 10
8 12
8 14
8 16
8 18
8 20
8 22
8 24
8 26
8 28
8 30
8 32
8 34
8 36
8 38
8 40
8 42
8 44
8 46
8 48
8 50
8 52
8 54
8 56
8 58
8 60
8 62
8 64
8 66
8 68
8 70
8 72
8 74
8 76
8 78
8 80
8 82
8 84
8 86
8 88
8 90
8 92
8 94
8 96
8 98
8 100
8 102
8 104
8 106
8 108
8 110
8 112
8 114
8 116
8 118
8 120
8 124
8 126
8 128
8 130
8 132
8 134
8 136
9 11
9 13
9 15
9 17
9 19
9 21
9 23
9 29
9 31
9 33
9 35
9 43
9 45
9 47
9 49
9 51
9 61
9 63
9 65
9 67
9 75
9 77
9 89
9 91
9 93
9 105
9 107
10 12
10 14
10 16
10 18
10 20
10 22
10 40
10 56
10 58
10 70
10 72
10 82
10 84
10 86
10 98
10 100
10 102
10 110
10 112
10 114
10 116
10 118
10 120
10 124
10 126
10 128
10 130
10 132
10 134
10 136
11 13
11 15
11 17
11 19
11 21
11 23
11 25
11 29
11 31
11 33
11 35
11 37
11 39
11 41
11 43
11 45
11 47
11 49
11 51
11 53
11 55
11 57
11 59
11 61
11 63
11 65
11 67
11 69
11 71
11 73
11 75
11 77
11 79
11 81
11 83
11 85
11 87
11 89
11 91
11 93
11 95
11 97
11 99
11 101
11 103
11 105
11 107
11 109
11 111
11 113
11 115
11 117
11 119
11 121
11 123
11 125
11 127
11 129
11 131
11 133
11 135
11 137
12 14
12 16
12 18
12 20
12 22
12 24
12 26
12 28
12 30
12 32
12 34
12 40
12 56
12 58
12 70
12 72
12 82
12 84
12 86
12 98
12 100
12 102
12 110
12 112
12 114
12 116
12 118
12 120
12 124
12 126
12 128
12 130
12 132
12 134
12 136
13 15
13 17
13 19
13 21
13 23
13 25
13 29
13 31
13 33
13 35
13 37
13 43
13 45
13 47
13 49
13 51
13 53
13 55
13 57
13 59
13 61
13 63
13 65
13 67
13 69
13 71
13 73
13 75
13 77
13 79
13 81
13 83
13 85
13 87
13 89
13 91
13 93
13 95
13 97
13 99
13 101
13 103
13 105
13 107
13 109
13 111
13 113
13 115
13 117
13 119
13 121
13 123
13 125
13 127
13 129
13 131
13 133
13 135
13 137
14 16
14 18
14 20
14 22
14 24
14 26
14 28
14 30
14 32
14 34
14 36
14 38
14 40
14 42
14 44
14 46
14 48
14 50
14 56
14 58
14 70
14 72
14 82
14 84
14 86
14 98
14 100
14 102
14 110
14 112
14 114
14 116
14 118
14 120
14 124
14 126
14 128
14 130
14 132
14 134
14 136
15 17
15 19
15 21
15 23
15 25
15 29
15 31
15 33
15 35
15 37
15 43
15 45
15 47
15 49
15 51
15 53
15 61
15 63
15 65
15 67
15 69
15 71
15 73
15 75
15 77
15 79
15 81
15 83
15 85
15 87
15 89
15 91
15 93
15 95
15 97
15 99
15 101
15 103
15 105
15 107
15 109
15 111
15 113
15 115
15 117
15 119
15 121
15 123
15 125
15 127
15 129
15 131
15 133
15 135
15 137
16 18
16 20
16 22
16 24
16 26
16 28
16 30
16 32
16 34
16 36
16 38
16 40
16 42
16 44
16 46
16 48
16 50
16 52
16 54
16 56
16 58
16 60
16 62
16 64
16 66
16 70
16 72
16 82
16 84
16 86
16 98
16 100
16 102
16 110
16 112
16 114
16 116
16 118
16 120
16 124
16 126
16 128
16 130
16 132
16 134
16 136
17 19
17 21
17 23
17 25
17 29
17 31
17 33
17 35
17 37
17 43
17 45
17 47
17 49
17 51
17 53
17 61
17 63
17 65
17 67
17 75
17 77
17 79
17 81
17 83
17 85
17 87
17 89
17 91
17 93
17 95
17 97
17 99
17 101
17 103
17 105
17 107
17 109
17 111
17 113
17 115
17 117
17 119
17 121
17 123
17 125
17 127
17 129
17 131
17 133
17 135
17 137
18 20
18 22
18 24
18 26
18 28
18 30
18 32
18 34
18 36
18 38
18 40
18 42
18 44
18 46
18 48
18 50
18 52
18 54
18 56
18 58
18 60
18 62
18 64
18 66
18 68
18 70
18 72
18 74
18 76
18 82
18 84
18 86
18 98
18 100
18 102
18 110
18 112
18 114
18 116
18 118
18 120
18 124
18 126
18 128
18 130
18 132
18 134
18 136
19 21
19 23
19 25
19 29
19 31
19 33
19 35
19 37
19 43
19 45
19 47
19 49
19 51
19 53
19 61
19 63
19 65
19 67
19 75
19 77
19 79
19 89
19 91
19 93
19 95
19 97
19 99
19 101
19 103
19 105
19 107
19 109
19 111
19 113
19 115
19 117
19 119
19 121
19 123
19 125
19 127
19 129
19 131
19 133
19 135
19 137
20 22
20 24
20 26
20 28
20 30
20 32
20 34
20 36
20 38
20 40
20 42
20 44
20 46
20 48
20 50
20 52
20 54
20 56
20 58
20 60
20 62
20 64
20 66
20 68
20 70
20 72
20 74
20 76
20 78
20 80
20 82
20 84
20 86
20 88
20 90
20 92
20 94
20 96
20 98
20 100
20 102
20 104
20 106
20 110
20 112
20 114
20 116
20 118
20 120
20 124
20 126
20 128
20 130
20 132
20 134
20 136
21 23
21 25
21 29
21 31
21 33
21 35
21 37
21 43
21 45
21 47
21 49
21 51
21 53
21 61
21 63
21 65
21 67
21 75
21 77
21 79
21 89
21 91
21 93
21 95
21 105
21 107
21 123
21 125
21 127
21 129
21 131
21 133
21 135
21 137
22 24
22 26
22 28
22 30
22 32
22 34
22 36
22 38
22 40
22 42
22 44
22 46
22 48
22 50
22 52
22 54
22 56
22 58
22 60
22 62
22 64
22 66
22 68
22 70
22 72
22 74
22 76
22 78
22 80
22 82
22 84
22 86
22 88
22 90
22 92
22 94
22 96
22 98
22 100
22 102
22 104
22 106
22 108
22 110
22 112
22 114
22 116
22 118
22 120
22 124
22 126
22 128
22 130
22 132
22 134
22 136
23 25
23 29
23 31
23 33
23 35
23 37
23 43
23 45
23 47
23 49
23 51
23 53
23 61
23 63
23 65
23 67
23 75
23 77
23 79
23 89
23 91
23 93
23 95
23 105
23 107
23 123
24 26
24 28
24 30
24 32
24 34
24 36
24 38
24 40
24 42
24 44
24 46
24 48
24 50
24 52
24 54
24 56
24 58
24 60
24 62
24 64
24 66
24 68
24 70
24 72
24 74
24 76
24 78
24 80
24 82
24 84
24 86
24 88
24 90
24 92
24 94
24 96
24 98
24 100
24 102
24 104
24 106
24 108
24 110
24 112
24 114
24 116
24 118
24 120
24 122
24 124
24 126
24 128
24 130
24 132
24 134
24 136
25 27
25 29
25 31
25 33
25 35
25 37
25 39
25 43
25 45
25 47
25 49
25 51
25 53
25 55
25 61
25 63
25 65
25 67
25 69
25 75
25 77
25 79
25 81
25 89
25 91
25 93
25 95
25 97
25 105
25 107
25 109
25 123
26 28
26 30
26 32
26 34
26 36
26 38
26 40
26 42
26 44
26 46
26 48
26 50
26 52
26 54
26 56
26 58
26 60
26 62
26 64
26 66
26 68
26 70
26 72
26 74
26 76
26 78
26 80
26 82
26 84
26 86
26 88
26 90
26 92
26 94
26 96
26 98
26 100
26 102
26 104
26 106
26 108
26 110
26 112
26 114
26 116
26 118
26 120
26 122
26 124
26 126
26 128
26 130
26 132
26 134
26 136
27 29
27 31
27 33
27 35
27 37
27 39
27 43
27 45
27 47
27 49
27 51
27 53
27 55
27 61
27 63
27 65
27 67
27 69
27 75
27 77
27 79
27 81
27 89
27 91
27 93
27 95
27 97
27 105
27 107
27 109
27 123
28 30
28 32
28 34
28 58
28 72
28 84
28 86
28 100
28 102
28 112
28 114
28 116
28 118
28 120
28 126
28 128
28 130
28 132
28 134
28 136
29 31
29 33
29 35
29 37
29 39
29 43
29 45
29 47
29 49
29 51
29 53
29 55
29 57
29 59
29 61
29 63
29 65
29 67
29 69
29 71
29 73
29 75
29 77
29 79
29 81
29 83
29 85
29 87
29 89
29 91
29 93
29 95
29 97
29 99
29 101
29 103
29 105
29 107
29 109
29 111
29 113
29 115
29 117
29 119
29 121
29 123
29 125
29 127
29 129
29 131
29 133
29 135
29 137
30 32
30 34
30 36
30 38
30 40
30 42
30 44
30 46
30 48
30 50
30 52
30 54
30 56
30 58
30 60
30 62
30 64
30 66
30 68
30 70
30 72
30 74
30 76
30 84
30 86
30 100
30 102
30 112
30 114
30 116
30 118
30 120
30 126
30 128
30 130
30 132
30 134
30 136
31 33
31 35
31 37
31 39
31 43
31 45
31 47
31 49
31 51
31 53
31 55
31 61
31 63
31 65
31 67
31 69
31 75
31 77
31 79
31 81
31 89
31 91
31 93
31 95
31 97
31 99
31 101
31 103
31 105
31 107
31 109
31 111
31 113
31 115
31 117
31 119
31 121
31 123
31 125
31 127
31 129
31 131
31 133
31 135
31 137
32 34
32 36
32 38
32 40
32 42
32 44
32 46
32 48
32 50
32 52
32 54
32 56
32 58
32 60
32 62
32 64
32 66
32 68
32 70
32 72
32 74
32 76
32 78
32 80
32 82
32 84
32 86
32 88
32 90
32 92
32 100
32 102
32 112
32 114
32 116
32 118
32 120
32 126
32 128
32 130
32 132
32 134
32 136
33 35
33 37
33 39
33 43
33 45
33 47
33 49
33 51
33 53
33 55
33 61
33 63
33 65
33 67
33 69
33 75
33 77
33 79
33 81
33 89
33 91
33 93
33 95
33 97
33 105
33 107
33 109
33 111
33 113
33 115
33 117
33 119
33 121
33 123
33 125
33 127
33 129
33 131
33 133
33 135
33 137
34 36
34 38
34 40
34 42
34 44
34 46
34 48
34 50
34 52
34 54
34 56
34 58
34 60
34 62
34 64
34 66
34 68
34 70
34 72
34 74
34 76
34 78
34 80
34 82
34 84
34 86
34 88
34 90
34 92
34 94
34 96
34 98
34 100
34 102
34 104
34 106
34 108
34 110
34 112
34 114
34 116
34 118
34 120
34 126
34 128
34 130
34 132
34 134
34 136
35 37
35 39
35 43
35 45
35 47
35 49
35 51
35 53
35 55
35 61
35 63
35 65
35 67
35 69
35 75
35 77
35 79
35 81
35 89
35 91
35 93
35 95
35 97
35 105
35 107
35 109
35 123
36 38
36 40
36 42
36 44
36 46
36 48
36 50
36 52
36 54
36 56
36 58
36 60
36 62
36 64
36 66
36 68
36 70
36 72
36 74
36 76
36 78
36 80
36 82
36 84
36 86
36 88
36 90
36 92
36 94
36 96
36 98
36 100
36 102
36 104
36 106
36 108
36 110
36 112
36 114
36 116
36 118
36 120
36 122
36 124
36 126
36 128
36 130
36 132
36 134
36 136
37 39
37 41
37 43
37 45
37 47
37 49
37 51
37 53
37 55
37 57
37 61
37 63
37 65
37 67
37 69
37 71
37 75
37 77
37 79
37 81
37 83
37 89
37 91
37 93
37 95
37 97
37 99
37 105
37 107
37 109
37 111
37 123
37 125
38 40
38 42
38 44
38 46
38 48
38 50
38 52
38 54
38 56
38 58
38 60
38 62
38 64
38 66
38 68
38 70
38 72
38 74
38 76
38 78
38 80
38 82
38 84
38 86
38 88
38 90
38 92
38 94
38 96
38 98
38 100
38 102
38 104
38 106
38 108
38 110
38 112
38 114
38 116
38 118
38 120
38 122
38 124
38 126
38 128
38 130
38 132
38 134
38 136
39 41
39 43
39 45
39 47
39 49
39 51
39 53
39 55
39 57
39 61
39 63
39 65
39 67
39 69
39 71
39 75
39 77
39 79
39 81
39 83
39 89
39 91
39 93
39 95
39 97
39 99
39 105
39 107
39 109
39 111
39 123
39 125
40 42
40 44
40 46
40 48
40 50
40 52
40 54
40 56
40 58
40 60
40 62
40 64
40 66
40 68
40 70
40 72
40 74
40 76
40 78
40 80
40 82
40 84
40 86
40 88
40 90
40 92
40 94
40 96
40 98
40 100
40 102
40 104
40 106
40 108
40 110
40 112
40 114
40 116
40 118
40 120
40 122
40 124
40 126
40 128
40 130
40 132
40 134
40 136
41 43
41 45
41 47
41 49
41 51
41 53
41 55
41 57
41 61
41 63
41 65
41 67
41 69
41 71
41 75
41 77
41 79
41 81
41 83
41 89
41 91
41 93
41 95
41 97
41 99
41 105
41 107
41 109
41 111
41 123
41 125
42 44
42 46
42 48
42 50
42 72
42 86
42 100
42 102
42 114
42 116
42 118
42 120
42 128
42 130
42 132
42 134
42 136
43 45
43 47
43 49
43 51
43 53
43 55
43 57
43 61
43 63
43 65
43 67
43 69
43 71
43 73
43 75
43 77
43 79
43 81
43 83
43 85
43 87
43 89
43 91
43 93
43 95
43 97
43 99
43 101
43 103
43 105
43 107
43 109
43 111
43 113
43 115
43 117
43 119
43 121
43 123
43 125
43 127
43 129
43 131
43 133
43 135
43 137
44 46
44 48
44 50
44 52
44 54
44 56
44 58
44 60
44 62
44 64
44 66
44 72
44 86
44 100
44 102
44 114
44 116
44 118
44 120
44 128
44 130
44 132
44 134
44 136
45 47
45 49
45 51
45 53
45 55
45 57
45 61
45 63
45 65
45 67
45 69
45 71
45 75
45 77
45 79
45 81
45 83
45 85
45 87
45 89
45 91
45 93
45 95
45 97
45 99
45 101
45 103
45 105
45 107
45 109
45 111
45 113
45 115
45 117
45 119
45 121
45 123
45 125
45 127
45 129
45 131
45 133
45 135
45 137
46 48
46 50
46 52
46 54
46 56
46 58
46 60
46 62
46 64
46 66
46 68
46 70
46 72
46 74
46 76
46 86
46 100
46 102
46 114
46 116
46 118
46 120
46 128
46 130
46 132
46 134
46 136
47 49
47 51
47 53
47 55
47 57
47 61
47 63
47 65
47 67
47 69
47 71
47 75
47 77
47 79
47 81
47 83
47 89
47 91
47 93
47 95
47 97
47 99
47 101
47 103
47 105
47 107
47 109
47 111
47 113
47 115
47 117
47 119
47 121
47 123
47 125
47 127
47 129
47 131
47 133
47 135
47 137
48 50
48 52
48 54
48 56
48 58
48 60
48 62
48 64
48 66
48 68
48 70
48 72
48 74
48 76
48 78
48 80
48 82
48 84
48 86
48 88
48 90
48 92
48 94
48 96
48 98
48 100
48 102
48 104
48 106
48 114
48 116
48 118
48 120
48 128
48 130
48 132
48 134
48 136
49 51
49 53
49 55
49 57
49 61
49 63
49 65
49 67
49 69
49 71
49 75
49 77
49 79
49 81
49 83
49 89
49 91
49 93
49 95
49 97
49 99
49 105
49 107
49 109
49 111
49 123
49 125
49 127
49 129
49 131
49 133
49 135
49 137
50 52
50 54
50 56
50 58
50 60
50 62
50 64
50 66
50 68
50 70
50 72
50 74
50 76
50 78
50 80
50 82
50 84
50 86
50 88
50 90
50 92
50 94
50 96
50 98
50 100
50 102
50 104
50 106
50 108
50 110
50 112
50 114
50 116
50 118
50 120
50 128
50 130
50 132
50 134
50 136
51 53
51 55
51 57
51 61
51 63
51 65
51 67
51 69
51 71
51 75
51 77
51 79
51 81
51 83
51 89
51 91
51 93
51 95
51 97
51 99
51 105
51 107
51 109
51 111
51 123
51 125
52 54
52 56
52 58
52 60
52 62
52 64
52 66
52 68
52 70
52 72
52 74
52 76
52 78
52 80
52 82
52 84
52 86
52 88
52 90
52 92
52 94
52 96
52 98
52 100
52 102
52 104
52 106
52 108
52 110
52 112
52 114
52 116
52 118
52 120
52 122
52 124
52 126
52 128
52 130
52 132
52 134
52 136
53 55
53 57
53 59
53 61
53 63
53 65
53 67
53 69
53 71
53 75
53 77
53 79
53 81
53 83
53 85
53 89
53 91
53 93
53 95
53 97
53 99
53 105
53 107
53 109
53 111
53 113
53 123
53 125
53 127
54 56
54 58
54 60
54 62
54 64
54 66
54 68
54 70
54 72
54 74
54 76
54 78
54 80
54 82
54 84
54 86
54 88
54 90
54 92
54 94
54 96
54 98
54 100
54 102
54 104
54 106
54 108
54 110
54 112
54 114
54 116
54 118
54 120
54 122
54 124
54 126
54 128
54 130
54 132
54 134
54 136
55 57
55 59
55 61
55 63
55 65
55 67
55 69
55 71
55 75
55 77
55 79
55 81
55 83
55 85
55 89
55 91
55 93
55 95
55 97
55 99
55 105
55 107
55 109
55 111
55 113
55 123
55 125
55 127
56 58
56 60
56 62
56 64
56 66
56 68
56 70
56 72
56 74
56 76
56 78
56 80
56 82
56 84
56 86
56 88
56 90
56 92
56 94
56 96
56 98
56 100
56 102
56 104
56 106
56 108
56 110
56 112
56 114
56 116
56 118
56 120
56 122
56 124
56 126
56 128
56 130
56 132
56 134
56 136
57 59
57 61
57 63
57 65
57 67
57 69
57 71
57 75
57 77
57 79
57 81
57 83
57 85
57 89
57 91
57 93
57 95
57 97
57 99
57 105
57 107
57 109
57 111
57 113
57 123
57 125
57 127
58 60
58 62
58 64
58 66
58 68
58 70
58 72
58 74
58 76
58 78
58 80
58 82
58 84
58 86
58 88
58 90
58 92
58 94
58 96
58 98
58 100
58 102
58 104
58 106
58 108
58 110
58 112
58 114
58 116
58 118
58 120
58 122
58 124
58 126
58 128
58 130
58 132
58 134
58 136
59 61
59 63
59 65
59 67
59 69
59 71
59 75
59 77
59 79
59 81
59 83
59 85
59 89
59 91
59 93
59 95
59 97
59 99
59 105
59 107
59 109
59 111
59 113
59 123
59 125
59 127
60 62
60 64
60 66
60 68
60 70
60 72
60 74
60 76
60 86
60 100
60 102
60 116
60 118
60 120
60 130
60 132
60 134
60 136
61 63
61 65
61 67
61 69
61 71
61 75
61 77
61 79
61 81
61 83
61 85
61 89
61 91
61 93
61 95
61 97
61 99
61 101
61 103
61 105
61 107
61 109
61 111
61 113
61 115
61 117
61 119
61 121
61 123
61 125
61 127
61 129
61 131
61 133
61 135
61 137
62 64
62 66
62 68
62 70
62 72
62 74
62 76
62 78
62 80
62 82
62 84
62 86
62 88
62 90
62 92
62 100
62 102
62 116
62 118
62 120
62 130
62 132
62 134
62 136
63 65
63 67
63 69
63 71
63 75
63 77
63 79
63 81
63 83
63 85
63 89
63 91
63 93
63 95
63 97
63 99
63 105
63 107
63 109
63 111
63 113
63 115
63 117
63 119
63 121
63 123
63 125
63 127
63 129
63 131
63 133
63 135
63 137
64 66
64 68
64 70
64 72
64 74
64 76
64 78
64 80
64 82
64 84
64 86
64 88
64 90
64 92
64 94
64 96
64 98
64 100
64 102
64 104
64 106
64 116
64 118
64 120
64 130
64 132
64 134
64 136
65 67
65 69
65 71
65 75
65 77
65 79
65 81
65 83
65 85
65 89
65 91
65 93
65 95
65 97
65 99
65 105
65 107
65 109
65 111
65 113
65 123
65 125
65 127
65 129
65 131
65 133
65 135
65 137
66 68
66 70
66 72
66 74
66 76
66 78
66 80
66 82
66 84
66 86
66 88
66 90
66 92
66 94
66 96
66 98
66 100
66 102
66 104
66 106
66 108
66 110
66 112
66 114
66 116
66 118
66 120
66 130
66 132
66 134
66 136
67 69
67 71
67 75
67 77
67 79
67 81
67 83
67 85
67 89
67 91
67 93
67 95
67 97
67 99
67 105
67 107
67 109
67 111
67 113
67 123
67 125
67 127
68 70
68 72
68 74
68 76
68 78
68 80
68 82
68 84
68 86
68 88
68 90
68 92
68 94
68 96
68 98
68 100
68 102
68 104
68 106
68 108
68 110
68 112
68 114
68 116
68 118
68 120
68 122
68 124
68 126
68 128
68 130
68 132
68 134
68 136
69 71
69 73
69 75
69 77
69 79
69 81
69 83
69 85
69 89
69 91
69 93
69 95
69 97
69 99
69 105
69 107
69 109
69 111
69 113
69 115
69 123
69 125
69 127
69 129
70 72
70 74
70 76
70 78
70 80
70 82
70 84
70 86
70 88
70 90
70 92
70 94
70 96
70 98
70 100
70 102
70 104
70 106
70 108
70 110
70 112
70 114
70 116
70 118
70 120
70 122
70 124
70 126
70 128
70 130
70 132
70 134
70 136
71 73
71 75
71 77
71 79
71 81
71 83
71 85
71 89
71 91
71 93
71 95
71 97
71 99
71 105
71 107
71 109
71 111
71 113
71 115
71 123
71 125
71 127
71 129
72 74
72 76
72 78
72 80
72 82
72 84
72 86
72 88
72 90
72 92
72 94
72 96
72 98
72 100
72 102
72 104
72 106
72 108
72 110
72 112
72 114
72 116
72 118
72 120
72 122
72 124
72 126
72 128
72 130
72 132
72 134
72 136
73 75
73 77
73 79
73 81
73 83
73 85
73 89
73 91
73 93
73 95
73 97
73 99
73 105
73 107
73 109
73 111
73 113
73 115
73 123
73 125
73 127
73 129
74 76
74 78
74 80
74 82
74 84
74 86
74 88
74 90
74 92
74 94
74 96
74 98
74 100
74 102
74 104
74 106
74 118
74 120
74 132
74 134
74 136
75 77
75 79
75 81
75 83
75 85
75 89
75 91
75 93
75 95
75 97
75 99
75 105
75 107
75 109
75 111
75 113
75 115
75 123
75 125
75 127
75 129
75 131
75 133
75 135
75 137
76 78
76 80
76 82
76 84
76 86
76 88
76 90
76 92
76 94
76 96
76 98
76 100
76 102
76 104
76 106
76 108
76 110
76 112
76 114
76 116
76 118
76 120
76 132
76 134
76 136
77 79
77 81
77 83
77 85
77 89
77 91
77 93
77 95
77 97
77 99
77 105
77 107
77 109
77 111
77 113
77 115
77 123
77 125
77 127
77 129
78 80
78 82
78 84
78 86
78 88
78 90
78 92
78 94
78 96
78 98
78 100
78 102
78 104
78 106
78 108
78 110
78 112
78 114
78 116
78 118
78 120
78 122
78 124
78 126
78 128
78 130
78 132
78 134
78 136
79 81
79 83
79 85
79 87
79 89
79 91
79 93
79 95
79 97
79 99
79 101
79 105
79 107
79 109
79 111
79 113
79 115
79 117
79 123
79 125
79 127
79 129
79 131
80 82
80 84
80 86
80 88
80 90
80 92
80 94
80 96
80 98
80 100
80 102
80 104
80 106
80 108
80 110
80 112
80 114
80 116
80 118
80 120
80 122
80 124
80 126
80 128
80 130
80 132
80 134
80 136
81 83
81 85
81 87
81 89
81 91
81 93
81 95
81 97
81 99
81 101
81 105
81 107
81 109
81 111
81 113
81 115
81 117
81 123
81 125
81 127
81 129
81 131
82 84
82 86
82 88
82 90
82 92
82 94
82 96
82 98
82 100
82 102
82 104
82 106
82 108
82 110
82 112
82 114
82 116
82 118
82 120
82 122
82 124
82 126
82 128
82 130
82 132
82 134
82 136
83 85
83 87
83 89
83 91
83 93
83 95
83 97
83 99
83 101
83 105
83 107
83 109
83 111
83 113
83 115
83 117
83 123
83 125
83 127
83 129
83 131
84 86
84 88
84 90
84 92
84 94
84 96
84 98
84 100
84 102
84 104
84 106
84 108
84 110
84 112
84 114
84 116
84 118
84 120
84 122
84 124
84 126
84 128
84 130
84 132
84 134
84 136
85 87
85 89
85 91
85 93
85 95
85 97
85 99
85 101
85 105
85 107
85 109
85 111
85 113
85 115
85 117
85 123
85 125
85 127
85 129
85 131
86 88
86 90
86 92
86 94
86 96
86 98
86 100
86 102
86 104
86 106
86 108
86 110
86 112
86 114
86 116
86 118
86 120
86 122
86 124
86 126
86 128
86 130
86 132
86 134
86 136
87 89
87 91
87 93
87 95
87 97
87 99
87 101
87 105
87 107
87 109
87 111
87 113
87 115
87 117
87 123
87 125
87 127
87 129
87 131
88 90
88 92
88 120
88 134
88 136
89 91
89 93
89 95
89 97
89 99
89 101
89 105
89 107
89 109
89 111
89 113
89 115
89 117
89 119
89 121
89 123
89 125
89 127
89 129
89 131
89 133
89 135
89 137
90 92
90 94
90 96
90 98
90 100
90 102
90 104
90 106
90 120
90 134
90 136
91 93
91 95
91 97
91 99
91 101
91 105
91 107
91 109
91 111
91 113
91 115
91 117
91 123
91 125
91 127
91 129
91 131
91 133
91 135
91 137
92 94
92 96
92 98
92 100
92 102
92 104
92 106
92 108
92 110
92 112
92 114
92 116
92 118
92 120
92 134
92 136
93 95
93 97
93 99
93 101
93 105
93 107
93 109
93 111
93 113
93 115
93 117
93 123
93 125
93 127
93 129
93 131
94 96
94 98
94 100
94 102
94 104
94 106
94 108
94 110
94 112
94 114
94 116
94 118
94 120
94 122
94 124
94 126
94 128
94 130
94 132
94 134
94 136
95 97
95 99
95 101
95 103
95 105
95 107
95 109
95 111
95 113
95 115
95 117
95 119
95 123
95 125
95 127
95 129
95 131
95 133
96 98
96 100
96 102
96 104
96 106
96 108
96 110
96 112
96 114
96 116
96 118
96 120
96 122
96 124
96 126
96 128
96 130
96 132
96 134
96 136
97 99
97 101
97 103
97 105
97 107
97 109
97 111
97 113
97 115
97 117
97 119
97 123
97 125
97 127
97 129
97 131
97 133
98 100
98 102
98 104
98 106
98 108
98 110
98 112
98 114
98 116
98 118
98 120
98 122
98 124
98 126
98 128
98 130
98 132
98 134
98 136
99 101
99 103
99 105
99 107
99 109
99 111
99 113
99 115
99 117
99 119
99 123
99 125
99 127
99 129
99 131
99 133
100 102
100 104
100 106
100 108
100 110
100 112
100 114
100 116
100 118
100 120
100 122
100 124
100 126
100 128
100 130
100 132
100 134
100 136
101 103
101 105
101 107
101 109
101 111
101 113
101 115
101 117
101 119
101 123
101 125
101 127
101 129
101 131
101 133
102 104
102 106
102 108
102 110
102 112
102 114
102 116
102 118
102 120
102 122
102 124
102 126
102 128
102 130
102 132
102 134
102 136
103 105
103 107
103 109
103 111
103 113
103 115
103 117
103 119
103 123
103 125
103 127
103 129
103 131
103 133
104 106
104 136
105 107
105 109
105 111
105 113
105 115
105 117
105 119
105 123
105 125
105 127
105 129
105 131
105 133
105 135
105 137
106 108
106 110
106 112
106 114
106 116
106 118
106 120
106 136
107 109
107 111
107 113
107 115
107 117
107 119
107 123
107 125
107 127
107 129
107 131
107 133
108 110
108 112
108 114
108 116
108 118
108 120
108 122
108 124
108 126
108 128
108 130
108 132
108 134
108 136
109 111
109 113
109 115
109 117
109 119
109 121
109 123
109 125
109 127
109 129
109 131
109 133
109 135
110 112
110 114
110 116
110 118
110 120
110 122
110 124
110 126
110 128
110 130
110 132
110 134
110 136
111 113
111 115
111 117
111 119
111 121
111 123
111 125
111 127
111 129
111 131
111 133
111 135
112 114
112 116
112 118
112 120
112 122
112 124
112 126
112 128
112 130
112 132
112 134
112 136
113 115
113 117
113 119
113 121
113 123
113 125
113 127
113 129
113 131
113 133
113 135
114 116
114 118
114 120
114 122
114 124
114 126
114 128
114 130
114 132
114 134
114 136
115 117
115 119
115 121
115 123
115 125
115 127
115 129
115 131
115 133
115 135
116 118
116 120
116 122
116 124
116 126
116 128
116 130
116 132
116 134
116 136
117 119
117 121
117 123
117 125
117 127
117 129
117 131
117 133
117 135
118 120
118 122
118 124
118 126
118 128
118 130
118 132
118 134
118 136
119 121
119 123
119 125
119 127
119 129
119 131
119 133
119 135
120 122
120 124
120 126
120 128
120 130
120 132
120 134
120 136
121 123
121 125
121 127
121 129
121 131
121 133
121 135
122 124
122 126
122 128
122 130
122 132
122 134
122 136
123 125
123 127
123 129
123 131
123 133
123 135
123 137
124 126
124 128
124 130
124 132
124 134
124 136
125 127
125 129
125 131
125 133
125 135
125 137
126 128
126 130
126 132
126 134
126 136
127 129
127 131
127 133
127 135
127 137
128 130
128 132
128 134
128 136
129 131
129 133
129 135
129 137
130 132
130 134
130 136
131 133
131 135
131 137
132 134
132 136
133 135
133 137
134 136
135 137
0 1
2 3
4 5
6 7
8 9
10 11
12 13
14 15
16 17
18 19
20 21
22 23
24 25
26 27
28 29
30 31
32 33
34 35
36 37
38 39
40 41
42 43
44 45
46 47
48 49
50 51
52 53
54 55
56 57
58 59
60 61
62 63
64 65
66 67
68 69
70 71
72 73
74 75
76 77
78 79
80 81
82 83
84 85
86 87
88 89
90 91
92 93
94 95
96 97
98 99
100 101
102 103
104 105
106 107
108 109
110 111
112 113
114 115
116 117
118 119
120 121
122 123
124 125
126 127
128 129
130 131
132 133
134 135
136 137
