98
1837
49
0 2
0 4
0 22
0 32
0 38
0 40
0 42
0 54
0 56
0 62
0 64
0 72
0 76
0 78
0 80
0 82
0 84
0 90
0 92
0 94
0 96
1 3
1 5
1 7
1 9
1 11
1 13
1 15
1 17
1 19
1 21
1 23
1 25
1 27
1 29
1 31
1 33
1 35
1 37
1 39
1 41
1 43
1 45
1 47
1 49
1 51
1 53
1 55
1 57
1 59
1 61
1 63
1 65
1 67
1 69
1 71
1 73
1 75
1 77
1 79
1 81
1 83
1 85
1 87
1 89
1 91
1 93
1 95
1 97
2 4
2 6
2 8
2 10
2 12
2 14
2 16
2 18
2 20
2 22
2 24
2 26
2 28
2 30
2 32
2 34
2 36
2 38
2 40
2 42
2 44
2 46
2 48
2 50
2 52
2 54
2 56
2 58
2 60
2 62
2 64
2 72
2 76
2 78
2 80
2 82
2 84
2 90
2 92
2 94
2 96
3 5
3 7
3 9
3 11
3 13
3 15
3 17
3 19
3 25
3 27
3 29
3 31
3 35
3 37
3 45
3 47
3 49
3 51
3 53
3 59
3 61
3 67
3 69
3 71
3 73
3 75
3 77
3 79
3 81
3 83
3 85
3 87
3 89
3 91
3 93
3 95
3 97
4 6
4 8
4 10
4 12
4 14
4 16
4 18
4 20
4 22
4 24
4 26
4 28
4 30
4 32
4 34
4 36
4 38
4 40
4 42
4 44
4 46
4 48
4 50
4 52
4 54
4 56
4 58
4 60
4 62
4 64
4 66
4 68
4 70
4 72
4 74
4 76
4 78
4 80
4 82
4 84
4 86
4 90
4 92
4 94
4 96
5 7
5 9
5 11
5 13
5 15
5 17
5 19
5 25
5 27
5 29
5 31
5 35
5 37
5 45
5 47
5 49
5 51
5 53
5 59
5 61
5 67
5 69
5 75
5 87
6 8
6 10
6 12
6 14
6 16
6 18
6 40
6 42
6 56
6 64
6 72
6 78
6 80
6 82
6 84
6 92
6 94
6 96
7 9
7 11
7 13
7 15
7 17
7 19
7 21
7 25
7 27
7 29
7 31
7 33
7 35
7 37
7 39
7 41
7 43
7 45
7 47
7 49
7 51
7 53
7 55
7 57
7 59
7 61
7 63
7 65
7 67
7 69
7 71
7 73
7 75
7 77
7 79
7 81
7 83
7 85
7 87
7 89
7 91
7 93
7 95
7 97
8 10
8 12
8 14
8 16
8 18
8 20
8 22
8 24
8 26
8 28
8 30
8 40
8 42
8 56
8 64
8 72
8 78
8 80
8 82
8 84
8 92
8 94
8 96
9 11
9 13
9 15
9 17
9 19
9 21
9 25
9 27
9 29
9 31
9 35
9 37
9 39
9 41
9 43
9 45
9 47
9 49
9 51
9 53
9 55
9 57
9 59
9 61
9 63
9 65
9 67
9 69
9 71
9 73
9 75
9 77
9 79
9 81
9 83
9 85
9 87
9 89
9 91
9 93
9 95
9 97
10 12
10 14
10 16
10 18
10 20
10 22
10 24
10 26
10 28
10 30
10 32
10 34
10 36
10 40
10 42
10 56
10 64
10 72
10 78
10 80
10 82
10 84
10 92
10 94
10 96
11 13
11 15
11 17
11 19
11 21
11 25
11 27
11 29
11 31
11 35
11 37
11 45
11 47
11 49
11 51
11 53
11 55
11 57
11 59
11 61
11 63
11 65
11 67
11 69
11 71
11 73
11 75
11 77
11 79
11 81
11 83
11 85
11 87
11 89
11 91
11 93
11 95
11 97
12 14
12 16
12 18
12 20
12 22
12 24
12 26
12 28
12 30
12 32
12 34
12 36
12 38
12 40
12 42
12 44
12 46
12 48
12 50
12 52
12 56
12 64
12 72
12 78
12 80
12 82
12 84
12 92
12 94
12 96
13 15
13 17
13 19
13 21
13 25
13 27
13 29
13 31
13 35
13 37
13 45
13 47
13 49
13 51
13 53
13 59
13 61
13 63
13 65
13 67
13 69
13 71
13 73
13 75
13 77
13 79
13 81
13 83
13 85
13 87
13 89
13 91
13 93
13 95
13 97
14 16
14 18
14 20
14 22
14 24
14 26
14 28
14 30
14 32
14 34
14 36
14 38
14 40
14 42
14 44
14 46
14 48
14 50
14 52
14 54
14 56
14 58
14 60
14 62
14 64
14 66
14 68
14 72
14 78
14 80
14 82
14 84
14 92
14 94
14 96
15 17
15 19
15 21
15 25
15 27
15 29
15 31
15 35
15 37
15 45
15 47
15 49
15 51
15 53
15 59
15 61
15 67
15 69
15 71
15 75
15 77
15 79
15 81
15 83
15 85
15 87
15 89
15 91
15 93
15 95
15 97
16 18
16 20
16 22
16 24
16 26
16 28
16 30
16 32
16 34
16 36
16 38
16 40
16 42
16 44
16 46
16 48
16 50
16 52
16 54
16 56
16 58
16 60
16 62
16 64
16 66
16 68
16 70
16 72
16 74
16 78
16 80
16 82
16 84
16 92
16 94
16 96
17 19
17 21
17 25
17 27
17 29
17 31
17 35
17 37
17 45
17 47
17 49
17 51
17 53
17 59
17 61
17 67
17 69
17 71
17 75
17 87
17 89
17 91
17 93
17 95
17 97
18 20
18 22
18 24
18 26
18 28
18 30
18 32
18 34
18 36
18 38
18 40
18 42
18 44
18 46
18 48
18 50
18 52
18 54
18 56
18 58
18 60
18 62
18 64
18 66
18 68
18 70
18 72
18 74
18 76
18 78
18 80
18 82
18 84
18 86
18 92
18 94
18 96
19 21
19 25
19 27
19 29
19 31
19 35
19 37
19 45
19 47
19 49
19 51
19 53
19 59
19 61
19 67
19 69
19 71
19 75
19 87
19 89
20 22
20 24
20 26
20 28
20 30
20 32
20 34
20 36
20 38
20 40
20 42
20 44
20 46
20 48
20 50
20 52
20 54
20 56
20 58
20 60
20 62
20 64
20 66
20 68
20 70
20 72
20 74
20 76
20 78
20 80
20 82
20 84
20 86
20 88
20 90
20 92
20 94
20 96
21 23
21 25
21 27
21 29
21 31
21 33
21 35
21 37
21 39
21 45
21 47
21 49
21 51
21 53
21 55
21 59
21 61
21 63
21 67
21 69
21 71
21 75
21 77
21 87
21 89
21 91
22 24
22 26
22 28
22 30
22 32
22 34
22 36
22 38
22 40
22 42
22 44
22 46
22 48
22 50
22 52
22 54
22 56
22 58
22 60
22 62
22 64
22 66
22 68
22 70
22 72
22 74
22 76
22 78
22 80
22 82
22 84
22 86
22 88
22 90
22 92
22 94
22 96
23 25
23 27
23 29
23 31
23 33
23 35
23 37
23 39
23 45
23 47
23 49
23 51
23 53
23 55
23 59
23 61
23 63
23 67
23 69
23 71
23 75
23 77
23 87
23 89
23 91
24 26
24 28
24 30
24 42
24 64
24 78
24 80
24 82
24 84
24 92
24 94
24 96
25 27
25 29
25 31
25 33
25 35
25 37
25 39
25 41
25 43
25 45
25 47
25 49
25 51
25 53
25 55
25 57
25 59
25 61
25 63
25 65
25 67
25 69
25 71
25 73
25 75
25 77
25 79
25 81
25 83
25 85
25 87
25 89
25 91
25 93
25 95
25 97
26 28
26 30
26 32
26 34
26 36
26 42
26 64
26 78
26 80
26 82
26 84
26 92
26 94
26 96
27 29
27 31
27 33
27 35
27 37
27 39
27 45
27 47
27 49
27 51
27 53
27 55
27 57
27 59
27 61
27 63
27 65
27 67
27 69
27 71
27 73
27 75
27 77
27 79
27 81
27 83
27 85
27 87
27 89
27 91
27 93
27 95
27 97
28 30
28 32
28 34
28 36
28 38
28 40
28 42
28 44
28 46
28 48
28 50
28 52
28 54
28 56
28 58
28 60
28 62
28 64
28 66
28 68
28 78
28 80
28 82
28 84
28 92
28 94
28 96
29 31
29 33
29 35
29 37
29 39
29 45
29 47
29 49
29 51
29 53
29 55
29 59
29 61
29 63
29 67
29 69
29 71
29 75
29 77
29 79
29 81
29 83
29 85
29 87
29 89
29 91
29 93
29 95
29 97
30 32
30 34
30 36
30 38
30 40
30 42
30 44
30 46
30 48
30 50
30 52
30 54
30 56
30 58
30 60
30 62
30 64
30 66
30 68
30 70
30 72
30 74
30 78
30 80
30 82
30 84
30 92
30 94
30 96
31 33
31 35
31 37
31 39
31 45
31 47
31 49
31 51
31 53
31 55
31 59
31 61
31 63
31 67
31 69
31 71
31 75
31 77
31 87
31 89
31 91
31 93
31 95
31 97
32 34
32 36
32 38
32 40
32 42
32 44
32 46
32 48
32 50
32 52
32 54
32 56
32 58
32 60
32 62
32 64
32 66
32 68
32 70
32 72
32 74
32 76
32 78
32 80
32 82
32 84
32 86
32 88
32 90
32 92
32 94
32 96
33 35
33 37
33 39
33 41
33 45
33 47
33 49
33 51
33 53
33 55
33 57
33 59
33 61
33 63
33 67
33 69
33 71
33 73
33 75
33 77
33 87
33 89
33 91
34 36
34 64
34 80
34 82
34 84
34 92
34 94
34 96
35 37
35 39
35 41
35 45
35 47
35 49
35 51
35 53
35 55
35 57
35 59
35 61
35 63
35 65
35 67
35 69
35 71
35 73
35 75
35 77
35 79
35 81
35 83
35 85
35 87
35 89
35 91
35 93
35 95
35 97
36 38
36 40
36 42
36 44
36 46
36 48
36 50
36 52
36 54
36 56
36 58
36 60
36 62
36 64
36 66
36 68
36 70
36 72
36 74
36 80
36 82
36 84
36 92
36 94
36 96
37 39
37 41
37 45
37 47
37 49
37 51
37 53
37 55
37 57
37 59
37 61
37 63
37 67
37 69
37 71
37 73
37 75
37 77
37 87
37 89
37 91
37 93
37 95
37 97
38 40
38 42
38 44
38 46
38 48
38 50
38 52
38 54
38 56
38 58
38 60
38 62
38 64
38 66
38 68
38 70
38 72
38 74
38 76
38 78
38 80
38 82
38 84
38 86
38 88
38 90
38 92
38 94
38 96
39 41
39 43
39 45
39 47
39 49
39 51
39 53
39 55
39 57
39 59
39 61
39 63
39 67
39 69
39 71
39 73
39 75
39 77
39 79
39 87
39 89
39 91
40 42
40 44
40 46
40 48
40 50
40 52
40 54
40 56
40 58
40 60
40 62
40 64
40 66
40 68
40 70
40 72
40 74
40 76
40 78
40 80
40 82
40 84
40 86
40 88
40 90
40 92
40 94
40 96
41 43
41 45
41 47
41 49
41 51
41 53
41 55
41 57
41 59
41 61
41 63
41 67
41 69
41 71
41 73
41 75
41 77
41 79
41 87
41 89
41 91
42 44
42 46
42 48
42 50
42 52
42 54
42 56
42 58
42 60
42 62
42 64
42 66
42 68
42 70
42 72
42 74
42 76
42 78
42 80
42 82
42 84
42 86
42 88
42 90
42 92
42 94
42 96
43 45
43 47
43 49
43 51
43 53
43 55
43 57
43 59
43 61
43 63
43 67
43 69
43 71
43 73
43 75
43 77
43 79
43 87
43 89
43 91
44 46
44 48
44 50
44 52
44 64
44 82
44 84
44 94
44 96
45 47
45 49
45 51
45 53
45 55
45 57
45 59
45 61
45 63
45 65
45 67
45 69
45 71
45 73
45 75
45 77
45 79
45 81
45 83
45 85
45 87
45 89
45 91
45 93
45 95
45 97
46 48
46 50
46 52
46 54
46 56
46 58
46 60
46 64
46 82
46 84
46 94
46 96
47 49
47 51
47 53
47 55
47 57
47 59
47 61
47 63
47 67
47 69
47 71
47 73
47 75
47 77
47 79
47 81
47 83
47 85
47 87
47 89
47 91
47 93
47 95
47 97
48 50
48 52
48 54
48 56
48 58
48 60
48 62
48 64
48 66
48 68
48 82
48 84
48 94
48 96
49 51
49 53
49 55
49 57
49 59
49 61
49 63
49 67
49 69
49 71
49 73
49 75
49 77
49 79
49 81
49 83
49 85
49 87
49 89
49 91
49 93
49 95
49 97
50 52
50 54
50 56
50 58
50 60
50 62
50 64
50 66
50 68
50 70
50 72
50 74
50 82
50 84
50 94
50 96
51 53
51 55
51 57
51 59
51 61
51 63
51 67
51 69
51 71
51 73
51 75
51 77
51 79
51 87
51 89
51 91
51 93
51 95
51 97
52 54
52 56
52 58
52 60
52 62
52 64
52 66
52 68
52 70
52 72
52 74
52 76
52 78
52 80
52 82
52 84
52 86
52 94
52 96
53 55
53 57
53 59
53 61
53 63
53 67
53 69
53 71
53 73
53 75
53 77
53 79
53 87
53 89
53 91
54 56
54 58
54 60
54 62
54 64
54 66
54 68
54 70
54 72
54 74
54 76
54 78
54 80
54 82
54 84
54 86
54 88
54 90
54 92
54 94
54 96
55 57
55 59
55 61
55 63
55 67
55 69
55 71
55 73
55 75
55 77
55 79
55 81
55 87
55 89
55 91
55 93
56 58
56 60
56 62
56 64
56 66
56 68
56 70
56 72
56 74
56 76
56 78
56 80
56 82
56 84
56 86
56 88
56 90
56 92
56 94
56 96
57 59
57 61
57 63
57 67
57 69
57 71
57 73
57 75
57 77
57 79
57 81
57 87
57 89
57 91
57 93
58 60
58 82
58 84
58 94
58 96
59 61
59 63
59 67
59 69
59 71
59 73
59 75
59 77
59 79
59 81
59 83
59 85
59 87
59 89
59 91
59 93
59 95
59 97
60 62
60 64
60 66
60 68
60 70
60 72
60 74
60 76
60 78
60 80
60 82
60 84
60 86
60 94
60 96
61 63
61 67
61 69
61 71
61 73
61 75
61 77
61 79
61 81
61 87
61 89
61 91
61 93
62 64
62 66
62 68
62 70
62 72
62 74
62 76
62 78
62 80
62 82
62 84
62 86
62 88
62 90
62 92
62 94
62 96
63 65
63 67
63 69
63 71
63 73
63 75
63 77
63 79
63 81
63 87
63 89
63 91
63 93
64 66
64 68
64 70
64 72
64 74
64 76
64 78
64 80
64 82
64 84
64 86
64 88
64 90
64 92
64 94
64 96
65 67
65 69
65 71
65 73
65 75
65 77
65 79
65 81
65 87
65 89
65 91
65 93
66 68
66 70
66 72
66 74
66 84
66 96
67 69
67 71
67 73
67 75
67 77
67 79
67 81
67 87
67 89
67 91
67 93
67 95
67 97
68 70
68 72
68 74
68 76
68 78
68 80
68 82
68 84
68 86
68 96
69 71
69 73
69 75
69 77
69 79
69 81
69 87
69 89
69 91
69 93
70 72
70 74
70 76
70 78
70 80
70 82
70 84
70 86
70 88
70 90
70 92
70 94
70 96
71 73
71 75
71 77
71 79
71 81
71 83
71 87
71 89
71 91
71 93
71 95
72 74
72 76
72 78
72 80
72 82
72 84
72 86
72 88
72 90
72 92
72 94
72 96
73 75
73 77
73 79
73 81
73 83
73 87
73 89
73 91
73 93
73 95
74 76
74 78
74 80
74 82
74 84
74 86
75 77
75 79
75 81
75 83
75 87
75 89
75 91
75 93
75 95
76 78
76 80
76 82
76 84
76 86
76 88
76 90
76 92
76 94
76 96
77 79
77 81
77 83
77 85
77 87
77 89
77 91
77 93
77 95
77 97
78 80
78 82
78 84
78 86
78 88
78 90
78 92
78 94
78 96
79 81
79 83
79 85
79 87
79 89
79 91
79 93
79 95
79 97
80 82
80 84
80 86
80 88
80 90
80 92
80 94
80 96
81 83
81 85
81 87
81 89
81 91
81 93
81 95
81 97
82 84
82 86
82 88
82 90
82 92
82 94
82 96
83 85
83 87
83 89
83 91
83 93
83 95
83 97
84 86
84 88
84 90
84 92
84 94
84 96
85 87
85 89
85 91
85 93
85 95
85 97
87 89
87 91
87 93
87 95
87 97
88 90
88 92
88 94
88 96
89 91
89 93
89 95
89 97
90 92
90 94
90 96
91 93
91 95
91 97
92 94
92 96
93 95
93 97
94 96
95 97
0 1
2 3
4 5
6 7
8 9
10 11
12 13
14 15
16 17
18 19
20 21
22 23
24 25
26 27
28 29
30 31
32 33
34 35
36 37
38 39
40 41
42 43
44 45
46 47
48 49
50 51
52 53
54 55
56 57
58 59
60 61
62 63
64 65
66 67
68 69
70 71
72 73
74 75
76 77
78 79
80 81
82 83
84 85
86 87
88 89
90 91
92 93
94 95
96 97
