76
1099
38
0 2
0 16
0 24
0 28
0 30
0 32
0 44
0 46
0 54
0 58
0 60
0 62
0 64
0 70
0 72
0 74
1 3
1 5
1 7
1 9
1 11
1 13
1 15
1 17
1 19
1 21
1 23
1 25
1 27
1 29
1 31
1 33
1 35
1 37
1 39
1 41
1 43
1 45
1 47
1 49
1 51
1 53
1 55
1 57
1 59
1 61
1 63
1 65
1 67
1 69
1 71
1 73
1 75
2 4
2 6
2 8
2 10
2 12
2 14
2 16
2 18
2 20
2 22
2 24
2 26
2 28
2 30
2 32
2 34
2 36
2 38
2 40
2 42
2 44
2 46
2 54
2 58
2 60
2 62
2 64
2 70
2 72
2 74
3 5
3 7
3 9
3 11
3 13
3 19
3 21
3 23
3 27
3 35
3 37
3 39
3 41
3 43
3 49
3 51
3 53
3 55
3 57
3 59
3 61
3 63
3 65
3 67
3 69
3 71
3 73
3 75
4 6
4 8
4 10
4 12
4 30
4 32
4 46
4 54
4 60
4 62
4 64
4 72
4 74
5 7
5 9
5 11
5 13
5 15
5 19
5 21
5 23
5 25
5 27
5 29
5 31
5 33
5 35
5 37
5 39
5 41
5 43
5 45
5 47
5 49
5 51
5 53
5 55
5 57
5 59
5 61
5 63
5 65
5 67
5 69
5 71
5 73
5 75
6 8
6 10
6 12
6 14
6 16
6 18
6 20
6 22
6 30
6 32
6 46
6 54
6 60
6 62
6 64
6 72
6 74
7 9
7 11
7 13
7 15
7 19
7 21
7 23
7 27
7 29
7 31
7 33
7 35
7 37
7 39
7 41
7 43
7 45
7 47
7 49
7 51
7 53
7 55
7 57
7 59
7 61
7 63
7 65
7 67
7 69
7 71
7 73
7 75
8 10
8 12
8 14
8 16
8 18
8 20
8 22
8 24
8 26
8 30
8 32
8 46
8 54
8 60
8 62
8 64
8 72
8 74
9 11
9 13
9 15
9 19
9 21
9 23
9 27
9 35
9 37
9 39
9 41
9 43
9 45
9 47
9 49
9 51
9 53
9 55
9 57
9 59
9 61
9 63
9 65
9 67
9 69
9 71
9 73
9 75
10 12
10 14
10 16
10 18
10 20
10 22
10 24
10 26
10 28
10 30
10 32
10 34
10 36
10 38
10 40
10 42
10 44
10 46
10 48
10 50
10 52
10 54
10 56
10 60
10 62
10 64
10 72
10 74
11 13
11 15
11 19
11 21
11 23
11 27
11 35
11 37
11 39
11 41
11 43
11 49
11 51
11 53
11 57
11 67
11 69
11 71
11 73
11 75
12 14
12 16
12 18
12 20
12 22
12 24
12 26
12 28
12 30
12 32
12 34
12 36
12 38
12 40
12 42
12 44
12 46
12 48
12 50
12 52
12 54
12 56
12 58
12 60
12 62
12 64
12 66
12 72
12 74
13 15
13 19
13 21
13 23
13 27
13 35
13 37
13 39
13 41
13 43
13 49
13 51
13 53
13 57
13 67
13 69
14 16
14 18
14 20
14 22
14 24
14 26
14 28
14 30
14 32
14 34
14 36
14 38
14 40
14 42
14 44
14 46
14 48
14 50
14 52
14 54
14 56
14 58
14 60
14 62
14 64
14 66
14 68
14 70
14 72
14 74
15 17
15 19
15 21
15 23
15 25
15 27
15 29
15 35
15 37
15 39
15 41
15 43
15 45
15 49
15 51
15 53
15 57
15 59
15 67
15 69
15 71
16 18
16 20
16 22
16 24
16 26
16 28
16 30
16 32
16 34
16 36
16 38
16 40
16 42
16 44
16 46
16 48
16 50
16 52
16 54
16 56
16 58
16 60
16 62
16 64
16 66
16 68
16 70
16 72
16 74
17 19
17 21
17 23
17 25
17 27
17 29
17 35
17 37
17 39
17 41
17 43
17 45
17 49
17 51
17 53
17 57
17 59
17 67
17 69
17 71
18 20
18 22
18 32
18 46
18 60
18 62
18 64
18 72
18 74
19 21
19 23
19 25
19 27
19 29
19 31
19 33
19 35
19 37
19 39
19 41
19 43
19 45
19 47
19 49
19 51
19 53
19 55
19 57
19 59
19 61
19 63
19 65
19 67
19 69
19 71
19 73
19 75
20 22
20 24
20 26
20 28
20 30
20 32
20 34
20 36
20 38
20 40
20 42
20 44
20 46
20 48
20 50
20 60
20 62
20 64
20 72
20 74
21 23
21 25
21 27
21 29
21 35
21 37
21 39
21 41
21 43
21 45
21 49
21 51
21 53
21 57
21 59
21 61
21 63
21 65
21 67
21 69
21 71
21 73
21 75
22 24
22 26
22 28
22 30
22 32
22 34
22 36
22 38
22 40
22 42
22 44
22 46
22 48
22 50
22 52
22 54
22 56
22 60
22 62
22 64
22 72
22 74
23 25
23 27
23 29
23 35
23 37
23 39
23 41
23 43
23 45
23 49
23 51
23 53
23 57
23 59
23 67
23 69
23 71
23 73
23 75
24 26
24 28
24 30
24 32
24 34
24 36
24 38
24 40
24 42
24 44
24 46
24 48
24 50
24 52
24 54
24 56
24 58
24 60
24 62
24 64
24 66
24 68
24 70
24 72
24 74
25 27
25 29
25 31
25 35
25 37
25 39
25 41
25 43
25 45
25 49
25 51
25 53
25 55
25 57
25 59
25 67
25 69
25 71
26 28
26 30
26 32
26 34
26 36
26 38
26 40
26 42
26 44
26 46
26 48
26 50
26 52
26 54
26 56
26 62
26 64
26 72
26 74
27 29
27 31
27 35
27 37
27 39
27 41
27 43
27 45
27 49
27 51
27 53
27 55
27 57
27 59
27 67
27 69
27 71
27 73
27 75
28 30
28 32
28 34
28 36
28 38
28 40
28 42
28 44
28 46
28 48
28 50
28 52
28 54
28 56
28 58
28 60
28 62
28 64
28 66
28 68
28 70
28 72
28 74
29 31
29 33
29 35
29 37
29 39
29 41
29 43
29 45
29 49
29 51
29 53
29 55
29 57
29 59
29 61
29 67
29 69
29 71
30 32
30 34
30 36
30 38
30 40
30 42
30 44
30 46
30 48
30 50
30 52
30 54
30 56
30 58
30 60
30 62
30 64
30 66
30 68
30 70
30 72
30 74
31 33
31 35
31 37
31 39
31 41
31 43
31 45
31 49
31 51
31 53
31 55
31 57
31 59
31 61
31 67
31 69
31 71
32 34
32 36
32 38
32 40
32 42
32 44
32 46
32 48
32 50
32 52
32 54
32 56
32 58
32 60
32 62
32 64
32 66
32 68
32 70
32 72
32 74
33 35
33 37
33 39
33 41
33 43
33 45
33 49
33 51
33 53
33 55
33 57
33 59
33 61
33 67
33 69
33 71
34 36
34 38
34 40
34 46
34 62
34 64
34 74
35 37
35 39
35 41
35 43
35 45
35 47
35 49
35 51
35 53
35 55
35 57
35 59
35 61
35 63
35 65
35 67
35 69
35 71
35 73
35 75
36 38
36 40
36 42
36 46
36 62
36 64
36 74
37 39
37 41
37 43
37 45
37 49
37 51
37 53
37 55
37 57
37 59
37 61
37 63
37 65
37 67
37 69
37 71
37 73
37 75
38 40
38 42
38 44
38 46
38 48
38 50
38 62
38 64
38 74
39 41
39 43
39 45
39 49
39 51
39 53
39 55
39 57
39 59
39 61
39 63
39 65
39 67
39 69
39 71
39 73
39 75
40 42
40 44
40 46
40 48
40 50
40 52
40 54
40 56
40 58
40 60
40 62
40 64
40 66
40 74
41 43
41 45
41 49
41 51
41 53
41 55
41 57
41 59
41 61
41 67
41 69
41 71
42 44
42 46
42 48
42 50
42 52
42 54
42 56
42 58
42 60
42 62
42 64
42 66
42 74
43 45
43 49
43 51
43 53
43 55
43 57
43 59
43 61
43 67
43 69
43 71
43 73
44 46
44 48
44 50
44 52
44 54
44 56
44 58
44 60
44 62
44 64
44 66
44 68
44 70
44 72
44 74
45 47
45 49
45 51
45 53
45 55
45 57
45 59
45 61
45 67
45 69
45 71
45 73
46 48
46 50
46 52
46 54
46 56
46 58
46 60
46 62
46 64
46 66
46 68
46 70
46 72
46 74
47 49
47 51
47 53
47 55
47 57
47 59
47 61
47 67
47 69
47 71
47 73
48 50
48 52
48 54
48 56
48 64
48 74
49 51
49 53
49 55
49 57
49 59
49 61
49 67
49 69
49 71
49 73
49 75
50 52
50 54
50 56
50 58
50 60
50 62
50 64
50 66
50 74
51 53
51 55
51 57
51 59
51 61
51 67
51 69
51 71
51 73
52 54
52 56
52 58
52 60
52 62
52 64
52 66
52 68
52 70
52 72
52 74
53 55
53 57
53 59
53 61
53 63
53 67
53 69
53 71
53 73
54 56
54 58
54 60
54 62
54 64
54 66
54 68
54 70
54 72
54 74
55 57
55 59
55 61
55 63
55 67
55 69
55 71
55 73
56 58
56 60
56 62
56 64
56 66
57 59
57 61
57 63
57 67
57 69
57 71
57 73
58 60
58 62
58 64
58 66
58 68
58 70
58 72
58 74
59 61
59 63
59 65
59 67
59 69
59 71
59 73
59 75
60 62
60 64
60 66
60 68
60 70
60 72
60 74
61 63
61 65
61 67
61 69
61 71
61 73
61 75
62 64
62 66
62 68
62 70
62 72
62 74
63 65
63 67
63 69
63 71
63 73
63 75
64 66
64 68
64 70
64 72
64 74
65 67
65 69
65 71
65 73
65 75
67 69
67 71
67 73
67 75
68 70
68 72
68 74
69 71
69 73
69 75
70 72
70 74
71 73
71 75
72 74
73 75
0 1
2 3
4 5
6 7
8 9
10 11
12 13
14 15
16 17
18 19
20 21
22 23
24 25
26 27
28 29
30 31
32 33
34 35
36 37
38 39
40 41
42 43
44 45
46 47
48 49
50 51
52 53
54 55
56 57
58 59
60 61
62 63
64 65
66 67
68 69
70 71
72 73
74 75
