132
3388
66
0 2
0 4
0 6
0 8
0 10
0 12
0 14
0 34
0 48
0 50
0 64
0 66
0 76
0 78
0 80
0 86
0 88
0 90
0 92
0 96
0 98
0 100
0 102
0 104
0 106
0 112
0 114
0 116
0 118
0 122
0 124
0 126
0 128
0 130
1 3
1 5
1 7
1 9
1 11
1 13
1 15
1 19
1 21
1 23
1 25
1 27
1 29
1 31
1 33
1 35
1 37
1 39
1 41
1 43
1 45
1 47
1 49
1 51
1 53
1 55
1 57
1 59
1 61
1 63
1 65
1 67
1 69
1 71
1 73
1 75
1 77
1 79
1 81
1 83
1 85
1 87
1 89
1 91
1 93
1 95
1 97
1 99
1 101
1 103
1 105
1 107
1 109
1 111
1 113
1 115
1 117
1 119
1 121
1 123
1 125
1 127
1 129
1 131
2 4
2 6
2 8
2 10
2 12
2 14
2 16
2 18
2 20
2 22
2 24
2 26
2 28
2 30
2 32
2 34
2 36
2 38
2 40
2 42
2 44
2 48
2 50
2 64
2 66
2 76
2 78
2 80
2 86
2 88
2 90
2 92
2 96
2 98
2 100
2 102
2 104
2 106
2 112
2 114
2 116
2 118
2 122
2 124
2 126
2 128
2 130
3 5
3 7
3 9
3 11
3 13
3 15
3 19
3 21
3 23
3 25
3 27
3 29
3 31
3 37
3 39
3 41
3 43
3 45
3 53
3 55
3 57
3 59
3 61
3 63
3 65
3 67
3 69
3 71
3 73
3 75
3 77
3 79
3 81
3 83
3 85
3 87
3 89
3 91
3 93
3 95
3 97
3 99
3 101
3 103
3 105
3 107
3 109
3 111
3 113
3 115
3 117
3 119
3 121
3 123
3 125
3 127
3 129
3 131
4 6
4 8
4 10
4 12
4 14
4 16
4 18
4 20
4 22
4 24
4 26
4 28
4 30
4 32
4 34
4 36
4 38
4 40
4 42
4 44
4 46
4 48
4 50
4 52
4 54
4 56
4 58
4 60
4 64
4 66
4 76
4 78
4 80
4 86
4 88
4 90
4 92
4 96
4 98
4 100
4 102
4 104
4 106
4 112
4 114
4 116
4 118
4 122
4 124
4 126
4 128
4 130
5 7
5 9
5 11
5 13
5 15
5 19
5 21
5 23
5 25
5 27
5 29
5 31
5 37
5 39
5 41
5 43
5 45
5 53
5 55
5 57
5 59
5 61
5 69
5 71
5 73
5 75
5 77
5 79
5 81
5 83
5 85
5 87
5 89
5 91
5 93
5 95
5 97
5 99
5 101
5 103
5 105
5 107
5 109
5 111
5 113
5 115
5 117
5 119
5 121
5 123
5 125
5 127
5 129
5 131
6 8
6 10
6 12
6 14
6 16
6 18
6 20
6 22
6 24
6 26
6 28
6 30
6 32
6 34
6 36
6 38
6 40
6 42
6 44
6 46
6 48
6 50
6 52
6 54
6 56
6 58
6 60
6 62
6 64
6 66
6 68
6 70
6 72
6 76
6 78
6 80
6 86
6 88
6 90
6 92
6 96
6 98
6 100
6 102
6 104
6 106
6 112
6 114
6 116
6 118
6 122
6 124
6 126
6 128
6 130
7 9
7 11
7 13
7 15
7 19
7 21
7 23
7 25
7 27
7 29
7 31
7 37
7 39
7 41
7 43
7 45
7 53
7 55
7 57
7 59
7 61
7 69
7 71
7 73
7 83
7 85
7 87
7 89
7 91
7 93
7 95
7 97
7 99
7 101
7 103
7 105
7 107
7 109
7 111
7 113
7 115
7 117
7 119
7 121
7 123
7 125
7 127
7 129
7 131
8 10
8 12
8 14
8 16
8 18
8 20
8 22
8 24
8 26
8 28
8 30
8 32
8 34
8 36
8 38
8 40
8 42
8 44
8 46
8 48
8 50
8 52
8 54
8 56
8 58
8 60
8 62
8 64
8 66
8 68
8 70
8 72
8 74
8 76
8 78
8 80
8 82
8 86
8 88
8 90
8 92
8 96
8 98
8 100
8 102
8 104
8 106
8 112
8 114
8 116
8 118
8 122
8 124
8 126
8 128
8 130
9 11
9 13
9 15
9 19
9 21
9 23
9 25
9 27
9 29
9 31
9 37
9 39
9 41
9 43
9 45
9 53
9 55
9 57
9 59
9 61
9 69
9 71
9 73
9 83
9 95
9 97
9 99
9 101
9 103
9 105
9 107
9 109
9 111
9 113
9 115
9 117
9 119
9 121
9 123
9 125
9 127
9 129
9 131
10 12
10 14
10 16
10 18
10 20
10 22
10 24
10 26
10 28
10 30
10 32
10 34
10 36
10 38
10 40
10 42
10 44
10 46
10 48
10 50
10 52
10 54
10 56
10 58
10 60
10 62
10 64
10 66
10 68
10 70
10 72
10 74
10 76
10 78
10 80
10 82
10 84
10 86
10 88
10 90
10 92
10 94
10 96
10 98
10 100
10 102
10 104
10 106
10 112
10 114
10 116
10 118
10 122
10 124
10 126
10 128
10 130
11 13
11 15
11 19
11 21
11 23
11 25
11 27
11 29
11 31
11 37
11 39
11 41
11 43
11 45
11 53
11 55
11 57
11 59
11 61
11 69
11 71
11 73
11 83
11 95
11 109
11 111
11 113
11 115
11 117
11 119
11 121
11 123
11 125
11 127
11 129
11 131
12 14
12 16
12 18
12 20
12 22
12 24
12 26
12 28
12 30
12 32
12 34
12 36
12 38
12 40
12 42
12 44
12 46
12 48
12 50
12 52
12 54
12 56
12 58
12 60
12 62
12 64
12 66
12 68
12 70
12 72
12 74
12 76
12 78
12 80
12 82
12 84
12 86
12 88
12 90
12 92
12 94
12 96
12 98
12 100
12 102
12 104
12 106
12 108
12 110
12 112
12 114
12 116
12 118
12 122
12 124
12 126
12 128
12 130
13 15
13 19
13 21
13 23
13 25
13 27
13 29
13 31
13 37
13 39
13 41
13 43
13 45
13 53
13 55
13 57
13 59
13 61
13 69
13 71
13 73
13 83
13 95
13 109
13 111
13 121
13 123
13 125
13 127
13 129
13 131
14 16
14 18
14 20
14 22
14 24
14 26
14 28
14 30
14 32
14 34
14 36
14 38
14 40
14 42
14 44
14 46
14 48
14 50
14 52
14 54
14 56
14 58
14 60
14 62
14 64
14 66
14 68
14 70
14 72
14 74
14 76
14 78
14 80
14 82
14 84
14 86
14 88
14 90
14 92
14 94
14 96
14 98
14 100
14 102
14 104
14 106
14 108
14 110
14 112
14 114
14 116
14 118
14 120
14 122
14 124
14 126
14 128
14 130
15 19
15 21
15 23
15 25
15 27
15 29
15 31
15 37
15 39
15 41
15 43
15 45
15 53
15 55
15 57
15 59
15 61
15 69
15 71
15 73
15 83
15 95
15 109
15 111
15 121
16 18
16 20
16 22
16 24
16 26
16 28
16 30
16 32
16 34
16 36
16 38
16 40
16 42
16 44
16 46
16 48
16 50
16 52
16 54
16 56
16 58
16 60
16 62
16 64
16 66
16 68
16 70
16 72
16 74
16 76
16 78
16 80
16 82
16 84
16 86
16 88
16 90
16 92
16 94
16 96
16 98
16 100
16 102
16 104
16 106
16 108
16 110
16 112
16 114
16 116
16 118
16 120
16 122
16 124
16 126
16 128
16 130
17 19
17 21
17 23
17 25
17 27
17 29
17 31
17 33
17 37
17 39
17 41
17 43
17 45
17 47
17 53
17 55
17 57
17 59
17 61
17 63
17 69
17 71
17 73
17 75
17 83
17 85
17 95
17 109
17 111
17 121
18 20
18 22
18 24
18 26
18 28
18 30
18 50
18 64
18 66
18 76
18 78
18 80
18 88
18 90
18 92
18 98
18 100
18 102
18 104
18 106
18 112
18 114
18 116
18 118
18 124
18 126
18 128
18 130
19 21
19 23
19 25
19 27
19 29
19 31
19 33
19 37
19 39
19 41
19 43
19 45
19 47
19 49
19 51
19 53
19 55
19 57
19 59
19 61
19 63
19 65
19 67
19 69
19 71
19 73
19 75
19 77
19 79
19 81
19 83
19 85
19 87
19 89
19 91
19 93
19 95
19 97
19 99
19 101
19 103
19 105
19 107
19 109
19 111
19 113
19 115
19 117
19 119
19 121
19 123
19 125
19 127
19 129
19 131
20 22
20 24
20 26
20 28
20 30
20 32
20 34
20 36
20 38
20 40
20 42
20 44
20 50
20 64
20 66
20 76
20 78
20 80
20 88
20 90
20 92
20 98
20 100
20 102
20 104
20 106
20 112
20 114
20 116
20 118
20 124
20 126
20 128
20 130
21 23
21 25
21 27
21 29
21 31
21 33
21 37
21 39
21 41
21 43
21 45
21 47
21 53
21 55
21 57
21 59
21 61
21 63
21 65
21 67
21 69
21 71
21 73
21 75
21 77
21 79
21 81
21 83
21 85
21 87
21 89
21 91
21 93
21 95
21 97
21 99
21 101
21 103
21 105
21 107
21 109
21 111
21 113
21 115
21 117
21 119
21 121
21 123
21 125
21 127
21 129
21 131
22 24
22 26
22 28
22 30
22 32
22 34
22 36
22 38
22 40
22 42
22 44
22 46
22 48
22 50
22 52
22 54
22 56
22 58
22 60
22 64
22 66
22 76
22 78
22 80
22 88
22 90
22 92
22 98
22 100
22 102
22 104
22 106
22 112
22 114
22 116
22 118
22 124
22 126
22 128
22 130
23 25
23 27
23 29
23 31
23 33
23 37
23 39
23 41
23 43
23 45
23 47
23 53
23 55
23 57
23 59
23 61
23 63
23 69
23 71
23 73
23 75
23 77
23 79
23 81
23 83
23 85
23 87
23 89
23 91
23 93
23 95
23 97
23 99
23 101
23 103
23 105
23 107
23 109
23 111
23 113
23 115
23 117
23 119
23 121
23 123
23 125
23 127
23 129
23 131
24 26
24 28
24 30
24 32
24 34
24 36
24 38
24 40
24 42
24 44
24 46
24 48
24 50
24 52
24 54
24 56
24 58
24 60
24 62
24 64
24 66
24 68
24 70
24 72
24 76
24 78
24 80
24 88
24 90
24 92
24 98
24 100
24 102
24 104
24 106
24 112
24 114
24 116
24 118
24 124
24 126
24 128
24 130
25 27
25 29
25 31
25 33
25 37
25 39
25 41
25 43
25 45
25 47
25 53
25 55
25 57
25 59
25 61
25 63
25 69
25 71
25 73
25 75
25 83
25 85
25 87
25 89
25 91
25 93
25 95
25 97
25 99
25 101
25 103
25 105
25 107
25 109
25 111
25 113
25 115
25 117
25 119
25 121
25 123
25 125
25 127
25 129
25 131
26 28
26 30
26 32
26 34
26 36
26 38
26 40
26 42
26 44
26 46
26 48
26 50
26 52
26 54
26 56
26 58
26 60
26 62
26 64
26 66
26 68
26 70
26 72
26 74
26 76
26 78
26 80
26 82
26 88
26 90
26 92
26 98
26 100
26 102
26 104
26 106
26 112
26 114
26 116
26 118
26 124
26 126
26 128
26 130
27 29
27 31
27 33
27 37
27 39
27 41
27 43
27 45
27 47
27 53
27 55
27 57
27 59
27 61
27 63
27 69
27 71
27 73
27 75
27 83
27 85
27 95
27 97
27 99
27 101
27 103
27 105
27 107
27 109
27 111
27 113
27 115
27 117
27 119
27 121
27 123
27 125
27 127
27 129
27 131
28 30
28 32
28 34
28 36
28 38
28 40
28 42
28 44
28 46
28 48
28 50
28 52
28 54
28 56
28 58
28 60
28 62
28 64
28 66
28 68
28 70
28 72
28 74
28 76
28 78
28 80
28 82
28 84
28 86
28 88
28 90
28 92
28 94
28 98
28 100
28 102
28 104
28 106
28 112
28 114
28 116
28 118
28 124
28 126
28 128
28 130
29 31
29 33
29 37
29 39
29 41
29 43
29 45
29 47
29 53
29 55
29 57
29 59
29 61
29 63
29 69
29 71
29 73
29 75
29 83
29 85
29 95
29 109
29 111
29 113
29 115
29 117
29 119
29 121
29 123
29 125
29 127
29 129
29 131
30 32
30 34
30 36
30 38
30 40
30 42
30 44
30 46
30 48
30 50
30 52
30 54
30 56
30 58
30 60
30 62
30 64
30 66
30 68
30 70
30 72
30 74
30 76
30 78
30 80
30 82
30 84
30 86
30 88
30 90
30 92
30 94
30 96
30 98
30 100
30 102
30 104
30 106
30 108
30 110
30 112
30 114
30 116
30 118
30 124
30 126
30 128
30 130
31 33
31 37
31 39
31 41
31 43
31 45
31 47
31 53
31 55
31 57
31 59
31 61
31 63
31 69
31 71
31 73
31 75
31 83
31 85
31 95
31 109
31 111
31 121
31 123
31 125
31 127
31 129
31 131
32 34
32 36
32 38
32 40
32 42
32 44
32 46
32 48
32 50
32 52
32 54
32 56
32 58
32 60
32 62
32 64
32 66
32 68
32 70
32 72
32 74
32 76
32 78
32 80
32 82
32 84
32 86
32 88
32 90
32 92
32 94
32 96
32 98
32 100
32 102
32 104
32 106
32 108
32 110
32 112
32 114
32 116
32 118
32 120
32 122
32 124
32 126
32 128
32 130
33 35
33 37
33 39
33 41
33 43
33 45
33 47
33 49
33 53
33 55
33 57
33 59
33 61
33 63
33 69
33 71
33 73
33 75
33 83
33 85
33 87
33 95
33 97
33 109
33 111
33 121
33 123
34 36
34 38
34 40
34 42
34 44
34 46
34 48
34 50
34 52
34 54
34 56
34 58
34 60
34 62
34 64
34 66
34 68
34 70
34 72
34 74
34 76
34 78
34 80
34 82
34 84
34 86
34 88
34 90
34 92
34 94
34 96
34 98
34 100
34 102
34 104
34 106
34 108
34 110
34 112
34 114
34 116
34 118
34 120
34 122
34 124
34 126
34 128
34 130
35 37
35 39
35 41
35 43
35 45
35 47
35 49
35 53
35 55
35 57
35 59
35 61
35 63
35 69
35 71
35 73
35 75
35 83
35 85
35 87
35 95
35 97
35 109
35 111
35 121
35 123
36 38
36 40
36 42
36 44
36 66
36 78
36 80
36 90
36 92
36 100
36 102
36 104
36 106
36 114
36 116
36 118
36 126
36 128
36 130
37 39
37 41
37 43
37 45
37 47
37 49
37 53
37 55
37 57
37 59
37 61
37 63
37 65
37 67
37 69
37 71
37 73
37 75
37 77
37 79
37 81
37 83
37 85
37 87
37 89
37 91
37 93
37 95
37 97
37 99
37 101
37 103
37 105
37 107
37 109
37 111
37 113
37 115
37 117
37 119
37 121
37 123
37 125
37 127
37 129
37 131
38 40
38 42
38 44
38 46
38 48
38 50
38 52
38 54
38 56
38 58
38 60
38 66
38 78
38 80
38 90
38 92
38 100
38 102
38 104
38 106
38 114
38 116
38 118
38 126
38 128
38 130
39 41
39 43
39 45
39 47
39 49
39 53
39 55
39 57
39 59
39 61
39 63
39 69
39 71
39 73
39 75
39 77
39 79
39 81
39 83
39 85
39 87
39 89
39 91
39 93
39 95
39 97
39 99
39 101
39 103
39 105
39 107
39 109
39 111
39 113
39 115
39 117
39 119
39 121
39 123
39 125
39 127
39 129
39 131
40 42
40 44
40 46
40 48
40 50
40 52
40 54
40 56
40 58
40 60
40 62
40 64
40 66
40 68
40 70
40 72
40 78
40 80
40 90
40 92
40 100
40 102
40 104
40 106
40 114
40 116
40 118
40 126
40 128
40 130
41 43
41 45
41 47
41 49
41 53
41 55
41 57
41 59
41 61
41 63
41 69
41 71
41 73
41 75
41 83
41 85
41 87
41 89
41 91
41 93
41 95
41 97
41 99
41 101
41 103
41 105
41 107
41 109
41 111
41 113
41 115
41 117
41 119
41 121
41 123
41 125
41 127
41 129
41 131
42 44
42 46
42 48
42 50
42 52
42 54
42 56
42 58
42 60
42 62
42 64
42 66
42 68
42 70
42 72
42 74
42 76
42 78
42 80
42 82
42 84
42 86
42 88
42 90
42 92
42 94
42 100
42 102
42 104
42 106
42 114
42 116
42 118
42 126
42 128
42 130
43 45
43 47
43 49
43 53
43 55
43 57
43 59
43 61
43 63
43 69
43 71
43 73
43 75
43 83
43 85
43 87
43 95
43 97
43 109
43 111
43 113
43 115
43 117
43 119
43 121
43 123
43 125
43 127
43 129
43 131
44 46
44 48
44 50
44 52
44 54
44 56
44 58
44 60
44 62
44 64
44 66
44 68
44 70
44 72
44 74
44 76
44 78
44 80
44 82
44 84
44 86
44 88
44 90
44 92
44 94
44 96
44 98
44 100
44 102
44 104
44 106
44 108
44 110
44 112
44 114
44 116
44 118
44 120
44 126
44 128
44 130
45 47
45 49
45 53
45 55
45 57
45 59
45 61
45 63
45 69
45 71
45 73
45 75
45 83
45 85
45 87
45 95
45 97
45 109
45 111
45 121
45 123
46 48
46 50
46 52
46 54
46 56
46 58
46 60
46 62
46 64
46 66
46 68
46 70
46 72
46 74
46 76
46 78
46 80
46 82
46 84
46 86
46 88
46 90
46 92
46 94
46 96
46 98
46 100
46 102
46 104
46 106
46 108
46 110
46 112
46 114
46 116
46 118
46 120
46 122
46 124
46 126
46 128
46 130
47 49
47 51
47 53
47 55
47 57
47 59
47 61
47 63
47 65
47 69
47 71
47 73
47 75
47 77
47 83
47 85
47 87
47 89
47 95
47 97
47 99
47 109
47 111
47 113
47 121
47 123
47 125
48 50
48 52
48 54
48 56
48 58
48 60
48 62
48 64
48 66
48 68
48 70
48 72
48 74
48 76
48 78
48 80
48 82
48 84
48 86
48 88
48 90
48 92
48 94
48 96
48 98
48 100
48 102
48 104
48 106
48 108
48 110
48 112
48 114
48 116
48 118
48 120
48 122
48 124
48 126
48 128
48 130
49 51
49 53
49 55
49 57
49 59
49 61
49 63
49 65
49 69
49 71
49 73
49 75
49 77
49 83
49 85
49 87
49 89
49 95
49 97
49 99
49 109
49 111
49 113
49 121
49 123
49 125
50 52
50 54
50 56
50 58
50 60
50 62
50 64
50 66
50 68
50 70
50 72
50 74
50 76
50 78
50 80
50 82
50 84
50 86
50 88
50 90
50 92
50 94
50 96
50 98
50 100
50 102
50 104
50 106
50 108
50 110
50 112
50 114
50 116
50 118
50 120
50 122
50 124
50 126
50 128
50 130
51 53
51 55
51 57
51 59
51 61
51 63
51 65
51 69
51 71
51 73
51 75
51 77
51 83
51 85
51 87
51 89
51 95
51 97
51 99
51 109
51 111
51 113
51 121
51 123
51 125
52 54
52 56
52 58
52 60
52 80
52 92
52 102
52 104
52 106
52 114
52 116
52 118
52 126
52 128
52 130
53 55
53 57
53 59
53 61
53 63
53 65
53 69
53 71
53 73
53 75
53 77
53 79
53 81
53 83
53 85
53 87
53 89
53 91
53 93
53 95
53 97
53 99
53 101
53 103
53 105
53 107
53 109
53 111
53 113
53 115
53 117
53 119
53 121
53 123
53 125
53 127
53 129
53 131
54 56
54 58
54 60
54 62
54 64
54 66
54 68
54 70
54 72
54 80
54 92
54 102
54 104
54 106
54 114
54 116
54 118
54 126
54 128
54 130
55 57
55 59
55 61
55 63
55 65
55 69
55 71
55 73
55 75
55 77
55 83
55 85
55 87
55 89
55 91
55 93
55 95
55 97
55 99
55 101
55 103
55 105
55 107
55 109
55 111
55 113
55 115
55 117
55 119
55 121
55 123
55 125
55 127
55 129
55 131
56 58
56 60
56 62
56 64
56 66
56 68
56 70
56 72
56 74
56 76
56 78
56 80
56 82
56 92
56 102
56 104
56 106
56 114
56 116
56 118
56 126
56 128
56 130
57 59
57 61
57 63
57 65
57 69
57 71
57 73
57 75
57 77
57 83
57 85
57 87
57 89
57 95
57 97
57 99
57 101
57 103
57 105
57 107
57 109
57 111
57 113
57 115
57 117
57 119
57 121
57 123
57 125
57 127
57 129
57 131
58 60
58 62
58 64
58 66
58 68
58 70
58 72
58 74
58 76
58 78
58 80
58 82
58 84
58 86
58 88
58 90
58 92
58 94
58 102
58 104
58 106
58 114
58 116
58 118
58 126
58 128
58 130
59 61
59 63
59 65
59 69
59 71
59 73
59 75
59 77
59 83
59 85
59 87
59 89
59 95
59 97
59 99
59 109
59 111
59 113
59 115
59 117
59 119
59 121
59 123
59 125
59 127
59 129
59 131
60 62
60 64
60 66
60 68
60 70
60 72
60 74
60 76
60 78
60 80
60 82
60 84
60 86
60 88
60 90
60 92
60 94
60 96
60 98
60 100
60 102
60 104
60 106
60 108
60 110
60 114
60 116
60 118
60 126
60 128
60 130
61 63
61 65
61 69
61 71
61 73
61 75
61 77
61 83
61 85
61 87
61 89
61 95
61 97
61 99
61 109
61 111
61 113
61 121
61 123
61 125
61 127
61 129
61 131
62 64
62 66
62 68
62 70
62 72
62 74
62 76
62 78
62 80
62 82
62 84
62 86
62 88
62 90
62 92
62 94
62 96
62 98
62 100
62 102
62 104
62 106
62 108
62 110
62 112
62 114
62 116
62 118
62 120
62 122
62 124
62 126
62 128
62 130
63 65
63 67
63 69
63 71
63 73
63 75
63 77
63 79
63 83
63 85
63 87
63 89
63 91
63 95
63 97
63 99
63 101
63 109
63 111
63 113
63 121
63 123
63 125
64 66
64 68
64 70
64 72
64 74
64 76
64 78
64 80
64 82
64 84
64 86
64 88
64 90
64 92
64 94
64 96
64 98
64 100
64 102
64 104
64 106
64 108
64 110
64 112
64 114
64 116
64 118
64 120
64 122
64 124
64 126
64 128
64 130
65 67
65 69
65 71
65 73
65 75
65 77
65 79
65 83
65 85
65 87
65 89
65 91
65 95
65 97
65 99
65 101
65 109
65 111
65 113
65 121
65 123
65 125
66 68
66 70
66 72
66 74
66 76
66 78
66 80
66 82
66 84
66 86
66 88
66 90
66 92
66 94
66 96
66 98
66 100
66 102
66 104
66 106
66 108
66 110
66 112
66 114
66 116
66 118
66 120
66 122
66 124
66 126
66 128
66 130
67 69
67 71
67 73
67 75
67 77
67 79
67 83
67 85
67 87
67 89
67 91
67 95
67 97
67 99
67 101
67 109
67 111
67 113
67 121
67 123
67 125
68 70
68 72
68 92
68 104
68 106
68 116
68 118
68 126
68 128
68 130
69 71
69 73
69 75
69 77
69 79
69 83
69 85
69 87
69 89
69 91
69 93
69 95
69 97
69 99
69 101
69 103
69 105
69 107
69 109
69 111
69 113
69 115
69 117
69 119
69 121
69 123
69 125
69 127
69 129
69 131
70 72
70 74
70 76
70 78
70 80
70 82
70 92
70 104
70 106
70 116
70 118
70 126
70 128
70 130
71 73
71 75
71 77
71 79
71 83
71 85
71 87
71 89
71 91
71 95
71 97
71 99
71 101
71 103
71 105
71 107
71 109
71 111
71 113
71 115
71 117
71 119
71 121
71 123
71 125
71 127
71 129
71 131
72 74
72 76
72 78
72 80
72 82
72 84
72 86
72 88
72 90
72 92
72 94
72 96
72 98
72 100
72 102
72 104
72 106
72 108
72 110
72 112
72 114
72 116
72 118
72 120
72 126
72 128
72 130
73 75
73 77
73 79
73 83
73 85
73 87
73 89
73 91
73 95
73 97
73 99
73 101
73 109
73 111
73 113
73 121
73 123
73 125
74 76
74 78
74 80
74 82
74 84
74 86
74 88
74 90
74 92
74 94
74 96
74 98
74 100
74 102
74 104
74 106
74 108
74 110
74 112
74 114
74 116
74 118
74 120
74 122
74 124
74 126
74 128
74 130
75 77
75 79
75 81
75 83
75 85
75 87
75 89
75 91
75 95
75 97
75 99
75 101
75 103
75 109
75 111
75 113
75 115
75 121
75 123
75 125
76 78
76 80
76 82
76 84
76 86
76 88
76 90
76 92
76 94
76 96
76 98
76 100
76 102
76 104
76 106
76 108
76 110
76 112
76 114
76 116
76 118
76 120
76 122
76 124
76 126
76 128
76 130
77 79
77 81
77 83
77 85
77 87
77 89
77 91
77 95
77 97
77 99
77 101
77 103
77 109
77 111
77 113
77 115
77 121
77 123
77 125
78 80
78 82
78 84
78 86
78 88
78 90
78 92
78 94
78 96
78 98
78 100
78 102
78 104
78 106
78 108
78 110
78 112
78 114
78 116
78 118
78 120
78 122
78 124
78 126
78 128
78 130
79 81
79 83
79 85
79 87
79 89
79 91
79 95
79 97
79 99
79 101
79 103
79 109
79 111
79 113
79 115
79 121
79 123
79 125
80 82
80 84
80 86
80 88
80 90
80 92
80 94
80 96
80 98
80 100
80 102
80 104
80 106
80 108
80 110
80 112
80 114
80 116
80 118
80 120
80 122
80 124
80 126
80 128
80 130
81 83
81 85
81 87
81 89
81 91
81 95
81 97
81 99
81 101
81 103
81 109
81 111
81 113
81 115
81 121
81 123
81 125
82 84
82 86
82 88
82 90
82 92
82 94
82 96
82 98
82 100
82 102
82 104
82 106
82 108
82 110
82 118
82 128
82 130
83 85
83 87
83 89
83 91
83 95
83 97
83 99
83 101
83 103
83 109
83 111
83 113
83 115
83 121
83 123
83 125
83 127
83 129
83 131
84 86
84 88
84 90
84 92
84 94
84 96
84 98
84 100
84 102
84 104
84 106
84 108
84 110
84 112
84 114
84 116
84 118
84 120
84 122
84 124
84 126
84 128
84 130
85 87
85 89
85 91
85 93
85 95
85 97
85 99
85 101
85 103
85 105
85 109
85 111
85 113
85 115
85 117
85 121
85 123
85 125
85 127
86 88
86 90
86 92
86 94
86 96
86 98
86 100
86 102
86 104
86 106
86 108
86 110
86 112
86 114
86 116
86 118
86 120
86 122
86 124
86 126
86 128
86 130
87 89
87 91
87 93
87 95
87 97
87 99
87 101
87 103
87 105
87 109
87 111
87 113
87 115
87 117
87 121
87 123
87 125
87 127
88 90
88 92
88 94
88 96
88 98
88 100
88 102
88 104
88 106
88 108
88 110
88 112
88 114
88 116
88 118
88 120
88 122
88 124
88 126
88 128
88 130
89 91
89 93
89 95
89 97
89 99
89 101
89 103
89 105
89 109
89 111
89 113
89 115
89 117
89 121
89 123
89 125
89 127
90 92
90 94
90 96
90 98
90 100
90 102
90 104
90 106
90 108
90 110
90 112
90 114
90 116
90 118
90 120
90 122
90 124
90 126
90 128
90 130
91 93
91 95
91 97
91 99
91 101
91 103
91 105
91 109
91 111
91 113
91 115
91 117
91 121
91 123
91 125
91 127
92 94
92 96
92 98
92 100
92 102
92 104
92 106
92 108
92 110
92 112
92 114
92 116
92 118
92 120
92 122
92 124
92 126
92 128
92 130
93 95
93 97
93 99
93 101
93 103
93 105
93 109
93 111
93 113
93 115
93 117
93 121
93 123
93 125
93 127
94 128
94 130
95 97
95 99
95 101
95 103
95 105
95 109
95 111
95 113
95 115
95 117
95 119
95 121
95 123
95 125
95 127
95 129
95 131
96 98
96 100
96 102
96 104
96 106
96 108
96 110
96 112
96 114
96 116
96 118
96 120
96 122
96 124
96 126
96 128
96 130
97 99
97 101
97 103
97 105
97 107
97 109
97 111
97 113
97 115
97 117
97 119
97 121
97 123
97 125
97 127
98 100
98 102
98 104
98 106
98 108
98 110
98 112
98 114
98 116
98 118
98 120
98 122
98 124
98 126
98 128
98 130
99 101
99 103
99 105
99 107
99 109
99 111
99 113
99 115
99 117
99 119
99 121
99 123
99 125
99 127
100 102
100 104
100 106
100 108
100 110
100 112
100 114
100 116
100 118
100 120
100 122
100 124
100 126
100 128
100 130
101 103
101 105
101 107
101 109
101 111
101 113
101 115
101 117
101 119
101 121
101 123
101 125
101 127
102 104
102 106
102 108
102 110
102 112
102 114
102 116
102 118
102 120
102 122
102 124
102 126
102 128
102 130
103 105
103 107
103 109
103 111
103 113
103 115
103 117
103 119
103 121
103 123
103 125
103 127
104 106
104 108
104 110
104 112
104 114
104 116
104 118
104 120
104 122
104 124
104 126
104 128
104 130
105 107
105 109
105 111
105 113
105 115
105 117
105 119
105 121
105 123
105 125
105 127
106 108
106 110
106 112
106 114
106 116
106 118
106 120
106 122
106 124
106 126
106 128
106 130
107 109
107 111
107 113
107 115
107 117
107 119
107 121
107 123
107 125
107 127
108 110
108 130
109 111
109 113
109 115
109 117
109 119
109 121
109 123
109 125
109 127
109 129
109 131
110 112
110 114
110 116
110 118
110 120
110 130
111 113
111 115
111 117
111 119
111 121
111 123
111 125
111 127
112 114
112 116
112 118
112 120
112 122
112 124
112 126
112 128
112 130
113 115
113 117
113 119
113 121
113 123
113 125
113 127
113 129
114 116
114 118
114 120
114 122
114 124
114 126
114 128
114 130
115 117
115 119
115 121
115 123
115 125
115 127
115 129
116 118
116 120
116 122
116 124
116 126
116 128
116 130
117 119
117 121
117 123
117 125
117 127
117 129
118 120
118 122
118 124
118 126
118 128
118 130
119 121
119 123
119 125
119 127
119 129
121 123
121 125
121 127
121 129
122 124
122 126
122 128
122 130
123 125
123 127
123 129
123 131
124 126
124 128
124 130
125 127
125 129
125 131
126 128
126 130
127 129
127 131
128 130
129 131
0 1
2 3
4 5
6 7
8 9
10 11
12 13
14 15
16 17
18 19
20 21
22 23
24 25
26 27
28 29
30 31
32 33
34 35
36 37
38 39
40 41
42 43
44 45
46 47
48 49
50 51
52 53
54 55
56 57
58 59
60 61
62 63
64 65
66 67
68 69
70 71
72 73
74 75
76 77
78 79
80 81
82 83
84 85
86 87
88 89
90 91
92 93
94 95
96 97
98 99
100 101
102 103
104 105
106 107
108 109
110 111
112 113
114 115
116 117
118 119
120 121
122 123
124 125
126 127
128 129
130 131
