246
12308
123
0 2
0 4
0 6
0 8
0 10
0 12
0 14
0 16
0 18
0 20
0 22
0 24
0 26
0 28
0 30
0 32
0 34
0 36
0 38
0 40
0 42
0 44
0 46
0 48
0 50
0 52
0 54
0 56
0 58
0 60
0 62
0 64
0 66
0 68
0 70
0 72
0 76
0 78
0 94
0 96
0 108
0 110
0 122
0 124
0 126
0 130
0 132
0 134
0 146
0 148
0 154
0 156
0 158
0 162
0 164
0 166
0 168
0 170
0 172
0 178
0 180
0 182
0 184
0 186
0 188
0 190
0 194
0 196
0 198
0 202
0 204
0 206
0 208
0 210
0 212
0 214
0 216
0 218
0 220
0 222
0 224
0 230
0 232
0 234
0 236
0 238
0 240
0 242
0 244
1 3
1 5
1 9
1 11
1 13
1 15
1 21
1 23
1 25
1 27
1 29
1 33
1 35
1 37
1 39
1 41
1 47
1 49
1 51
1 53
1 55
1 63
1 65
1 67
1 69
1 71
1 73
1 81
1 83
1 85
1 87
1 89
1 91
1 93
1 95
1 97
1 99
1 101
1 103
1 105
1 107
1 109
1 111
1 113
1 115
1 117
1 119
1 121
1 123
1 125
1 127
1 129
1 131
1 133
1 135
1 137
1 139
1 141
1 143
1 145
1 147
1 149
1 151
1 153
1 155
1 157
1 159
1 161
1 163
1 165
1 167
1 169
1 171
1 173
1 175
1 177
1 179
1 181
1 183
1 185
1 187
1 189
1 191
1 193
1 195
1 197
1 199
1 201
1 203
1 205
1 207
1 209
1 211
1 213
1 215
1 217
1 219
1 221
1 223
1 225
1 227
1 229
1 231
1 233
1 235
1 237
1 239
1 241
1 243
1 245
2 4
2 6
2 8
2 10
2 12
2 14
2 16
2 18
2 20
2 22
2 24
2 26
2 28
2 30
2 32
2 34
2 36
2 38
2 40
2 42
2 44
2 46
2 48
2 50
2 52
2 54
2 56
2 58
2 60
2 62
2 64
2 66
2 68
2 70
2 72
2 74
2 76
2 78
2 80
2 82
2 84
2 86
2 88
2 90
2 92
2 94
2 96
2 98
2 100
2 102
2 104
2 106
2 108
2 110
2 112
2 114
2 116
2 118
2 120
2 122
2 124
2 126
2 128
2 130
2 132
2 134
2 136
2 138
2 140
2 142
2 144
2 146
2 148
2 150
2 152
2 154
2 156
2 158
2 162
2 164
2 166
2 168
2 170
2 172
2 178
2 180
2 182
2 184
2 186
2 188
2 190
2 194
2 196
2 198
2 202
2 204
2 206
2 208
2 210
2 212
2 214
2 216
2 218
2 220
2 222
2 224
2 230
2 232
2 234
2 236
2 238
2 240
2 242
2 244
3 5
3 9
3 11
3 13
3 15
3 21
3 23
3 25
3 27
3 29
3 33
3 35
3 37
3 39
3 41
3 47
3 49
3 51
3 53
3 55
3 63
3 65
3 67
3 69
3 71
3 73
3 81
3 83
3 85
3 87
3 89
3 91
3 99
3 101
3 103
3 105
3 107
3 113
3 115
3 117
3 119
3 121
3 129
3 137
3 139
3 141
3 143
3 145
3 151
3 153
3 161
3 163
3 165
3 167
3 169
3 171
3 173
3 175
3 177
3 179
3 181
3 183
3 185
3 187
3 189
3 191
3 193
3 195
3 197
3 199
3 201
3 203
3 205
3 207
3 209
3 211
3 213
3 215
3 217
3 219
3 221
3 223
3 225
3 227
3 229
3 231
3 233
3 235
3 237
3 239
3 241
3 243
3 245
4 6
4 8
4 10
4 12
4 14
4 16
4 18
4 20
4 22
4 24
4 26
4 28
4 30
4 32
4 34
4 36
4 38
4 40
4 42
4 44
4 46
4 48
4 50
4 52
4 54
4 56
4 58
4 60
4 62
4 64
4 66
4 68
4 70
4 72
4 74
4 76
4 78
4 80
4 82
4 84
4 86
4 88
4 90
4 92
4 94
4 96
4 98
4 100
4 102
4 104
4 106
4 108
4 110
4 112
4 114
4 116
4 118
4 120
4 122
4 124
4 126
4 128
4 130
4 132
4 134
4 136
4 138
4 140
4 142
4 144
4 146
4 148
4 150
4 152
4 154
4 156
4 158
4 160
4 162
4 164
4 166
4 168
4 170
4 172
4 174
4 176
4 178
4 180
4 182
4 184
4 186
4 188
4 190
4 192
4 194
4 196
4 198
4 200
4 202
4 204
4 206
4 208
4 210
4 212
4 214
4 216
4 218
4 220
4 222
4 224
4 230
4 232
4 234
4 236
4 238
4 240
4 242
4 244
5 9
5 11
5 13
5 15
5 21
5 23
5 25
5 27
5 29
5 33
5 35
5 37
5 39
5 41
5 47
5 49
5 51
5 53
5 55
5 63
5 65
5 67
5 69
5 71
5 73
5 81
5 83
5 85
5 87
5 89
5 91
5 99
5 101
5 103
5 105
5 107
5 113
5 115
5 117
5 119
5 121
5 129
5 137
5 139
5 141
5 143
5 145
5 151
5 153
5 161
5 175
5 193
5 201
5 219
5 221
5 223
5 225
5 227
5 229
5 231
5 233
5 235
5 237
5 239
5 241
5 243
5 245
6 8
6 10
6 12
6 14
6 16
6 18
6 20
6 22
6 24
6 26
6 28
6 30
6 32
6 34
6 36
6 38
6 40
6 42
6 44
6 46
6 48
6 50
6 52
6 54
6 56
6 58
6 60
6 62
6 64
6 66
6 68
6 70
6 72
6 74
6 76
6 78
6 80
6 82
6 84
6 86
6 88
6 90
6 92
6 94
6 96
6 98
6 100
6 102
6 104
6 106
6 108
6 110
6 112
6 114
6 116
6 118
6 120
6 122
6 124
6 126
6 128
6 130
6 132
6 134
6 136
6 138
6 140
6 142
6 144
6 146
6 148
6 150
6 152
6 154
6 156
6 158
6 160
6 162
6 164
6 166
6 168
6 170
6 172
6 174
6 176
6 178
6 180
6 182
6 184
6 186
6 188
6 190
6 192
6 194
6 196
6 198
6 200
6 202
6 204
6 206
6 208
6 210
6 212
6 214
6 216
6 218
6 220
6 222
6 224
6 226
6 228
6 230
6 232
6 234
6 236
6 238
6 240
6 242
6 244
7 9
7 11
7 13
7 15
7 17
7 21
7 23
7 25
7 27
7 29
7 31
7 33
7 35
7 37
7 39
7 41
7 47
7 49
7 51
7 53
7 55
7 57
7 63
7 65
7 67
7 69
7 71
7 73
7 75
7 81
7 83
7 85
7 87
7 89
7 91
7 93
7 99
7 101
7 103
7 105
7 107
7 113
7 115
7 117
7 119
7 121
7 129
7 137
7 139
7 141
7 143
7 145
7 151
7 153
7 161
7 175
7 177
7 193
7 201
7 227
7 229
8 10
8 12
8 14
8 44
8 60
8 78
8 96
8 108
8 110
8 122
8 124
8 126
8 130
8 132
8 134
8 146
8 148
8 154
8 156
8 158
8 162
8 164
8 166
8 168
8 170
8 172
8 178
8 180
8 182
8 184
8 188
8 190
8 194
8 196
8 198
8 204
8 206
8 208
8 210
8 212
8 214
8 216
8 220
8 222
8 224
8 230
8 232
8 234
8 236
8 238
8 240
8 242
8 244
9 11
9 13
9 15
9 17
9 21
9 23
9 25
9 27
9 29
9 31
9 33
9 35
9 37
9 39
9 41
9 43
9 45
9 47
9 49
9 51
9 53
9 55
9 57
9 59
9 61
9 63
9 65
9 67
9 69
9 71
9 73
9 75
9 77
9 79
9 81
9 83
9 85
9 87
9 89
9 91
9 93
9 95
9 97
9 99
9 101
9 103
9 105
9 107
9 109
9 111
9 113
9 115
9 117
9 119
9 121
9 123
9 125
9 127
9 129
9 131
9 133
9 135
9 137
9 139
9 141
9 143
9 145
9 147
9 149
9 151
9 153
9 155
9 157
9 159
9 161
9 163
9 165
9 167
9 169
9 171
9 173
9 175
9 177
9 179
9 181
9 183
9 185
9 187
9 189
9 191
9 193
9 195
9 197
9 199
9 201
9 203
9 205
9 207
9 209
9 211
9 213
9 215
9 217
9 219
9 221
9 223
9 225
9 227
9 229
9 231
9 233
9 235
9 237
9 239
9 241
9 243
9 245
10 12
10 14
10 16
10 18
10 20
10 22
10 24
10 26
10 28
10 30
10 32
10 34
10 36
10 38
10 40
10 42
10 44
10 46
10 48
10 50
10 52
10 54
10 56
10 58
10 60
10 62
10 64
10 66
10 68
10 70
10 72
10 74
10 76
10 78
10 80
10 82
10 84
10 86
10 88
10 90
10 92
10 94
10 96
10 98
10 100
10 102
10 104
10 106
10 108
10 110
10 112
10 114
10 116
10 118
10 120
10 122
10 124
10 126
10 128
10 130
10 132
10 134
10 146
10 148
10 154
10 156
10 158
10 162
10 164
10 166
10 168
10 170
10 172
10 178
10 180
10 182
10 184
10 188
10 190
10 194
10 196
10 198
10 204
10 206
10 208
10 210
10 212
10 214
10 216
10 220
10 222
10 224
10 230
10 232
10 234
10 236
10 238
10 240
10 242
10 244
11 13
11 15
11 17
11 21
11 23
11 25
11 27
11 29
11 31
11 33
11 35
11 37
11 39
11 41
11 47
11 49
11 51
11 53
11 55
11 57
11 63
11 65
11 67
11 69
11 71
11 73
11 75
11 81
11 83
11 85
11 87
11 89
11 91
11 93
11 99
11 101
11 103
11 105
11 107
11 113
11 115
11 117
11 119
11 121
11 129
11 137
11 139
11 141
11 143
11 145
11 147
11 149
11 151
11 153
11 155
11 157
11 159
11 161
11 163
11 165
11 167
11 169
11 171
11 173
11 175
11 177
11 179
11 181
11 183
11 185
11 187
11 189
11 191
11 193
11 195
11 197
11 199
11 201
11 203
11 205
11 207
11 209
11 211
11 213
11 215
11 217
11 219
11 221
11 223
11 225
11 227
11 229
11 231
11 233
11 235
11 237
11 239
11 241
11 243
11 245
12 14
12 16
12 18
12 20
12 22
12 24
12 26
12 28
12 30
12 32
12 34
12 36
12 38
12 40
12 42
12 44
12 46
12 48
12 50
12 52
12 54
12 56
12 58
12 60
12 62
12 64
12 66
12 68
12 70
12 72
12 74
12 76
12 78
12 80
12 82
12 84
12 86
12 88
12 90
12 92
12 94
12 96
12 98
12 100
12 102
12 104
12 106
12 108
12 110
12 112
12 114
12 116
12 118
12 120
12 122
12 124
12 126
12 128
12 130
12 132
12 134
12 136
12 138
12 140
12 142
12 144
12 146
12 148
12 150
12 152
12 154
12 156
12 158
12 162
12 164
12 166
12 168
12 170
12 172
12 178
12 180
12 182
12 184
12 188
12 190
12 194
12 196
12 198
12 204
12 206
12 208
12 210
12 212
12 214
12 216
12 220
12 222
12 224
12 230
12 232
12 234
12 236
12 238
12 240
12 242
12 244
13 15
13 17
13 21
13 23
13 25
13 27
13 29
13 31
13 33
13 35
13 37
13 39
13 41
13 47
13 49
13 51
13 53
13 55
13 57
13 63
13 65
13 67
13 69
13 71
13 73
13 75
13 81
13 83
13 85
13 87
13 89
13 91
13 93
13 99
13 101
13 103
13 105
13 107
13 113
13 115
13 117
13 119
13 121
13 129
13 137
13 139
13 141
13 143
13 145
13 151
13 153
13 161
13 163
13 165
13 167
13 169
13 171
13 173
13 175
13 177
13 179
13 181
13 183
13 185
13 187
13 189
13 191
13 193
13 195
13 197
13 199
13 201
13 203
13 205
13 207
13 209
13 211
13 213
13 215
13 217
13 219
13 221
13 223
13 225
13 227
13 229
13 231
13 233
13 235
13 237
13 239
13 241
13 243
13 245
14 16
14 18
14 20
14 22
14 24
14 26
14 28
14 30
14 32
14 34
14 36
14 38
14 40
14 42
14 44
14 46
14 48
14 50
14 52
14 54
14 56
14 58
14 60
14 62
14 64
14 66
14 68
14 70
14 72
14 74
14 76
14 78
14 80
14 82
14 84
14 86
14 88
14 90
14 92
14 94
14 96
14 98
14 100
14 102
14 104
14 106
14 108
14 110
14 112
14 114
14 116
14 118
14 120
14 122
14 124
14 126
14 128
14 130
14 132
14 134
14 136
14 138
14 140
14 142
14 144
14 146
14 148
14 150
14 152
14 154
14 156
14 158
14 160
14 162
14 164
14 166
14 168
14 170
14 172
14 174
14 178
14 180
14 182
14 184
14 188
14 190
14 194
14 196
14 198
14 204
14 206
14 208
14 210
14 212
14 214
14 216
14 220
14 222
14 224
14 230
14 232
14 234
14 236
14 238
14 240
14 242
14 244
15 17
15 21
15 23
15 25
15 27
15 29
15 31
15 33
15 35
15 37
15 39
15 41
15 47
15 49
15 51
15 53
15 55
15 57
15 63
15 65
15 67
15 69
15 71
15 73
15 75
15 81
15 83
15 85
15 87
15 89
15 91
15 93
15 99
15 101
15 103
15 105
15 107
15 113
15 115
15 117
15 119
15 121
15 129
15 137
15 139
15 141
15 143
15 145
15 151
15 153
15 161
15 175
15 177
15 187
15 189
15 191
15 193
15 195
15 197
15 199
15 201
15 203
15 205
15 207
15 209
15 211
15 213
15 215
15 217
15 219
15 221
15 223
15 225
15 227
15 229
15 231
15 233
15 235
15 237
15 239
15 241
15 243
15 245
16 18
16 20
16 22
16 24
16 26
16 28
16 30
16 32
16 34
16 36
16 38
16 40
16 42
16 44
16 46
16 48
16 50
16 52
16 54
16 56
16 58
16 60
16 62
16 64
16 66
16 68
16 70
16 72
16 74
16 76
16 78
16 80
16 82
16 84
16 86
16 88
16 90
16 92
16 94
16 96
16 98
16 100
16 102
16 104
16 106
16 108
16 110
16 112
16 114
16 116
16 118
16 120
16 122
16 124
16 126
16 128
16 130
16 132
16 134
16 136
16 138
16 140
16 142
16 144
16 146
16 148
16 150
16 152
16 154
16 156
16 158
16 160
16 162
16 164
16 166
16 168
16 170
16 172
16 174
16 176
16 178
16 180
16 182
16 184
16 186
16 188
16 190
16 192
16 194
16 196
16 198
16 200
16 202
16 204
16 206
16 208
16 210
16 212
16 214
16 216
16 218
16 220
16 222
16 224
16 226
16 228
16 230
16 232
16 234
16 236
16 238
16 240
16 242
16 244
17 19
17 21
17 23
17 25
17 27
17 29
17 31
17 33
17 35
17 37
17 39
17 41
17 43
17 47
17 49
17 51
17 53
17 55
17 57
17 59
17 63
17 65
17 67
17 69
17 71
17 73
17 75
17 77
17 81
17 83
17 85
17 87
17 89
17 91
17 93
17 95
17 99
17 101
17 103
17 105
17 107
17 113
17 115
17 117
17 119
17 121
17 129
17 137
17 139
17 141
17 143
17 145
17 151
17 153
17 161
17 175
17 177
17 187
17 193
17 201
17 203
17 219
17 227
17 229
18 20
18 22
18 24
18 26
18 28
18 30
18 32
18 34
18 36
18 38
18 40
18 42
18 44
18 46
18 48
18 50
18 52
18 54
18 56
18 58
18 60
18 62
18 64
18 66
18 68
18 70
18 72
18 74
18 76
18 78
18 80
18 82
18 84
18 86
18 88
18 90
18 92
18 94
18 96
18 98
18 100
18 102
18 104
18 106
18 108
18 110
18 112
18 114
18 116
18 118
18 120
18 122
18 124
18 126
18 128
18 130
18 132
18 134
18 136
18 138
18 140
18 142
18 144
18 146
18 148
18 150
18 152
18 154
18 156
18 158
18 160
18 162
18 164
18 166
18 168
18 170
18 172
18 174
18 176
18 178
18 180
18 182
18 184
18 186
18 188
18 190
18 192
18 194
18 196
18 198
18 200
18 202
18 204
18 206
18 208
18 210
18 212
18 214
18 216
18 218
18 220
18 222
18 224
18 226
18 228
18 230
18 232
18 234
18 236
18 238
18 240
18 242
18 244
19 21
19 23
19 25
19 27
19 29
19 31
19 33
19 35
19 37
19 39
19 41
19 43
19 47
19 49
19 51
19 53
19 55
19 57
19 59
19 63
19 65
19 67
19 69
19 71
19 73
19 75
19 77
19 81
19 83
19 85
19 87
19 89
19 91
19 93
19 95
19 99
19 101
19 103
19 105
19 107
19 113
19 115
19 117
19 119
19 121
19 129
19 137
19 139
19 141
19 143
19 145
19 151
19 153
19 161
19 175
19 177
19 187
19 193
19 201
19 203
19 219
19 227
19 229
20 22
20 24
20 26
20 28
20 30
20 32
20 34
20 36
20 38
20 40
20 44
20 78
20 96
20 110
20 122
20 124
20 126
20 132
20 134
20 148
20 154
20 156
20 158
20 162
20 164
20 166
20 168
20 170
20 172
20 178
20 180
20 182
20 184
20 190
20 194
20 196
20 198
20 206
20 208
20 210
20 212
20 214
20 216
20 220
20 222
20 224
20 232
20 234
20 236
20 238
20 240
20 242
20 244
21 23
21 25
21 27
21 29
21 31
21 33
21 35
21 37
21 39
21 41
21 43
21 47
21 49
21 51
21 53
21 55
21 57
21 59
21 61
21 63
21 65
21 67
21 69
21 71
21 73
21 75
21 77
21 79
21 81
21 83
21 85
21 87
21 89
21 91
21 93
21 95
21 97
21 99
21 101
21 103
21 105
21 107
21 109
21 111
21 113
21 115
21 117
21 119
21 121
21 123
21 125
21 127
21 129
21 131
21 133
21 135
21 137
21 139
21 141
21 143
21 145
21 147
21 149
21 151
21 153
21 155
21 157
21 159
21 161
21 163
21 165
21 167
21 169
21 171
21 173
21 175
21 177
21 179
21 181
21 183
21 185
21 187
21 189
21 191
21 193
21 195
21 197
21 199
21 201
21 203
21 205
21 207
21 209
21 211
21 213
21 215
21 217
21 219
21 221
21 223
21 225
21 227
21 229
21 231
21 233
21 235
21 237
21 239
21 241
21 243
21 245
22 24
22 26
22 28
22 30
22 32
22 34
22 36
22 38
22 40
22 42
22 44
22 46
22 48
22 50
22 52
22 54
22 56
22 58
22 60
22 62
22 64
22 66
22 68
22 70
22 72
22 74
22 76
22 78
22 80
22 82
22 84
22 86
22 88
22 90
22 92
22 94
22 96
22 98
22 100
22 102
22 104
22 106
22 108
22 110
22 112
22 114
22 116
22 118
22 120
22 122
22 124
22 126
22 128
22 130
22 132
22 134
22 136
22 138
22 140
22 142
22 144
22 146
22 148
22 150
22 152
22 154
22 156
22 158
22 162
22 164
22 166
22 168
22 170
22 172
22 178
22 180
22 182
22 184
22 190
22 194
22 196
22 198
22 206
22 208
22 210
22 212
22 214
22 216
22 220
22 222
22 224
22 232
22 234
22 236
22 238
22 240
22 242
22 244
23 25
23 27
23 29
23 31
23 33
23 35
23 37
23 39
23 41
23 43
23 47
23 49
23 51
23 53
23 55
23 57
23 59
23 63
23 65
23 67
23 69
23 71
23 73
23 75
23 77
23 81
23 83
23 85
23 87
23 89
23 91
23 93
23 95
23 99
23 101
23 103
23 105
23 107
23 113
23 115
23 117
23 119
23 121
23 129
23 137
23 139
23 141
23 143
23 145
23 151
23 153
23 161
23 163
23 165
23 167
23 169
23 171
23 173
23 175
23 177
23 179
23 181
23 183
23 185
23 187
23 189
23 191
23 193
23 195
23 197
23 199
23 201
23 203
23 205
23 207
23 209
23 211
23 213
23 215
23 217
23 219
23 221
23 223
23 225
23 227
23 229
23 231
23 233
23 235
23 237
23 239
23 241
23 243
23 245
24 26
24 28
24 30
24 32
24 34
24 36
24 38
24 40
24 42
24 44
24 46
24 48
24 50
24 52
24 54
24 56
24 58
24 60
24 62
24 64
24 66
24 68
24 70
24 72
24 74
24 76
24 78
24 80
24 82
24 84
24 86
24 88
24 90
24 92
24 94
24 96
24 98
24 100
24 102
24 104
24 106
24 108
24 110
24 112
24 114
24 116
24 118
24 120
24 122
24 124
24 126
24 128
24 130
24 132
24 134
24 136
24 138
24 140
24 142
24 144
24 146
24 148
24 150
24 152
24 154
24 156
24 158
24 160
24 162
24 164
24 166
24 168
24 170
24 172
24 174
24 176
24 178
24 180
24 182
24 184
24 186
24 188
24 190
24 192
24 194
24 196
24 198
24 206
24 208
24 210
24 212
24 214
24 216
24 220
24 222
24 224
24 232
24 234
24 236
24 238
24 240
24 242
24 244
25 27
25 29
25 31
25 33
25 35
25 37
25 39
25 41
25 43
25 47
25 49
25 51
25 53
25 55
25 57
25 59
25 63
25 65
25 67
25 69
25 71
25 73
25 75
25 77
25 81
25 83
25 85
25 87
25 89
25 91
25 93
25 95
25 99
25 101
25 103
25 105
25 107
25 113
25 115
25 117
25 119
25 121
25 129
25 137
25 139
25 141
25 143
25 145
25 151
25 153
25 161
25 175
25 177
25 187
25 193
25 201
25 203
25 205
25 207
25 209
25 211
25 213
25 215
25 217
25 219
25 221
25 223
25 225
25 227
25 229
25 231
25 233
25 235
25 237
25 239
25 241
25 243
25 245
26 28
26 30
26 32
26 34
26 36
26 38
26 40
26 42
26 44
26 46
26 48
26 50
26 52
26 54
26 56
26 58
26 60
26 62
26 64
26 66
26 68
26 70
26 72
26 74
26 76
26 78
26 80
26 82
26 84
26 86
26 88
26 90
26 92
26 94
26 96
26 98
26 100
26 102
26 104
26 106
26 108
26 110
26 112
26 114
26 116
26 118
26 120
26 122
26 124
26 126
26 128
26 130
26 132
26 134
26 136
26 138
26 140
26 142
26 144
26 146
26 148
26 150
26 152
26 154
26 156
26 158
26 160
26 162
26 164
26 166
26 168
26 170
26 172
26 174
26 176
26 178
26 180
26 182
26 184
26 186
26 188
26 190
26 192
26 194
26 196
26 198
26 200
26 206
26 208
26 210
26 212
26 214
26 216
26 220
26 222
26 224
26 232
26 234
26 236
26 238
26 240
26 242
26 244
27 29
27 31
27 33
27 35
27 37
27 39
27 41
27 43
27 47
27 49
27 51
27 53
27 55
27 57
27 59
27 63
27 65
27 67
27 69
27 71
27 73
27 75
27 77
27 81
27 83
27 85
27 87
27 89
27 91
27 93
27 95
27 99
27 101
27 103
27 105
27 107
27 113
27 115
27 117
27 119
27 121
27 129
27 137
27 139
27 141
27 143
27 145
27 151
27 153
27 161
27 175
27 177
27 187
27 193
27 201
27 203
27 219
27 221
27 223
27 225
27 227
27 229
27 231
27 233
27 235
27 237
27 239
27 241
27 243
27 245
28 30
28 32
28 34
28 36
28 38
28 40
28 42
28 44
28 46
28 48
28 50
28 52
28 54
28 56
28 58
28 60
28 62
28 64
28 66
28 68
28 70
28 72
28 74
28 76
28 78
28 80
28 82
28 84
28 86
28 88
28 90
28 92
28 94
28 96
28 98
28 100
28 102
28 104
28 106
28 108
28 110
28 112
28 114
28 116
28 118
28 120
28 122
28 124
28 126
28 128
28 130
28 132
28 134
28 136
28 138
28 140
28 142
28 144
28 146
28 148
28 150
28 152
28 154
28 156
28 158
28 160
28 162
28 164
28 166
28 168
28 170
28 172
28 174
28 176
28 178
28 180
28 182
28 184
28 186
28 188
28 190
28 192
28 194
28 196
28 198
28 200
28 202
28 204
28 206
28 208
28 210
28 212
28 214
28 216
28 220
28 222
28 224
28 232
28 234
28 236
28 238
28 240
28 242
28 244
29 31
29 33
29 35
29 37
29 39
29 41
29 43
29 47
29 49
29 51
29 53
29 55
29 57
29 59
29 63
29 65
29 67
29 69
29 71
29 73
29 75
29 77
29 81
29 83
29 85
29 87
29 89
29 91
29 93
29 95
29 99
29 101
29 103
29 105
29 107
29 113
29 115
29 117
29 119
29 121
29 129
29 137
29 139
29 141
29 143
29 145
29 151
29 153
29 161
29 175
29 177
29 187
29 193
29 201
29 203
29 219
29 227
29 229
29 231
29 233
29 235
29 237
29 239
29 241
29 243
29 245
30 32
30 34
30 36
30 38
30 40
30 42
30 44
30 46
30 48
30 50
30 52
30 54
30 56
30 58
30 60
30 62
30 64
30 66
30 68
30 70
30 72
30 74
30 76
30 78
30 80
30 82
30 84
30 86
30 88
30 90
30 92
30 94
30 96
30 98
30 100
30 102
30 104
30 106
30 108
30 110
30 112
30 114
30 116
30 118
30 120
30 122
30 124
30 126
30 128
30 130
30 132
30 134
30 136
30 138
30 140
30 142
30 144
30 146
30 148
30 150
30 152
30 154
30 156
30 158
30 160
30 162
30 164
30 166
30 168
30 170
30 172
30 174
30 176
30 178
30 180
30 182
30 184
30 186
30 188
30 190
30 192
30 194
30 196
30 198
30 200
30 202
30 204
30 206
30 208
30 210
30 212
30 214
30 216
30 218
30 220
30 222
30 224
30 226
30 228
30 230
30 232
30 234
30 236
30 238
30 240
30 242
30 244
31 33
31 35
31 37
31 39
31 41
31 43
31 47
31 49
31 51
31 53
31 55
31 57
31 59
31 61
31 63
31 65
31 67
31 69
31 71
31 73
31 75
31 77
31 81
31 83
31 85
31 87
31 89
31 91
31 93
31 95
31 99
31 101
31 103
31 105
31 107
31 109
31 113
31 115
31 117
31 119
31 121
31 129
31 131
31 137
31 139
31 141
31 143
31 145
31 147
31 151
31 153
31 161
31 175
31 177
31 187
31 189
31 193
31 201
31 203
31 205
31 219
31 227
31 229
31 231
32 34
32 36
32 38
32 40
32 42
32 44
32 46
32 48
32 50
32 52
32 54
32 78
32 96
32 110
32 124
32 126
32 132
32 134
32 148
32 154
32 156
32 158
32 164
32 166
32 168
32 170
32 172
32 180
32 182
32 184
32 190
32 194
32 196
32 198
32 206
32 208
32 210
32 212
32 214
32 216
32 220
32 222
32 224
32 232
32 234
32 236
32 238
32 240
32 242
32 244
33 35
33 37
33 39
33 41
33 43
33 47
33 49
33 51
33 53
33 55
33 57
33 59
33 61
33 63
33 65
33 67
33 69
33 71
33 73
33 75
33 77
33 79
33 81
33 83
33 85
33 87
33 89
33 91
33 93
33 95
33 97
33 99
33 101
33 103
33 105
33 107
33 109
33 111
33 113
33 115
33 117
33 119
33 121
33 123
33 125
33 127
33 129
33 131
33 133
33 135
33 137
33 139
33 141
33 143
33 145
33 147
33 149
33 151
33 153
33 155
33 157
33 159
33 161
33 163
33 165
33 167
33 169
33 171
33 173
33 175
33 177
33 179
33 181
33 183
33 185
33 187
33 189
33 191
33 193
33 195
33 197
33 199
33 201
33 203
33 205
33 207
33 209
33 211
33 213
33 215
33 217
33 219
33 221
33 223
33 225
33 227
33 229
33 231
33 233
33 235
33 237
33 239
33 241
33 243
33 245
34 36
34 38
34 40
34 42
34 44
34 46
34 48
34 50
34 52
34 54
34 56
34 58
34 60
34 62
34 64
34 66
34 68
34 70
34 72
34 74
34 76
34 78
34 80
34 82
34 84
34 86
34 88
34 90
34 96
34 110
34 124
34 126
34 132
34 134
34 148
34 154
34 156
34 158
34 164
34 166
34 168
34 170
34 172
34 180
34 182
34 184
34 190
34 194
34 196
34 198
34 206
34 208
34 210
34 212
34 214
34 216
34 220
34 222
34 224
34 232
34 234
34 236
34 238
34 240
34 242
34 244
35 37
35 39
35 41
35 43
35 47
35 49
35 51
35 53
35 55
35 57
35 59
35 61
35 63
35 65
35 67
35 69
35 71
35 73
35 75
35 77
35 81
35 83
35 85
35 87
35 89
35 91
35 93
35 95
35 99
35 101
35 103
35 105
35 107
35 109
35 111
35 113
35 115
35 117
35 119
35 121
35 123
35 125
35 127
35 129
35 131
35 133
35 135
35 137
35 139
35 141
35 143
35 145
35 147
35 149
35 151
35 153
35 155
35 157
35 159
35 161
35 163
35 165
35 167
35 169
35 171
35 173
35 175
35 177
35 179
35 181
35 183
35 185
35 187
35 189
35 191
35 193
35 195
35 197
35 199
35 201
35 203
35 205
35 207
35 209
35 211
35 213
35 215
35 217
35 219
35 221
35 223
35 225
35 227
35 229
35 231
35 233
35 235
35 237
35 239
35 241
35 243
35 245
36 38
36 40
36 42
36 44
36 46
36 48
36 50
36 52
36 54
36 56
36 58
36 60
36 62
36 64
36 66
36 68
36 70
36 72
36 74
36 76
36 78
36 80
36 82
36 84
36 86
36 88
36 90
36 92
36 94
36 96
36 98
36 100
36 102
36 104
36 106
36 108
36 110
36 112
36 114
36 116
36 118
36 120
36 122
36 124
36 126
36 128
36 130
36 132
36 134
36 136
36 138
36 140
36 142
36 144
36 146
36 148
36 150
36 152
36 154
36 156
36 158
36 160
36 164
36 166
36 168
36 170
36 172
36 180
36 182
36 184
36 190
36 194
36 196
36 198
36 206
36 208
36 210
36 212
36 214
36 216
36 220
36 222
36 224
36 232
36 234
36 236
36 238
36 240
36 242
36 244
37 39
37 41
37 43
37 47
37 49
37 51
37 53
37 55
37 57
37 59
37 61
37 63
37 65
37 67
37 69
37 71
37 73
37 75
37 77
37 81
37 83
37 85
37 87
37 89
37 91
37 93
37 95
37 99
37 101
37 103
37 105
37 107
37 109
37 113
37 115
37 117
37 119
37 121
37 129
37 131
37 137
37 139
37 141
37 143
37 145
37 147
37 151
37 153
37 161
37 175
37 177
37 179
37 181
37 183
37 185
37 187
37 189
37 191
37 193
37 195
37 197
37 199
37 201
37 203
37 205
37 207
37 209
37 211
37 213
37 215
37 217
37 219
37 221
37 223
37 225
37 227
37 229
37 231
37 233
37 235
37 237
37 239
37 241
37 243
37 245
38 40
38 42
38 44
38 46
38 48
38 50
38 52
38 54
38 56
38 58
38 60
38 62
38 64
38 66
38 68
38 70
38 72
38 74
38 76
38 78
38 80
38 82
38 84
38 86
38 88
38 90
38 92
38 94
38 96
38 98
38 100
38 102
38 104
38 106
38 108
38 110
38 112
38 114
38 116
38 118
38 120
38 122
38 124
38 126
38 128
38 130
38 132
38 134
38 136
38 138
38 140
38 142
38 144
38 146
38 148
38 150
38 152
38 154
38 156
38 158
38 160
38 162
38 164
38 166
38 168
38 170
38 172
38 174
38 176
38 178
38 180
38 182
38 184
38 186
38 188
38 190
38 192
38 194
38 196
38 198
38 200
38 206
38 208
38 210
38 212
38 214
38 216
38 220
38 222
38 224
38 232
38 234
38 236
38 238
38 240
38 242
38 244
39 41
39 43
39 47
39 49
39 51
39 53
39 55
39 57
39 59
39 61
39 63
39 65
39 67
39 69
39 71
39 73
39 75
39 77
39 81
39 83
39 85
39 87
39 89
39 91
39 93
39 95
39 99
39 101
39 103
39 105
39 107
39 109
39 113
39 115
39 117
39 119
39 121
39 129
39 131
39 137
39 139
39 141
39 143
39 145
39 147
39 151
39 153
39 161
39 175
39 177
39 187
39 189
39 193
39 201
39 203
39 205
39 219
39 221
39 223
39 225
39 227
39 229
39 231
39 233
39 235
39 237
39 239
39 241
39 243
39 245
40 42
40 44
40 46
40 48
40 50
40 52
40 54
40 56
40 58
40 60
40 62
40 64
40 66
40 68
40 70
40 72
40 74
40 76
40 78
40 80
40 82
40 84
40 86
40 88
40 90
40 92
40 94
40 96
40 98
40 100
40 102
40 104
40 106
40 108
40 110
40 112
40 114
40 116
40 118
40 120
40 122
40 124
40 126
40 128
40 130
40 132
40 134
40 136
40 138
40 140
40 142
40 144
40 146
40 148
40 150
40 152
40 154
40 156
40 158
40 160
40 162
40 164
40 166
40 168
40 170
40 172
40 174
40 176
40 178
40 180
40 182
40 184
40 186
40 188
40 190
40 192
40 194
40 196
40 198
40 200
40 202
40 204
40 206
40 208
40 210
40 212
40 214
40 216
40 220
40 222
40 224
40 232
40 234
40 236
40 238
40 240
40 242
40 244
41 43
41 47
41 49
41 51
41 53
41 55
41 57
41 59
41 61
41 63
41 65
41 67
41 69
41 71
41 73
41 75
41 77
41 81
41 83
41 85
41 87
41 89
41 91
41 93
41 95
41 99
41 101
41 103
41 105
41 107
41 109
41 113
41 115
41 117
41 119
41 121
41 129
41 131
41 137
41 139
41 141
41 143
41 145
41 147
41 151
41 153
41 161
41 175
41 177
41 187
41 189
41 193
41 201
41 203
41 205
41 219
41 227
41 229
41 231
41 233
41 235
41 237
41 239
41 241
41 243
41 245
42 44
42 46
42 48
42 50
42 52
42 54
42 56
42 58
42 60
42 62
42 64
42 66
42 68
42 70
42 72
42 74
42 76
42 78
42 80
42 82
42 84
42 86
42 88
42 90
42 92
42 94
42 96
42 98
42 100
42 102
42 104
42 106
42 108
42 110
42 112
42 114
42 116
42 118
42 120
42 122
42 124
42 126
42 128
42 130
42 132
42 134
42 136
42 138
42 140
42 142
42 144
42 146
42 148
42 150
42 152
42 154
42 156
42 158
42 160
42 162
42 164
42 166
42 168
42 170
42 172
42 174
42 176
42 178
42 180
42 182
42 184
42 186
42 188
42 190
42 192
42 194
42 196
42 198
42 200
42 202
42 204
42 206
42 208
42 210
42 212
42 214
42 216
42 218
42 220
42 222
42 224
42 226
42 228
42 230
42 232
42 234
42 236
42 238
42 240
42 242
42 244
43 45
43 47
43 49
43 51
43 53
43 55
43 57
43 59
43 61
43 63
43 65
43 67
43 69
43 71
43 73
43 75
43 77
43 81
43 83
43 85
43 87
43 89
43 91
43 93
43 95
43 99
43 101
43 103
43 105
43 107
43 109
43 113
43 115
43 117
43 119
43 121
43 123
43 129
43 131
43 137
43 139
43 141
43 143
43 145
43 147
43 151
43 153
43 161
43 163
43 175
43 177
43 179
43 187
43 189
43 193
43 201
43 203
43 205
43 219
43 227
43 229
43 231
44 46
44 48
44 50
44 52
44 54
44 56
44 58
44 60
44 62
44 64
44 66
44 68
44 70
44 72
44 74
44 76
44 78
44 80
44 82
44 84
44 86
44 88
44 90
44 92
44 94
44 96
44 98
44 100
44 102
44 104
44 106
44 108
44 110
44 112
44 114
44 116
44 118
44 120
44 122
44 124
44 126
44 128
44 130
44 132
44 134
44 136
44 138
44 140
44 142
44 144
44 146
44 148
44 150
44 152
44 154
44 156
44 158
44 160
44 162
44 164
44 166
44 168
44 170
44 172
44 174
44 176
44 178
44 180
44 182
44 184
44 186
44 188
44 190
44 192
44 194
44 196
44 198
44 200
44 202
44 204
44 206
44 208
44 210
44 212
44 214
44 216
44 218
44 220
44 222
44 224
44 226
44 228
44 230
44 232
44 234
44 236
44 238
44 240
44 242
44 244
45 47
45 49
45 51
45 53
45 55
45 57
45 59
45 61
45 63
45 65
45 67
45 69
45 71
45 73
45 75
45 77
45 81
45 83
45 85
45 87
45 89
45 91
45 93
45 95
45 99
45 101
45 103
45 105
45 107
45 109
45 113
45 115
45 117
45 119
45 121
45 123
45 129
45 131
45 137
45 139
45 141
45 143
45 145
45 147
45 151
45 153
45 161
45 163
45 175
45 177
45 179
45 187
45 189
45 193
45 201
45 203
45 205
45 219
45 227
45 229
45 231
46 48
46 50
46 52
46 54
46 56
46 58
46 60
46 62
46 64
46 66
46 68
46 70
46 72
46 78
46 96
46 124
46 126
46 134
46 148
46 154
46 156
46 158
46 166
46 168
46 170
46 172
46 180
46 182
46 184
46 190
46 194
46 196
46 198
46 208
46 210
46 212
46 214
46 216
46 220
46 222
46 224
46 234
46 236
46 238
46 240
46 242
46 244
47 49
47 51
47 53
47 55
47 57
47 59
47 61
47 63
47 65
47 67
47 69
47 71
47 73
47 75
47 77
47 81
47 83
47 85
47 87
47 89
47 91
47 93
47 95
47 97
47 99
47 101
47 103
47 105
47 107
47 109
47 111
47 113
47 115
47 117
47 119
47 121
47 123
47 125
47 127
47 129
47 131
47 133
47 135
47 137
47 139
47 141
47 143
47 145
47 147
47 149
47 151
47 153
47 155
47 157
47 159
47 161
47 163
47 165
47 167
47 169
47 171
47 173
47 175
47 177
47 179
47 181
47 183
47 185
47 187
47 189
47 191
47 193
47 195
47 197
47 199
47 201
47 203
47 205
47 207
47 209
47 211
47 213
47 215
47 217
47 219
47 221
47 223
47 225
47 227
47 229
47 231
47 233
47 235
47 237
47 239
47 241
47 243
47 245
48 50
48 52
48 54
48 56
48 58
48 60
48 62
48 64
48 66
48 68
48 70
48 72
48 74
48 76
48 78
48 80
48 82
48 84
48 86
48 88
48 90
48 92
48 94
48 96
48 98
48 100
48 102
48 104
48 106
48 108
48 110
48 112
48 114
48 116
48 118
48 120
48 122
48 124
48 126
48 128
48 130
48 132
48 134
48 136
48 138
48 140
48 142
48 144
48 148
48 154
48 156
48 158
48 166
48 168
48 170
48 172
48 180
48 182
48 184
48 190
48 194
48 196
48 198
48 208
48 210
48 212
48 214
48 216
48 220
48 222
48 224
48 234
48 236
48 238
48 240
48 242
48 244
49 51
49 53
49 55
49 57
49 59
49 61
49 63
49 65
49 67
49 69
49 71
49 73
49 75
49 77
49 81
49 83
49 85
49 87
49 89
49 91
49 93
49 95
49 99
49 101
49 103
49 105
49 107
49 109
49 113
49 115
49 117
49 119
49 121
49 123
49 129
49 131
49 137
49 139
49 141
49 143
49 145
49 147
49 151
49 153
49 155
49 157
49 159
49 161
49 163
49 165
49 167
49 169
49 171
49 173
49 175
49 177
49 179
49 181
49 183
49 185
49 187
49 189
49 191
49 193
49 195
49 197
49 199
49 201
49 203
49 205
49 207
49 209
49 211
49 213
49 215
49 217
49 219
49 221
49 223
49 225
49 227
49 229
49 231
49 233
49 235
49 237
49 239
49 241
49 243
49 245
50 52
50 54
50 56
50 58
50 60
50 62
50 64
50 66
50 68
50 70
50 72
50 74
50 76
50 78
50 80
50 82
50 84
50 86
50 88
50 90
50 92
50 94
50 96
50 98
50 100
50 102
50 104
50 106
50 108
50 110
50 112
50 114
50 116
50 118
50 120
50 122
50 124
50 126
50 128
50 130
50 132
50 134
50 136
50 138
50 140
50 142
50 144
50 146
50 148
50 150
50 152
50 154
50 156
50 158
50 160
50 166
50 168
50 170
50 172
50 180
50 182
50 184
50 190
50 194
50 196
50 198
50 208
50 210
50 212
50 214
50 216
50 220
50 222
50 224
50 234
50 236
50 238
50 240
50 242
50 244
51 53
51 55
51 57
51 59
51 61
51 63
51 65
51 67
51 69
51 71
51 73
51 75
51 77
51 81
51 83
51 85
51 87
51 89
51 91
51 93
51 95
51 99
51 101
51 103
51 105
51 107
51 109
51 113
51 115
51 117
51 119
51 121
51 123
51 129
51 131
51 137
51 139
51 141
51 143
51 145
51 147
51 151
51 153
51 161
51 163
51 175
51 177
51 179
51 181
51 183
51 185
51 187
51 189
51 191
51 193
51 195
51 197
51 199
51 201
51 203
51 205
51 207
51 209
51 211
51 213
51 215
51 217
51 219
51 221
51 223
51 225
51 227
51 229
51 231
51 233
51 235
51 237
51 239
51 241
51 243
51 245
52 54
52 56
52 58
52 60
52 62
52 64
52 66
52 68
52 70
52 72
52 74
52 76
52 78
52 80
52 82
52 84
52 86
52 88
52 90
52 92
52 94
52 96
52 98
52 100
52 102
52 104
52 106
52 108
52 110
52 112
52 114
52 116
52 118
52 120
52 122
52 124
52 126
52 128
52 130
52 132
52 134
52 136
52 138
52 140
52 142
52 144
52 146
52 148
52 150
52 152
52 154
52 156
52 158
52 160
52 162
52 164
52 166
52 168
52 170
52 172
52 174
52 180
52 182
52 184
52 190
52 194
52 196
52 198
52 208
52 210
52 212
52 214
52 216
52 220
52 222
52 224
52 234
52 236
52 238
52 240
52 242
52 244
53 55
53 57
53 59
53 61
53 63
53 65
53 67
53 69
53 71
53 73
53 75
53 77
53 81
53 83
53 85
53 87
53 89
53 91
53 93
53 95
53 99
53 101
53 103
53 105
53 107
53 109
53 113
53 115
53 117
53 119
53 121
53 123
53 129
53 131
53 137
53 139
53 141
53 143
53 145
53 147
53 151
53 153
53 161
53 163
53 175
53 177
53 179
53 187
53 189
53 191
53 193
53 195
53 197
53 199
53 201
53 203
53 205
53 207
53 209
53 211
53 213
53 215
53 217
53 219
53 221
53 223
53 225
53 227
53 229
53 231
53 233
53 235
53 237
53 239
53 241
53 243
53 245
54 56
54 58
54 60
54 62
54 64
54 66
54 68
54 70
54 72
54 74
54 76
54 78
54 80
54 82
54 84
54 86
54 88
54 90
54 92
54 94
54 96
54 98
54 100
54 102
54 104
54 106
54 108
54 110
54 112
54 114
54 116
54 118
54 120
54 122
54 124
54 126
54 128
54 130
54 132
54 134
54 136
54 138
54 140
54 142
54 144
54 146
54 148
54 150
54 152
54 154
54 156
54 158
54 160
54 162
54 164
54 166
54 168
54 170
54 172
54 174
54 176
54 178
54 180
54 182
54 184
54 186
54 188
54 190
54 192
54 194
54 196
54 198
54 200
54 202
54 204
54 206
54 208
54 210
54 212
54 214
54 216
54 220
54 222
54 224
54 234
54 236
54 238
54 240
54 242
54 244
55 57
55 59
55 61
55 63
55 65
55 67
55 69
55 71
55 73
55 75
55 77
55 81
55 83
55 85
55 87
55 89
55 91
55 93
55 95
55 99
55 101
55 103
55 105
55 107
55 109
55 113
55 115
55 117
55 119
55 121
55 123
55 129
55 131
55 137
55 139
55 141
55 143
55 145
55 147
55 151
55 153
55 161
55 163
55 175
55 177
55 179
55 187
55 189
55 193
55 201
55 203
55 205
55 219
55 227
55 229
55 231
55 233
55 235
55 237
55 239
55 241
55 243
55 245
56 58
56 60
56 62
56 64
56 66
56 68
56 70
56 72
56 74
56 76
56 78
56 80
56 82
56 84
56 86
56 88
56 90
56 92
56 94
56 96
56 98
56 100
56 102
56 104
56 106
56 108
56 110
56 112
56 114
56 116
56 118
56 120
56 122
56 124
56 126
56 128
56 130
56 132
56 134
56 136
56 138
56 140
56 142
56 144
56 146
56 148
56 150
56 152
56 154
56 156
56 158
56 160
56 162
56 164
56 166
56 168
56 170
56 172
56 174
56 176
56 178
56 180
56 182
56 184
56 186
56 188
56 190
56 192
56 194
56 196
56 198
56 200
56 202
56 204
56 206
56 208
56 210
56 212
56 214
56 216
56 218
56 220
56 222
56 224
56 226
56 228
56 230
56 232
56 234
56 236
56 238
56 240
56 242
56 244
57 59
57 61
57 63
57 65
57 67
57 69
57 71
57 73
57 75
57 77
57 81
57 83
57 85
57 87
57 89
57 91
57 93
57 95
57 99
57 101
57 103
57 105
57 107
57 109
57 111
57 113
57 115
57 117
57 119
57 121
57 123
57 129
57 131
57 133
57 137
57 139
57 141
57 143
57 145
57 147
57 151
57 153
57 161
57 163
57 165
57 175
57 177
57 179
57 187
57 189
57 193
57 201
57 203
57 205
57 207
57 219
57 227
57 229
57 231
57 233
58 60
58 62
58 64
58 66
58 68
58 70
58 72
58 74
58 76
58 78
58 80
58 82
58 84
58 86
58 88
58 90
58 92
58 94
58 96
58 98
58 100
58 102
58 104
58 106
58 108
58 110
58 112
58 114
58 116
58 118
58 120
58 122
58 124
58 126
58 128
58 130
58 132
58 134
58 136
58 138
58 140
58 142
58 144
58 146
58 148
58 150
58 152
58 154
58 156
58 158
58 160
58 162
58 164
58 166
58 168
58 170
58 172
58 174
58 176
58 178
58 180
58 182
58 184
58 186
58 188
58 190
58 192
58 194
58 196
58 198
58 200
58 202
58 204
58 206
58 208
58 210
58 212
58 214
58 216
58 218
58 220
58 222
58 224
58 226
58 228
58 230
58 232
58 234
58 236
58 238
58 240
58 242
58 244
59 61
59 63
59 65
59 67
59 69
59 71
59 73
59 75
59 77
59 81
59 83
59 85
59 87
59 89
59 91
59 93
59 95
59 99
59 101
59 103
59 105
59 107
59 109
59 111
59 113
59 115
59 117
59 119
59 121
59 123
59 129
59 131
59 133
59 137
59 139
59 141
59 143
59 145
59 147
59 151
59 153
59 161
59 163
59 165
59 175
59 177
59 179
59 187
59 189
59 193
59 201
59 203
59 205
59 207
59 219
59 227
59 229
59 231
59 233
60 62
60 64
60 66
60 68
60 70
60 72
60 74
60 76
60 78
60 80
60 82
60 84
60 86
60 88
60 90
60 92
60 94
60 96
60 98
60 100
60 102
60 104
60 106
60 108
60 110
60 112
60 114
60 116
60 118
60 120
60 122
60 124
60 126
60 128
60 130
60 132
60 134
60 136
60 138
60 140
60 142
60 144
60 146
60 148
60 150
60 152
60 154
60 156
60 158
60 160
60 162
60 164
60 166
60 168
60 170
60 172
60 174
60 176
60 178
60 180
60 182
60 184
60 186
60 188
60 190
60 192
60 194
60 196
60 198
60 200
60 202
60 204
60 206
60 208
60 210
60 212
60 214
60 216
60 218
60 220
60 222
60 224
60 226
60 228
60 230
60 232
60 234
60 236
60 238
60 240
60 242
60 244
61 63
61 65
61 67
61 69
61 71
61 73
61 75
61 77
61 81
61 83
61 85
61 87
61 89
61 91
61 93
61 95
61 99
61 101
61 103
61 105
61 107
61 109
61 111
61 113
61 115
61 117
61 119
61 121
61 123
61 129
61 131
61 133
61 137
61 139
61 141
61 143
61 145
61 147
61 151
61 153
61 161
61 163
61 165
61 175
61 177
61 179
61 187
61 189
61 193
61 201
61 203
61 205
61 207
61 219
61 227
61 229
61 231
61 233
62 64
62 66
62 68
62 70
62 72
62 74
62 76
62 78
62 80
62 82
62 84
62 86
62 88
62 90
62 92
62 94
62 96
62 98
62 100
62 102
62 104
62 106
62 108
62 110
62 112
62 114
62 116
62 118
62 120
62 122
62 124
62 126
62 128
62 130
62 132
62 134
62 136
62 138
62 140
62 142
62 144
62 146
62 148
62 150
62 152
62 156
62 158
62 166
62 168
62 170
62 172
62 180
62 182
62 184
62 190
62 196
62 198
62 208
62 210
62 212
62 214
62 216
62 222
62 224
62 236
62 238
62 240
62 242
62 244
63 65
63 67
63 69
63 71
63 73
63 75
63 77
63 81
63 83
63 85
63 87
63 89
63 91
63 93
63 95
63 99
63 101
63 103
63 105
63 107
63 109
63 111
63 113
63 115
63 117
63 119
63 121
63 123
63 129
63 131
63 133
63 137
63 139
63 141
63 143
63 145
63 147
63 151
63 153
63 161
63 163
63 165
63 167
63 169
63 171
63 173
63 175
63 177
63 179
63 181
63 183
63 185
63 187
63 189
63 191
63 193
63 195
63 197
63 199
63 201
63 203
63 205
63 207
63 209
63 211
63 213
63 215
63 217
63 219
63 221
63 223
63 225
63 227
63 229
63 231
63 233
63 235
63 237
63 239
63 241
63 243
63 245
64 66
64 68
64 70
64 72
64 74
64 76
64 78
64 80
64 82
64 84
64 86
64 88
64 90
64 92
64 94
64 96
64 98
64 100
64 102
64 104
64 106
64 108
64 110
64 112
64 114
64 116
64 118
64 120
64 122
64 124
64 126
64 128
64 130
64 132
64 134
64 136
64 138
64 140
64 142
64 144
64 146
64 148
64 150
64 152
64 154
64 156
64 158
64 160
64 166
64 168
64 170
64 172
64 180
64 182
64 184
64 190
64 196
64 198
64 208
64 210
64 212
64 214
64 216
64 222
64 224
64 236
64 238
64 240
64 242
64 244
65 67
65 69
65 71
65 73
65 75
65 77
65 81
65 83
65 85
65 87
65 89
65 91
65 93
65 95
65 99
65 101
65 103
65 105
65 107
65 109
65 111
65 113
65 115
65 117
65 119
65 121
65 123
65 129
65 131
65 133
65 137
65 139
65 141
65 143
65 145
65 147
65 151
65 153
65 161
65 163
65 165
65 175
65 177
65 179
65 181
65 183
65 185
65 187
65 189
65 191
65 193
65 195
65 197
65 199
65 201
65 203
65 205
65 207
65 209
65 211
65 213
65 215
65 217
65 219
65 221
65 223
65 225
65 227
65 229
65 231
65 233
65 235
65 237
65 239
65 241
65 243
65 245
66 68
66 70
66 72
66 74
66 76
66 78
66 80
66 82
66 84
66 86
66 88
66 90
66 92
66 94
66 96
66 98
66 100
66 102
66 104
66 106
66 108
66 110
66 112
66 114
66 116
66 118
66 120
66 122
66 124
66 126
66 128
66 130
66 132
66 134
66 136
66 138
66 140
66 142
66 144
66 146
66 148
66 150
66 152
66 154
66 156
66 158
66 160
66 162
66 164
66 166
66 168
66 170
66 172
66 174
66 180
66 182
66 184
66 190
66 196
66 198
66 208
66 210
66 212
66 214
66 216
66 222
66 224
66 236
66 238
66 240
66 242
66 244
67 69
67 71
67 73
67 75
67 77
67 81
67 83
67 85
67 87
67 89
67 91
67 93
67 95
67 99
67 101
67 103
67 105
67 107
67 109
67 111
67 113
67 115
67 117
67 119
67 121
67 123
67 129
67 131
67 133
67 137
67 139
67 141
67 143
67 145
67 147
67 151
67 153
67 161
67 163
67 165
67 175
67 177
67 179
67 187
67 189
67 191
67 193
67 195
67 197
67 199
67 201
67 203
67 205
67 207
67 209
67 211
67 213
67 215
67 217
67 219
67 221
67 223
67 225
67 227
67 229
67 231
67 233
67 235
67 237
67 239
67 241
67 243
67 245
68 70
68 72
68 74
68 76
68 78
68 80
68 82
68 84
68 86
68 88
68 90
68 92
68 94
68 96
68 98
68 100
68 102
68 104
68 106
68 108
68 110
68 112
68 114
68 116
68 118
68 120
68 122
68 124
68 126
68 128
68 130
68 132
68 134
68 136
68 138
68 140
68 142
68 144
68 146
68 148
68 150
68 152
68 154
68 156
68 158
68 160
68 162
68 164
68 166
68 168
68 170
68 172
68 174
68 176
68 178
68 180
68 182
68 184
68 190
68 196
68 198
68 208
68 210
68 212
68 214
68 216
68 222
68 224
68 236
68 238
68 240
68 242
68 244
69 71
69 73
69 75
69 77
69 81
69 83
69 85
69 87
69 89
69 91
69 93
69 95
69 99
69 101
69 103
69 105
69 107
69 109
69 111
69 113
69 115
69 117
69 119
69 121
69 123
69 129
69 131
69 133
69 137
69 139
69 141
69 143
69 145
69 147
69 151
69 153
69 161
69 163
69 165
69 175
69 177
69 179
69 187
69 189
69 193
69 195
69 197
69 199
69 201
69 203
69 205
69 207
69 209
69 211
69 213
69 215
69 217
69 219
69 221
69 223
69 225
69 227
69 229
69 231
69 233
69 235
69 237
69 239
69 241
69 243
69 245
70 72
70 74
70 76
70 78
70 80
70 82
70 84
70 86
70 88
70 90
70 92
70 94
70 96
70 98
70 100
70 102
70 104
70 106
70 108
70 110
70 112
70 114
70 116
70 118
70 120
70 122
70 124
70 126
70 128
70 130
70 132
70 134
70 136
70 138
70 140
70 142
70 144
70 146
70 148
70 150
70 152
70 154
70 156
70 158
70 160
70 162
70 164
70 166
70 168
70 170
70 172
70 174
70 176
70 178
70 180
70 182
70 184
70 186
70 188
70 190
70 192
70 196
70 198
70 208
70 210
70 212
70 214
70 216
70 222
70 224
70 236
70 238
70 240
70 242
70 244
71 73
71 75
71 77
71 81
71 83
71 85
71 87
71 89
71 91
71 93
71 95
71 99
71 101
71 103
71 105
71 107
71 109
71 111
71 113
71 115
71 117
71 119
71 121
71 123
71 129
71 131
71 133
71 137
71 139
71 141
71 143
71 145
71 147
71 151
71 153
71 161
71 163
71 165
71 175
71 177
71 179
71 187
71 189
71 193
71 201
71 203
71 205
71 207
71 209
71 211
71 213
71 215
71 217
71 219
71 221
71 223
71 225
71 227
71 229
71 231
71 233
71 235
71 237
71 239
71 241
71 243
71 245
72 74
72 76
72 78
72 80
72 82
72 84
72 86
72 88
72 90
72 92
72 94
72 96
72 98
72 100
72 102
72 104
72 106
72 108
72 110
72 112
72 114
72 116
72 118
72 120
72 122
72 124
72 126
72 128
72 130
72 132
72 134
72 136
72 138
72 140
72 142
72 144
72 146
72 148
72 150
72 152
72 154
72 156
72 158
72 160
72 162
72 164
72 166
72 168
72 170
72 172
72 174
72 176
72 178
72 180
72 182
72 184
72 186
72 188
72 190
72 192
72 194
72 196
72 198
72 200
72 202
72 204
72 206
72 208
72 210
72 212
72 214
72 216
72 222
72 224
72 236
72 238
72 240
72 242
72 244
73 75
73 77
73 81
73 83
73 85
73 87
73 89
73 91
73 93
73 95
73 99
73 101
73 103
73 105
73 107
73 109
73 111
73 113
73 115
73 117
73 119
73 121
73 123
73 129
73 131
73 133
73 137
73 139
73 141
73 143
73 145
73 147
73 151
73 153
73 161
73 163
73 165
73 175
73 177
73 179
73 187
73 189
73 193
73 201
73 203
73 205
73 207
73 219
73 227
73 229
73 231
73 233
73 235
73 237
73 239
73 241
73 243
73 245
74 76
74 78
74 80
74 82
74 84
74 86
74 88
74 90
74 92
74 94
74 96
74 98
74 100
74 102
74 104
74 106
74 108
74 110
74 112
74 114
74 116
74 118
74 120
74 122
74 124
74 126
74 128
74 130
74 132
74 134
74 136
74 138
74 140
74 142
74 144
74 146
74 148
74 150
74 152
74 154
74 156
74 158
74 160
74 162
74 164
74 166
74 168
74 170
74 172
74 174
74 176
74 178
74 180
74 182
74 184
74 186
74 188
74 190
74 192
74 194
74 196
74 198
74 200
74 202
74 204
74 206
74 208
74 210
74 212
74 214
74 216
74 218
74 220
74 222
74 224
74 226
74 228
74 230
74 232
74 234
74 236
74 238
74 240
74 242
74 244
75 77
75 79
75 81
75 83
75 85
75 87
75 89
75 91
75 93
75 95
75 99
75 101
75 103
75 105
75 107
75 109
75 111
75 113
75 115
75 117
75 119
75 121
75 123
75 125
75 129
75 131
75 133
75 137
75 139
75 141
75 143
75 145
75 147
75 151
75 153
75 155
75 161
75 163
75 165
75 175
75 177
75 179
75 187
75 189
75 193
75 195
75 201
75 203
75 205
75 207
75 219
75 221
75 227
75 229
75 231
75 233
75 235
76 78
76 80
76 82
76 84
76 86
76 88
76 90
76 92
76 94
76 96
76 98
76 100
76 102
76 104
76 106
76 108
76 110
76 112
76 114
76 116
76 118
76 120
76 122
76 124
76 126
76 128
76 130
76 132
76 134
76 136
76 138
76 140
76 142
76 144
76 146
76 148
76 150
76 152
76 154
76 156
76 158
76 160
76 162
76 164
76 166
76 168
76 170
76 172
76 174
76 176
76 178
76 180
76 182
76 184
76 186
76 188
76 190
76 192
76 194
76 196
76 198
76 200
76 202
76 204
76 206
76 208
76 210
76 212
76 214
76 216
76 218
76 220
76 222
76 224
76 226
76 228
76 230
76 232
76 234
76 236
76 238
76 240
76 242
76 244
77 79
77 81
77 83
77 85
77 87
77 89
77 91
77 93
77 95
77 99
77 101
77 103
77 105
77 107
77 109
77 111
77 113
77 115
77 117
77 119
77 121
77 123
77 125
77 129
77 131
77 133
77 137
77 139
77 141
77 143
77 145
77 147
77 151
77 153
77 155
77 161
77 163
77 165
77 175
77 177
77 179
77 187
77 189
77 193
77 195
77 201
77 203
77 205
77 207
77 219
77 221
77 227
77 229
77 231
77 233
77 235
78 80
78 82
78 84
78 86
78 88
78 90
78 92
78 94
78 96
78 98
78 100
78 102
78 104
78 106
78 108
78 110
78 112
78 114
78 116
78 118
78 120
78 122
78 124
78 126
78 128
78 130
78 132
78 134
78 136
78 138
78 140
78 142
78 144
78 146
78 148
78 150
78 152
78 154
78 156
78 158
78 160
78 162
78 164
78 166
78 168
78 170
78 172
78 174
78 176
78 178
78 180
78 182
78 184
78 186
78 188
78 190
78 192
78 194
78 196
78 198
78 200
78 202
78 204
78 206
78 208
78 210
78 212
78 214
78 216
78 218
78 220
78 222
78 224
78 226
78 228
78 230
78 232
78 234
78 236
78 238
78 240
78 242
78 244
79 81
79 83
79 85
79 87
79 89
79 91
79 93
79 95
79 99
79 101
79 103
79 105
79 107
79 109
79 111
79 113
79 115
79 117
79 119
79 121
79 123
79 125
79 129
79 131
79 133
79 137
79 139
79 141
79 143
79 145
79 147
79 151
79 153
79 155
79 161
79 163
79 165
79 175
79 177
79 179
79 187
79 189
79 193
79 195
79 201
79 203
79 205
79 207
79 219
79 221
79 227
79 229
79 231
79 233
79 235
80 82
80 84
80 86
80 88
80 90
80 92
80 94
80 96
80 98
80 100
80 102
80 104
80 106
80 108
80 110
80 112
80 114
80 116
80 118
80 120
80 122
80 124
80 126
80 128
80 130
80 132
80 134
80 136
80 138
80 140
80 142
80 144
80 146
80 148
80 150
80 152
80 158
80 168
80 170
80 172
80 180
80 182
80 184
80 190
80 196
80 198
80 210
80 212
80 214
80 216
80 222
80 224
80 236
80 238
80 240
80 242
80 244
81 83
81 85
81 87
81 89
81 91
81 93
81 95
81 99
81 101
81 103
81 105
81 107
81 109
81 111
81 113
81 115
81 117
81 119
81 121
81 123
81 125
81 129
81 131
81 133
81 137
81 139
81 141
81 143
81 145
81 147
81 151
81 153
81 155
81 161
81 163
81 165
81 167
81 169
81 171
81 173
81 175
81 177
81 179
81 181
81 183
81 185
81 187
81 189
81 191
81 193
81 195
81 197
81 199
81 201
81 203
81 205
81 207
81 209
81 211
81 213
81 215
81 217
81 219
81 221
81 223
81 225
81 227
81 229
81 231
81 233
81 235
81 237
81 239
81 241
81 243
81 245
82 84
82 86
82 88
82 90
82 92
82 94
82 96
82 98
82 100
82 102
82 104
82 106
82 108
82 110
82 112
82 114
82 116
82 118
82 120
82 122
82 124
82 126
82 128
82 130
82 132
82 134
82 136
82 138
82 140
82 142
82 144
82 146
82 148
82 150
82 152
82 154
82 156
82 158
82 160
82 168
82 170
82 172
82 180
82 182
82 184
82 190
82 196
82 198
82 210
82 212
82 214
82 216
82 222
82 224
82 236
82 238
82 240
82 242
82 244
83 85
83 87
83 89
83 91
83 93
83 95
83 99
83 101
83 103
83 105
83 107
83 109
83 111
83 113
83 115
83 117
83 119
83 121
83 123
83 125
83 129
83 131
83 133
83 137
83 139
83 141
83 143
83 145
83 147
83 151
83 153
83 155
83 161
83 163
83 165
83 175
83 177
83 179
83 181
83 183
83 185
83 187
83 189
83 191
83 193
83 195
83 197
83 199
83 201
83 203
83 205
83 207
83 209
83 211
83 213
83 215
83 217
83 219
83 221
83 223
83 225
83 227
83 229
83 231
83 233
83 235
83 237
83 239
83 241
83 243
83 245
84 86
84 88
84 90
84 92
84 94
84 96
84 98
84 100
84 102
84 104
84 106
84 108
84 110
84 112
84 114
84 116
84 118
84 120
84 122
84 124
84 126
84 128
84 130
84 132
84 134
84 136
84 138
84 140
84 142
84 144
84 146
84 148
84 150
84 152
84 154
84 156
84 158
84 160
84 162
84 164
84 166
84 168
84 170
84 172
84 174
84 176
84 178
84 180
84 182
84 184
84 190
84 196
84 198
84 210
84 212
84 214
84 216
84 222
84 224
84 236
84 238
84 240
84 242
84 244
85 87
85 89
85 91
85 93
85 95
85 99
85 101
85 103
85 105
85 107
85 109
85 111
85 113
85 115
85 117
85 119
85 121
85 123
85 125
85 129
85 131
85 133
85 137
85 139
85 141
85 143
85 145
85 147
85 151
85 153
85 155
85 161
85 163
85 165
85 175
85 177
85 179
85 187
85 189
85 193
85 195
85 197
85 199
85 201
85 203
85 205
85 207
85 209
85 211
85 213
85 215
85 217
85 219
85 221
85 223
85 225
85 227
85 229
85 231
85 233
85 235
85 237
85 239
85 241
85 243
85 245
86 88
86 90
86 92
86 94
86 96
86 98
86 100
86 102
86 104
86 106
86 108
86 110
86 112
86 114
86 116
86 118
86 120
86 122
86 124
86 126
86 128
86 130
86 132
86 134
86 136
86 138
86 140
86 142
86 144
86 146
86 148
86 150
86 152
86 154
86 156
86 158
86 160
86 162
86 164
86 166
86 168
86 170
86 172
86 174
86 176
86 178
86 180
86 182
86 184
86 186
86 188
86 190
86 192
86 196
86 198
86 210
86 212
86 214
86 216
86 222
86 224
86 236
86 238
86 240
86 242
86 244
87 89
87 91
87 93
87 95
87 99
87 101
87 103
87 105
87 107
87 109
87 111
87 113
87 115
87 117
87 119
87 121
87 123
87 125
87 129
87 131
87 133
87 137
87 139
87 141
87 143
87 145
87 147
87 151
87 153
87 155
87 161
87 163
87 165
87 175
87 177
87 179
87 187
87 189
87 193
87 195
87 201
87 203
87 205
87 207
87 209
87 211
87 213
87 215
87 217
87 219
87 221
87 223
87 225
87 227
87 229
87 231
87 233
87 235
87 237
87 239
87 241
87 243
87 245
88 90
88 92
88 94
88 96
88 98
88 100
88 102
88 104
88 106
88 108
88 110
88 112
88 114
88 116
88 118
88 120
88 122
88 124
88 126
88 128
88 130
88 132
88 134
88 136
88 138
88 140
88 142
88 144
88 146
88 148
88 150
88 152
88 154
88 156
88 158
88 160
88 162
88 164
88 166
88 168
88 170
88 172
88 174
88 176
88 178
88 180
88 182
88 184
88 186
88 188
88 190
88 192
88 194
88 196
88 198
88 200
88 210
88 212
88 214
88 216
88 222
88 224
88 236
88 238
88 240
88 242
88 244
89 91
89 93
89 95
89 99
89 101
89 103
89 105
89 107
89 109
89 111
89 113
89 115
89 117
89 119
89 121
89 123
89 125
89 129
89 131
89 133
89 137
89 139
89 141
89 143
89 145
89 147
89 151
89 153
89 155
89 161
89 163
89 165
89 175
89 177
89 179
89 187
89 189
89 193
89 195
89 201
89 203
89 205
89 207
89 219
89 221
89 223
89 225
89 227
89 229
89 231
89 233
89 235
89 237
89 239
89 241
89 243
89 245
90 92
90 94
90 96
90 98
90 100
90 102
90 104
90 106
90 108
90 110
90 112
90 114
90 116
90 118
90 120
90 122
90 124
90 126
90 128
90 130
90 132
90 134
90 136
90 138
90 140
90 142
90 144
90 146
90 148
90 150
90 152
90 154
90 156
90 158
90 160
90 162
90 164
90 166
90 168
90 170
90 172
90 174
90 176
90 178
90 180
90 182
90 184
90 186
90 188
90 190
90 192
90 194
90 196
90 198
90 200
90 202
90 204
90 206
90 208
90 210
90 212
90 214
90 216
90 218
90 220
90 222
90 224
90 226
90 236
90 238
90 240
90 242
90 244
91 93
91 95
91 99
91 101
91 103
91 105
91 107
91 109
91 111
91 113
91 115
91 117
91 119
91 121
91 123
91 125
91 129
91 131
91 133
91 137
91 139
91 141
91 143
91 145
91 147
91 151
91 153
91 155
91 161
91 163
91 165
91 175
91 177
91 179
91 187
91 189
91 193
91 195
91 201
91 203
91 205
91 207
91 219
91 221
91 227
91 229
91 231
91 233
91 235
92 94
92 96
92 98
92 100
92 102
92 104
92 106
92 108
92 110
92 112
92 114
92 116
92 118
92 120
92 122
92 124
92 126
92 128
92 130
92 132
92 134
92 136
92 138
92 140
92 142
92 144
92 146
92 148
92 150
92 152
92 154
92 156
92 158
92 160
92 162
92 164
92 166
92 168
92 170
92 172
92 174
92 176
92 178
92 180
92 182
92 184
92 186
92 188
92 190
92 192
92 194
92 196
92 198
92 200
92 202
92 204
92 206
92 208
92 210
92 212
92 214
92 216
92 218
92 220
92 222
92 224
92 226
92 228
92 230
92 232
92 234
92 236
92 238
92 240
92 242
92 244
93 95
93 97
93 99
93 101
93 103
93 105
93 107
93 109
93 111
93 113
93 115
93 117
93 119
93 121
93 123
93 125
93 127
93 129
93 131
93 133
93 137
93 139
93 141
93 143
93 145
93 147
93 149
93 151
93 153
93 155
93 157
93 161
93 163
93 165
93 167
93 175
93 177
93 179
93 187
93 189
93 193
93 195
93 201
93 203
93 205
93 207
93 209
93 219
93 221
93 227
93 229
93 231
93 233
93 235
94 96
94 98
94 100
94 102
94 104
94 106
94 108
94 110
94 112
94 114
94 116
94 118
94 120
94 122
94 124
94 126
94 128
94 130
94 132
94 134
94 136
94 138
94 140
94 142
94 144
94 146
94 148
94 150
94 152
94 154
94 156
94 158
94 160
94 162
94 164
94 166
94 168
94 170
94 172
94 174
94 176
94 178
94 180
94 182
94 184
94 186
94 188
94 190
94 192
94 194
94 196
94 198
94 200
94 202
94 204
94 206
94 208
94 210
94 212
94 214
94 216
94 218
94 220
94 222
94 224
94 226
94 228
94 230
94 232
94 234
94 236
94 238
94 240
94 242
94 244
95 97
95 99
95 101
95 103
95 105
95 107
95 109
95 111
95 113
95 115
95 117
95 119
95 121
95 123
95 125
95 127
95 129
95 131
95 133
95 137
95 139
95 141
95 143
95 145
95 147
95 149
95 151
95 153
95 155
95 157
95 161
95 163
95 165
95 167
95 175
95 177
95 179
95 187
95 189
95 193
95 195
95 201
95 203
95 205
95 207
95 209
95 219
95 221
95 227
95 229
95 231
95 233
95 235
96 98
96 100
96 102
96 104
96 106
96 108
96 110
96 112
96 114
96 116
96 118
96 120
96 122
96 124
96 126
96 128
96 130
96 132
96 134
96 136
96 138
96 140
96 142
96 144
96 146
96 148
96 150
96 152
96 154
96 156
96 158
96 160
96 162
96 164
96 166
96 168
96 170
96 172
96 174
96 176
96 178
96 180
96 182
96 184
96 186
96 188
96 190
96 192
96 194
96 196
96 198
96 200
96 202
96 204
96 206
96 208
96 210
96 212
96 214
96 216
96 218
96 220
96 222
96 224
96 226
96 228
96 230
96 232
96 234
96 236
96 238
96 240
96 242
96 244
97 99
97 101
97 103
97 105
97 107
97 109
97 111
97 113
97 115
97 117
97 119
97 121
97 123
97 125
97 127
97 129
97 131
97 133
97 137
97 139
97 141
97 143
97 145
97 147
97 149
97 151
97 153
97 155
97 157
97 161
97 163
97 165
97 167
97 175
97 177
97 179
97 187
97 189
97 193
97 195
97 201
97 203
97 205
97 207
97 209
97 219
97 221
97 227
97 229
97 231
97 233
97 235
98 100
98 102
98 104
98 106
98 108
98 110
98 112
98 114
98 116
98 118
98 120
98 122
98 124
98 126
98 128
98 130
98 132
98 134
98 136
98 138
98 140
98 142
98 144
98 158
98 170
98 172
98 182
98 184
98 190
98 198
98 210
98 212
98 214
98 216
98 222
98 224
98 236
98 238
98 240
98 242
98 244
99 101
99 103
99 105
99 107
99 109
99 111
99 113
99 115
99 117
99 119
99 121
99 123
99 125
99 127
99 129
99 131
99 133
99 137
99 139
99 141
99 143
99 145
99 147
99 149
99 151
99 153
99 155
99 157
99 159
99 161
99 163
99 165
99 167
99 169
99 171
99 173
99 175
99 177
99 179
99 181
99 183
99 185
99 187
99 189
99 191
99 193
99 195
99 197
99 199
99 201
99 203
99 205
99 207
99 209
99 211
99 213
99 215
99 217
99 219
99 221
99 223
99 225
99 227
99 229
99 231
99 233
99 235
99 237
99 239
99 241
99 243
99 245
100 102
100 104
100 106
100 108
100 110
100 112
100 114
100 116
100 118
100 120
100 122
100 124
100 126
100 128
100 130
100 132
100 134
100 136
100 138
100 140
100 142
100 144
100 146
100 148
100 150
100 152
100 154
100 156
100 158
100 160
100 162
100 164
100 166
100 168
100 170
100 172
100 174
100 182
100 184
100 190
100 198
100 210
100 212
100 214
100 216
100 222
100 224
100 236
100 238
100 240
100 242
100 244
101 103
101 105
101 107
101 109
101 111
101 113
101 115
101 117
101 119
101 121
101 123
101 125
101 127
101 129
101 131
101 133
101 137
101 139
101 141
101 143
101 145
101 147
101 149
101 151
101 153
101 155
101 157
101 161
101 163
101 165
101 167
101 175
101 177
101 179
101 187
101 189
101 191
101 193
101 195
101 197
101 199
101 201
101 203
101 205
101 207
101 209
101 211
101 213
101 215
101 217
101 219
101 221
101 223
101 225
101 227
101 229
101 231
101 233
101 235
101 237
101 239
101 241
101 243
101 245
102 104
102 106
102 108
102 110
102 112
102 114
102 116
102 118
102 120
102 122
102 124
102 126
102 128
102 130
102 132
102 134
102 136
102 138
102 140
102 142
102 144
102 146
102 148
102 150
102 152
102 154
102 156
102 158
102 160
102 162
102 164
102 166
102 168
102 170
102 172
102 174
102 176
102 178
102 180
102 182
102 184
102 186
102 188
102 190
102 192
102 198
102 210
102 212
102 214
102 216
102 222
102 224
102 236
102 238
102 240
102 242
102 244
103 105
103 107
103 109
103 111
103 113
103 115
103 117
103 119
103 121
103 123
103 125
103 127
103 129
103 131
103 133
103 137
103 139
103 141
103 143
103 145
103 147
103 149
103 151
103 153
103 155
103 157
103 161
103 163
103 165
103 167
103 175
103 177
103 179
103 187
103 189
103 193
103 195
103 201
103 203
103 205
103 207
103 209
103 211
103 213
103 215
103 217
103 219
103 221
103 223
103 225
103 227
103 229
103 231
103 233
103 235
103 237
103 239
103 241
103 243
103 245
104 106
104 108
104 110
104 112
104 114
104 116
104 118
104 120
104 122
104 124
104 126
104 128
104 130
104 132
104 134
104 136
104 138
104 140
104 142
104 144
104 146
104 148
104 150
104 152
104 154
104 156
104 158
104 160
104 162
104 164
104 166
104 168
104 170
104 172
104 174
104 176
104 178
104 180
104 182
104 184
104 186
104 188
104 190
104 192
104 194
104 196
104 198
104 200
104 202
104 204
104 206
104 208
104 210
104 212
104 214
104 216
104 222
104 224
104 236
104 238
104 240
104 242
104 244
105 107
105 109
105 111
105 113
105 115
105 117
105 119
105 121
105 123
105 125
105 127
105 129
105 131
105 133
105 137
105 139
105 141
105 143
105 145
105 147
105 149
105 151
105 153
105 155
105 157
105 161
105 163
105 165
105 167
105 175
105 177
105 179
105 187
105 189
105 193
105 195
105 201
105 203
105 205
105 207
105 209
105 219
105 221
105 227
105 229
105 231
105 233
105 235
105 237
105 239
105 241
105 243
105 245
106 108
106 110
106 112
106 114
106 116
106 118
106 120
106 122
106 124
106 126
106 128
106 130
106 132
106 134
106 136
106 138
106 140
106 142
106 144
106 146
106 148
106 150
106 152
106 154
106 156
106 158
106 160
106 162
106 164
106 166
106 168
106 170
106 172
106 174
106 176
106 178
106 180
106 182
106 184
106 186
106 188
106 190
106 192
106 194
106 196
106 198
106 200
106 202
106 204
106 206
106 208
106 210
106 212
106 214
106 216
106 218
106 220
106 222
106 224
106 226
106 236
106 238
106 240
106 242
106 244
107 109
107 111
107 113
107 115
107 117
107 119
107 121
107 123
107 125
107 127
107 129
107 131
107 133
107 137
107 139
107 141
107 143
107 145
107 147
107 149
107 151
107 153
107 155
107 157
107 161
107 163
107 165
107 167
107 175
107 177
107 179
107 187
107 189
107 193
107 195
107 201
107 203
107 205
107 207
107 209
107 219
107 221
107 227
107 229
107 231
107 233
107 235
108 110
108 112
108 114
108 116
108 118
108 120
108 122
108 124
108 126
108 128
108 130
108 132
108 134
108 136
108 138
108 140
108 142
108 144
108 146
108 148
108 150
108 152
108 154
108 156
108 158
108 160
108 162
108 164
108 166
108 168
108 170
108 172
108 174
108 176
108 178
108 180
108 182
108 184
108 186
108 188
108 190
108 192
108 194
108 196
108 198
108 200
108 202
108 204
108 206
108 208
108 210
108 212
108 214
108 216
108 218
108 220
108 222
108 224
108 226
108 228
108 230
108 232
108 234
108 236
108 238
108 240
108 242
108 244
109 111
109 113
109 115
109 117
109 119
109 121
109 123
109 125
109 127
109 129
109 131
109 133
109 137
109 139
109 141
109 143
109 145
109 147
109 149
109 151
109 153
109 155
109 157
109 161
109 163
109 165
109 167
109 169
109 175
109 177
109 179
109 181
109 187
109 189
109 193
109 195
109 197
109 201
109 203
109 205
109 207
109 209
109 219
109 221
109 227
109 229
109 231
109 233
109 235
110 112
110 114
110 116
110 118
110 120
110 122
110 124
110 126
110 128
110 130
110 132
110 134
110 136
110 138
110 140
110 142
110 144
110 146
110 148
110 150
110 152
110 154
110 156
110 158
110 160
110 162
110 164
110 166
110 168
110 170
110 172
110 174
110 176
110 178
110 180
110 182
110 184
110 186
110 188
110 190
110 192
110 194
110 196
110 198
110 200
110 202
110 204
110 206
110 208
110 210
110 212
110 214
110 216
110 218
110 220
110 222
110 224
110 226
110 228
110 230
110 232
110 234
110 236
110 238
110 240
110 242
110 244
111 113
111 115
111 117
111 119
111 121
111 123
111 125
111 127
111 129
111 131
111 133
111 137
111 139
111 141
111 143
111 145
111 147
111 149
111 151
111 153
111 155
111 157
111 161
111 163
111 165
111 167
111 169
111 175
111 177
111 179
111 181
111 187
111 189
111 193
111 195
111 197
111 201
111 203
111 205
111 207
111 209
111 219
111 221
111 227
111 229
111 231
111 233
111 235
112 114
112 116
112 118
112 120
112 134
112 158
112 172
112 184
112 198
112 210
112 212
112 214
112 216
112 222
112 224
112 238
112 240
112 242
112 244
113 115
113 117
113 119
113 121
113 123
113 125
113 127
113 129
113 131
113 133
113 135
113 137
113 139
113 141
113 143
113 145
113 147
113 149
113 151
113 153
113 155
113 157
113 159
113 161
113 163
113 165
113 167
113 169
113 171
113 173
113 175
113 177
113 179
113 181
113 183
113 185
113 187
113 189
113 191
113 193
113 195
113 197
113 199
113 201
113 203
113 205
113 207
113 209
113 211
113 213
113 215
113 217
113 219
113 221
113 223
113 225
113 227
113 229
113 231
113 233
113 235
113 237
113 239
113 241
113 243
113 245
114 116
114 118
114 120
114 122
114 124
114 126
114 128
114 130
114 132
114 134
114 136
114 138
114 140
114 142
114 144
114 158
114 172
114 184
114 198
114 210
114 212
114 214
114 216
114 222
114 224
114 238
114 240
114 242
114 244
115 117
115 119
115 121
115 123
115 125
115 127
115 129
115 131
115 133
115 137
115 139
115 141
115 143
115 145
115 147
115 149
115 151
115 153
115 155
115 157
115 159
115 161
115 163
115 165
115 167
115 169
115 171
115 173
115 175
115 177
115 179
115 181
115 183
115 185
115 187
115 189
115 191
115 193
115 195
115 197
115 199
115 201
115 203
115 205
115 207
115 209
115 211
115 213
115 215
115 217
115 219
115 221
115 223
115 225
115 227
115 229
115 231
115 233
115 235
115 237
115 239
115 241
115 243
115 245
116 118
116 120
116 122
116 124
116 126
116 128
116 130
116 132
116 134
116 136
116 138
116 140
116 142
116 144
116 146
116 148
116 150
116 152
116 154
116 156
116 158
116 160
116 172
116 184
116 198
116 210
116 212
116 214
116 216
116 222
116 224
116 238
116 240
116 242
116 244
117 119
117 121
117 123
117 125
117 127
117 129
117 131
117 133
117 137
117 139
117 141
117 143
117 145
117 147
117 149
117 151
117 153
117 155
117 157
117 161
117 163
117 165
117 167
117 169
117 175
117 177
117 179
117 181
117 183
117 185
117 187
117 189
117 191
117 193
117 195
117 197
117 199
117 201
117 203
117 205
117 207
117 209
117 211
117 213
117 215
117 217
117 219
117 221
117 223
117 225
117 227
117 229
117 231
117 233
117 235
117 237
117 239
117 241
117 243
117 245
118 120
118 122
118 124
118 126
118 128
118 130
118 132
118 134
118 136
118 138
118 140
118 142
118 144
118 146
118 148
118 150
118 152
118 154
118 156
118 158
118 160
118 162
118 164
118 166
118 168
118 170
118 172
118 174
118 176
118 178
118 180
118 182
118 184
118 198
118 210
118 212
118 214
118 216
118 222
118 224
118 238
118 240
118 242
118 244
119 121
119 123
119 125
119 127
119 129
119 131
119 133
119 137
119 139
119 141
119 143
119 145
119 147
119 149
119 151
119 153
119 155
119 157
119 161
119 163
119 165
119 167
119 169
119 175
119 177
119 179
119 181
119 187
119 189
119 193
119 195
119 197
119 199
119 201
119 203
119 205
119 207
119 209
119 211
119 213
119 215
119 217
119 219
119 221
119 223
119 225
119 227
119 229
119 231
119 233
119 235
119 237
119 239
119 241
119 243
119 245
120 122
120 124
120 126
120 128
120 130
120 132
120 134
120 136
120 138
120 140
120 142
120 144
120 146
120 148
120 150
120 152
120 154
120 156
120 158
120 160
120 162
120 164
120 166
120 168
120 170
120 172
120 174
120 176
120 178
120 180
120 182
120 184
120 186
120 188
120 190
120 192
120 198
120 210
120 212
120 214
120 216
120 222
120 224
120 238
120 240
120 242
120 244
121 123
121 125
121 127
121 129
121 131
121 133
121 137
121 139
121 141
121 143
121 145
121 147
121 149
121 151
121 153
121 155
121 157
121 161
121 163
121 165
121 167
121 169
121 175
121 177
121 179
121 181
121 187
121 189
121 193
121 195
121 197
121 201
121 203
121 205
121 207
121 209
121 211
121 213
121 215
121 217
121 219
121 221
121 223
121 225
121 227
121 229
121 231
121 233
121 235
121 237
121 239
121 241
121 243
121 245
122 124
122 126
122 128
122 130
122 132
122 134
122 136
122 138
122 140
122 142
122 144
122 146
122 148
122 150
122 152
122 154
122 156
122 158
122 160
122 162
122 164
122 166
122 168
122 170
122 172
122 174
122 176
122 178
122 180
122 182
122 184
122 186
122 188
122 190
122 192
122 194
122 196
122 198
122 200
122 202
122 204
122 206
122 208
122 210
122 212
122 214
122 216
122 218
122 220
122 222
122 224
122 226
122 228
122 230
122 232
122 234
122 236
122 238
122 240
122 242
122 244
123 125
123 127
123 129
123 131
123 133
123 137
123 139
123 141
123 143
123 145
123 147
123 149
123 151
123 153
123 155
123 157
123 161
123 163
123 165
123 167
123 169
123 171
123 175
123 177
123 179
123 181
123 183
123 187
123 189
123 191
123 193
123 195
123 197
123 201
123 203
123 205
123 207
123 209
123 219
123 221
123 227
123 229
123 231
123 233
123 235
123 237
124 126
124 128
124 130
124 132
124 134
124 136
124 138
124 140
124 142
124 144
124 146
124 148
124 150
124 152
124 154
124 156
124 158
124 160
124 162
124 164
124 166
124 168
124 170
124 172
124 174
124 176
124 178
124 180
124 182
124 184
124 186
124 188
124 190
124 192
124 194
124 196
124 198
124 200
124 202
124 204
124 206
124 208
124 210
124 212
124 214
124 216
124 218
124 220
124 222
124 224
124 226
124 228
124 230
124 232
124 234
124 236
124 238
124 240
124 242
124 244
125 127
125 129
125 131
125 133
125 137
125 139
125 141
125 143
125 145
125 147
125 149
125 151
125 153
125 155
125 157
125 161
125 163
125 165
125 167
125 169
125 171
125 175
125 177
125 179
125 181
125 183
125 187
125 189
125 191
125 193
125 195
125 197
125 201
125 203
125 205
125 207
125 209
125 219
125 221
125 227
125 229
125 231
125 233
125 235
125 237
126 128
126 130
126 132
126 134
126 136
126 138
126 140
126 142
126 144
126 146
126 148
126 150
126 152
126 154
126 156
126 158
126 160
126 162
126 164
126 166
126 168
126 170
126 172
126 174
126 176
126 178
126 180
126 182
126 184
126 186
126 188
126 190
126 192
126 194
126 196
126 198
126 200
126 202
126 204
126 206
126 208
126 210
126 212
126 214
126 216
126 218
126 220
126 222
126 224
126 226
126 228
126 230
126 232
126 234
126 236
126 238
126 240
126 242
126 244
127 129
127 131
127 133
127 137
127 139
127 141
127 143
127 145
127 147
127 149
127 151
127 153
127 155
127 157
127 161
127 163
127 165
127 167
127 169
127 171
127 175
127 177
127 179
127 181
127 183
127 187
127 189
127 191
127 193
127 195
127 197
127 201
127 203
127 205
127 207
127 209
127 219
127 221
127 227
127 229
127 231
127 233
127 235
127 237
128 130
128 132
128 134
128 136
128 138
128 140
128 142
128 144
128 146
128 148
128 150
128 152
128 154
128 156
128 158
128 160
128 162
128 164
128 166
128 168
128 170
128 172
128 174
128 176
128 178
128 180
128 182
128 184
128 186
128 188
128 190
128 192
128 198
128 210
128 212
128 214
128 216
128 222
128 224
128 238
128 240
128 242
128 244
129 131
129 133
129 137
129 139
129 141
129 143
129 145
129 147
129 149
129 151
129 153
129 155
129 157
129 161
129 163
129 165
129 167
129 169
129 171
129 175
129 177
129 179
129 181
129 183
129 187
129 189
129 191
129 193
129 195
129 197
129 201
129 203
129 205
129 207
129 209
129 211
129 213
129 215
129 217
129 219
129 221
129 223
129 225
129 227
129 229
129 231
129 233
129 235
129 237
129 239
129 241
129 243
129 245
130 132
130 134
130 136
130 138
130 140
130 142
130 144
130 146
130 148
130 150
130 152
130 154
130 156
130 158
130 160
130 162
130 164
130 166
130 168
130 170
130 172
130 174
130 176
130 178
130 180
130 182
130 184
130 186
130 188
130 190
130 192
130 194
130 196
130 198
130 200
130 202
130 204
130 206
130 208
130 210
130 212
130 214
130 216
130 218
130 220
130 222
130 224
130 226
130 228
130 230
130 232
130 234
130 236
130 238
130 240
130 242
130 244
131 133
131 135
131 137
131 139
131 141
131 143
131 145
131 147
131 149
131 151
131 153
131 155
131 157
131 161
131 163
131 165
131 167
131 169
131 171
131 175
131 177
131 179
131 181
131 183
131 185
131 187
131 189
131 191
131 193
131 195
131 197
131 201
131 203
131 205
131 207
131 209
131 219
131 221
131 227
131 229
131 231
131 233
131 235
131 237
132 134
132 136
132 138
132 140
132 142
132 144
132 146
132 148
132 150
132 152
132 154
132 156
132 158
132 160
132 162
132 164
132 166
132 168
132 170
132 172
132 174
132 176
132 178
132 180
132 182
132 184
132 186
132 188
132 190
132 192
132 194
132 196
132 198
132 200
132 202
132 204
132 206
132 208
132 210
132 212
132 214
132 216
132 218
132 220
132 222
132 224
132 226
132 228
132 230
132 232
132 234
132 236
132 238
132 240
132 242
132 244
133 135
133 137
133 139
133 141
133 143
133 145
133 147
133 149
133 151
133 153
133 155
133 157
133 161
133 163
133 165
133 167
133 169
133 171
133 175
133 177
133 179
133 181
133 183
133 185
133 187
133 189
133 191
133 193
133 195
133 197
133 201
133 203
133 205
133 207
133 209
133 219
133 221
133 227
133 229
133 231
133 233
133 235
133 237
134 136
134 138
134 140
134 142
134 144
134 146
134 148
134 150
134 152
134 154
134 156
134 158
134 160
134 162
134 164
134 166
134 168
134 170
134 172
134 174
134 176
134 178
134 180
134 182
134 184
134 186
134 188
134 190
134 192
134 194
134 196
134 198
134 200
134 202
134 204
134 206
134 208
134 210
134 212
134 214
134 216
134 218
134 220
134 222
134 224
134 226
134 228
134 230
134 232
134 234
134 236
134 238
134 240
134 242
134 244
135 137
135 139
135 141
135 143
135 145
135 147
135 149
135 151
135 153
135 155
135 157
135 161
135 163
135 165
135 167
135 169
135 171
135 175
135 177
135 179
135 181
135 183
135 185
135 187
135 189
135 191
135 193
135 195
135 197
135 201
135 203
135 205
135 207
135 209
135 219
135 221
135 227
135 229
135 231
135 233
135 235
135 237
136 138
136 140
136 142
136 144
136 158
136 172
136 198
136 210
136 212
136 214
136 216
136 222
136 224
136 238
136 240
136 242
136 244
137 139
137 141
137 143
137 145
137 147
137 149
137 151
137 153
137 155
137 157
137 159
137 161
137 163
137 165
137 167
137 169
137 171
137 173
137 175
137 177
137 179
137 181
137 183
137 185
137 187
137 189
137 191
137 193
137 195
137 197
137 199
137 201
137 203
137 205
137 207
137 209
137 211
137 213
137 215
137 217
137 219
137 221
137 223
137 225
137 227
137 229
137 231
137 233
137 235
137 237
137 239
137 241
137 243
137 245
138 140
138 142
138 144
138 146
138 148
138 150
138 152
138 154
138 156
138 158
138 160
138 162
138 164
138 166
138 168
138 170
138 172
138 174
138 198
138 210
138 212
138 214
138 216
138 222
138 224
138 238
138 240
138 242
138 244
139 141
139 143
139 145
139 147
139 149
139 151
139 153
139 155
139 157
139 161
139 163
139 165
139 167
139 169
139 171
139 175
139 177
139 179
139 181
139 183
139 185
139 187
139 189
139 191
139 193
139 195
139 197
139 199
139 201
139 203
139 205
139 207
139 209
139 211
139 213
139 215
139 217
139 219
139 221
139 223
139 225
139 227
139 229
139 231
139 233
139 235
139 237
139 239
139 241
139 243
139 245
140 142
140 144
140 146
140 148
140 150
140 152
140 154
140 156
140 158
140 160
140 162
140 164
140 166
140 168
140 170
140 172
140 174
140 176
140 178
140 180
140 182
140 184
140 186
140 188
140 190
140 192
140 198
140 210
140 212
140 214
140 216
140 222
140 224
140 238
140 240
140 242
140 244
141 143
141 145
141 147
141 149
141 151
141 153
141 155
141 157
141 161
141 163
141 165
141 167
141 169
141 171
141 175
141 177
141 179
141 181
141 183
141 185
141 187
141 189
141 191
141 193
141 195
141 197
141 201
141 203
141 205
141 207
141 209
141 211
141 213
141 215
141 217
141 219
141 221
141 223
141 225
141 227
141 229
141 231
141 233
141 235
141 237
141 239
141 241
141 243
141 245
142 144
142 146
142 148
142 150
142 152
142 154
142 156
142 158
142 160
142 162
142 164
142 166
142 168
142 170
142 172
142 174
142 176
142 178
142 180
142 182
142 184
142 186
142 188
142 190
142 192
142 194
142 196
142 198
142 200
142 202
142 204
142 206
142 208
142 210
142 212
142 214
142 216
142 222
142 224
142 238
142 240
142 242
142 244
143 145
143 147
143 149
143 151
143 153
143 155
143 157
143 161
143 163
143 165
143 167
143 169
143 171
143 175
143 177
143 179
143 181
143 183
143 185
143 187
143 189
143 191
143 193
143 195
143 197
143 201
143 203
143 205
143 207
143 209
143 219
143 221
143 227
143 229
143 231
143 233
143 235
143 237
143 239
143 241
143 243
143 245
144 146
144 148
144 150
144 152
144 154
144 156
144 158
144 160
144 162
144 164
144 166
144 168
144 170
144 172
144 174
144 176
144 178
144 180
144 182
144 184
144 186
144 188
144 190
144 192
144 194
144 196
144 198
144 200
144 202
144 204
144 206
144 208
144 210
144 212
144 214
144 216
144 218
144 220
144 222
144 224
144 226
144 238
144 240
144 242
144 244
145 147
145 149
145 151
145 153
145 155
145 157
145 161
145 163
145 165
145 167
145 169
145 171
145 175
145 177
145 179
145 181
145 183
145 185
145 187
145 189
145 191
145 193
145 195
145 197
145 201
145 203
145 205
145 207
145 209
145 219
145 221
145 227
145 229
145 231
145 233
145 235
145 237
146 148
146 150
146 152
146 154
146 156
146 158
146 160
146 162
146 164
146 166
146 168
146 170
146 172
146 174
146 176
146 178
146 180
146 182
146 184
146 186
146 188
146 190
146 192
146 194
146 196
146 198
146 200
146 202
146 204
146 206
146 208
146 210
146 212
146 214
146 216
146 218
146 220
146 222
146 224
146 226
146 228
146 230
146 232
146 234
146 236
146 238
146 240
146 242
146 244
147 149
147 151
147 153
147 155
147 157
147 161
147 163
147 165
147 167
147 169
147 171
147 175
147 177
147 179
147 181
147 183
147 185
147 187
147 189
147 191
147 193
147 195
147 197
147 201
147 203
147 205
147 207
147 209
147 219
147 221
147 227
147 229
147 231
147 233
147 235
147 237
148 150
148 152
148 154
148 156
148 158
148 160
148 162
148 164
148 166
148 168
148 170
148 172
148 174
148 176
148 178
148 180
148 182
148 184
148 186
148 188
148 190
148 192
148 194
148 196
148 198
148 200
148 202
148 204
148 206
148 208
148 210
148 212
148 214
148 216
148 218
148 220
148 222
148 224
148 226
148 228
148 230
148 232
148 234
148 236
148 238
148 240
148 242
148 244
149 151
149 153
149 155
149 157
149 161
149 163
149 165
149 167
149 169
149 171
149 175
149 177
149 179
149 181
149 183
149 185
149 187
149 189
149 191
149 193
149 195
149 197
149 201
149 203
149 205
149 207
149 209
149 219
149 221
149 227
149 229
149 231
149 233
149 235
149 237
150 152
150 198
150 210
150 212
150 214
150 216
150 222
150 224
150 238
150 240
150 242
150 244
151 153
151 155
151 157
151 161
151 163
151 165
151 167
151 169
151 171
151 173
151 175
151 177
151 179
151 181
151 183
151 185
151 187
151 189
151 191
151 193
151 195
151 197
151 199
151 201
151 203
151 205
151 207
151 209
151 211
151 213
151 215
151 217
151 219
151 221
151 223
151 225
151 227
151 229
151 231
151 233
151 235
151 237
151 239
151 241
151 243
151 245
152 154
152 156
152 158
152 160
152 162
152 164
152 166
152 168
152 170
152 172
152 174
152 198
152 210
152 212
152 214
152 216
152 222
152 224
152 238
152 240
152 242
152 244
153 155
153 157
153 161
153 163
153 165
153 167
153 169
153 171
153 175
153 177
153 179
153 181
153 183
153 185
153 187
153 189
153 191
153 193
153 195
153 197
153 199
153 201
153 203
153 205
153 207
153 209
153 211
153 213
153 215
153 217
153 219
153 221
153 223
153 225
153 227
153 229
153 231
153 233
153 235
153 237
153 239
153 241
153 243
153 245
154 156
154 158
154 160
154 162
154 164
154 166
154 168
154 170
154 172
154 174
154 176
154 178
154 180
154 182
154 184
154 186
154 188
154 190
154 192
154 194
154 196
154 198
154 200
154 202
154 204
154 206
154 208
154 210
154 212
154 214
154 216
154 218
154 220
154 222
154 224
154 226
154 228
154 230
154 232
154 234
154 236
154 238
154 240
154 242
154 244
155 157
155 159
155 161
155 163
155 165
155 167
155 169
155 171
155 173
155 175
155 177
155 179
155 181
155 183
155 185
155 187
155 189
155 191
155 193
155 195
155 197
155 201
155 203
155 205
155 207
155 209
155 219
155 221
155 227
155 229
155 231
155 233
155 235
155 237
156 158
156 160
156 162
156 164
156 166
156 168
156 170
156 172
156 174
156 176
156 178
156 180
156 182
156 184
156 186
156 188
156 190
156 192
156 194
156 196
156 198
156 200
156 202
156 204
156 206
156 208
156 210
156 212
156 214
156 216
156 218
156 220
156 222
156 224
156 226
156 228
156 230
156 232
156 234
156 236
156 238
156 240
156 242
156 244
157 159
157 161
157 163
157 165
157 167
157 169
157 171
157 173
157 175
157 177
157 179
157 181
157 183
157 185
157 187
157 189
157 191
157 193
157 195
157 197
157 201
157 203
157 205
157 207
157 209
157 219
157 221
157 227
157 229
157 231
157 233
157 235
157 237
158 160
158 162
158 164
158 166
158 168
158 170
158 172
158 174
158 176
158 178
158 180
158 182
158 184
158 186
158 188
158 190
158 192
158 194
158 196
158 198
158 200
158 202
158 204
158 206
158 208
158 210
158 212
158 214
158 216
158 218
158 220
158 222
158 224
158 226
158 228
158 230
158 232
158 234
158 236
158 238
158 240
158 242
158 244
159 161
159 163
159 165
159 167
159 169
159 171
159 173
159 175
159 177
159 179
159 181
159 183
159 185
159 187
159 189
159 191
159 193
159 195
159 197
159 201
159 203
159 205
159 207
159 209
159 219
159 221
159 227
159 229
159 231
159 233
159 235
159 237
160 162
160 164
160 166
160 168
160 170
160 172
160 174
160 176
160 178
160 180
160 182
160 184
160 186
160 188
160 190
160 192
160 194
160 196
160 198
160 200
160 202
160 204
160 206
160 208
160 210
160 212
160 214
160 216
160 218
160 220
160 222
160 224
160 226
160 240
160 242
160 244
161 163
161 165
161 167
161 169
161 171
161 173
161 175
161 177
161 179
161 181
161 183
161 185
161 187
161 189
161 191
161 193
161 195
161 197
161 201
161 203
161 205
161 207
161 209
161 219
161 221
161 227
161 229
161 231
161 233
161 235
161 237
162 164
162 166
162 168
162 170
162 172
162 174
162 176
162 178
162 180
162 182
162 184
162 186
162 188
162 190
162 192
162 194
162 196
162 198
162 200
162 202
162 204
162 206
162 208
162 210
162 212
162 214
162 216
162 218
162 220
162 222
162 224
162 226
162 228
162 230
162 232
162 234
162 236
162 238
162 240
162 242
162 244
163 165
163 167
163 169
163 171
163 173
163 175
163 177
163 179
163 181
163 183
163 185
163 187
163 189
163 191
163 193
163 195
163 197
163 199
163 201
163 203
163 205
163 207
163 209
163 211
163 219
163 221
163 227
163 229
163 231
163 233
163 235
163 237
163 239
164 166
164 168
164 170
164 172
164 174
164 176
164 178
164 180
164 182
164 184
164 186
164 188
164 190
164 192
164 194
164 196
164 198
164 200
164 202
164 204
164 206
164 208
164 210
164 212
164 214
164 216
164 218
164 220
164 222
164 224
164 226
164 228
164 230
164 232
164 234
164 236
164 238
164 240
164 242
164 244
165 167
165 169
165 171
165 173
165 175
165 177
165 179
165 181
165 183
165 185
165 187
165 189
165 191
165 193
165 195
165 197
165 199
165 201
165 203
165 205
165 207
165 209
165 211
165 219
165 221
165 227
165 229
165 231
165 233
165 235
165 237
165 239
166 168
166 170
166 172
166 174
166 176
166 178
166 180
166 182
166 184
166 186
166 188
166 190
166 192
166 194
166 196
166 198
166 200
166 202
166 204
166 206
166 208
166 210
166 212
166 214
166 216
166 218
166 220
166 222
166 224
166 226
166 228
166 230
166 232
166 234
166 236
166 238
166 240
166 242
166 244
167 169
167 171
167 173
167 175
167 177
167 179
167 181
167 183
167 185
167 187
167 189
167 191
167 193
167 195
167 197
167 199
167 201
167 203
167 205
167 207
167 209
167 211
167 219
167 221
167 227
167 229
167 231
167 233
167 235
167 237
167 239
168 170
168 172
168 174
168 176
168 178
168 180
168 182
168 184
168 186
168 188
168 190
168 192
168 194
168 196
168 198
168 200
168 202
168 204
168 206
168 208
168 210
168 212
168 214
168 216
168 218
168 220
168 222
168 224
168 226
168 228
168 230
168 232
168 234
168 236
168 238
168 240
168 242
168 244
169 171
169 173
169 175
169 177
169 179
169 181
169 183
169 185
169 187
169 189
169 191
169 193
169 195
169 197
169 199
169 201
169 203
169 205
169 207
169 209
169 211
169 219
169 221
169 227
169 229
169 231
169 233
169 235
169 237
169 239
170 172
170 174
170 176
170 178
170 180
170 182
170 184
170 186
170 188
170 190
170 192
170 194
170 196
170 198
170 200
170 202
170 204
170 206
170 208
170 210
170 212
170 214
170 216
170 218
170 220
170 222
170 224
170 226
170 228
170 230
170 232
170 234
170 236
170 238
170 240
170 242
170 244
171 173
171 175
171 177
171 179
171 181
171 183
171 185
171 187
171 189
171 191
171 193
171 195
171 197
171 199
171 201
171 203
171 205
171 207
171 209
171 211
171 219
171 221
171 227
171 229
171 231
171 233
171 235
171 237
171 239
172 174
172 176
172 178
172 180
172 182
172 184
172 186
172 188
172 190
172 192
172 194
172 196
172 198
172 200
172 202
172 204
172 206
172 208
172 210
172 212
172 214
172 216
172 218
172 220
172 222
172 224
172 226
172 228
172 230
172 232
172 234
172 236
172 238
172 240
172 242
172 244
173 175
173 177
173 179
173 181
173 183
173 185
173 187
173 189
173 191
173 193
173 195
173 197
173 199
173 201
173 203
173 205
173 207
173 209
173 211
173 219
173 221
173 227
173 229
173 231
173 233
173 235
173 237
173 239
174 176
174 178
174 180
174 182
174 184
174 186
174 188
174 190
174 192
174 194
174 196
174 198
174 200
174 202
174 204
174 206
174 208
174 210
174 212
174 214
174 216
174 222
174 224
174 242
174 244
175 177
175 179
175 181
175 183
175 185
175 187
175 189
175 191
175 193
175 195
175 197
175 199
175 201
175 203
175 205
175 207
175 209
175 211
175 219
175 221
175 227
175 229
175 231
175 233
175 235
175 237
175 239
175 241
175 243
175 245
176 178
176 180
176 182
176 184
176 186
176 188
176 190
176 192
176 194
176 196
176 198
176 200
176 202
176 204
176 206
176 208
176 210
176 212
176 214
176 216
176 218
176 220
176 222
176 224
176 226
176 228
176 230
176 232
176 234
176 236
176 238
176 240
176 242
176 244
177 179
177 181
177 183
177 185
177 187
177 189
177 191
177 193
177 195
177 197
177 199
177 201
177 203
177 205
177 207
177 209
177 211
177 219
177 221
177 227
177 229
177 231
177 233
177 235
177 237
177 239
177 241
178 180
178 182
178 184
178 186
178 188
178 190
178 192
178 194
178 196
178 198
178 200
178 202
178 204
178 206
178 208
178 210
178 212
178 214
178 216
178 218
178 220
178 222
178 224
178 226
178 228
178 230
178 232
178 234
178 236
178 238
178 240
178 242
178 244
179 181
179 183
179 185
179 187
179 189
179 191
179 193
179 195
179 197
179 199
179 201
179 203
179 205
179 207
179 209
179 211
179 219
179 221
179 227
179 229
179 231
179 233
179 235
179 237
179 239
179 241
180 182
180 184
180 186
180 188
180 190
180 192
180 194
180 196
180 198
180 200
180 202
180 204
180 206
180 208
180 210
180 212
180 214
180 216
180 218
180 220
180 222
180 224
180 226
180 228
180 230
180 232
180 234
180 236
180 238
180 240
180 242
180 244
181 183
181 185
181 187
181 189
181 191
181 193
181 195
181 197
181 199
181 201
181 203
181 205
181 207
181 209
181 211
181 219
181 221
181 227
181 229
181 231
181 233
181 235
181 237
181 239
181 241
182 184
182 186
182 188
182 190
182 192
182 194
182 196
182 198
182 200
182 202
182 204
182 206
182 208
182 210
182 212
182 214
182 216
182 218
182 220
182 222
182 224
182 226
182 228
182 230
182 232
182 234
182 236
182 238
182 240
182 242
182 244
183 185
183 187
183 189
183 191
183 193
183 195
183 197
183 199
183 201
183 203
183 205
183 207
183 209
183 211
183 219
183 221
183 227
183 229
183 231
183 233
183 235
183 237
183 239
183 241
184 186
184 188
184 190
184 192
184 194
184 196
184 198
184 200
184 202
184 204
184 206
184 208
184 210
184 212
184 214
184 216
184 218
184 220
184 222
184 224
184 226
184 228
184 230
184 232
184 234
184 236
184 238
184 240
184 242
184 244
185 187
185 189
185 191
185 193
185 195
185 197
185 199
185 201
185 203
185 205
185 207
185 209
185 211
185 219
185 221
185 227
185 229
185 231
185 233
185 235
185 237
185 239
185 241
186 188
186 190
186 192
186 194
186 196
186 198
186 200
186 202
186 204
186 206
186 208
186 210
186 212
186 214
186 216
186 218
186 220
186 222
186 224
186 226
186 228
186 230
186 232
186 234
186 236
186 238
186 240
186 242
186 244
187 189
187 191
187 193
187 195
187 197
187 199
187 201
187 203
187 205
187 207
187 209
187 211
187 213
187 219
187 221
187 227
187 229
187 231
187 233
187 235
187 237
187 239
187 241
188 190
188 192
188 194
188 196
188 198
188 200
188 202
188 204
188 206
188 208
188 210
188 212
188 214
188 216
188 218
188 220
188 222
188 224
188 226
188 228
188 230
188 232
188 234
188 236
188 238
188 240
188 242
188 244
189 191
189 193
189 195
189 197
189 199
189 201
189 203
189 205
189 207
189 209
189 211
189 213
189 219
189 221
189 227
189 229
189 231
189 233
189 235
189 237
189 239
189 241
190 192
190 194
190 196
190 198
190 200
190 202
190 204
190 206
190 208
190 210
190 212
190 214
190 216
190 218
190 220
190 222
190 224
190 226
190 228
190 230
190 232
190 234
190 236
190 238
190 240
190 242
190 244
191 193
191 195
191 197
191 199
191 201
191 203
191 205
191 207
191 209
191 211
191 213
191 219
191 221
191 227
191 229
191 231
191 233
191 235
191 237
191 239
191 241
192 194
192 196
192 198
192 200
192 202
192 204
192 206
192 208
192 210
192 212
192 214
192 216
192 218
192 220
192 222
192 224
192 226
192 244
193 195
193 197
193 199
193 201
193 203
193 205
193 207
193 209
193 211
193 213
193 219
193 221
193 227
193 229
193 231
193 233
193 235
193 237
193 239
193 241
194 196
194 198
194 200
194 202
194 204
194 206
194 208
194 210
194 212
194 214
194 216
194 218
194 220
194 222
194 224
194 226
194 228
194 230
194 232
194 234
194 236
194 238
194 240
194 242
194 244
195 197
195 199
195 201
195 203
195 205
195 207
195 209
195 211
195 213
195 215
195 219
195 221
195 223
195 227
195 229
195 231
195 233
195 235
195 237
195 239
195 241
195 243
196 198
196 200
196 202
196 204
196 206
196 208
196 210
196 212
196 214
196 216
196 218
196 220
196 222
196 224
196 226
196 228
196 230
196 232
196 234
196 236
196 238
196 240
196 242
196 244
197 199
197 201
197 203
197 205
197 207
197 209
197 211
197 213
197 215
197 219
197 221
197 223
197 227
197 229
197 231
197 233
197 235
197 237
197 239
197 241
197 243
198 200
198 202
198 204
198 206
198 208
198 210
198 212
198 214
198 216
198 218
198 220
198 222
198 224
198 226
198 228
198 230
198 232
198 234
198 236
198 238
198 240
198 242
198 244
199 201
199 203
199 205
199 207
199 209
199 211
199 213
199 215
199 219
199 221
199 223
199 227
199 229
199 231
199 233
199 235
199 237
199 239
199 241
199 243
200 202
200 204
200 206
200 208
200 210
200 212
200 214
200 216
201 203
201 205
201 207
201 209
201 211
201 213
201 215
201 219
201 221
201 223
201 227
201 229
201 231
201 233
201 235
201 237
201 239
201 241
201 243
201 245
202 204
202 206
202 208
202 210
202 212
202 214
202 216
202 218
202 220
202 222
202 224
202 226
202 228
202 230
202 232
202 234
202 236
202 238
202 240
202 242
202 244
203 205
203 207
203 209
203 211
203 213
203 215
203 217
203 219
203 221
203 223
203 225
203 227
203 229
203 231
203 233
203 235
203 237
203 239
203 241
203 243
203 245
204 206
204 208
204 210
204 212
204 214
204 216
204 218
204 220
204 222
204 224
204 226
204 228
204 230
204 232
204 234
204 236
204 238
204 240
204 242
204 244
205 207
205 209
205 211
205 213
205 215
205 217
205 219
205 221
205 223
205 225
205 227
205 229
205 231
205 233
205 235
205 237
205 239
205 241
205 243
205 245
206 208
206 210
206 212
206 214
206 216
206 218
206 220
206 222
206 224
206 226
206 228
206 230
206 232
206 234
206 236
206 238
206 240
206 242
206 244
207 209
207 211
207 213
207 215
207 217
207 219
207 221
207 223
207 225
207 227
207 229
207 231
207 233
207 235
207 237
207 239
207 241
207 243
207 245
208 210
208 212
208 214
208 216
208 218
208 220
208 222
208 224
208 226
208 228
208 230
208 232
208 234
208 236
208 238
208 240
208 242
208 244
209 211
209 213
209 215
209 217
209 219
209 221
209 223
209 225
209 227
209 229
209 231
209 233
209 235
209 237
209 239
209 241
209 243
209 245
210 212
210 214
210 216
210 218
210 220
210 222
210 224
210 226
210 228
210 230
210 232
210 234
210 236
210 238
210 240
210 242
210 244
211 213
211 215
211 217
211 219
211 221
211 223
211 225
211 227
211 229
211 231
211 233
211 235
211 237
211 239
211 241
211 243
211 245
212 214
212 216
212 218
212 220
212 222
212 224
212 226
212 228
212 230
212 232
212 234
212 236
212 238
212 240
212 242
212 244
213 215
213 217
213 219
213 221
213 223
213 225
213 227
213 229
213 231
213 233
213 235
213 237
213 239
213 241
213 243
213 245
214 216
214 218
214 220
214 222
214 224
214 226
214 228
214 230
214 232
214 234
214 236
214 238
214 240
214 242
214 244
215 217
215 219
215 221
215 223
215 225
215 227
215 229
215 231
215 233
215 235
215 237
215 239
215 241
215 243
215 245
216 218
216 220
216 222
216 224
216 226
216 228
216 230
216 232
216 234
216 236
216 238
216 240
216 242
216 244
217 219
217 221
217 223
217 225
217 227
217 229
217 231
217 233
217 235
217 237
217 239
217 241
217 243
217 245
218 220
218 222
218 224
218 226
218 228
218 230
218 232
218 234
218 236
218 238
218 240
218 242
218 244
219 221
219 223
219 225
219 227
219 229
219 231
219 233
219 235
219 237
219 239
219 241
219 243
219 245
220 222
220 224
220 226
220 228
220 230
220 232
220 234
220 236
220 238
220 240
220 242
220 244
221 223
221 225
221 227
221 229
221 231
221 233
221 235
221 237
221 239
221 241
221 243
221 245
222 224
222 226
222 228
222 230
222 232
222 234
222 236
222 238
222 240
222 242
222 244
223 225
223 227
223 229
223 231
223 233
223 235
223 237
223 239
223 241
223 243
223 245
224 226
224 228
224 230
224 232
224 234
224 236
224 238
224 240
224 242
224 244
225 227
225 229
225 231
225 233
225 235
225 237
225 239
225 241
225 243
225 245
227 229
227 231
227 233
227 235
227 237
227 239
227 241
227 243
227 245
228 230
228 232
228 234
228 236
228 238
228 240
228 242
228 244
229 231
229 233
229 235
229 237
229 239
229 241
229 243
229 245
230 232
230 234
230 236
230 238
230 240
230 242
230 244
231 233
231 235
231 237
231 239
231 241
231 243
231 245
232 234
232 236
232 238
232 240
232 242
232 244
233 235
233 237
233 239
233 241
233 243
233 245
234 236
234 238
234 240
234 242
234 244
235 237
235 239
235 241
235 243
235 245
236 238
236 240
236 242
236 244
237 239
237 241
237 243
237 245
238 240
238 242
238 244
239 241
239 243
239 245
240 242
240 244
241 243
241 245
242 244
243 245
0 1
2 3
4 5
6 7
8 9
10 11
12 13
14 15
16 17
18 19
20 21
22 23
24 25
26 27
28 29
30 31
32 33
34 35
36 37
38 39
40 41
42 43
44 45
46 47
48 49
50 51
52 53
54 55
56 57
58 59
60 61
62 63
64 65
66 67
68 69
70 71
72 73
74 75
76 77
78 79
80 81
82 83
84 85
86 87
88 89
90 91
92 93
94 95
96 97
98 99
100 101
102 103
104 105
106 107
108 109
110 111
112 113
114 115
116 117
118 119
120 121
122 123
124 125
126 127
128 129
130 131
132 133
134 135
136 137
138 139
140 141
142 143
144 145
146 147
148 149
150 151
152 153
154 155
156 157
158 159
160 161
162 163
164 165
166 167
168 169
170 171
172 173
174 175
176 177
178 179
180 181
182 183
184 185
186 187
188 189
190 191
192 193
194 195
196 197
198 199
200 201
202 203
204 205
206 207
208 209
210 211
212 213
214 215
216 217
218 219
220 221
222 223
224 225
226 227
228 229
230 231
232 233
234 235
236 237
238 239
240 241
242 243
244 245
