38
268
19
0 2
0 4
0 6
0 8
0 10
0 12
0 14
0 16
0 18
0 20
0 22
0 24
0 26
0 28
0 30
0 32
0 34
0 36
1 3
1 5
1 7
1 9
1 11
1 17
1 19
1 21
1 25
1 29
1 33
1 35
1 37
2 4
2 6
2 12
2 14
2 22
2 26
2 30
2 32
2 34
2 36
3 5
3 7
3 9
3 11
3 13
3 15
3 17
3 19
3 21
3 23
3 25
3 27
3 29
3 31
3 33
3 35
3 37
4 6
4 8
4 10
4 12
4 14
4 16
4 18
4 20
4 22
4 24
4 26
4 28
4 30
4 32
4 34
4 36
5 7
5 9
5 11
5 17
5 19
5 21
5 25
5 29
5 33
5 35
5 37
6 8
6 10
6 12
6 14
6 16
6 18
6 20
6 22
6 24
6 26
6 28
6 30
6 32
6 34
6 36
7 9
7 11
7 17
7 19
7 21
7 25
7 29
8 10
8 14
8 22
8 26
8 30
8 36
9 11
9 13
9 17
9 19
9 21
9 23
9 25
9 27
9 29
9 31
9 33
9 35
9 37
10 12
10 14
10 16
10 18
10 20
10 22
10 24
10 26
10 28
10 30
10 36
11 13
11 17
11 19
11 21
11 25
11 29
11 33
11 35
11 37
12 14
12 16
12 18
12 20
12 22
12 24
12 26
12 28
12 30
12 32
12 34
12 36
13 15
13 17
13 19
13 21
13 25
13 29
13 33
13 35
14 16
14 18
14 20
14 22
14 24
14 26
14 28
14 30
14 32
14 34
14 36
15 17
15 19
15 21
15 25
15 29
15 33
15 35
16 18
16 20
16 22
16 24
16 26
16 28
16 30
16 36
17 19
17 21
17 25
17 29
17 33
17 35
17 37
18 20
18 22
18 24
18 26
18 30
19 21
19 25
19 27
19 29
19 31
19 33
19 35
19 37
20 22
20 24
20 26
20 30
21 25
21 29
21 31
21 33
21 35
21 37
22 24
22 26
22 28
22 30
22 32
22 34
22 36
23 25
23 29
23 33
23 35
23 37
24 26
24 28
24 30
25 29
25 33
25 35
25 37
26 28
26 30
26 32
26 34
26 36
27 29
27 31
27 33
27 35
27 37
28 30
29 31
29 33
29 35
29 37
30 32
30 34
30 36
31 33
31 35
31 37
32 34
32 36
33 35
33 37
34 36
35 37
0 1
2 3
4 5
6 7
8 9
10 11
12 13
14 15
16 17
18 19
20 21
22 23
24 25
26 27
28 29
30 31
32 33
34 35
36 37
