52
543
26
0 2
0 4
0 6
0 8
0 10
0 12
0 14
0 16
0 18
0 20
0 22
0 24
0 26
0 28
0 30
0 32
0 34
0 36
0 38
0 40
0 42
0 44
0 46
0 48
0 50
1 3
1 5
1 7
1 9
1 11
1 13
1 15
1 17
1 19
1 21
1 27
1 29
1 33
1 37
1 47
1 49
1 51
2 4
2 6
2 38
2 40
2 42
2 44
2 46
2 48
2 50
3 5
3 7
3 9
3 11
3 13
3 15
3 17
3 19
3 21
3 23
3 25
3 27
3 29
3 31
3 33
3 35
3 37
3 39
3 41
3 43
3 45
3 47
3 49
3 51
4 6
4 8
4 10
4 12
4 14
4 16
4 18
4 20
4 22
4 24
4 26
4 28
4 38
4 40
4 42
4 44
4 46
4 48
4 50
5 7
5 9
5 11
5 13
5 15
5 17
5 19
5 21
5 23
5 27
5 29
5 33
5 35
5 37
5 39
5 41
5 43
5 45
5 47
5 49
5 51
6 8
6 10
6 12
6 14
6 16
6 18
6 20
6 22
6 24
6 26
6 28
6 30
6 32
6 34
6 36
6 38
6 40
6 42
6 44
6 48
6 50
7 9
7 11
7 13
7 15
7 17
7 19
7 21
7 23
7 25
7 27
7 29
7 31
7 33
7 35
7 37
7 51
8 10
8 12
8 14
8 16
8 18
8 20
8 22
8 24
8 26
8 28
8 38
8 44
8 48
8 50
9 11
9 13
9 15
9 17
9 19
9 21
9 23
9 25
9 27
9 29
9 31
9 33
9 35
9 37
9 39
9 41
9 43
9 45
9 47
9 49
9 51
10 12
10 14
10 16
10 18
10 20
10 22
10 24
10 26
10 28
10 30
10 32
10 34
10 36
10 38
10 40
10 42
10 44
10 48
10 50
11 13
11 15
11 17
11 19
11 21
11 23
11 25
11 27
11 29
11 31
11 33
11 35
11 37
11 43
11 47
11 51
12 14
12 16
12 18
12 20
12 22
12 24
12 26
12 28
12 38
12 44
12 48
12 50
13 15
13 17
13 19
13 21
13 23
13 25
13 27
13 29
13 31
13 33
13 35
13 37
13 39
13 41
13 43
13 45
13 47
13 49
13 51
14 16
14 18
14 20
14 22
14 24
14 26
14 28
14 30
14 32
14 34
14 36
14 38
14 40
14 42
14 44
14 48
14 50
15 17
15 19
15 21
15 23
15 25
15 27
15 29
15 31
15 33
15 35
15 37
15 41
15 43
15 47
15 51
16 18
16 20
16 22
16 24
16 26
16 28
16 38
16 44
16 48
16 50
17 19
17 21
17 23
17 25
17 27
17 29
17 31
17 33
17 35
17 37
17 39
17 41
17 43
17 45
17 47
17 49
17 51
18 20
18 22
18 24
18 26
18 28
18 30
18 32
18 34
18 36
18 38
18 44
18 48
18 50
19 21
19 23
19 25
19 27
19 29
19 31
19 33
19 35
19 37
19 41
19 43
19 45
19 47
19 49
19 51
20 22
20 24
20 26
20 28
20 30
20 32
20 34
20 36
20 38
20 40
20 42
20 44
20 46
20 48
20 50
21 23
21 25
21 27
21 29
21 31
21 33
21 35
21 37
21 41
21 43
21 47
22 24
22 26
22 28
22 30
22 32
22 34
22 36
22 38
22 40
22 42
22 44
22 46
22 48
22 50
23 25
23 27
23 29
23 31
23 33
23 35
23 37
23 41
23 43
23 47
24 26
24 28
24 30
24 32
24 34
24 36
24 38
24 40
24 42
24 44
24 46
24 48
24 50
25 27
25 29
25 31
25 33
25 35
25 37
25 41
25 43
25 47
26 28
26 44
26 48
26 50
27 29
27 31
27 33
27 35
27 37
27 39
27 41
27 43
27 45
27 47
27 49
27 51
28 30
28 32
28 34
28 36
28 38
28 40
28 44
28 48
28 50
29 31
29 33
29 35
29 37
29 41
29 43
29 47
29 49
29 51
30 32
30 34
30 36
30 38
30 40
30 42
30 44
30 46
30 48
30 50
31 33
31 35
31 37
31 39
31 41
31 43
31 47
32 34
32 36
32 38
32 40
32 42
32 44
32 48
33 35
33 37
33 39
33 41
33 43
33 47
33 51
34 36
34 38
34 40
34 42
34 44
34 46
34 48
34 50
35 37
35 39
35 41
35 43
35 45
35 47
35 51
36 38
36 40
36 42
36 44
36 48
37 39
37 41
37 43
37 45
37 47
37 51
38 40
38 42
38 44
38 46
38 48
38 50
39 41
39 43
39 45
39 47
39 51
40 42
40 44
40 46
40 48
40 50
41 43
41 45
41 47
41 51
42 44
42 46
42 48
42 50
43 45
43 47
43 49
43 51
44 46
44 48
44 50
45 47
45 49
45 51
46 48
46 50
47 49
47 51
48 50
49 51
0 1
2 3
4 5
6 7
8 9
10 11
12 13
14 15
16 17
18 19
20 21
22 23
24 25
26 27
28 29
30 31
32 33
34 35
36 37
38 39
40 41
42 43
44 45
46 47
48 49
50 51
