90
1597
45
0 1
0 3
0 5
0 8
0 11
0 15
0 17
0 18
0 19
0 21
0 22
0 24
0 25
0 27
0 29
0 30
0 31
0 34
0 37
0 39
0 41
0 42
0 44
0 45
0 48
0 52
0 53
0 54
0 55
0 58
0 59
0 60
0 62
0 65
0 66
0 67
0 69
0 71
0 72
0 75
0 77
0 78
0 79
0 80
0 86
0 88
1 2
1 8
1 10
1 17
1 18
1 20
1 22
1 23
1 25
1 27
1 30
1 31
1 34
1 38
1 40
1 44
1 45
1 46
1 48
1 51
1 54
1 60
1 62
1 65
1 67
1 68
1 78
1 83
1 84
1 89
2 5
2 6
2 7
2 8
2 11
2 12
2 15
2 17
2 18
2 20
2 23
2 25
2 29
2 35
2 36
2 37
2 44
2 45
2 47
2 51
2 56
2 57
2 58
2 59
2 63
2 65
2 67
2 70
2 71
2 72
2 73
2 75
2 77
2 78
2 82
2 83
2 87
2 88
3 5
3 6
3 7
3 8
3 9
3 11
3 16
3 17
3 18
3 20
3 21
3 24
3 27
3 28
3 29
3 34
3 36
3 41
3 45
3 48
3 50
3 51
3 52
3 57
3 59
3 60
3 64
3 65
3 66
3 72
3 77
3 78
3 80
3 81
3 85
3 88
3 89
4 5
4 9
4 14
4 21
4 23
4 24
4 28
4 30
4 31
4 33
4 34
4 38
4 39
4 41
4 42
4 43
4 44
4 45
4 47
4 49
4 52
4 60
4 61
4 66
4 67
4 68
4 73
4 74
4 76
4 78
4 79
4 81
4 82
4 84
4 85
4 86
5 7
5 8
5 9
5 15
5 16
5 18
5 22
5 23
5 24
5 26
5 27
5 29
5 34
5 38
5 41
5 42
5 43
5 45
5 46
5 51
5 55
5 61
5 64
5 67
5 68
5 72
5 75
5 76
5 78
5 80
5 85
5 88
6 9
6 12
6 13
6 18
6 20
6 22
6 24
6 26
6 30
6 32
6 35
6 36
6 38
6 43
6 45
6 46
6 48
6 50
6 52
6 55
6 56
6 61
6 62
6 64
6 65
6 66
6 67
6 68
6 72
6 74
6 75
6 78
6 79
6 81
6 84
6 87
6 88
7 9
7 10
7 18
7 19
7 24
7 25
7 26
7 30
7 33
7 35
7 36
7 41
7 43
7 44
7 49
7 52
7 53
7 55
7 58
7 63
7 64
7 67
7 68
7 74
7 75
7 79
7 81
7 83
7 85
7 87
7 88
7 89
8 11
8 12
8 13
8 15
8 16
8 19
8 20
8 21
8 24
8 27
8 28
8 29
8 34
8 35
8 38
8 41
8 42
8 43
8 45
8 49
8 53
8 59
8 62
8 64
8 65
8 70
8 72
8 73
8 74
8 79
8 82
8 84
8 86
9 10
9 11
9 17
9 18
9 20
9 21
9 30
9 31
9 32
9 36
9 37
9 38
9 39
9 44
9 49
9 50
9 51
9 52
9 53
9 54
9 55
9 57
9 60
9 66
9 69
9 73
9 78
9 82
9 84
9 87
10 15
10 17
10 18
10 19
10 20
10 21
10 23
10 24
10 29
10 31
10 33
10 34
10 36
10 38
10 39
10 41
10 44
10 45
10 46
10 49
10 51
10 53
10 54
10 55
10 58
10 63
10 66
10 71
10 72
10 75
10 77
10 78
10 81
10 83
10 85
11 12
11 13
11 14
11 15
11 16
11 17
11 19
11 22
11 23
11 24
11 28
11 29
11 30
11 33
11 34
11 38
11 40
11 42
11 43
11 44
11 45
11 47
11 50
11 51
11 52
11 54
11 59
11 60
11 65
11 67
11 69
11 70
11 71
11 79
11 80
11 82
11 83
11 84
11 85
11 89
12 18
12 20
12 21
12 22
12 24
12 25
12 26
12 28
12 31
12 35
12 36
12 37
12 39
12 41
12 44
12 47
12 48
12 50
12 56
12 59
12 61
12 65
12 66
12 67
12 78
12 83
12 85
13 17
13 24
13 25
13 30
13 32
13 41
13 42
13 44
13 45
13 47
13 48
13 49
13 51
13 54
13 57
13 63
13 64
13 65
13 66
13 69
13 70
13 71
13 73
13 74
13 78
13 79
13 80
13 83
13 84
13 87
13 88
14 16
14 17
14 18
14 20
14 22
14 24
14 26
14 33
14 34
14 36
14 38
14 39
14 41
14 42
14 45
14 46
14 51
14 52
14 53
14 54
14 60
14 63
14 64
14 66
14 67
14 68
14 69
14 70
14 72
14 73
14 74
14 82
14 86
14 87
15 18
15 19
15 21
15 22
15 24
15 26
15 27
15 31
15 32
15 35
15 37
15 39
15 42
15 46
15 50
15 51
15 54
15 61
15 66
15 67
15 73
15 75
15 83
15 87
15 89
16 20
16 24
16 26
16 33
16 34
16 37
16 38
16 42
16 44
16 49
16 52
16 56
16 62
16 65
16 69
16 75
16 77
16 83
16 84
16 85
16 87
16 88
16 89
17 18
17 20
17 23
17 24
17 26
17 27
17 30
17 35
17 36
17 39
17 41
17 42
17 43
17 48
17 49
17 52
17 53
17 54
17 56
17 64
17 67
17 69
17 70
17 76
17 77
17 78
17 80
17 81
17 83
17 85
17 87
17 88
18 21
18 23
18 24
18 27
18 29
18 32
18 41
18 44
18 45
18 47
18 48
18 50
18 52
18 53
18 55
18 58
18 60
18 61
18 65
18 67
18 68
18 69
18 75
18 77
18 79
18 81
18 83
18 86
19 21
19 23
19 28
19 34
19 38
19 40
19 42
19 47
19 48
19 49
19 57
19 60
19 61
19 64
19 67
19 68
19 69
19 70
19 71
19 76
19 77
19 78
19 82
19 83
19 84
19 86
19 89
20 21
20 22
20 27
20 31
20 34
20 35
20 37
20 41
20 42
20 46
20 51
20 53
20 54
20 55
20 58
20 60
20 64
20 65
20 66
20 67
20 69
20 72
20 73
20 75
20 76
20 77
20 81
20 84
20 86
21 22
21 28
21 31
21 34
21 36
21 37
21 41
21 42
21 43
21 44
21 45
21 47
21 50
21 52
21 55
21 56
21 57
21 60
21 63
21 67
21 72
21 75
21 80
21 82
21 87
22 23
22 26
22 29
22 30
22 32
22 33
22 35
22 36
22 38
22 39
22 44
22 45
22 47
22 48
22 49
22 50
22 53
22 57
22 59
22 62
22 63
22 68
22 69
22 70
22 71
22 74
22 79
22 80
22 81
22 82
22 84
22 85
23 26
23 27
23 28
23 29
23 31
23 33
23 37
23 38
23 42
23 44
23 45
23 48
23 49
23 53
23 54
23 58
23 60
23 61
23 67
23 71
23 73
23 76
23 77
23 79
23 85
23 86
23 88
23 89
24 25
24 26
24 27
24 29
24 32
24 36
24 38
24 39
24 42
24 48
24 50
24 52
24 55
24 56
24 57
24 58
24 63
24 64
24 67
24 68
24 71
24 72
24 74
24 75
24 76
24 77
24 81
24 84
24 88
25 26
25 28
25 29
25 31
25 34
25 39
25 40
25 41
25 42
25 47
25 51
25 52
25 53
25 54
25 55
25 57
25 58
25 60
25 65
25 66
25 69
25 72
25 79
25 83
25 89
26 27
26 28
26 30
26 32
26 33
26 37
26 38
26 39
26 44
26 45
26 46
26 47
26 52
26 54
26 56
26 57
26 58
26 59
26 72
26 73
26 74
26 75
26 76
26 78
26 81
26 87
26 89
27 29
27 30
27 32
27 34
27 37
27 38
27 39
27 45
27 47
27 48
27 50
27 51
27 52
27 56
27 59
27 60
27 63
27 64
27 67
27 69
27 71
27 72
27 78
27 89
28 30
28 32
28 33
28 37
28 39
28 41
28 49
28 54
28 55
28 59
28 60
28 63
28 69
28 71
28 72
28 77
28 80
28 82
28 85
28 86
29 32
29 34
29 35
29 36
29 41
29 42
29 44
29 45
29 46
29 48
29 53
29 55
29 58
29 59
29 60
29 65
29 66
29 67
29 71
29 72
29 74
29 75
29 79
29 84
30 32
30 33
30 34
30 35
30 36
30 38
30 42
30 43
30 48
30 59
30 61
30 62
30 65
30 66
30 72
30 74
30 77
30 81
30 84
30 85
30 86
31 32
31 34
31 35
31 37
31 40
31 42
31 44
31 46
31 47
31 50
31 51
31 52
31 54
31 55
31 57
31 62
31 63
31 65
31 66
31 67
31 68
31 71
31 72
31 74
31 75
31 77
31 78
31 82
31 84
32 41
32 44
32 52
32 53
32 62
32 63
32 71
32 72
32 74
32 77
32 78
32 80
32 81
32 84
32 85
32 89
33 34
33 37
33 38
33 41
33 43
33 44
33 45
33 46
33 47
33 48
33 51
33 52
33 53
33 54
33 55
33 56
33 59
33 61
33 62
33 68
33 70
33 72
33 73
33 75
33 76
33 78
33 81
33 82
33 84
33 88
33 89
34 39
34 45
34 47
34 50
34 51
34 54
34 57
34 58
34 60
34 62
34 63
34 70
34 74
34 75
34 76
34 77
34 79
34 83
34 85
34 87
35 36
35 38
35 41
35 44
35 47
35 49
35 52
35 53
35 56
35 57
35 61
35 62
35 65
35 66
35 73
35 78
35 80
35 83
35 85
35 86
36 37
36 38
36 39
36 41
36 42
36 47
36 50
36 53
36 54
36 57
36 59
36 61
36 69
36 72
36 75
36 77
36 80
36 83
36 84
36 87
37 51
37 54
37 57
37 58
37 60
37 61
37 66
37 68
37 71
37 72
37 73
37 74
37 80
37 81
37 82
37 84
37 85
37 88
38 41
38 42
38 45
38 49
38 50
38 51
38 55
38 57
38 59
38 60
38 64
38 65
38 66
38 68
38 69
38 71
38 73
38 83
38 85
38 87
39 40
39 41
39 42
39 44
39 45
39 50
39 54
39 57
39 58
39 64
39 66
39 69
39 73
39 74
39 78
39 80
39 84
39 88
40 41
40 44
40 46
40 48
40 53
40 56
40 62
40 66
40 68
40 72
40 73
40 76
40 77
40 81
40 83
40 84
40 86
40 87
40 88
40 89
41 43
41 49
41 53
41 55
41 60
41 61
41 62
41 70
41 71
41 74
41 77
41 80
41 83
41 84
41 86
42 47
42 48
42 51
42 52
42 56
42 64
42 68
42 69
42 70
42 74
42 76
42 77
42 78
42 87
42 89
43 44
43 45
43 47
43 48
43 57
43 59
43 60
43 68
43 71
43 80
43 86
43 89
44 45
44 47
44 48
44 51
44 53
44 56
44 58
44 62
44 63
44 64
44 66
44 68
44 69
44 70
44 72
44 74
44 76
44 78
44 80
44 83
44 84
44 86
44 88
45 49
45 50
45 53
45 54
45 58
45 61
45 63
45 69
45 72
45 76
45 83
45 85
45 86
45 89
46 48
46 49
46 56
46 57
46 58
46 62
46 65
46 66
46 67
46 70
46 71
46 73
46 76
46 77
46 83
46 88
47 51
47 52
47 54
47 64
47 66
47 72
47 76
47 84
47 86
47 89
48 49
48 50
48 51
48 54
48 55
48 58
48 59
48 61
48 66
48 72
48 73
48 78
48 79
48 80
48 81
48 82
48 83
48 87
48 89
49 56
49 57
49 59
49 61
49 63
49 64
49 65
49 70
49 75
49 78
49 80
49 81
49 82
49 85
49 86
49 87
50 55
50 56
50 57
50 59
50 64
50 66
50 68
50 73
50 74
50 77
50 79
50 82
50 85
50 88
51 52
51 53
51 57
51 58
51 60
51 64
51 65
51 66
51 69
51 71
51 74
51 77
51 79
51 81
51 82
51 83
51 89
52 53
52 55
52 58
52 60
52 65
52 66
52 71
52 74
52 76
52 77
52 79
52 82
52 84
52 86
52 88
52 89
53 54
53 55
53 64
53 66
53 71
53 73
53 74
53 77
53 81
53 85
53 86
54 56
54 57
54 61
54 62
54 64
54 65
54 69
54 74
54 76
54 77
54 79
54 89
55 56
55 61
55 62
55 64
55 65
55 66
55 69
55 73
55 74
55 75
55 82
55 83
56 60
56 61
56 62
56 67
56 68
56 69
56 70
56 80
56 81
56 86
56 87
57 58
57 60
57 63
57 69
57 72
57 73
57 74
57 75
57 76
57 80
57 83
57 84
57 85
57 86
57 88
58 59
58 66
58 68
58 73
58 75
58 80
58 81
58 83
58 87
58 88
59 64
59 65
59 69
59 71
59 74
59 76
59 77
59 78
59 81
59 84
59 88
59 89
60 61
60 62
60 63
60 65
60 66
60 69
60 71
60 72
60 80
60 81
60 82
60 83
60 84
60 87
60 88
61 65
61 67
61 69
61 71
61 72
61 73
61 76
61 77
61 78
61 79
61 84
61 88
62 64
62 65
62 66
62 68
62 71
62 74
62 76
62 77
62 78
62 79
62 83
62 84
63 65
63 67
63 69
63 70
63 72
63 73
63 77
63 78
63 80
63 82
63 84
63 87
63 89
64 66
64 67
64 78
64 79
64 86
64 87
64 89
65 69
65 70
65 75
65 76
65 80
65 81
65 83
65 86
65 87
65 88
66 69
66 70
66 72
66 76
66 80
66 82
66 83
66 84
66 85
66 87
67 68
67 70
67 71
67 73
67 75
67 76
67 77
67 82
67 83
67 84
67 85
67 86
67 88
68 73
68 74
68 76
68 79
68 83
68 84
68 87
68 88
69 71
69 73
69 74
69 83
69 87
70 74
70 77
70 78
70 86
71 72
71 73
71 79
71 81
71 82
71 84
71 85
71 86
72 76
72 79
72 80
72 84
72 89
73 76
73 77
73 80
73 83
73 86
73 87
73 88
74 77
74 83
74 84
74 87
74 89
75 76
75 77
75 79
75 80
75 82
75 83
75 84
75 85
75 87
75 88
75 89
76 80
77 78
77 80
77 81
77 82
77 84
77 85
78 79
78 85
78 87
79 80
79 81
79 83
79 86
79 87
79 89
80 89
81 82
81 83
81 89
82 83
82 85
82 86
82 88
83 86
83 88
84 86
85 86
85 87
85 89
86 87
87 89
88 89
20 70
3 23
71 84
2 38
31 50
51 52
39 43
44 67
1 58
6 19
60 86
40 68
22 42
37 65
18 29
5 61
77 88
49 85
74 79
4 26
24 81
10 36
27 53
72 78
16 63
13 57
54 62
69 76
15 64
14 80
47 48
11 21
46 73
30 33
32 82
17 45
9 75
35 66
34 83
8 89
28 56
0 59
7 55
25 41
12 87
