90
391
45
0 8
0 43
0 47
0 49
0 50
0 53
0 56
0 75
1 9
1 12
1 35
1 36
1 52
1 57
1 71
2 21
2 26
2 28
2 32
2 43
2 47
2 50
2 51
2 62
2 63
2 68
2 79
2 85
2 86
2 88
3 6
3 14
3 15
3 30
3 35
3 53
3 54
3 56
3 70
3 80
3 82
4 10
4 30
4 32
4 63
5 9
5 23
5 50
5 51
5 54
5 55
5 62
5 73
5 80
5 88
6 9
6 10
6 24
6 30
6 43
6 48
6 53
6 62
6 70
6 81
6 87
7 11
7 30
7 35
7 40
7 41
7 60
7 77
7 79
8 22
8 59
8 65
8 68
8 88
9 51
9 62
9 66
9 80
9 86
10 25
10 34
10 40
10 89
11 27
11 44
11 49
11 51
11 58
11 65
11 67
11 73
11 85
12 13
12 15
12 25
12 26
12 34
12 41
12 44
12 49
12 63
12 71
12 82
12 88
12 89
13 30
13 52
13 77
13 86
14 20
14 35
14 66
14 82
15 24
15 26
15 32
15 51
15 68
15 70
16 33
16 37
16 41
16 53
16 73
16 75
16 78
16 89
17 20
17 24
17 26
17 51
17 88
18 29
18 52
18 58
18 64
18 77
18 82
19 41
19 53
19 57
19 67
19 78
19 89
20 26
20 31
20 56
20 73
20 78
20 86
21 25
21 36
21 41
21 53
21 75
21 81
21 82
21 84
22 23
22 25
22 29
22 47
22 51
22 54
22 56
22 67
23 30
23 40
23 54
23 59
23 60
23 70
23 72
23 84
23 89
24 25
24 29
24 34
24 36
24 42
24 56
24 67
24 79
24 81
24 84
24 87
25 53
25 63
25 74
25 76
25 80
26 32
26 44
26 62
27 33
27 43
27 49
27 60
27 68
27 82
28 44
28 49
28 51
28 52
28 53
29 46
29 60
29 64
29 72
29 88
30 50
30 53
30 62
30 69
30 71
30 75
30 76
30 82
30 83
30 84
31 32
31 40
32 56
32 57
32 61
32 66
32 72
32 86
32 88
33 61
33 75
33 83
33 87
34 42
34 43
34 46
35 43
35 60
35 61
35 64
35 67
35 78
36 76
36 88
37 43
37 55
37 65
37 89
38 52
38 57
38 66
38 73
38 78
38 80
38 88
39 45
39 51
39 53
39 54
39 64
39 72
40 43
40 46
40 54
40 64
40 80
40 86
40 88
41 44
41 50
41 56
41 60
41 64
41 77
41 78
42 51
42 61
42 75
43 61
43 88
44 48
45 52
45 53
45 56
45 74
45 79
45 89
46 67
46 87
47 49
47 66
47 67
47 70
47 75
47 77
47 84
48 56
48 61
48 63
48 67
48 74
48 77
48 83
49 54
49 57
49 63
49 66
49 71
49 74
49 89
50 70
50 74
50 77
50 82
50 86
50 89
51 66
51 86
52 55
52 59
52 75
52 78
53 54
53 69
53 84
54 56
54 63
54 68
54 71
54 77
54 79
54 81
54 88
55 60
55 62
55 67
55 85
55 88
56 58
56 69
56 88
57 69
57 78
57 82
57 85
58 64
58 70
58 73
58 79
59 60
59 70
60 61
60 72
62 63
62 64
62 65
62 76
63 81
63 85
63 86
64 69
64 76
64 78
65 72
66 83
66 87
67 68
67 88
68 74
68 89
69 83
69 87
70 77
70 81
70 87
72 76
72 84
73 77
73 85
74 83
74 84
75 77
77 82
79 83
81 86
81 88
3 8
29 73
52 57
36 67
42 56
5 70
37 40
32 63
77 89
38 60
23 39
17 45
24 76
21 35
30 81
10 44
51 75
41 48
1 12
6 64
80 86
28 85
43 55
9 53
15 50
7 16
59 78
49 65
18 22
47 74
62 68
2 14
4 66
0 87
13 25
11 88
72 79
31 34
27 71
26 54
20 83
33 82
19 84
58 61
46 69
