90
444
45
0 9
0 10
0 15
0 16
0 19
0 26
0 28
1 2
1 3
1 7
1 36
1 49
1 73
1 76
1 89
2 19
2 21
2 28
2 42
2 56
2 67
2 73
2 86
3 8
3 22
3 28
3 34
3 35
3 42
3 58
3 64
3 65
3 68
3 85
3 87
4 55
4 56
4 64
4 66
4 72
5 7
5 10
5 12
5 15
5 17
5 28
5 63
5 64
5 77
5 79
6 10
6 15
6 24
6 27
6 29
6 34
6 43
6 47
6 59
6 64
6 75
6 80
7 18
7 19
7 26
7 27
7 39
7 49
7 53
7 58
7 60
7 67
7 80
7 83
7 86
7 89
8 26
8 31
8 32
8 35
8 40
8 48
8 59
8 62
8 75
9 13
9 17
9 33
9 41
9 51
9 67
9 77
9 89
10 18
10 37
10 39
10 40
10 56
10 69
10 74
11 18
11 22
11 24
11 25
11 62
11 64
11 75
11 84
12 13
12 34
12 61
12 76
12 80
12 81
12 82
12 84
13 17
13 18
13 19
13 28
13 66
13 72
13 74
13 75
13 80
13 86
14 25
14 28
14 31
14 39
14 53
14 54
14 55
14 73
15 20
15 26
15 29
15 53
15 58
15 64
16 19
16 20
16 21
16 22
16 27
16 41
16 43
16 56
16 60
16 79
17 27
17 30
17 34
17 37
17 39
17 40
18 22
18 26
18 30
18 31
18 37
18 41
18 42
18 50
18 60
18 78
18 79
18 86
19 20
19 22
19 28
19 42
19 54
19 57
19 74
19 84
19 89
20 27
20 44
20 56
20 75
21 22
21 25
21 35
21 49
21 72
22 30
22 39
22 42
22 43
22 44
22 49
22 51
22 61
22 67
22 69
22 70
22 81
23 38
23 50
23 53
23 66
24 27
24 33
24 40
24 57
24 73
24 74
24 77
25 36
25 46
25 50
25 66
25 78
25 79
25 82
26 59
26 69
26 74
27 28
27 37
27 55
27 76
28 38
28 57
28 58
28 66
28 67
28 82
29 35
29 38
29 44
29 70
30 32
30 35
30 38
30 47
30 48
30 51
30 55
30 79
31 38
31 41
31 43
31 55
31 58
31 60
31 75
31 84
31 89
32 36
32 42
32 46
32 50
32 52
32 59
32 61
32 70
33 37
33 38
33 50
33 66
33 80
33 87
34 48
34 59
34 80
35 41
35 46
35 54
35 58
35 65
35 69
35 81
35 86
35 87
36 51
36 64
36 72
36 79
37 64
37 66
37 81
37 82
37 87
38 47
38 52
38 64
39 55
39 57
39 75
39 87
40 41
40 46
40 53
40 56
40 81
40 89
41 54
41 66
41 67
41 74
41 86
41 87
42 45
42 51
42 56
42 73
43 48
43 52
43 53
43 68
43 80
44 51
44 54
44 56
44 67
44 71
44 80
44 82
45 63
45 64
45 88
46 49
46 52
46 74
46 82
47 62
47 73
48 49
48 52
48 76
48 88
49 63
49 68
49 74
49 77
49 85
50 73
50 83
50 85
51 63
51 64
51 72
51 82
51 83
51 85
51 87
52 55
52 61
52 62
52 65
52 66
52 68
52 75
52 82
53 62
53 79
53 84
54 69
54 79
54 80
55 57
55 60
55 61
55 62
55 65
56 62
56 74
56 79
57 78
57 81
57 83
57 86
58 60
58 61
58 65
58 73
58 81
58 82
59 68
60 65
60 80
60 81
60 83
61 72
61 80
62 65
62 69
62 81
63 75
63 81
64 71
64 76
64 81
64 82
65 68
65 71
65 79
65 80
65 88
66 70
66 72
66 77
66 81
66 82
67 69
67 73
67 83
68 73
68 79
69 76
69 83
69 87
70 72
70 76
70 78
70 86
71 77
71 82
71 88
72 73
72 74
72 77
72 84
73 81
74 85
76 84
76 85
76 86
77 80
77 88
78 80
78 86
79 88
80 83
81 82
82 88
83 84
84 85
84 88
85 88
85 89
87 89
21 78
40 42
52 74
41 84
11 82
13 14
2 15
81 87
32 85
12 20
66 89
7 83
59 61
48 58
27 70
33 45
62 86
4 51
18 79
8 10
22 37
35 46
0 5
3 31
39 64
25 75
49 65
30 47
17 50
24 71
36 69
29 63
56 57
1 23
54 88
16 80
28 77
26 44
38 55
34 67
6 53
9 73
43 72
68 76
19 60
