100
3533
4
87
15
28
54
0 2
0 3
0 4
0 5
0 6
0 7
0 9
0 13
0 14
0 16
0 17
0 18
0 19
0 20
0 21
0 22
0 23
0 25
0 26
0 27
0 28
0 33
0 34
0 35
0 37
0 39
0 40
0 41
0 42
0 43
0 44
0 46
0 48
0 49
0 50
0 51
0 52
0 53
0 55
0 56
0 57
0 58
0 59
0 62
0 64
0 65
0 66
0 67
0 68
0 70
0 71
0 72
0 73
0 75
0 76
0 77
0 79
0 80
0 81
0 82
0 83
0 84
0 88
0 89
0 90
0 91
0 93
0 94
0 95
0 96
0 97
0 98
0 99
1 2
1 5
1 6
1 7
1 8
1 10
1 12
1 13
1 14
1 15
1 16
1 17
1 18
1 20
1 21
1 22
1 23
1 24
1 25
1 26
1 27
1 28
1 29
1 30
1 31
1 33
1 34
1 35
1 36
1 37
1 40
1 41
1 42
1 43
1 44
1 45
1 46
1 47
1 52
1 53
1 55
1 56
1 58
1 59
1 61
1 62
1 63
1 64
1 65
1 67
1 68
1 69
1 70
1 71
1 72
1 73
1 74
1 75
1 76
1 77
1 78
1 79
1 80
1 82
1 83
1 84
1 85
1 86
1 87
1 90
1 91
1 92
1 93
1 94
1 96
1 97
1 98
2 3
2 4
2 5
2 6
2 8
2 9
2 10
2 12
2 14
2 15
2 16
2 17
2 19
2 21
2 22
2 23
2 24
2 25
2 26
2 27
2 28
2 32
2 33
2 34
2 35
2 37
2 38
2 39
2 41
2 42
2 43
2 44
2 45
2 46
2 47
2 48
2 49
2 50
2 52
2 55
2 56
2 57
2 60
2 61
2 62
2 63
2 64
2 66
2 67
2 68
2 70
2 71
2 72
2 73
2 75
2 76
2 77
2 79
2 80
2 82
2 83
2 84
2 85
2 86
2 91
2 92
2 94
2 95
2 96
2 99
3 4
3 5
3 6
3 8
3 9
3 10
3 11
3 12
3 13
3 14
3 15
3 16
3 17
3 18
3 19
3 20
3 23
3 24
3 27
3 28
3 29
3 30
3 31
3 32
3 35
3 37
3 38
3 39
3 41
3 44
3 45
3 46
3 48
3 49
3 50
3 52
3 54
3 56
3 57
3 58
3 59
3 60
3 61
3 63
3 64
3 66
3 67
3 68
3 69
3 71
3 72
3 73
3 75
3 77
3 79
3 80
3 81
3 82
3 83
3 84
3 85
3 86
3 88
3 89
3 91
3 92
3 93
3 94
3 96
3 97
3 98
3 99
4 6
4 8
4 9
4 10
4 11
4 12
4 13
4 14
4 15
4 17
4 18
4 19
4 20
4 22
4 23
4 24
4 25
4 26
4 27
4 28
4 29
4 31
4 32
4 33
4 35
4 36
4 37
4 38
4 39
4 42
4 43
4 44
4 45
4 47
4 49
4 52
4 53
4 54
4 55
4 56
4 57
4 60
4 61
4 62
4 66
4 67
4 69
4 70
4 74
4 75
4 77
4 78
4 79
4 81
4 83
4 84
4 85
4 86
4 87
4 90
4 91
4 92
4 93
4 94
4 96
4 99
5 7
5 8
5 9
5 10
5 11
5 12
5 13
5 15
5 17
5 18
5 19
5 20
5 21
5 22
5 24
5 25
5 26
5 29
5 30
5 32
5 33
5 34
5 38
5 41
5 42
5 44
5 45
5 46
5 48
5 51
5 52
5 53
5 54
5 55
5 58
5 60
5 64
5 65
5 66
5 67
5 69
5 70
5 73
5 74
5 76
5 77
5 78
5 79
5 80
5 81
5 83
5 85
5 86
5 87
5 89
5 90
5 92
5 93
5 94
5 95
5 96
5 97
5 98
5 99
6 7
6 8
6 9
6 10
6 13
6 16
6 17
6 18
6 19
6 22
6 23
6 24
6 25
6 26
6 27
6 28
6 30
6 31
6 32
6 33
6 34
6 36
6 37
6 38
6 39
6 40
6 41
6 42
6 43
6 44
6 45
6 46
6 47
6 48
6 49
6 50
6 51
6 52
6 53
6 54
6 55
6 56
6 58
6 60
6 61
6 62
6 63
6 64
6 66
6 67
6 69
6 71
6 72
6 74
6 75
6 76
6 77
6 78
6 79
6 80
6 81
6 82
6 84
6 85
6 86
6 87
6 88
6 89
6 90
6 91
6 92
6 93
6 94
6 95
6 97
6 99
7 9
7 11
7 13
7 14
7 16
7 18
7 19
7 20
7 21
7 22
7 23
7 24
7 27
7 29
7 30
7 32
7 33
7 34
7 38
7 39
7 40
7 41
7 43
7 44
7 45
7 46
7 48
7 50
7 51
7 52
7 53
7 54
7 57
7 58
7 59
7 60
7 61
7 62
7 63
7 64
7 66
7 67
7 68
7 69
7 71
7 74
7 75
7 76
7 77
7 78
7 79
7 80
7 83
7 84
7 85
7 86
7 87
7 88
7 89
7 91
7 92
7 93
7 94
7 96
7 99
8 9
8 11
8 12
8 13
8 14
8 16
8 24
8 25
8 29
8 30
8 31
8 32
8 33
8 34
8 35
8 37
8 38
8 40
8 41
8 42
8 44
8 45
8 46
8 47
8 48
8 50
8 51
8 52
8 53
8 55
8 56
8 57
8 58
8 59
8 60
8 61
8 62
8 63
8 65
8 66
8 67
8 69
8 70
8 71
8 73
8 74
8 75
8 76
8 77
8 78
8 80
8 83
8 84
8 85
8 86
8 87
8 88
8 89
8 90
8 91
8 93
8 94
8 95
8 98
9 10
9 11
9 13
9 14
9 15
9 16
9 17
9 18
9 19
9 20
9 21
9 22
9 23
9 24
9 26
9 28
9 30
9 31
9 32
9 34
9 36
9 41
9 42
9 43
9 49
9 52
9 53
9 54
9 56
9 58
9 59
9 60
9 61
9 62
9 63
9 64
9 67
9 68
9 70
9 73
9 74
9 75
9 76
9 77
9 80
9 81
9 85
9 86
9 87
9 88
9 89
9 92
9 93
9 94
9 96
9 97
10 13
10 14
10 15
10 16
10 17
10 19
10 21
10 23
10 25
10 26
10 27
10 28
10 30
10 31
10 32
10 33
10 34
10 36
10 37
10 38
10 39
10 40
10 42
10 44
10 47
10 48
10 49
10 50
10 52
10 54
10 55
10 58
10 59
10 60
10 61
10 62
10 64
10 67
10 69
10 71
10 73
10 74
10 76
10 77
10 78
10 79
10 80
10 81
10 83
10 84
10 88
10 94
10 95
10 96
10 97
11 14
11 15
11 18
11 19
11 20
11 23
11 24
11 25
11 26
11 28
11 29
11 30
11 31
11 32
11 35
11 36
11 38
11 39
11 40
11 41
11 43
11 45
11 46
11 48
11 49
11 50
11 51
11 53
11 57
11 58
11 62
11 63
11 64
11 65
11 66
11 67
11 70
11 71
11 72
11 73
11 74
11 75
11 76
11 77
11 79
11 80
11 81
11 82
11 83
11 85
11 86
11 87
11 88
11 90
11 91
11 92
11 94
11 95
11 98
11 99
12 13
12 14
12 15
12 16
12 18
12 20
12 21
12 22
12 24
12 25
12 26
12 27
12 28
12 29
12 30
12 32
12 33
12 34
12 35
12 36
12 37
12 39
12 40
12 43
12 44
12 46
12 47
12 48
12 49
12 50
12 51
12 52
12 53
12 55
12 56
12 57
12 58
12 59
12 61
12 62
12 63
12 64
12 66
12 67
12 68
12 69
12 70
12 71
12 72
12 73
12 74
12 75
12 76
12 77
12 79
12 82
12 83
12 84
12 85
12 86
12 89
12 90
12 91
12 93
12 94
12 96
12 97
12 99
13 16
13 17
13 18
13 19
13 20
13 21
13 23
13 24
13 25
13 29
13 31
13 32
13 33
13 34
13 36
13 38
13 41
13 42
13 44
13 45
13 46
13 48
13 50
13 52
13 53
13 54
13 55
13 56
13 57
13 58
13 61
13 63
13 64
13 66
13 67
13 68
13 69
13 72
13 73
13 74
13 75
13 76
13 77
13 78
13 80
13 81
13 82
13 83
13 84
13 85
13 86
13 87
13 88
13 92
13 93
13 94
13 95
13 97
13 98
13 99
14 15
14 16
14 19
14 21
14 22
14 27
14 30
14 31
14 33
14 34
14 35
14 36
14 38
14 41
14 42
14 43
14 44
14 45
14 46
14 49
14 50
14 52
14 53
14 55
14 57
14 59
14 60
14 61
14 62
14 64
14 65
14 67
14 68
14 69
14 70
14 72
14 74
14 76
14 77
14 80
14 81
14 82
14 83
14 84
14 85
14 86
14 88
14 89
14 90
14 91
14 92
14 93
14 95
14 96
15 18
15 21
15 22
15 23
15 24
15 25
15 26
15 27
15 28
15 31
15 33
15 34
15 36
15 37
15 38
15 40
15 42
15 44
15 45
15 46
15 47
15 48
15 52
15 53
15 54
15 55
15 56
15 57
15 58
15 59
15 60
15 61
15 62
15 63
15 64
15 65
15 66
15 67
15 68
15 69
15 71
15 72
15 73
15 74
15 75
15 77
15 78
15 79
15 80
15 81
15 82
15 85
15 86
15 88
15 89
15 90
15 91
15 94
15 95
15 96
15 98
16 17
16 19
16 20
16 21
16 22
16 23
16 24
16 25
16 26
16 27
16 28
16 30
16 31
16 32
16 35
16 36
16 38
16 39
16 40
16 41
16 42
16 43
16 44
16 45
16 46
16 47
16 49
16 50
16 52
16 54
16 55
16 56
16 57
16 59
16 60
16 61
16 62
16 63
16 65
16 69
16 70
16 72
16 73
16 74
16 75
16 77
16 78
16 79
16 80
16 81
16 84
16 85
16 86
16 87
16 88
16 89
16 90
16 91
16 92
16 93
16 94
16 95
16 97
16 98
16 99
17 18
17 19
17 22
17 23
17 25
17 27
17 28
17 30
17 33
17 35
17 37
17 38
17 39
17 40
17 42
17 43
17 44
17 45
17 46
17 47
17 48
17 50
17 51
17 53
17 54
17 55
17 56
17 59
17 60
17 61
17 62
17 63
17 66
17 68
17 69
17 70
17 73
17 74
17 75
17 78
17 79
17 80
17 81
17 82
17 83
17 85
17 87
17 88
17 91
17 92
17 95
17 96
17 97
17 98
17 99
18 20
18 22
18 23
18 24
18 25
18 26
18 27
18 28
18 29
18 31
18 32
18 33
18 34
18 35
18 36
18 37
18 38
18 40
18 41
18 42
18 43
18 44
18 45
18 46
18 48
18 50
18 51
18 53
18 54
18 55
18 56
18 57
18 59
18 60
18 63
18 64
18 65
18 66
18 67
18 68
18 70
18 71
18 72
18 73
18 75
18 76
18 77
18 78
18 79
18 81
18 84
18 85
18 87
18 89
18 90
18 93
18 94
18 95
18 97
18 98
19 20
19 21
19 22
19 24
19 25
19 27
19 29
19 31
19 32
19 33
19 34
19 35
19 36
19 37
19 38
19 41
19 43
19 44
19 45
19 47
19 48
19 49
19 50
19 51
19 52
19 54
19 55
19 56
19 57
19 58
19 59
19 60
19 61
19 62
19 63
19 66
19 67
19 68
19 69
19 71
19 73
19 74
19 75
19 76
19 77
19 78
19 79
19 81
19 83
19 85
19 86
19 87
19 89
19 90
19 91
19 92
19 93
19 94
19 95
19 96
19 97
19 99
20 21
20 22
20 23
20 24
20 25
20 26
20 27
20 28
20 32
20 34
20 35
20 36
20 37
20 38
20 40
20 41
20 42
20 44
20 45
20 47
20 48
20 49
20 50
20 51
20 52
20 53
20 54
20 55
20 56
20 57
20 59
20 60
20 62
20 64
20 66
20 68
20 70
20 72
20 73
20 74
20 75
20 76
20 77
20 78
20 80
20 82
20 83
20 84
20 85
20 86
20 88
20 89
20 94
20 96
20 97
21 22
21 23
21 24
21 25
21 26
21 27
21 28
21 31
21 32
21 33
21 35
21 37
21 38
21 39
21 40
21 44
21 45
21 46
21 47
21 48
21 49
21 50
21 52
21 53
21 54
21 55
21 56
21 58
21 59
21 61
21 63
21 64
21 65
21 66
21 69
21 70
21 71
21 72
21 73
21 77
21 79
21 80
21 81
21 84
21 88
21 89
21 90
21 91
21 92
21 93
21 94
21 95
21 97
21 98
21 99
22 23
22 25
22 27
22 28
22 30
22 31
22 32
22 33
22 34
22 37
22 38
22 39
22 40
22 41
22 44
22 45
22 46
22 47
22 49
22 50
22 51
22 53
22 54
22 57
22 58
22 59
22 60
22 61
22 63
22 66
22 68
22 69
22 70
22 71
22 73
22 75
22 76
22 77
22 79
22 80
22 81
22 83
22 85
22 87
22 88
22 89
22 90
22 91
22 94
22 96
22 98
22 99
23 25
23 26
23 27
23 28
23 30
23 31
23 32
23 33
23 34
23 35
23 36
23 37
23 38
23 39
23 41
23 42
23 44
23 45
23 46
23 47
23 48
23 49
23 50
23 52
23 53
23 54
23 57
23 60
23 61
23 62
23 65
23 66
23 68
23 71
23 72
23 73
23 74
23 75
23 77
23 78
23 81
23 82
23 83
23 84
23 85
23 86
23 88
23 89
23 90
23 91
23 92
23 93
23 94
23 95
23 96
23 98
23 99
24 25
24 26
24 27
24 28
24 29
24 30
24 31
24 32
24 33
24 36
24 40
24 42
24 44
24 45
24 46
24 47
24 48
24 49
24 50
24 52
24 53
24 54
24 55
24 56
24 57
24 58
24 59
24 60
24 61
24 62
24 63
24 64
24 65
24 67
24 70
24 71
24 72
24 73
24 74
24 75
24 76
24 77
24 78
24 79
24 80
24 81
24 84
24 86
24 87
24 88
24 89
24 90
24 91
24 92
24 93
24 95
24 96
24 97
24 98
24 99
25 28
25 29
25 30
25 33
25 34
25 36
25 39
25 40
25 41
25 43
25 45
25 46
25 47
25 50
25 53
25 54
25 55
25 56
25 57
25 58
25 60
25 61
25 62
25 63
25 64
25 65
25 68
25 69
25 70
25 71
25 72
25 73
25 74
25 75
25 76
25 77
25 78
25 80
25 81
25 82
25 83
25 84
25 85
25 86
25 88
25 89
25 91
25 92
25 94
25 95
25 96
25 97
26 28
26 29
26 30
26 31
26 32
26 33
26 35
26 37
26 39
26 40
26 42
26 43
26 44
26 47
26 49
26 54
26 56
26 57
26 58
26 60
26 64
26 65
26 66
26 67
26 68
26 69
26 70
26 72
26 73
26 74
26 75
26 76
26 78
26 79
26 80
26 81
26 82
26 83
26 87
26 88
26 90
26 91
26 92
26 93
26 95
26 97
26 99
27 28
27 30
27 32
27 33
27 34
27 35
27 36
27 37
27 38
27 39
27 40
27 41
27 42
27 43
27 46
27 47
27 49
27 50
27 51
27 52
27 54
27 55
27 56
27 57
27 58
27 59
27 62
27 65
27 67
27 68
27 71
27 72
27 73
27 76
27 77
27 79
27 80
27 81
27 82
27 83
27 84
27 85
27 87
27 88
27 91
27 92
27 93
27 94
27 95
27 97
27 99
28 30
28 33
28 34
28 35
28 36
28 37
28 39
28 40
28 41
28 42
28 43
28 44
28 45
28 46
28 47
28 51
28 52
28 53
28 54
28 55
28 56
28 57
28 58
28 60
28 61
28 63
28 64
28 65
28 66
28 69
28 70
28 71
28 72
28 73
28 74
28 76
28 77
28 79
28 80
28 81
28 82
28 83
28 84
28 86
28 87
28 88
28 91
28 92
28 93
28 94
28 95
28 96
28 97
28 98
28 99
29 30
29 31
29 34
29 35
29 36
29 37
29 39
29 40
29 41
29 42
29 43
29 45
29 47
29 48
29 49
29 50
29 54
29 57
29 58
29 59
29 62
29 63
29 64
29 68
29 69
29 70
29 73
29 76
29 78
29 79
29 80
29 84
29 85
29 87
29 90
29 91
29 92
29 96
29 98
30 31
30 32
30 33
30 35
30 38
30 39
30 40
30 41
30 42
30 43
30 45
30 47
30 48
30 50
30 51
30 52
30 53
30 54
30 55
30 56
30 57
30 58
30 59
30 60
30 61
30 62
30 64
30 65
30 66
30 67
30 68
30 69
30 70
30 71
30 73
30 74
30 75
30 76
30 78
30 79
30 82
30 83
30 84
30 85
30 86
30 88
30 89
30 90
30 91
30 92
30 93
30 94
30 95
30 98
31 33
31 34
31 35
31 36
31 37
31 38
31 39
31 40
31 42
31 43
31 45
31 46
31 47
31 48
31 49
31 51
31 52
31 53
31 54
31 55
31 57
31 59
31 60
31 61
31 62
31 63
31 64
31 65
31 66
31 67
31 68
31 70
31 71
31 72
31 73
31 74
31 75
31 76
31 77
31 78
31 80
31 81
31 82
31 83
31 84
31 87
31 88
31 90
31 91
31 93
31 95
31 96
31 97
31 98
31 99
32 33
32 34
32 35
32 36
32 37
32 38
32 39
32 41
32 45
32 46
32 47
32 48
32 49
32 50
32 51
32 52
32 53
32 54
32 55
32 56
32 57
32 58
32 59
32 60
32 61
32 62
32 63
32 64
32 65
32 66
32 67
32 69
32 71
32 72
32 73
32 74
32 75
32 76
32 77
32 79
32 81
32 82
32 84
32 86
32 87
32 88
32 89
32 90
32 95
32 97
32 98
32 99
33 34
33 35
33 38
33 39
33 40
33 41
33 42
33 43
33 45
33 46
33 50
33 53
33 54
33 55
33 57
33 59
33 60
33 61
33 62
33 67
33 69
33 70
33 72
33 76
33 77
33 80
33 81
33 82
33 83
33 84
33 85
33 86
33 87
33 88
33 90
33 92
33 93
33 95
33 96
33 98
34 35
34 38
34 40
34 41
34 42
34 44
34 45
34 46
34 47
34 49
34 50
34 51
34 52
34 53
34 54
34 57
34 60
34 61
34 62
34 63
34 65
34 66
34 67
34 68
34 69
34 71
34 72
34 77
34 79
34 80
34 81
34 82
34 85
34 86
34 87
34 88
34 89
34 91
34 93
34 95
34 96
34 97
34 98
34 99
35 36
35 41
35 42
35 43
35 46
35 47
35 49
35 50
35 51
35 52
35 53
35 54
35 55
35 56
35 57
35 59
35 62
35 64
35 65
35 67
35 68
35 70
35 71
35 73
35 74
35 75
35 76
35 77
35 78
35 79
35 80
35 81
35 83
35 84
35 85
35 86
35 87
35 91
35 92
35 93
35 94
35 96
35 97
35 98
35 99
36 37
36 38
36 40
36 42
36 43
36 44
36 45
36 46
36 47
36 49
36 50
36 52
36 53
36 54
36 56
36 57
36 58
36 62
36 64
36 65
36 67
36 69
36 71
36 74
36 75
36 77
36 79
36 80
36 83
36 84
36 85
36 86
36 89
36 91
36 93
36 94
36 96
36 97
37 42
37 43
37 44
37 46
37 47
37 49
37 51
37 52
37 54
37 55
37 56
37 57
37 58
37 59
37 62
37 64
37 65
37 67
37 68
37 69
37 70
37 71
37 73
37 74
37 77
37 79
37 80
37 82
37 85
37 86
37 87
37 88
37 89
37 90
37 91
37 92
37 93
37 94
37 95
37 96
37 97
37 99
38 39
38 40
38 42
38 43
38 44
38 45
38 46
38 47
38 48
38 49
38 52
38 53
38 54
38 55
38 56
38 57
38 58
38 60
38 62
38 64
38 67
38 69
38 71
38 73
38 74
38 76
38 77
38 78
38 79
38 81
38 83
38 84
38 85
38 86
38 88
38 89
38 90
38 93
38 94
38 95
38 97
38 98
39 40
39 41
39 42
39 45
39 46
39 47
39 49
39 50
39 52
39 53
39 54
39 55
39 56
39 57
39 59
39 60
39 61
39 62
39 63
39 64
39 65
39 67
39 68
39 69
39 70
39 71
39 72
39 73
39 74
39 75
39 78
39 79
39 81
39 83
39 84
39 86
39 88
39 90
39 91
39 92
39 93
39 94
39 96
39 97
39 98
39 99
40 41
40 42
40 43
40 44
40 45
40 46
40 47
40 48
40 50
40 51
40 52
40 53
40 54
40 56
40 57
40 58
40 60
40 61
40 63
40 64
40 66
40 67
40 68
40 69
40 71
40 72
40 73
40 74
40 75
40 76
40 78
40 79
40 83
40 84
40 85
40 86
40 87
40 88
40 89
40 90
40 91
40 92
40 95
40 96
40 97
40 98
40 99
41 45
41 46
41 47
41 48
41 50
41 51
41 52
41 53
41 54
41 56
41 57
41 58
41 59
41 63
41 65
41 66
41 67
41 68
41 69
41 70
41 71
41 72
41 73
41 75
41 76
41 77
41 78
41 79
41 80
41 81
41 82
41 83
41 86
41 88
41 89
41 91
41 94
41 95
41 97
41 99
42 43
42 44
42 45
42 46
42 47
42 48
42 49
42 50
42 51
42 53
42 55
42 56
42 58
42 59
42 60
42 61
42 63
42 64
42 65
42 66
42 69
42 71
42 72
42 73
42 74
42 76
42 77
42 79
42 80
42 81
42 82
42 83
42 85
42 86
42 87
42 88
42 89
42 90
42 91
42 93
42 95
42 96
42 97
42 98
43 44
43 45
43 47
43 49
43 50
43 51
43 52
43 54
43 56
43 59
43 60
43 63
43 65
43 66
43 67
43 68
43 70
43 74
43 76
43 78
43 79
43 80
43 81
43 82
43 83
43 84
43 86
43 87
43 89
43 90
43 91
43 92
43 93
43 94
43 96
43 97
43 99
44 45
44 46
44 48
44 49
44 51
44 52
44 54
44 55
44 56
44 57
44 58
44 60
44 62
44 63
44 64
44 65
44 66
44 69
44 70
44 71
44 73
44 74
44 76
44 78
44 79
44 81
44 83
44 87
44 88
44 90
44 91
44 92
44 93
44 94
44 95
44 97
44 98
44 99
45 46
45 47
45 55
45 56
45 57
45 58
45 59
45 60
45 61
45 62
45 63
45 64
45 65
45 66
45 67
45 68
45 69
45 70
45 71
45 72
45 73
45 74
45 75
45 76
45 78
45 79
45 80
45 81
45 82
45 83
45 84
45 85
45 86
45 87
45 88
45 89
45 90
45 91
45 94
45 96
45 98
45 99
46 47
46 48
46 49
46 54
46 55
46 56
46 57
46 58
46 59
46 61
46 62
46 65
46 66
46 67
46 69
46 71
46 72
46 73
46 74
46 75
46 76
46 78
46 79
46 81
46 82
46 84
46 85
46 86
46 87
46 88
46 89
46 90
46 91
46 92
46 94
46 95
46 96
46 97
46 98
46 99
47 48
47 53
47 54
47 55
47 56
47 57
47 58
47 59
47 60
47 61
47 62
47 64
47 65
47 67
47 68
47 69
47 71
47 72
47 73
47 74
47 76
47 77
47 78
47 80
47 82
47 83
47 88
47 89
47 90
47 91
47 92
47 93
47 95
47 97
47 98
48 49
48 50
48 52
48 55
48 57
48 59
48 60
48 61
48 64
48 65
48 66
48 67
48 69
48 70
48 71
48 74
48 76
48 78
48 79
48 80
48 81
48 82
48 83
48 85
48 88
48 89
48 90
48 93
48 94
48 95
48 96
48 97
48 98
49 50
49 51
49 52
49 53
49 54
49 55
49 57
49 58
49 59
49 60
49 62
49 64
49 65
49 67
49 68
49 69
49 70
49 71
49 73
49 74
49 75
49 77
49 78
49 79
49 81
49 82
49 83
49 85
49 87
49 88
49 89
49 92
49 93
49 94
49 96
49 97
49 98
49 99
50 51
50 52
50 53
50 54
50 55
50 56
50 58
50 60
50 61
50 62
50 63
50 64
50 65
50 67
50 70
50 71
50 73
50 74
50 75
50 77
50 78
50 81
50 83
50 84
50 85
50 87
50 88
50 93
50 94
50 95
50 96
50 97
50 98
51 52
51 54
51 55
51 56
51 57
51 58
51 61
51 63
51 64
51 65
51 66
51 68
51 70
51 71
51 72
51 73
51 74
51 75
51 76
51 77
51 78
51 79
51 80
51 81
51 82
51 83
51 84
51 85
51 86
51 87
51 88
51 89
51 92
51 93
51 94
51 96
51 98
51 99
52 54
52 55
52 57
52 58
52 60
52 61
52 62
52 64
52 65
52 66
52 67
52 68
52 69
52 70
52 71
52 72
52 73
52 74
52 75
52 76
52 77
52 78
52 79
52 80
52 81
52 82
52 83
52 84
52 86
52 88
52 90
52 91
52 92
52 93
52 94
52 95
52 97
52 98
52 99
53 54
53 55
53 57
53 58
53 60
53 61
53 63
53 64
53 66
53 67
53 69
53 70
53 71
53 72
53 78
53 79
53 80
53 81
53 82
53 83
53 85
53 86
53 87
53 89
53 92
53 93
53 94
53 95
53 96
53 99
54 55
54 56
54 58
54 60
54 62
54 63
54 65
54 70
54 71
54 72
54 73
54 75
54 76
54 79
54 81
54 82
54 83
54 84
54 85
54 87
54 89
54 92
54 96
54 98
54 99
55 56
55 59
55 60
55 62
55 63
55 65
55 68
55 69
55 70
55 71
55 72
55 73
55 76
55 77
55 79
55 80
55 81
55 82
55 83
55 84
55 85
55 86
55 87
55 88
55 91
55 92
55 93
55 97
55 98
55 99
56 57
56 58
56 59
56 60
56 62
56 63
56 66
56 67
56 68
56 70
56 71
56 72
56 73
56 74
56 76
56 77
56 79
56 81
56 82
56 83
56 85
56 86
56 87
56 89
56 90
56 91
56 92
56 94
56 96
56 97
56 98
56 99
57 59
57 61
57 62
57 63
57 64
57 67
57 69
57 70
57 71
57 72
57 73
57 74
57 76
57 77
57 78
57 81
57 83
57 84
57 85
57 86
57 87
57 88
57 90
57 92
57 94
57 96
57 97
57 98
57 99
58 59
58 60
58 62
58 63
58 64
58 65
58 66
58 67
58 69
58 70
58 71
58 72
58 73
58 74
58 76
58 77
58 78
58 79
58 80
58 81
58 82
58 83
58 85
58 90
58 92
58 93
58 94
58 95
58 96
58 97
58 98
59 60
59 61
59 62
59 63
59 65
59 66
59 67
59 68
59 69
59 70
59 71
59 72
59 77
59 78
59 79
59 80
59 81
59 82
59 83
59 84
59 85
59 86
59 87
59 88
59 89
59 91
59 92
59 93
59 94
59 95
59 96
59 97
59 98
59 99
60 61
60 63
60 64
60 65
60 66
60 68
60 70
60 72
60 73
60 74
60 75
60 76
60 77
60 78
60 79
60 80
60 81
60 82
60 84
60 85
60 86
60 87
60 88
60 89
60 90
60 93
60 94
60 96
60 99
61 64
61 67
61 69
61 73
61 75
61 76
61 79
61 81
61 83
61 84
61 85
61 87
61 88
61 89
61 90
61 91
61 92
61 94
61 95
61 96
61 97
61 98
61 99
62 63
62 64
62 66
62 68
62 70
62 71
62 72
62 75
62 76
62 78
62 79
62 81
62 85
62 86
62 87
62 88
62 90
62 91
62 93
62 94
62 95
62 96
62 99
63 64
63 65
63 66
63 67
63 69
63 70
63 72
63 74
63 75
63 76
63 77
63 78
63 80
63 82
63 84
63 85
63 87
63 88
63 89
63 91
63 92
63 93
63 95
63 99
64 65
64 66
64 67
64 68
64 70
64 71
64 74
64 75
64 77
64 79
64 80
64 81
64 84
64 85
64 86
64 87
64 88
64 89
64 90
64 92
64 93
64 95
64 97
64 98
64 99
65 67
65 68
65 69
65 71
65 72
65 73
65 74
65 75
65 76
65 77
65 78
65 80
65 81
65 82
65 83
65 84
65 85
65 87
65 89
65 91
65 92
65 94
65 95
65 96
65 98
65 99
66 67
66 68
66 69
66 71
66 72
66 73
66 74
66 75
66 76
66 77
66 78
66 79
66 85
66 86
66 88
66 89
66 90
66 91
66 93
66 96
66 98
66 99
67 68
67 70
67 71
67 72
67 73
67 75
67 76
67 77
67 78
67 79
67 81
67 82
67 83
67 84
67 85
67 87
67 88
67 89
67 90
67 94
67 97
67 98
67 99
68 69
68 70
68 72
68 74
68 75
68 76
68 77
68 78
68 79
68 81
68 82
68 84
68 86
68 87
68 88
68 89
68 91
68 92
68 93
68 94
68 96
68 97
68 98
68 99
69 72
69 73
69 74
69 75
69 76
69 77
69 78
69 80
69 81
69 82
69 83
69 84
69 86
69 87
69 89
69 90
69 91
69 94
69 96
69 98
69 99
70 71
70 74
70 75
70 76
70 77
70 78
70 80
70 81
70 82
70 83
70 85
70 86
70 87
70 90
70 91
70 92
70 95
70 96
70 97
70 99
71 72
71 73
71 74
71 75
71 79
71 80
71 82
71 83
71 84
71 85
71 86
71 87
71 88
71 93
71 94
71 96
71 97
71 98
72 74
72 75
72 76
72 77
72 78
72 79
72 80
72 81
72 82
72 83
72 84
72 85
72 86
72 87
72 88
72 91
72 93
72 94
72 95
72 96
72 98
72 99
73 74
73 76
73 77
73 80
73 82
73 83
73 84
73 85
73 87
73 88
73 89
73 90
73 92
73 93
73 94
73 95
73 96
73 98
74 81
74 82
74 83
74 85
74 86
74 90
74 91
74 93
74 94
74 96
74 97
74 98
74 99
75 76
75 77
75 78
75 79
75 81
75 84
75 86
75 87
75 89
75 90
75 91
75 92
75 94
75 95
75 96
75 98
75 99
76 77
76 78
76 79
76 80
76 81
76 82
76 83
76 84
76 85
76 87
76 88
76 89
76 91
76 92
76 93
76 94
76 95
76 96
76 97
76 99
77 78
77 79
77 80
77 81
77 83
77 84
77 85
77 86
77 87
77 88
77 89
77 91
77 92
77 93
77 96
77 98
78 79
78 80
78 81
78 82
78 83
78 85
78 88
78 89
78 90
78 91
78 93
78 94
78 96
78 97
78 98
78 99
79 80
79 81
79 82
79 83
79 85
79 87
79 88
79 90
79 92
79 94
79 95
79 96
79 97
79 98
79 99
80 82
80 83
80 84
80 87
80 88
80 89
80 90
80 91
80 92
80 93
80 94
80 95
80 96
81 82
81 83
81 85
81 86
81 87
81 88
81 89
81 91
81 93
81 94
81 95
81 96
81 97
81 98
81 99
82 83
82 84
82 86
82 87
82 88
82 89
82 90
82 91
82 92
82 94
82 95
82 96
82 97
83 84
83 86
83 87
83 88
83 90
83 91
83 92
83 93
83 95
83 96
83 97
83 98
83 99
84 86
84 87
84 88
84 90
84 91
84 92
84 94
84 96
84 97
84 98
84 99
85 86
85 87
85 88
85 89
85 91
85 94
85 95
85 97
85 99
86 87
86 90
86 91
86 92
86 93
86 96
86 97
86 98
87 88
87 89
87 90
87 92
87 93
87 94
87 96
87 97
87 98
87 99
88 90
88 92
88 93
88 95
88 97
88 98
89 90
89 91
89 92
89 93
89 94
89 95
89 96
89 97
89 98
89 99
90 91
90 94
90 95
90 97
90 98
91 92
91 94
91 95
91 97
92 93
92 94
92 95
92 96
92 97
92 98
92 99
93 94
93 96
93 98
93 99
94 95
94 96
94 98
95 96
95 97
95 98
96 97
96 98
96 99
97 98
97 99
33 29 78 23 0 85 94 71 24 63 17 57 47 86 18 1 82 30 26 80 53 93 54 3 20 40 31 60 5 89
7 2 12 72 55 8 99 16 13 11 36 35 43 4 70 22 98 59 19 87 42 52 97 58 27 10 32 41 76 77
49 39 91 25 64 66 9 83 84 51 28 88 90 37 69 56 95 48 46 92 62 73 21 74 67 81 75 44 79 65
68 15 6 34 96 38 61 45 50 14
