100
3452
5
30
11
92
6
50
0 3
0 4
0 6
0 7
0 9
0 10
0 11
0 13
0 14
0 15
0 16
0 17
0 18
0 19
0 20
0 22
0 23
0 24
0 25
0 26
0 27
0 34
0 36
0 38
0 39
0 40
0 41
0 42
0 43
0 44
0 45
0 46
0 47
0 48
0 50
0 52
0 53
0 54
0 55
0 57
0 59
0 61
0 62
0 63
0 64
0 65
0 67
0 68
0 69
0 70
0 71
0 72
0 73
0 74
0 75
0 76
0 77
0 78
0 79
0 80
0 82
0 83
0 86
0 87
0 88
0 89
0 90
0 91
0 92
0 93
0 94
0 95
0 96
0 97
0 98
0 99
1 3
1 5
1 6
1 7
1 9
1 11
1 12
1 14
1 15
1 16
1 17
1 18
1 19
1 20
1 21
1 23
1 25
1 27
1 28
1 30
1 32
1 33
1 34
1 36
1 38
1 40
1 41
1 42
1 43
1 44
1 47
1 48
1 49
1 50
1 51
1 53
1 54
1 55
1 56
1 57
1 58
1 59
1 60
1 61
1 63
1 64
1 65
1 66
1 67
1 68
1 69
1 70
1 72
1 76
1 77
1 79
1 80
1 81
1 82
1 83
1 84
1 87
1 88
1 89
1 91
1 93
1 94
1 95
1 96
1 98
2 3
2 4
2 5
2 6
2 8
2 9
2 10
2 13
2 14
2 15
2 16
2 17
2 20
2 21
2 22
2 23
2 24
2 25
2 26
2 28
2 30
2 31
2 32
2 33
2 35
2 36
2 38
2 40
2 41
2 42
2 44
2 49
2 50
2 51
2 52
2 53
2 54
2 55
2 56
2 57
2 58
2 59
2 61
2 65
2 66
2 68
2 69
2 72
2 73
2 75
2 76
2 77
2 78
2 79
2 81
2 82
2 85
2 86
2 87
2 88
2 89
2 91
2 92
2 93
2 94
2 95
2 96
2 98
2 99
3 4
3 6
3 7
3 11
3 13
3 14
3 16
3 17
3 18
3 19
3 20
3 21
3 22
3 23
3 25
3 26
3 29
3 30
3 32
3 34
3 36
3 37
3 38
3 39
3 41
3 42
3 43
3 44
3 45
3 46
3 47
3 49
3 50
3 51
3 52
3 53
3 54
3 55
3 58
3 60
3 61
3 62
3 63
3 65
3 68
3 69
3 70
3 71
3 72
3 75
3 78
3 79
3 80
3 81
3 85
3 86
3 88
3 89
3 90
3 92
3 93
3 95
3 96
3 97
3 98
4 5
4 6
4 7
4 10
4 11
4 14
4 15
4 16
4 17
4 19
4 20
4 21
4 22
4 25
4 26
4 27
4 28
4 29
4 31
4 36
4 37
4 38
4 39
4 44
4 45
4 47
4 48
4 49
4 50
4 52
4 53
4 54
4 55
4 57
4 58
4 61
4 62
4 63
4 64
4 65
4 66
4 69
4 71
4 73
4 74
4 75
4 77
4 79
4 80
4 81
4 83
4 84
4 85
4 86
4 87
4 89
4 91
4 92
4 95
4 96
4 97
4 98
5 6
5 7
5 8
5 10
5 11
5 12
5 15
5 16
5 18
5 19
5 20
5 21
5 24
5 25
5 27
5 28
5 30
5 31
5 32
5 33
5 34
5 36
5 37
5 38
5 39
5 40
5 41
5 42
5 43
5 44
5 45
5 47
5 48
5 49
5 51
5 53
5 54
5 55
5 57
5 60
5 61
5 62
5 63
5 65
5 66
5 67
5 68
5 69
5 71
5 73
5 74
5 76
5 77
5 78
5 79
5 81
5 82
5 83
5 86
5 88
5 89
5 90
5 91
5 95
5 96
5 97
5 98
5 99
6 7
6 9
6 11
6 12
6 13
6 14
6 15
6 18
6 19
6 20
6 22
6 24
6 26
6 27
6 28
6 29
6 30
6 31
6 32
6 35
6 36
6 38
6 39
6 40
6 41
6 42
6 43
6 44
6 45
6 48
6 49
6 50
6 51
6 52
6 53
6 55
6 56
6 57
6 58
6 59
6 60
6 61
6 63
6 64
6 65
6 66
6 68
6 69
6 70
6 71
6 72
6 73
6 76
6 77
6 78
6 79
6 81
6 84
6 88
6 91
6 93
6 94
6 95
6 97
6 98
6 99
7 8
7 10
7 13
7 14
7 15
7 20
7 21
7 24
7 26
7 30
7 31
7 33
7 34
7 35
7 36
7 37
7 38
7 39
7 41
7 42
7 44
7 45
7 47
7 48
7 49
7 51
7 52
7 53
7 54
7 55
7 58
7 59
7 61
7 63
7 64
7 65
7 66
7 67
7 69
7 71
7 72
7 73
7 76
7 77
7 78
7 79
7 81
7 82
7 83
7 84
7 85
7 86
7 87
7 89
7 94
7 95
7 97
8 9
8 10
8 12
8 17
8 18
8 19
8 20
8 21
8 22
8 23
8 24
8 25
8 26
8 28
8 29
8 30
8 31
8 34
8 35
8 37
8 38
8 41
8 42
8 43
8 45
8 46
8 48
8 52
8 53
8 54
8 55
8 57
8 58
8 59
8 60
8 61
8 63
8 65
8 66
8 67
8 68
8 69
8 70
8 71
8 72
8 73
8 74
8 76
8 77
8 79
8 80
8 82
8 83
8 84
8 86
8 87
8 88
8 89
8 91
8 92
8 93
8 94
8 96
8 98
9 10
9 12
9 13
9 14
9 15
9 16
9 17
9 18
9 19
9 20
9 21
9 27
9 30
9 32
9 33
9 34
9 35
9 36
9 37
9 38
9 39
9 41
9 42
9 43
9 44
9 45
9 46
9 47
9 49
9 52
9 54
9 55
9 56
9 60
9 61
9 62
9 63
9 64
9 65
9 66
9 69
9 73
9 74
9 75
9 76
9 77
9 78
9 79
9 80
9 81
9 82
9 83
9 84
9 85
9 86
9 87
9 88
9 91
9 94
9 97
10 12
10 13
10 14
10 16
10 18
10 20
10 21
10 22
10 24
10 25
10 26
10 27
10 29
10 30
10 31
10 32
10 33
10 34
10 35
10 36
10 38
10 39
10 40
10 41
10 42
10 44
10 45
10 47
10 48
10 49
10 50
10 51
10 52
10 53
10 54
10 55
10 56
10 57
10 58
10 59
10 60
10 62
10 63
10 64
10 65
10 66
10 68
10 69
10 70
10 72
10 73
10 75
10 77
10 80
10 81
10 83
10 84
10 85
10 88
10 90
10 91
10 92
10 93
10 94
10 95
10 97
10 98
10 99
11 12
11 15
11 17
11 19
11 20
11 22
11 23
11 24
11 25
11 26
11 28
11 30
11 32
11 34
11 35
11 37
11 38
11 39
11 40
11 42
11 43
11 44
11 45
11 46
11 47
11 51
11 53
11 54
11 55
11 56
11 57
11 59
11 60
11 61
11 62
11 63
11 64
11 66
11 67
11 69
11 71
11 73
11 75
11 77
11 79
11 82
11 85
11 86
11 87
11 88
11 90
11 91
11 92
11 93
11 96
11 99
12 13
12 14
12 15
12 20
12 21
12 22
12 24
12 25
12 29
12 30
12 31
12 32
12 33
12 34
12 36
12 37
12 39
12 41
12 42
12 44
12 46
12 47
12 48
12 49
12 50
12 51
12 52
12 54
12 55
12 57
12 59
12 60
12 61
12 62
12 65
12 69
12 70
12 71
12 72
12 73
12 75
12 76
12 78
12 79
12 80
12 82
12 83
12 86
12 87
12 88
12 89
12 91
12 92
12 93
12 95
12 96
12 97
12 98
13 14
13 15
13 16
13 18
13 20
13 23
13 24
13 25
13 26
13 27
13 29
13 30
13 31
13 32
13 33
13 34
13 35
13 36
13 37
13 38
13 39
13 42
13 43
13 46
13 47
13 48
13 49
13 50
13 52
13 53
13 55
13 58
13 60
13 62
13 63
13 64
13 66
13 67
13 70
13 71
13 73
13 74
13 75
13 76
13 79
13 81
13 82
13 83
13 84
13 85
13 86
13 87
13 88
13 89
13 90
13 91
13 92
13 96
13 97
13 98
13 99
14 15
14 16
14 18
14 19
14 23
14 24
14 25
14 26
14 27
14 28
14 29
14 30
14 32
14 33
14 37
14 40
14 42
14 43
14 44
14 45
14 47
14 50
14 52
14 53
14 54
14 56
14 58
14 61
14 63
14 64
14 65
14 66
14 67
14 68
14 71
14 72
14 73
14 74
14 75
14 77
14 80
14 81
14 82
14 83
14 85
14 89
14 90
14 91
14 92
14 94
14 95
14 96
14 98
14 99
15 16
15 18
15 20
15 22
15 24
15 26
15 28
15 29
15 30
15 32
15 33
15 35
15 36
15 38
15 40
15 41
15 43
15 48
15 49
15 50
15 52
15 54
15 55
15 56
15 57
15 59
15 61
15 63
15 64
15 66
15 67
15 69
15 72
15 73
15 74
15 75
15 76
15 77
15 79
15 80
15 81
15 86
15 87
15 88
15 89
15 90
15 91
15 94
15 95
15 98
15 99
16 17
16 18
16 20
16 21
16 23
16 24
16 26
16 27
16 28
16 29
16 30
16 31
16 34
16 35
16 36
16 37
16 38
16 39
16 40
16 41
16 44
16 46
16 47
16 48
16 49
16 50
16 51
16 53
16 54
16 56
16 57
16 58
16 60
16 61
16 62
16 64
16 65
16 68
16 69
16 70
16 71
16 72
16 73
16 74
16 75
16 77
16 78
16 79
16 80
16 81
16 83
16 84
16 86
16 88
16 90
16 91
16 92
16 93
16 94
16 96
16 97
16 98
16 99
17 19
17 20
17 23
17 24
17 25
17 26
17 27
17 28
17 29
17 30
17 31
17 32
17 33
17 34
17 35
17 36
17 37
17 38
17 39
17 41
17 43
17 46
17 47
17 48
17 50
17 51
17 53
17 55
17 56
17 57
17 58
17 59
17 64
17 65
17 66
17 68
17 69
17 70
17 71
17 72
17 73
17 74
17 76
17 77
17 78
17 79
17 81
17 84
17 85
17 87
17 88
17 89
17 90
17 92
17 93
17 94
17 97
17 98
18 19
18 21
18 22
18 23
18 24
18 25
18 26
18 28
18 30
18 31
18 32
18 33
18 35
18 36
18 37
18 38
18 39
18 41
18 42
18 43
18 44
18 45
18 46
18 47
18 49
18 50
18 52
18 53
18 54
18 55
18 56
18 57
18 58
18 59
18 60
18 61
18 63
18 64
18 65
18 66
18 67
18 68
18 69
18 70
18 71
18 72
18 75
18 76
18 77
18 78
18 79
18 80
18 83
18 84
18 85
18 87
18 88
18 89
18 90
18 92
18 93
18 94
18 95
18 96
18 97
18 98
18 99
19 20
19 21
19 22
19 23
19 24
19 25
19 27
19 28
19 29
19 30
19 31
19 33
19 34
19 37
19 38
19 41
19 43
19 44
19 45
19 46
19 47
19 48
19 53
19 54
19 55
19 56
19 57
19 58
19 60
19 61
19 62
19 64
19 65
19 66
19 67
19 68
19 71
19 73
19 76
19 79
19 81
19 82
19 83
19 86
19 87
19 90
19 91
19 92
19 93
19 94
19 96
19 97
20 22
20 23
20 25
20 26
20 28
20 29
20 31
20 33
20 34
20 38
20 40
20 41
20 42
20 43
20 44
20 45
20 47
20 48
20 51
20 52
20 53
20 54
20 58
20 60
20 61
20 62
20 63
20 66
20 67
20 68
20 69
20 73
20 74
20 76
20 77
20 78
20 79
20 80
20 81
20 82
20 83
20 85
20 86
20 87
20 88
20 90
20 91
20 92
20 93
20 96
20 98
20 99
21 22
21 26
21 29
21 30
21 32
21 33
21 35
21 36
21 37
21 38
21 40
21 41
21 44
21 46
21 47
21 48
21 52
21 53
21 54
21 55
21 58
21 62
21 63
21 64
21 68
21 69
21 70
21 71
21 72
21 73
21 74
21 75
21 76
21 78
21 79
21 81
21 82
21 84
21 85
21 89
21 90
21 91
21 92
21 93
21 94
21 95
21 96
21 97
21 98
21 99
22 23
22 25
22 29
22 30
22 32
22 33
22 34
22 35
22 37
22 39
22 40
22 41
22 45
22 48
22 49
22 50
22 51
22 52
22 53
22 54
22 55
22 60
22 62
22 63
22 64
22 65
22 66
22 68
22 69
22 70
22 72
22 73
22 74
22 75
22 76
22 77
22 78
22 79
22 80
22 81
22 84
22 85
22 86
22 88
22 89
22 91
22 92
22 93
22 94
22 98
23 24
23 25
23 26
23 27
23 28
23 30
23 31
23 34
23 36
23 38
23 39
23 40
23 41
23 42
23 45
23 46
23 49
23 51
23 53
23 54
23 55
23 58
23 59
23 60
23 62
23 63
23 64
23 65
23 66
23 67
23 69
23 71
23 72
23 75
23 76
23 77
23 78
23 79
23 80
23 82
23 83
23 86
23 87
23 90
23 92
23 93
23 96
23 97
24 25
24 26
24 27
24 28
24 29
24 30
24 31
24 32
24 33
24 34
24 35
24 37
24 39
24 40
24 42
24 43
24 44
24 45
24 46
24 47
24 51
24 52
24 53
24 55
24 57
24 59
24 62
24 63
24 64
24 65
24 68
24 69
24 70
24 71
24 74
24 75
24 77
24 79
24 80
24 83
24 84
24 85
24 86
24 87
24 89
24 90
24 91
24 92
24 93
24 94
24 95
24 96
24 97
24 98
24 99
25 26
25 27
25 31
25 32
25 33
25 34
25 35
25 36
25 37
25 38
25 39
25 40
25 41
25 42
25 44
25 45
25 46
25 47
25 48
25 49
25 54
25 55
25 57
25 59
25 60
25 61
25 62
25 63
25 64
25 65
25 67
25 72
25 73
25 74
25 76
25 78
25 79
25 81
25 82
25 83
25 84
25 85
25 87
25 90
25 91
25 92
25 94
25 95
25 97
25 99
26 28
26 29
26 30
26 31
26 32
26 33
26 35
26 36
26 37
26 39
26 40
26 42
26 43
26 46
26 47
26 48
26 49
26 51
26 52
26 53
26 54
26 55
26 56
26 57
26 58
26 59
26 60
26 61
26 62
26 64
26 65
26 66
26 68
26 69
26 70
26 71
26 73
26 74
26 77
26 79
26 82
26 87
26 88
26 89
26 90
26 91
26 92
26 94
26 97
26 98
26 99
27 28
27 30
27 31
27 32
27 33
27 34
27 35
27 36
27 38
27 39
27 43
27 45
27 47
27 48
27 50
27 53
27 55
27 58
27 59
27 60
27 61
27 62
27 64
27 65
27 67
27 68
27 69
27 72
27 74
27 75
27 76
27 77
27 78
27 81
27 83
27 85
27 87
27 88
27 89
27 94
27 95
27 99
28 29
28 30
28 31
28 32
28 33
28 34
28 35
28 38
28 39
28 41
28 42
28 43
28 44
28 45
28 46
28 47
28 51
28 52
28 54
28 55
28 58
28 59
28 68
28 69
28 70
28 71
28 73
28 75
28 77
28 79
28 81
28 85
28 86
28 87
28 90
28 91
28 92
28 93
28 94
28 95
28 96
28 97
28 98
28 99
29 31
29 34
29 35
29 36
29 37
29 40
29 41
29 42
29 44
29 45
29 46
29 51
29 52
29 54
29 55
29 57
29 58
29 59
29 60
29 61
29 63
29 64
29 67
29 69
29 70
29 71
29 72
29 73
29 74
29 77
29 78
29 81
29 83
29 84
29 85
29 87
29 88
29 89
29 90
29 94
29 95
29 96
29 97
29 98
30 31
30 33
30 35
30 36
30 37
30 38
30 39
30 40
30 41
30 42
30 44
30 45
30 46
30 48
30 49
30 50
30 52
30 53
30 54
30 55
30 58
30 59
30 61
30 63
30 64
30 65
30 66
30 67
30 68
30 69
30 70
30 71
30 73
30 74
30 78
30 80
30 82
30 84
30 86
30 87
30 88
30 89
30 90
30 91
30 93
30 94
30 96
30 97
30 98
30 99
31 32
31 33
31 34
31 35
31 36
31 37
31 39
31 42
31 43
31 45
31 46
31 47
31 49
31 50
31 51
31 53
31 55
31 56
31 59
31 60
31 61
31 62
31 63
31 64
31 66
31 69
31 71
31 72
31 73
31 74
31 75
31 77
31 79
31 81
31 82
31 84
31 85
31 86
31 87
31 90
31 91
31 92
31 93
31 94
31 95
31 96
31 97
31 98
32 35
32 36
32 37
32 38
32 40
32 42
32 44
32 45
32 47
32 48
32 49
32 50
32 51
32 53
32 54
32 55
32 56
32 57
32 59
32 61
32 63
32 64
32 65
32 66
32 67
32 68
32 71
32 72
32 73
32 74
32 76
32 77
32 79
32 81
32 82
32 83
32 85
32 86
32 88
32 90
32 91
32 93
32 94
32 96
32 97
32 98
32 99
33 34
33 39
33 40
33 41
33 42
33 44
33 45
33 46
33 47
33 48
33 49
33 50
33 51
33 52
33 54
33 55
33 56
33 57
33 58
33 59
33 61
33 62
33 63
33 64
33 65
33 67
33 68
33 69
33 72
33 73
33 74
33 76
33 77
33 78
33 79
33 80
33 81
33 82
33 83
33 85
33 86
33 87
33 88
33 89
33 90
33 91
33 92
33 93
33 95
33 96
33 97
33 98
34 35
34 36
34 37
34 41
34 42
34 43
34 44
34 45
34 48
34 49
34 51
34 52
34 53
34 54
34 55
34 56
34 57
34 58
34 59
34 60
34 61
34 62
34 63
34 64
34 65
34 66
34 67
34 69
34 70
34 71
34 72
34 75
34 77
34 78
34 79
34 80
34 82
34 83
34 84
34 85
34 86
34 87
34 89
34 90
34 91
34 92
34 95
34 96
34 97
34 98
34 99
35 36
35 37
35 38
35 40
35 41
35 42
35 45
35 46
35 47
35 48
35 49
35 51
35 52
35 53
35 57
35 58
35 59
35 60
35 61
35 62
35 63
35 64
35 65
35 66
35 67
35 68
35 69
35 70
35 72
35 73
35 74
35 75
35 76
35 77
35 78
35 80
35 81
35 83
35 84
35 85
35 87
35 88
35 89
35 90
35 91
35 92
35 94
35 95
35 97
35 99
36 37
36 38
36 39
36 41
36 42
36 44
36 45
36 46
36 47
36 48
36 49
36 51
36 52
36 53
36 54
36 55
36 56
36 57
36 58
36 59
36 61
36 62
36 63
36 64
36 66
36 67
36 69
36 72
36 73
36 75
36 76
36 77
36 78
36 79
36 83
36 86
36 87
36 88
36 90
36 91
36 92
36 93
36 94
36 95
36 96
36 97
37 38
37 39
37 40
37 41
37 45
37 47
37 48
37 50
37 51
37 52
37 53
37 55
37 56
37 57
37 59
37 62
37 64
37 65
37 67
37 68
37 71
37 73
37 75
37 76
37 77
37 78
37 79
37 84
37 86
37 87
37 88
37 89
37 90
37 93
37 94
37 95
37 96
37 97
37 98
37 99
38 39
38 40
38 41
38 42
38 44
38 45
38 46
38 48
38 49
38 50
38 51
38 52
38 53
38 54
38 55
38 56
38 57
38 58
38 60
38 63
38 65
38 67
38 68
38 70
38 72
38 74
38 77
38 78
38 79
38 80
38 83
38 84
38 86
38 87
38 88
38 91
38 92
38 93
38 94
38 95
38 96
38 97
38 98
38 99
39 40
39 41
39 42
39 44
39 45
39 46
39 48
39 49
39 51
39 52
39 53
39 54
39 56
39 59
39 60
39 65
39 66
39 67
39 68
39 69
39 70
39 71
39 74
39 75
39 76
39 77
39 78
39 79
39 81
39 82
39 83
39 84
39 86
39 87
39 88
39 90
39 91
39 94
39 95
39 97
39 98
39 99
40 49
40 51
40 52
40 53
40 54
40 56
40 57
40 58
40 60
40 61
40 62
40 63
40 64
40 65
40 66
40 67
40 68
40 70
40 71
40 72
40 73
40 74
40 75
40 76
40 77
40 78
40 81
40 82
40 83
40 84
40 86
40 88
40 89
40 90
40 91
40 92
40 95
40 96
40 97
40 98
40 99
41 42
41 43
41 46
41 47
41 48
41 50
41 51
41 52
41 53
41 54
41 56
41 57
41 59
41 60
41 63
41 65
41 66
41 67
41 68
41 72
41 74
41 75
41 76
41 77
41 78
41 79
41 80
41 83
41 86
41 87
41 89
41 90
41 91
41 93
41 94
41 95
41 97
41 98
42 44
42 45
42 47
42 48
42 49
42 50
42 52
42 54
42 56
42 57
42 58
42 59
42 60
42 61
42 62
42 64
42 66
42 67
42 69
42 70
42 72
42 73
42 74
42 75
42 76
42 79
42 80
42 81
42 84
42 86
42 87
42 90
42 91
42 93
42 94
42 96
42 97
42 98
42 99
43 45
43 47
43 48
43 49
43 51
43 53
43 55
43 58
43 59
43 62
43 63
43 64
43 65
43 66
43 67
43 69
43 70
43 71
43 73
43 74
43 76
43 77
43 79
43 80
43 81
43 82
43 84
43 85
43 86
43 87
43 88
43 89
43 90
43 91
43 92
43 94
43 96
43 97
43 98
44 45
44 46
44 47
44 48
44 50
44 51
44 52
44 53
44 54
44 56
44 57
44 58
44 59
44 60
44 61
44 63
44 64
44 65
44 66
44 68
44 71
44 72
44 73
44 74
44 76
44 77
44 78
44 79
44 82
44 83
44 84
44 85
44 86
44 88
44 90
44 91
44 92
44 94
44 95
44 97
44 98
45 46
45 48
45 49
45 50
45 51
45 52
45 53
45 54
45 55
45 56
45 58
45 59
45 60
45 61
45 63
45 64
45 65
45 66
45 67
45 68
45 70
45 71
45 74
45 75
45 76
45 77
45 78
45 80
45 83
45 85
45 87
45 88
45 89
45 90
45 92
45 95
45 96
45 97
45 99
46 47
46 48
46 49
46 50
46 51
46 52
46 53
46 54
46 55
46 56
46 57
46 58
46 59
46 60
46 61
46 63
46 64
46 66
46 67
46 69
46 70
46 71
46 75
46 76
46 78
46 79
46 80
46 81
46 82
46 85
46 86
46 87
46 89
46 90
46 91
46 92
46 94
46 95
46 96
46 97
47 48
47 49
47 50
47 51
47 56
47 57
47 58
47 59
47 60
47 63
47 65
47 67
47 69
47 71
47 72
47 75
47 76
47 78
47 79
47 81
47 82
47 83
47 85
47 86
47 87
47 88
47 89
47 90
47 91
47 97
47 98
47 99
48 50
48 51
48 52
48 53
48 54
48 55
48 57
48 58
48 59
48 60
48 61
48 63
48 64
48 65
48 66
48 67
48 68
48 70
48 71
48 72
48 73
48 74
48 75
48 76
48 78
48 79
48 80
48 81
48 82
48 85
48 86
48 87
48 88
48 90
48 91
48 92
48 93
48 95
48 98
48 99
49 50
49 51
49 52
49 54
49 55
49 56
49 58
49 59
49 62
49 63
49 64
49 65
49 66
49 67
49 68
49 69
49 70
49 71
49 72
49 73
49 74
49 75
49 76
49 78
49 80
49 82
49 84
49 85
49 88
49 90
49 91
49 94
49 95
49 97
49 99
50 52
50 54
50 55
50 56
50 57
50 59
50 60
50 61
50 63
50 64
50 65
50 66
50 67
50 68
50 69
50 71
50 72
50 74
50 75
50 77
50 78
50 80
50 82
50 84
50 85
50 86
50 87
50 88
50 90
50 92
50 93
50 94
50 96
50 97
51 52
51 53
51 54
51 55
51 56
51 58
51 59
51 60
51 61
51 62
51 65
51 67
51 68
51 70
51 71
51 72
51 73
51 75
51 76
51 79
51 80
51 81
51 82
51 83
51 84
51 85
51 86
51 87
51 88
51 90
51 91
51 92
51 95
51 96
51 97
52 53
52 55
52 56
52 57
52 58
52 60
52 61
52 62
52 63
52 65
52 66
52 67
52 68
52 70
52 71
52 73
52 74
52 75
52 76
52 78
52 79
52 80
52 81
52 83
52 84
52 86
52 87
52 88
52 89
52 90
52 91
52 92
52 93
52 94
52 95
52 96
52 97
52 99
53 54
53 55
53 57
53 58
53 59
53 61
53 64
53 65
53 66
53 67
53 70
53 71
53 72
53 73
53 74
53 75
53 76
53 77
53 79
53 81
53 82
53 84
53 86
53 87
53 88
53 91
53 92
53 93
53 94
53 97
53 99
54 56
54 58
54 59
54 60
54 61
54 62
54 63
54 64
54 65
54 66
54 67
54 68
54 69
54 70
54 71
54 73
54 78
54 79
54 80
54 81
54 82
54 83
54 84
54 85
54 88
54 89
54 90
54 92
54 93
54 95
54 96
54 98
54 99
55 56
55 57
55 58
55 59
55 62
55 63
55 64
55 65
55 66
55 67
55 68
55 69
55 70
55 72
55 73
55 74
55 75
55 76
55 77
55 78
55 80
55 81
55 82
55 83
55 85
55 86
55 89
55 92
55 93
55 95
55 96
55 98
55 99
56 58
56 60
56 61
56 62
56 63
56 68
56 69
56 70
56 71
56 73
56 74
56 75
56 76
56 80
56 83
56 84
56 85
56 86
56 87
56 88
56 92
56 93
56 94
56 97
56 98
56 99
57 58
57 59
57 60
57 61
57 62
57 63
57 65
57 67
57 69
57 70
57 72
57 74
57 75
57 76
57 77
57 78
57 79
57 80
57 81
57 83
57 85
57 86
57 87
57 88
57 90
57 93
57 94
57 95
57 97
57 98
57 99
58 59
58 60
58 61
58 64
58 65
58 66
58 67
58 69
58 70
58 75
58 76
58 77
58 78
58 79
58 80
58 81
58 83
58 86
58 87
58 88
58 89
58 90
58 92
58 94
58 95
58 96
58 97
58 98
59 60
59 61
59 62
59 64
59 65
59 66
59 67
59 69
59 71
59 73
59 74
59 76
59 78
59 80
59 83
59 84
59 85
59 89
59 90
59 91
59 92
59 94
59 95
59 96
59 97
59 98
59 99
60 61
60 62
60 63
60 65
60 66
60 68
60 69
60 70
60 71
60 72
60 73
60 78
60 85
60 88
60 92
60 93
60 95
60 96
60 97
60 98
60 99
61 62
61 63
61 64
61 66
61 67
61 68
61 69
61 71
61 73
61 74
61 77
61 78
61 79
61 80
61 82
61 83
61 84
61 85
61 86
61 87
61 89
61 90
61 91
61 92
61 93
61 96
61 98
61 99
62 63
62 64
62 65
62 67
62 71
62 72
62 73
62 74
62 75
62 76
62 77
62 78
62 79
62 80
62 81
62 82
62 83
62 84
62 86
62 88
62 89
62 91
62 92
62 93
62 94
62 95
62 96
62 97
62 98
62 99
63 65
63 66
63 67
63 68
63 69
63 72
63 73
63 74
63 75
63 76
63 77
63 78
63 81
63 82
63 85
63 86
63 87
63 88
63 91
63 92
63 94
63 95
63 96
63 98
63 99
64 65
64 66
64 71
64 72
64 74
64 75
64 76
64 77
64 78
64 79
64 80
64 82
64 83
64 84
64 85
64 87
64 88
64 89
64 94
64 95
64 97
64 98
64 99
65 66
65 67
65 68
65 69
65 70
65 72
65 74
65 75
65 77
65 79
65 80
65 81
65 83
65 84
65 85
65 86
65 87
65 88
65 91
65 92
65 93
65 94
65 96
65 97
66 67
66 68
66 69
66 70
66 72
66 74
66 75
66 76
66 77
66 78
66 79
66 80
66 82
66 83
66 85
66 87
66 89
66 91
66 93
66 96
66 97
66 98
66 99
67 68
67 70
67 71
67 73
67 75
67 76
67 78
67 80
67 81
67 84
67 85
67 86
67 87
67 88
67 89
67 90
67 92
67 93
67 94
67 95
67 97
67 98
68 70
68 71
68 72
68 73
68 74
68 76
68 77
68 79
68 80
68 81
68 84
68 85
68 87
68 88
68 90
68 91
68 92
68 94
68 95
68 96
68 98
68 99
69 70
69 71
69 73
69 77
69 79
69 80
69 81
69 82
69 84
69 85
69 86
69 88
69 89
69 91
69 92
69 93
69 94
69 95
69 97
69 98
70 77
70 79
70 80
70 81
70 82
70 85
70 86
70 89
70 91
70 92
70 93
70 94
70 96
70 97
70 98
70 99
71 72
71 73
71 75
71 78
71 79
71 80
71 81
71 82
71 83
71 84
71 85
71 86
71 87
71 89
71 90
71 93
71 95
71 97
71 98
71 99
72 73
72 74
72 76
72 77
72 78
72 79
72 82
72 83
72 84
72 86
72 87
72 88
72 90
72 91
72 92
72 94
72 95
72 96
72 97
72 98
72 99
73 74
73 75
73 76
73 77
73 78
73 79
73 80
73 81
73 82
73 83
73 85
73 87
73 88
73 89
73 93
73 94
73 95
73 96
73 98
73 99
74 75
74 77
74 78
74 79
74 80
74 81
74 82
74 83
74 84
74 86
74 90
74 91
74 94
74 97
74 98
74 99
75 76
75 79
75 80
75 81
75 84
75 85
75 88
75 89
75 91
75 94
75 95
75 96
75 97
75 98
75 99
76 79
76 80
76 81
76 82
76 86
76 87
76 88
76 89
76 90
76 91
76 92
76 93
76 94
76 95
76 97
76 99
77 78
77 79
77 80
77 81
77 82
77 83
77 86
77 87
77 88
77 89
77 90
77 91
77 94
77 95
77 97
77 98
78 80
78 82
78 83
78 85
78 86
78 87
78 89
78 90
78 91
78 92
78 93
78 94
78 96
78 97
78 98
79 81
79 82
79 83
79 85
79 86
79 87
79 89
79 90
79 91
79 92
79 93
79 94
79 95
79 96
79 97
79 98
79 99
80 82
80 83
80 85
80 87
80 89
80 90
80 91
80 93
80 94
80 95
80 96
80 97
80 98
80 99
81 82
81 85
81 87
81 88
81 90
81 91
81 93
81 94
81 95
81 97
82 83
82 84
82 86
82 87
82 88
82 89
82 90
82 92
82 93
82 97
82 98
83 84
83 85
83 86
83 87
83 88
83 89
83 90
83 91
83 92
83 93
83 94
83 95
83 96
83 97
83 98
83 99
84 85
84 86
84 87
84 88
84 89
84 90
84 91
84 95
84 96
84 97
84 98
84 99
85 86
85 87
85 89
85 90
85 91
85 92
85 94
85 96
85 97
85 98
85 99
86 87
86 88
86 89
86 90
86 91
86 92
86 94
86 95
86 97
86 98
87 89
87 90
87 91
87 92
87 93
87 94
87 95
87 96
87 97
87 98
88 89
88 92
88 93
88 94
88 95
88 96
88 98
89 90
89 91
89 92
89 93
89 94
89 95
89 96
89 97
89 98
89 99
90 94
90 95
90 96
90 97
90 98
90 99
91 92
91 94
91 97
91 98
91 99
92 95
92 96
92 98
92 99
93 94
93 95
93 96
93 97
93 98
93 99
94 96
94 97
94 99
95 96
95 99
96 97
96 98
97 98
97 99
17 71 37 75 51 65 7 85 90 47 2 50 32 42 91 60 73 21 56 84
88 11 8 87 93 99 48 98 10 6 62 13 94 22 12 35 25 95 49 79
54 14 23 89 19 33 83 5 70 39 67 81 74 57 30 68 9 63 58 15
97 72 66 55 86 77 38 59 27 26 1 40 61 28 96 36 41 46 64 53
44 16 78 24 76 0 29 92 18 4 52 80 31 3 45 20 34 82 43 69
