100
2449
10
21
61
83
58
56
39
14
49
67
52
0 1
0 3
0 4
0 7
0 8
0 9
0 11
0 14
0 15
0 16
0 21
0 23
0 28
0 29
0 32
0 37
0 39
0 40
0 41
0 42
0 47
0 48
0 50
0 52
0 54
0 55
0 56
0 57
0 60
0 61
0 63
0 65
0 68
0 71
0 72
0 75
0 77
0 78
0 80
0 81
0 82
0 87
0 88
0 89
0 90
0 95
0 96
0 99
1 4
1 6
1 12
1 16
1 18
1 21
1 23
1 24
1 25
1 26
1 28
1 30
1 31
1 34
1 35
1 36
1 37
1 40
1 42
1 44
1 47
1 51
1 52
1 54
1 56
1 57
1 58
1 60
1 62
1 63
1 66
1 67
1 69
1 74
1 75
1 77
1 79
1 81
1 82
1 85
1 87
1 88
1 90
1 91
1 93
1 94
1 96
2 6
2 9
2 10
2 11
2 12
2 13
2 15
2 16
2 17
2 18
2 19
2 20
2 21
2 24
2 25
2 31
2 32
2 33
2 36
2 39
2 44
2 46
2 47
2 49
2 50
2 53
2 56
2 58
2 61
2 63
2 65
2 66
2 68
2 72
2 73
2 75
2 80
2 82
2 86
2 87
2 90
3 6
3 10
3 11
3 12
3 13
3 14
3 15
3 16
3 17
3 18
3 19
3 24
3 26
3 28
3 30
3 32
3 33
3 36
3 37
3 40
3 43
3 44
3 45
3 48
3 50
3 52
3 53
3 56
3 58
3 59
3 61
3 62
3 63
3 64
3 65
3 67
3 68
3 70
3 71
3 72
3 74
3 80
3 83
3 84
3 85
3 88
3 89
3 90
3 91
3 94
3 96
4 8
4 11
4 12
4 13
4 16
4 19
4 22
4 24
4 25
4 26
4 27
4 29
4 30
4 31
4 33
4 42
4 45
4 46
4 47
4 49
4 50
4 52
4 53
4 54
4 55
4 56
4 57
4 58
4 59
4 60
4 61
4 62
4 63
4 65
4 68
4 69
4 71
4 74
4 76
4 80
4 85
4 86
4 87
4 95
4 99
5 8
5 10
5 13
5 16
5 17
5 18
5 20
5 21
5 23
5 25
5 26
5 28
5 29
5 31
5 33
5 37
5 38
5 39
5 40
5 44
5 46
5 48
5 51
5 55
5 59
5 60
5 61
5 62
5 63
5 64
5 69
5 70
5 72
5 73
5 74
5 77
5 78
5 79
5 81
5 82
5 86
5 87
5 88
5 89
5 94
5 95
5 96
5 97
5 99
6 10
6 15
6 18
6 21
6 22
6 24
6 26
6 29
6 31
6 32
6 34
6 35
6 36
6 37
6 39
6 41
6 45
6 47
6 48
6 49
6 50
6 51
6 52
6 53
6 57
6 61
6 63
6 66
6 69
6 70
6 71
6 73
6 74
6 75
6 76
6 78
6 82
6 85
6 87
6 91
6 92
6 94
6 96
6 97
6 98
7 8
7 10
7 11
7 12
7 15
7 21
7 23
7 25
7 29
7 32
7 34
7 37
7 40
7 41
7 43
7 46
7 48
7 49
7 52
7 54
7 55
7 63
7 64
7 65
7 69
7 70
7 71
7 72
7 74
7 77
7 78
7 79
7 80
7 83
7 84
7 86
7 87
7 89
7 90
7 92
7 93
7 96
7 97
7 98
8 9
8 10
8 11
8 13
8 15
8 16
8 17
8 19
8 22
8 23
8 24
8 25
8 27
8 28
8 31
8 32
8 33
8 34
8 36
8 39
8 40
8 43
8 46
8 48
8 49
8 50
8 51
8 54
8 56
8 58
8 59
8 60
8 61
8 63
8 66
8 68
8 69
8 70
8 71
8 74
8 75
8 77
8 78
8 79
8 82
8 84
8 85
8 86
8 88
8 91
8 92
8 93
8 94
8 96
8 97
8 98
8 99
9 10
9 13
9 19
9 25
9 26
9 27
9 28
9 29
9 30
9 31
9 32
9 34
9 37
9 38
9 39
9 40
9 41
9 50
9 52
9 55
9 58
9 59
9 61
9 70
9 71
9 72
9 73
9 77
9 79
9 80
9 83
9 84
9 87
9 89
9 90
9 92
9 93
9 94
9 95
9 99
10 15
10 16
10 17
10 21
10 24
10 25
10 26
10 28
10 31
10 33
10 35
10 37
10 38
10 40
10 41
10 43
10 46
10 48
10 49
10 50
10 51
10 52
10 54
10 55
10 57
10 58
10 60
10 61
10 62
10 65
10 66
10 68
10 70
10 71
10 73
10 75
10 76
10 77
10 80
10 81
10 82
10 85
10 88
10 90
10 91
10 93
10 95
10 98
10 99
11 13
11 17
11 18
11 19
11 20
11 22
11 27
11 28
11 29
11 33
11 35
11 38
11 41
11 42
11 44
11 48
11 49
11 50
11 52
11 53
11 54
11 56
11 57
11 58
11 59
11 65
11 66
11 67
11 68
11 70
11 71
11 72
11 74
11 75
11 76
11 77
11 78
11 82
11 86
11 88
11 91
11 94
11 95
11 96
11 97
11 98
11 99
12 13
12 15
12 17
12 18
12 19
12 20
12 22
12 24
12 25
12 27
12 29
12 30
12 33
12 35
12 37
12 40
12 41
12 42
12 43
12 44
12 46
12 49
12 52
12 54
12 56
12 57
12 58
12 59
12 67
12 68
12 69
12 74
12 75
12 76
12 77
12 78
12 81
12 82
12 86
12 87
12 88
12 94
12 95
12 96
12 97
12 99
13 15
13 16
13 20
13 22
13 23
13 24
13 26
13 28
13 29
13 30
13 33
13 36
13 37
13 39
13 43
13 46
13 48
13 50
13 51
13 53
13 54
13 55
13 60
13 62
13 64
13 65
13 67
13 68
13 69
13 72
13 74
13 75
13 76
13 77
13 78
13 79
13 80
13 82
13 83
13 85
13 88
13 89
13 90
13 91
13 94
13 97
13 98
13 99
14 16
14 17
14 18
14 19
14 20
14 23
14 24
14 25
14 26
14 29
14 31
14 33
14 34
14 38
14 40
14 41
14 43
14 44
14 46
14 47
14 49
14 51
14 54
14 56
14 58
14 59
14 65
14 66
14 67
14 68
14 69
14 70
14 71
14 72
14 73
14 75
14 78
14 82
14 83
14 85
14 88
14 93
14 95
14 96
14 98
15 18
15 20
15 22
15 23
15 25
15 26
15 29
15 31
15 33
15 34
15 37
15 41
15 42
15 43
15 44
15 45
15 46
15 47
15 49
15 50
15 51
15 53
15 54
15 57
15 58
15 60
15 61
15 62
15 63
15 65
15 66
15 71
15 73
15 74
15 75
15 76
15 77
15 79
15 80
15 83
15 84
15 87
15 89
15 90
15 94
15 99
16 18
16 21
16 24
16 25
16 27
16 28
16 29
16 30
16 40
16 41
16 44
16 49
16 51
16 52
16 58
16 59
16 60
16 61
16 62
16 64
16 66
16 67
16 71
16 74
16 75
16 79
16 80
16 81
16 82
16 83
16 84
16 88
16 89
16 93
16 97
16 99
17 21
17 23
17 26
17 28
17 29
17 30
17 32
17 35
17 36
17 38
17 40
17 44
17 45
17 48
17 51
17 53
17 54
17 55
17 58
17 61
17 62
17 67
17 68
17 69
17 73
17 74
17 75
17 80
17 81
17 82
17 84
17 86
17 87
17 90
17 91
17 92
17 94
17 96
17 98
18 21
18 22
18 24
18 26
18 27
18 28
18 29
18 30
18 34
18 36
18 38
18 40
18 41
18 42
18 43
18 44
18 46
18 54
18 55
18 56
18 57
18 58
18 61
18 67
18 70
18 71
18 75
18 76
18 77
18 78
18 79
18 80
18 84
18 87
18 88
18 91
18 92
18 94
18 98
19 20
19 21
19 22
19 26
19 27
19 29
19 30
19 31
19 39
19 45
19 47
19 48
19 49
19 53
19 54
19 55
19 57
19 58
19 59
19 60
19 61
19 62
19 65
19 66
19 68
19 69
19 71
19 76
19 79
19 81
19 83
19 88
19 89
19 92
19 94
19 95
19 96
19 98
19 99
20 21
20 24
20 25
20 27
20 29
20 30
20 33
20 36
20 37
20 38
20 39
20 40
20 42
20 43
20 46
20 48
20 49
20 50
20 57
20 59
20 63
20 66
20 67
20 68
20 69
20 72
20 75
20 78
20 79
20 82
20 83
20 86
20 88
20 90
20 92
20 93
20 94
20 98
20 99
21 22
21 24
21 27
21 31
21 33
21 36
21 37
21 38
21 39
21 40
21 42
21 43
21 47
21 49
21 50
21 51
21 52
21 53
21 56
21 57
21 58
21 60
21 61
21 64
21 65
21 66
21 70
21 72
21 74
21 75
21 77
21 78
21 81
21 82
21 83
21 87
21 88
21 91
21 92
21 93
21 94
22 26
22 28
22 31
22 35
22 36
22 37
22 38
22 39
22 40
22 43
22 44
22 46
22 47
22 49
22 53
22 58
22 60
22 61
22 62
22 63
22 65
22 66
22 67
22 70
22 71
22 72
22 74
22 75
22 76
22 77
22 78
22 79
22 80
22 81
22 88
22 89
22 92
22 93
22 97
23 27
23 28
23 31
23 32
23 34
23 35
23 36
23 37
23 41
23 44
23 45
23 46
23 47
23 49
23 51
23 52
23 53
23 55
23 57
23 58
23 59
23 60
23 63
23 65
23 66
23 69
23 70
23 74
23 79
23 82
23 83
23 85
23 87
23 89
23 95
23 97
23 98
23 99
24 25
24 28
24 30
24 39
24 41
24 44
24 47
24 49
24 51
24 52
24 54
24 55
24 57
24 60
24 61
24 62
24 73
24 74
24 75
24 76
24 78
24 80
24 85
24 87
24 90
24 91
24 92
24 94
24 99
25 26
25 27
25 28
25 29
25 30
25 31
25 32
25 38
25 39
25 41
25 42
25 43
25 45
25 46
25 47
25 48
25 49
25 53
25 54
25 57
25 62
25 63
25 66
25 70
25 72
25 76
25 83
25 84
25 89
25 90
25 92
25 95
25 97
26 28
26 30
26 31
26 33
26 40
26 41
26 42
26 48
26 50
26 51
26 53
26 54
26 56
26 57
26 58
26 59
26 62
26 64
26 66
26 68
26 69
26 70
26 71
26 72
26 73
26 75
26 77
26 78
26 85
26 89
26 91
26 92
26 93
26 95
26 96
26 98
27 30
27 32
27 34
27 36
27 38
27 41
27 42
27 47
27 49
27 50
27 51
27 52
27 53
27 54
27 57
27 63
27 64
27 67
27 68
27 69
27 70
27 71
27 73
27 74
27 77
27 79
27 80
27 81
27 82
27 83
27 84
27 87
27 94
27 95
27 96
27 97
27 98
28 29
28 32
28 33
28 34
28 37
28 39
28 41
28 43
28 45
28 47
28 48
28 49
28 50
28 51
28 52
28 53
28 54
28 55
28 56
28 58
28 59
28 60
28 62
28 63
28 64
28 65
28 66
28 67
28 68
28 69
28 70
28 75
28 76
28 77
28 79
28 81
28 84
28 86
28 87
28 89
28 90
28 94
28 97
28 99
29 32
29 33
29 34
29 35
29 36
29 37
29 39
29 42
29 44
29 46
29 47
29 48
29 49
29 52
29 53
29 55
29 57
29 59
29 62
29 65
29 69
29 70
29 73
29 74
29 78
29 79
29 80
29 82
29 83
29 84
29 86
29 88
29 90
29 94
29 95
29 96
29 97
30 31
30 33
30 34
30 35
30 36
30 39
30 43
30 45
30 52
30 53
30 54
30 57
30 58
30 61
30 62
30 63
30 65
30 68
30 69
30 72
30 73
30 74
30 76
30 80
30 82
30 83
30 85
30 88
30 89
30 91
30 93
30 98
31 33
31 38
31 42
31 45
31 49
31 51
31 52
31 53
31 54
31 55
31 57
31 58
31 59
31 60
31 61
31 64
31 69
31 71
31 74
31 79
31 81
31 83
31 86
31 88
31 92
31 93
31 95
31 96
31 99
32 34
32 35
32 36
32 39
32 40
32 41
32 42
32 43
32 44
32 45
32 47
32 48
32 51
32 52
32 53
32 54
32 55
32 60
32 66
32 67
32 69
32 70
32 71
32 73
32 75
32 78
32 81
32 84
32 85
32 86
32 88
32 90
32 92
32 95
33 36
33 40
33 41
33 42
33 45
33 48
33 52
33 53
33 54
33 55
33 58
33 60
33 62
33 68
33 69
33 71
33 72
33 77
33 79
33 80
33 81
33 83
33 84
33 91
33 94
33 95
33 97
33 99
34 36
34 37
34 38
34 41
34 47
34 50
34 51
34 52
34 54
34 55
34 56
34 61
34 62
34 63
34 67
34 70
34 74
34 76
34 79
34 80
34 82
34 84
34 86
34 87
34 88
34 89
34 90
34 91
34 92
34 94
34 95
34 96
34 97
34 99
35 37
35 38
35 40
35 42
35 43
35 44
35 45
35 48
35 55
35 57
35 58
35 59
35 61
35 62
35 66
35 72
35 73
35 76
35 79
35 80
35 82
35 83
35 88
35 92
35 94
35 95
35 97
35 99
36 37
36 38
36 41
36 48
36 52
36 53
36 55
36 56
36 60
36 61
36 62
36 63
36 66
36 67
36 68
36 72
36 76
36 77
36 79
36 80
36 81
36 82
36 83
36 84
36 86
36 90
36 91
36 95
36 96
36 97
36 98
36 99
37 38
37 39
37 40
37 43
37 44
37 52
37 53
37 54
37 55
37 57
37 60
37 63
37 64
37 68
37 70
37 73
37 75
37 77
37 78
37 79
37 81
37 82
37 84
37 85
37 88
37 89
37 92
37 94
37 96
37 97
38 43
38 45
38 47
38 49
38 52
38 53
38 60
38 61
38 62
38 64
38 65
38 67
38 70
38 71
38 72
38 73
38 75
38 76
38 77
38 81
38 82
38 83
38 84
38 87
38 96
38 99
39 40
39 41
39 42
39 44
39 46
39 49
39 50
39 51
39 52
39 55
39 57
39 58
39 60
39 65
39 67
39 68
39 69
39 74
39 77
39 78
39 81
39 82
39 83
39 84
39 85
39 88
39 92
39 93
39 94
39 95
39 96
40 41
40 43
40 46
40 47
40 50
40 51
40 52
40 53
40 54
40 59
40 63
40 66
40 67
40 69
40 70
40 72
40 73
40 78
40 80
40 82
40 84
40 87
40 90
40 91
40 93
40 95
40 98
40 99
41 42
41 44
41 46
41 47
41 51
41 53
41 55
41 56
41 62
41 66
41 68
41 70
41 71
41 72
41 73
41 74
41 75
41 76
41 80
41 81
41 84
41 86
41 87
41 88
41 91
41 92
41 95
41 97
42 43
42 45
42 46
42 47
42 49
42 51
42 52
42 54
42 60
42 63
42 65
42 68
42 69
42 71
42 72
42 73
42 74
42 80
42 82
42 84
42 85
42 86
42 89
42 90
42 91
42 92
42 95
42 96
42 98
42 99
43 45
43 46
43 48
43 49
43 52
43 53
43 54
43 55
43 59
43 60
43 61
43 62
43 63
43 64
43 65
43 66
43 67
43 68
43 72
43 74
43 81
43 82
43 85
43 87
43 93
43 95
43 97
43 98
43 99
44 48
44 50
44 51
44 52
44 55
44 56
44 58
44 60
44 63
44 65
44 68
44 69
44 71
44 72
44 73
44 75
44 76
44 77
44 80
44 81
44 83
44 86
44 87
44 88
44 90
44 91
44 94
44 96
44 97
45 46
45 47
45 50
45 54
45 57
45 58
45 59
45 60
45 61
45 65
45 67
45 69
45 71
45 74
45 77
45 78
45 79
45 80
45 81
45 83
45 86
45 91
45 92
45 93
45 95
45 97
45 99
46 47
46 51
46 53
46 55
46 56
46 57
46 58
46 63
46 66
46 67
46 68
46 69
46 71
46 72
46 73
46 75
46 76
46 78
46 79
46 80
46 82
46 83
46 85
46 86
46 87
46 89
46 92
46 93
46 95
46 98
46 99
47 49
47 50
47 52
47 53
47 55
47 56
47 61
47 65
47 66
47 69
47 71
47 76
47 77
47 78
47 79
47 81
47 82
47 83
47 84
47 85
47 88
47 97
47 99
48 51
48 52
48 53
48 54
48 56
48 59
48 60
48 61
48 63
48 66
48 68
48 69
48 71
48 72
48 73
48 76
48 77
48 79
48 81
48 82
48 87
48 88
48 89
48 90
48 93
48 94
48 95
48 96
48 98
48 99
49 51
49 52
49 53
49 55
49 58
49 59
49 60
49 62
49 64
49 65
49 66
49 72
49 74
49 80
49 82
49 83
49 84
49 87
49 89
49 90
49 95
49 96
49 97
49 99
50 51
50 53
50 55
50 56
50 57
50 58
50 59
50 60
50 62
50 63
50 65
50 67
50 72
50 76
50 78
50 79
50 85
50 86
50 88
50 91
50 92
50 93
50 95
50 96
50 98
50 99
51 52
51 54
51 56
51 57
51 58
51 59
51 61
51 62
51 64
51 65
51 66
51 67
51 69
51 71
51 75
51 77
51 80
51 81
51 83
51 84
51 87
51 88
51 94
51 97
51 99
52 53
52 57
52 58
52 59
52 61
52 63
52 64
52 67
52 68
52 70
52 74
52 75
52 76
52 77
52 78
52 79
52 80
52 81
52 82
52 83
52 85
52 86
52 87
52 90
52 93
52 94
52 95
52 98
53 54
53 55
53 58
53 60
53 61
53 62
53 63
53 65
53 66
53 68
53 69
53 71
53 72
53 73
53 74
53 75
53 76
53 81
53 82
53 83
53 84
53 85
53 86
53 87
53 89
53 90
53 91
53 92
53 95
53 96
53 97
53 98
54 55
54 59
54 61
54 63
54 67
54 68
54 72
54 75
54 76
54 77
54 81
54 83
54 84
54 92
54 99
55 56
55 59
55 60
55 61
55 62
55 66
55 67
55 70
55 72
55 74
55 76
55 80
55 82
55 85
55 91
55 94
55 95
55 96
56 57
56 58
56 60
56 62
56 67
56 71
56 77
56 78
56 79
56 81
56 84
56 88
56 89
56 90
56 92
56 95
56 96
56 98
57 59
57 61
57 62
57 67
57 68
57 70
57 71
57 73
57 76
57 77
57 78
57 80
57 81
57 83
57 84
57 88
57 89
57 95
57 99
58 59
58 61
58 63
58 64
58 65
58 66
58 67
58 69
58 70
58 72
58 73
58 74
58 75
58 77
58 78
58 81
58 84
58 85
58 86
58 89
58 90
58 91
58 94
58 98
59 62
59 63
59 66
59 69
59 70
59 72
59 74
59 75
59 76
59 82
59 85
59 88
59 89
59 91
59 94
59 96
59 97
59 98
59 99
60 61
60 62
60 63
60 64
60 72
60 73
60 74
60 75
60 76
60 77
60 80
60 84
60 87
60 90
60 92
60 97
60 98
60 99
61 64
61 66
61 67
61 71
61 73
61 74
61 76
61 77
61 83
61 84
61 85
61 86
61 89
61 90
61 93
61 95
61 96
61 98
62 70
62 73
62 74
62 75
62 76
62 78
62 80
62 81
62 82
62 83
62 84
62 85
62 87
62 90
62 91
62 93
63 64
63 68
63 69
63 72
63 73
63 79
63 80
63 83
63 84
63 85
63 87
63 88
63 89
63 93
63 96
64 66
64 67
64 70
64 76
64 77
64 83
64 87
64 89
64 90
64 91
64 95
64 96
64 99
65 67
65 68
65 69
65 71
65 73
65 76
65 77
65 78
65 88
65 89
65 90
65 91
65 92
65 93
65 95
65 98
65 99
66 67
66 70
66 73
66 74
66 75
66 76
66 77
66 78
66 79
66 80
66 85
66 86
66 87
66 89
66 91
66 94
66 95
66 97
67 69
67 70
67 71
67 72
67 74
67 78
67 82
67 88
67 89
67 92
67 94
67 98
68 74
68 75
68 77
68 78
68 82
68 84
68 87
68 88
68 91
68 92
68 94
68 99
69 72
69 76
69 77
69 78
69 84
69 85
69 86
69 87
69 88
69 89
69 91
69 92
69 96
69 97
69 99
70 73
70 74
70 75
70 77
70 79
70 80
70 83
70 84
70 85
70 86
70 88
70 90
70 91
70 92
70 94
70 98
71 76
71 78
71 79
71 86
71 90
71 91
71 92
71 94
71 95
71 96
71 97
72 73
72 74
72 76
72 78
72 81
72 83
72 87
72 90
72 91
72 95
72 96
72 97
73 75
73 76
73 77
73 78
73 80
73 81
73 82
73 84
73 86
73 87
73 89
73 90
73 91
73 93
73 96
73 98
74 75
74 80
74 81
74 82
74 83
74 85
74 86
74 89
74 96
74 99
75 81
75 83
75 87
75 88
75 89
75 90
75 91
75 92
75 93
75 94
75 96
75 97
76 77
76 78
76 80
76 81
76 82
76 83
76 84
76 89
76 90
76 91
76 92
76 97
76 98
76 99
77 80
77 81
77 84
77 85
77 91
77 92
78 79
78 80
78 82
78 85
78 89
78 92
78 95
78 97
78 99
79 82
79 83
79 87
79 88
79 90
79 92
79 93
79 97
79 98
79 99
80 82
80 83
80 85
80 86
80 87
80 88
80 91
80 94
80 95
80 96
80 97
80 98
80 99
81 83
81 86
81 88
81 89
81 93
81 94
81 95
82 83
82 85
82 86
82 89
82 93
82 95
82 96
82 97
82 98
83 85
83 87
83 92
83 95
83 96
83 98
83 99
84 85
84 86
84 88
84 91
84 93
84 95
84 96
84 97
85 87
85 88
85 89
85 90
85 92
85 93
85 94
85 96
85 97
86 91
86 93
86 94
86 96
86 98
87 88
87 90
87 92
87 96
87 97
88 90
88 91
88 92
88 93
88 96
88 98
89 90
89 91
89 92
89 93
89 95
89 97
89 99
90 92
90 97
91 92
91 93
91 94
91 95
91 97
91 98
91 99
92 93
92 97
92 98
92 99
93 94
94 95
94 96
94 97
95 99
96 98
96 99
97 98
97 99
44 42 64 62 10 47 37 40 2 7
32 3 89 79 87 96 15 73 26 20
35 45 29 98 59 22 76 5 0 90
1 46 16 52 58 27 85 48 94 54
21 53 9 92 66 69 30 33 83 12
49 56 31 24 60 6 81 75 11 36
71 38 91 34 80 84 43 28 86 14
82 51 65 18 68 17 77 93 39 50
61 25 55 13 72 23 67 8 70 95
99 41 63 4 74 19 88 78 97 57
