100
503
20
64
42
16
46
54
85
35
6
79
31
97
62
21
65
54
18
4
25
40
73
0 8
0 10
0 11
0 14
0 28
0 96
0 97
0 99
1 20
1 23
1 27
1 55
1 73
1 81
1 82
1 95
2 5
2 6
2 8
2 13
2 22
2 26
2 40
2 54
2 72
2 80
2 83
2 90
3 7
3 20
3 21
3 31
3 53
3 71
3 80
3 93
3 97
4 15
4 19
4 31
4 35
4 87
4 92
4 94
5 11
5 41
5 52
5 53
5 68
5 76
5 99
6 7
6 29
6 33
6 64
6 83
6 89
6 93
6 96
7 12
7 29
7 36
7 62
7 68
7 77
7 79
7 93
8 14
8 15
8 33
8 43
8 46
8 61
8 70
8 73
8 80
8 97
9 12
9 26
9 29
9 31
9 36
9 37
9 46
9 47
9 52
9 54
9 59
9 67
9 72
9 81
9 86
9 95
10 25
10 35
10 36
10 40
10 46
10 80
10 94
10 97
11 14
11 21
11 27
11 56
11 66
11 68
11 89
11 96
12 14
12 22
12 24
12 54
12 56
12 61
12 69
12 72
12 95
13 22
13 26
13 27
13 43
13 64
13 66
13 69
13 73
13 88
13 94
14 17
14 33
14 81
14 85
15 18
15 20
15 29
15 30
15 35
15 36
15 42
15 47
15 48
15 50
15 62
15 72
15 73
15 88
16 34
16 35
16 40
16 43
16 46
16 60
16 85
16 87
16 89
16 91
16 99
17 35
17 39
17 54
17 65
17 73
17 84
17 86
17 93
17 96
18 20
18 25
18 26
18 28
18 35
18 39
18 57
18 65
18 66
18 74
18 82
18 91
18 94
19 24
19 34
19 41
19 47
19 49
19 50
19 77
19 92
19 95
20 23
20 29
20 51
20 57
20 61
20 64
20 67
20 96
21 29
21 32
21 41
21 50
21 58
21 73
21 76
21 78
21 84
21 90
22 26
22 27
22 29
22 40
22 60
22 99
23 32
23 41
23 49
23 68
23 70
23 71
23 82
23 86
23 88
23 92
23 96
24 26
24 36
24 46
24 52
24 62
24 77
24 85
24 97
24 99
25 53
25 55
25 82
25 83
25 84
25 95
25 96
25 97
26 31
26 36
26 39
26 44
26 66
26 74
26 77
26 79
26 83
26 85
26 86
26 89
27 28
27 33
27 35
27 44
27 55
27 66
27 69
27 99
28 32
28 75
28 81
28 85
28 95
29 34
29 37
29 40
29 43
29 55
29 86
29 87
30 47
30 55
30 76
30 98
30 99
31 51
31 54
31 57
31 80
31 83
31 85
31 87
32 35
32 43
32 49
32 64
32 87
33 39
33 66
33 68
33 74
33 78
34 56
34 64
34 65
34 71
34 75
34 82
34 93
35 37
35 45
35 54
35 66
35 70
35 76
35 94
36 48
36 67
36 93
37 40
37 46
37 49
37 54
37 65
37 75
37 78
37 85
38 43
38 46
38 69
38 73
38 80
38 97
39 41
39 64
39 65
39 72
39 82
39 90
39 93
39 94
40 47
40 51
40 60
40 68
40 69
40 93
41 54
41 57
41 64
41 73
41 83
41 93
41 99
42 63
42 74
42 83
42 96
43 56
43 81
43 99
44 47
44 55
44 58
44 62
44 94
44 99
45 56
45 75
45 80
45 96
46 51
46 72
46 82
46 92
46 99
47 48
47 57
47 67
47 74
47 95
48 51
48 65
49 80
49 98
50 55
50 64
50 68
50 72
50 73
50 84
50 91
51 57
51 65
51 80
51 88
51 90
51 98
52 54
52 55
52 61
53 55
53 83
53 87
54 63
54 68
54 69
54 74
54 87
54 90
54 93
54 97
55 57
55 63
55 87
55 94
56 62
56 67
56 78
56 93
57 62
57 64
57 68
57 71
57 77
57 94
58 70
58 75
58 82
58 94
58 97
58 99
59 77
59 99
60 72
60 85
60 88
60 96
61 73
61 85
61 88
61 93
62 66
62 81
62 84
62 96
63 75
63 79
63 82
63 90
64 69
64 91
64 98
65 68
65 83
65 87
66 78
66 88
66 90
67 68
67 69
67 72
67 74
67 90
67 98
68 82
68 84
68 92
69 94
70 73
70 93
71 78
72 75
72 98
73 77
73 78
73 83
73 88
74 92
74 93
75 82
75 88
75 98
76 79
76 92
76 94
76 95
77 85
77 87
78 84
78 95
78 96
79 93
79 99
81 84
81 85
81 91
81 99
82 99
83 87
83 91
83 97
84 91
85 87
87 95
88 93
89 90
89 94
91 94
92 94
92 97
6 43 21 81 68
48 42 36 55 22
74 76 92 25 94
79 61 86 63 11
70 37 0 50 69
65 7 98 82 93
52 4 27 75 18
26 20 67 19 23
83 66 14 8 77
71 73 12 58 16
53 64 24 41 59
1 13 38 2 32
45 39 5 99 90
95 30 97 91 44
56 31 96 62 28
89 88 3 87 54
46 17 29 34 33
9 57 84 10 60
72 49 51 15 40
35 80 85 47 78
