100
980
4
78
12
23
36
0 2
0 7
0 11
0 14
0 20
0 22
0 27
0 28
0 29
0 30
0 33
0 39
0 41
0 50
0 51
0 52
0 53
0 55
0 57
0 58
0 59
0 72
0 76
0 77
0 78
0 82
0 83
0 87
0 90
0 95
0 97
0 98
0 99
1 21
1 22
1 25
1 32
1 34
1 35
1 37
1 58
1 60
1 63
1 71
1 84
1 90
1 91
1 93
1 94
1 95
1 97
1 98
1 99
2 5
2 6
2 8
2 10
2 12
2 14
2 15
2 17
2 22
2 23
2 24
2 27
2 28
2 29
2 32
2 38
2 39
2 49
2 56
2 57
2 61
2 67
2 72
2 78
2 80
2 82
2 83
2 88
2 90
2 93
2 96
3 4
3 20
3 21
3 22
3 28
3 29
3 31
3 39
3 40
3 41
3 52
3 53
3 56
3 60
3 64
3 66
3 68
3 70
3 72
3 74
3 80
3 83
3 90
3 99
4 11
4 13
4 18
4 21
4 25
4 35
4 37
4 40
4 41
4 52
4 55
4 64
4 68
4 80
4 82
4 85
4 93
4 97
5 12
5 14
5 16
5 19
5 22
5 23
5 25
5 26
5 33
5 38
5 44
5 45
5 58
5 72
6 18
6 19
6 21
6 22
6 30
6 50
6 59
6 74
6 84
6 87
6 93
6 99
7 15
7 21
7 28
7 34
7 50
7 60
7 69
7 81
7 86
7 88
8 10
8 14
8 20
8 21
8 29
8 31
8 37
8 40
8 49
8 52
8 53
8 56
8 59
8 67
8 69
8 79
8 81
8 96
9 10
9 11
9 15
9 23
9 26
9 29
9 30
9 40
9 44
9 45
9 48
9 51
9 56
9 70
9 82
9 88
9 93
9 96
9 98
9 99
10 18
10 20
10 22
10 25
10 35
10 38
10 62
10 65
10 68
10 71
10 75
10 79
10 88
10 89
10 96
10 97
11 12
11 13
11 15
11 17
11 32
11 41
11 43
11 45
11 46
11 56
11 66
11 72
11 84
11 93
11 95
12 14
12 18
12 20
12 21
12 24
12 27
12 33
12 36
12 38
12 42
12 49
12 52
12 70
12 73
13 14
13 19
13 27
13 48
13 56
13 58
13 66
13 71
13 74
13 77
13 81
13 86
13 87
13 92
13 96
14 15
14 17
14 20
14 21
14 25
14 39
14 42
14 45
14 47
14 48
14 49
14 53
14 56
14 57
14 68
14 75
14 77
14 82
14 83
14 88
14 89
15 16
15 33
15 35
15 37
15 45
15 49
15 61
15 63
15 66
15 68
15 70
15 75
15 79
15 86
16 17
16 38
16 41
16 58
16 59
16 62
16 71
16 79
16 80
16 81
16 87
16 91
16 93
17 19
17 23
17 31
17 38
17 39
17 52
17 59
17 62
17 72
17 81
17 84
17 94
17 98
18 25
18 27
18 34
18 35
18 44
18 46
18 47
18 51
18 52
18 76
18 80
18 89
18 90
18 91
18 99
19 24
19 26
19 27
19 29
19 33
19 35
19 59
19 75
19 81
19 82
19 90
19 98
20 23
20 26
20 32
20 38
20 39
20 41
20 49
20 53
20 56
20 58
20 68
20 71
20 81
20 86
20 94
20 95
21 25
21 29
21 30
21 35
21 36
21 37
21 50
21 56
21 67
21 73
21 77
21 79
21 83
21 89
21 91
21 94
21 95
22 39
22 41
22 44
22 46
22 56
22 57
22 59
22 65
22 74
22 78
22 79
22 81
23 27
23 29
23 30
23 34
23 36
23 41
23 42
23 44
23 78
23 89
23 91
23 95
23 96
24 38
24 39
24 42
24 51
24 56
24 60
24 67
24 70
24 71
24 77
24 78
24 89
24 97
25 32
25 33
25 34
25 38
25 70
25 77
25 88
25 92
25 94
25 95
25 96
25 97
26 27
26 33
26 36
26 41
26 44
26 55
26 62
26 65
26 72
26 74
26 82
26 84
26 86
26 91
26 95
26 99
27 31
27 32
27 34
27 43
27 46
27 47
27 51
27 52
27 54
27 64
27 65
27 68
27 71
27 74
27 80
27 81
27 82
27 83
27 85
28 29
28 32
28 34
28 40
28 41
28 49
28 51
28 52
28 58
28 63
28 71
28 75
28 90
28 94
29 30
29 34
29 39
29 42
29 44
29 49
29 68
29 86
29 89
30 33
30 46
30 47
30 49
30 58
30 69
30 71
30 72
30 76
30 78
30 85
30 87
30 89
30 96
30 97
30 99
31 33
31 37
31 41
31 52
31 55
31 62
31 64
31 69
31 70
31 73
31 77
31 78
31 80
31 92
31 98
32 41
32 42
32 43
32 53
32 55
32 57
32 58
32 59
32 62
32 67
32 86
32 87
32 96
33 37
33 45
33 49
33 57
33 68
33 77
33 78
33 80
33 86
33 88
33 95
33 96
33 97
34 38
34 45
34 52
34 57
34 65
34 67
34 68
34 69
34 70
34 72
34 74
34 76
34 78
34 79
34 93
34 98
35 41
35 42
35 48
35 51
35 52
35 53
35 63
35 68
35 73
35 77
35 78
35 79
35 83
35 93
36 38
36 58
36 60
36 61
36 91
37 44
37 45
37 48
37 51
37 52
37 69
37 82
37 88
37 89
37 92
37 95
38 45
38 56
38 60
38 62
38 64
38 68
38 73
38 84
38 96
38 97
39 41
39 46
39 47
39 50
39 54
39 56
39 68
39 71
39 72
39 73
39 84
39 95
39 98
40 43
40 49
40 53
40 54
40 59
40 68
40 71
40 82
40 83
40 87
40 98
40 99
41 55
41 57
41 72
41 79
41 83
41 91
41 93
41 95
42 49
42 50
42 51
42 53
42 61
42 68
42 80
42 85
42 88
42 89
42 91
43 46
43 56
43 57
43 70
43 73
43 78
43 84
43 96
44 46
44 53
44 56
44 58
44 60
44 61
44 62
44 72
44 75
44 80
44 81
44 86
44 93
44 96
45 49
45 51
45 52
45 59
45 64
45 65
45 68
45 73
45 81
45 84
45 85
45 90
45 94
45 96
45 99
46 47
46 49
46 50
46 55
46 57
46 60
46 61
46 74
46 82
46 83
46 85
46 87
46 92
47 62
47 66
47 69
47 73
47 82
47 83
47 86
47 94
47 99
48 50
48 52
48 58
48 63
48 72
48 75
48 78
48 81
48 82
48 85
48 91
48 94
48 95
48 96
49 56
49 70
49 79
49 84
49 90
49 91
50 51
50 53
50 55
50 65
50 71
50 72
50 73
50 80
50 98
51 53
51 56
51 59
51 60
51 64
51 65
51 70
51 79
51 90
51 91
51 97
52 53
52 55
52 67
52 73
52 80
52 85
52 86
52 96
52 97
53 61
53 64
53 67
53 74
53 76
53 87
53 92
53 95
54 57
54 59
54 66
54 69
54 70
54 73
54 81
54 89
54 91
55 70
55 77
55 83
55 96
55 97
55 99
56 78
56 79
56 81
56 84
56 96
57 60
57 61
57 63
57 66
57 68
57 76
57 91
57 92
57 93
57 96
58 63
58 66
58 67
58 96
59 70
59 71
59 73
59 74
59 84
59 95
60 70
60 75
60 79
60 87
60 90
60 98
61 79
61 80
62 66
62 73
62 75
62 85
62 93
62 95
62 99
63 64
63 65
63 67
63 69
63 70
63 72
63 74
63 75
63 76
63 82
63 87
63 90
63 93
63 94
63 96
63 97
64 66
64 75
64 79
64 82
64 84
64 85
64 92
64 95
65 67
65 70
65 74
65 76
65 77
65 86
65 93
66 68
66 78
66 79
66 80
66 82
66 87
66 90
66 93
66 96
67 68
67 74
67 75
67 78
67 79
67 81
67 83
67 88
67 90
67 95
68 69
68 72
68 73
68 75
68 81
68 86
68 90
68 93
68 95
68 99
69 70
69 71
69 88
69 89
69 99
70 73
70 77
70 79
70 82
70 83
70 84
70 88
70 92
70 99
71 72
71 83
71 86
71 89
71 94
71 96
71 98
72 77
72 78
72 79
72 83
72 84
72 85
73 75
73 77
73 78
73 82
73 87
73 96
74 75
74 76
74 84
74 90
74 92
74 94
75 77
75 79
75 85
75 93
75 94
76 89
76 93
76 95
76 98
76 99
77 82
77 91
77 98
78 81
78 87
78 89
78 93
79 85
79 90
79 91
80 88
80 91
80 92
80 94
80 97
81 84
81 94
81 96
82 87
82 88
82 94
82 97
83 84
83 86
83 88
83 94
83 99
84 86
84 87
84 91
85 87
85 92
85 93
86 88
86 91
86 93
86 97
87 90
87 91
87 97
88 92
88 95
89 91
89 94
90 93
90 98
91 95
91 96
91 98
92 96
94 97
95 98
96 98
97 99
60 13 1 66 81 56 47 90 20 83 82 23 87 88 95 62 25 33 40 98 79 51 22 85 37 89 93 27 48 35
24 18 68 76 31 12 46 0 64 7 45 77 65 29 75 21 3 80 9 28 84 54 96 55 5 58 63 92 16 2
86 78 69 26 11 36 74 4 99 39 97 50 61 43 72 71 91 38 32 6 15 70 57 17 94 49 73 44 10 8
52 41 34 67 53 59 30 42 19 14
