20
106
5
24
18
27
26
9
0 2
0 3
0 4
0 6
0 8
0 9
0 12
0 13
0 15
0 16
0 19
1 7
1 8
1 10
1 11
1 12
1 14
1 15
1 16
1 17
1 19
2 6
2 7
2 8
2 9
2 10
2 11
2 14
2 15
2 16
2 18
3 4
3 8
3 12
3 13
3 14
3 15
4 5
4 6
4 8
4 12
4 15
4 16
4 17
4 18
4 19
5 6
5 7
5 11
5 16
5 18
6 7
6 9
6 10
6 11
6 12
6 13
6 16
6 17
6 18
6 19
7 8
7 9
7 11
7 14
7 16
7 17
7 18
7 19
8 10
8 11
8 13
8 14
8 19
9 11
9 12
9 14
9 15
9 16
9 17
9 18
9 19
10 13
10 14
10 16
10 17
10 18
10 19
11 12
11 14
11 16
11 18
12 14
12 17
12 19
13 15
13 18
14 15
14 18
15 18
15 19
16 17
16 18
16 19
17 18
18 19
13 16 7 9
19 15 8 1
18 17 6 2
0 4 3 14
11 12 5 10
