200
5974
4
19
56
22
32
0 3
0 5
0 6
0 7
0 9
0 16
0 19
0 24
0 26
0 27
0 29
0 32
0 34
0 36
0 40
0 41
0 43
0 46
0 50
0 58
0 59
0 60
0 61
0 62
0 65
0 66
0 69
0 70
0 74
0 75
0 77
0 82
0 85
0 88
0 89
0 93
0 95
0 100
0 102
0 111
0 115
0 116
0 119
0 123
0 124
0 126
0 127
0 130
0 134
0 137
0 148
0 149
0 150
0 151
0 152
0 155
0 156
0 157
0 159
0 162
0 163
0 164
0 171
0 172
0 174
0 175
0 177
0 178
0 186
0 191
1 3
1 4
1 6
1 7
1 11
1 16
1 19
1 20
1 25
1 28
1 29
1 31
1 41
1 46
1 49
1 50
1 52
1 57
1 58
1 61
1 62
1 63
1 64
1 72
1 75
1 79
1 80
1 84
1 86
1 89
1 97
1 98
1 102
1 104
1 107
1 111
1 113
1 118
1 121
1 125
1 130
1 135
1 137
1 138
1 142
1 149
1 151
1 153
1 154
1 156
1 161
1 168
1 170
1 173
1 179
1 180
1 181
1 182
1 183
1 185
1 189
1 190
1 192
1 193
1 194
2 5
2 9
2 12
2 13
2 21
2 22
2 23
2 25
2 33
2 35
2 36
2 39
2 41
2 45
2 46
2 55
2 57
2 62
2 69
2 75
2 80
2 83
2 87
2 92
2 94
2 95
2 100
2 103
2 106
2 107
2 108
2 115
2 116
2 122
2 123
2 124
2 125
2 126
2 130
2 133
2 136
2 141
2 153
2 155
2 156
2 161
2 162
2 163
2 165
2 169
2 179
2 182
2 183
2 188
2 192
2 193
2 194
2 195
2 197
2 199
3 4
3 7
3 10
3 12
3 19
3 20
3 25
3 28
3 30
3 36
3 40
3 41
3 42
3 43
3 46
3 47
3 50
3 51
3 52
3 53
3 55
3 56
3 61
3 62
3 66
3 68
3 74
3 75
3 76
3 81
3 82
3 83
3 87
3 91
3 92
3 96
3 97
3 101
3 110
3 111
3 114
3 115
3 118
3 120
3 123
3 125
3 133
3 135
3 138
3 140
3 143
3 156
3 161
3 165
3 168
3 170
3 171
3 172
3 177
3 179
3 181
3 182
3 186
3 189
3 190
3 196
4 6
4 7
4 8
4 9
4 14
4 21
4 23
4 25
4 32
4 34
4 37
4 42
4 50
4 52
4 53
4 57
4 60
4 72
4 75
4 79
4 80
4 81
4 88
4 91
4 94
4 97
4 99
4 100
4 102
4 105
4 107
4 110
4 112
4 114
4 116
4 117
4 125
4 126
4 130
4 131
4 132
4 138
4 140
4 141
4 146
4 153
4 155
4 157
4 171
4 175
4 176
4 177
4 179
4 181
4 186
4 188
4 189
4 197
4 198
5 15
5 17
5 20
5 25
5 32
5 36
5 49
5 64
5 67
5 73
5 77
5 79
5 81
5 86
5 88
5 90
5 93
5 94
5 95
5 99
5 100
5 105
5 109
5 113
5 114
5 117
5 120
5 125
5 134
5 138
5 140
5 144
5 147
5 155
5 162
5 163
5 164
5 165
5 172
5 174
5 181
5 183
5 184
5 189
5 190
5 193
5 195
5 197
6 8
6 11
6 17
6 19
6 24
6 26
6 29
6 30
6 34
6 36
6 38
6 39
6 40
6 50
6 51
6 54
6 61
6 63
6 64
6 74
6 75
6 77
6 87
6 90
6 96
6 104
6 108
6 109
6 110
6 111
6 112
6 113
6 114
6 116
6 120
6 123
6 125
6 127
6 128
6 129
6 134
6 140
6 149
6 155
6 156
6 162
6 167
6 179
6 182
6 183
6 188
6 192
6 193
6 198
6 199
7 9
7 12
7 13
7 14
7 15
7 17
7 18
7 19
7 26
7 34
7 36
7 42
7 44
7 52
7 53
7 57
7 59
7 61
7 64
7 78
7 80
7 85
7 88
7 90
7 91
7 97
7 99
7 100
7 102
7 111
7 120
7 121
7 122
7 123
7 127
7 133
7 139
7 140
7 144
7 145
7 146
7 150
7 153
7 155
7 156
7 157
7 165
7 166
7 170
7 173
7 178
7 180
7 182
7 184
7 185
7 186
7 187
7 188
7 189
7 191
8 13
8 14
8 18
8 20
8 22
8 26
8 27
8 30
8 36
8 42
8 43
8 44
8 46
8 50
8 51
8 53
8 54
8 55
8 56
8 57
8 58
8 59
8 64
8 69
8 70
8 72
8 81
8 89
8 90
8 95
8 100
8 108
8 109
8 112
8 113
8 116
8 120
8 123
8 125
8 127
8 133
8 139
8 143
8 144
8 146
8 147
8 149
8 151
8 154
8 155
8 156
8 158
8 159
8 162
8 171
8 176
8 181
8 198
9 13
9 28
9 38
9 40
9 43
9 44
9 45
9 47
9 54
9 57
9 58
9 64
9 67
9 69
9 72
9 73
9 79
9 84
9 85
9 88
9 91
9 93
9 97
9 99
9 101
9 109
9 113
9 118
9 123
9 128
9 130
9 133
9 135
9 137
9 140
9 146
9 148
9 155
9 159
9 161
9 163
9 165
9 168
9 169
9 171
9 175
9 176
9 178
9 182
9 183
9 184
9 186
9 190
9 193
9 194
9 196
10 13
10 14
10 18
10 20
10 24
10 26
10 28
10 30
10 37
10 41
10 43
10 44
10 53
10 57
10 61
10 67
10 78
10 80
10 92
10 97
10 98
10 99
10 101
10 102
10 110
10 119
10 120
10 122
10 129
10 138
10 141
10 142
10 149
10 150
10 152
10 155
10 158
10 159
10 160
10 164
10 165
10 166
10 173
10 180
10 182
10 183
10 184
10 195
10 198
10 199
11 13
11 15
11 16
11 21
11 22
11 26
11 29
11 30
11 31
11 34
11 37
11 41
11 44
11 45
11 52
11 53
11 56
11 57
11 59
11 68
11 71
11 72
11 77
11 83
11 89
11 92
11 93
11 96
11 98
11 99
11 101
11 104
11 105
11 108
11 109
11 113
11 114
11 118
11 121
11 123
11 124
11 126
11 129
11 134
11 158
11 162
11 167
11 173
11 175
11 177
11 179
11 181
11 183
11 184
11 186
11 188
11 191
11 198
11 199
12 16
12 19
12 23
12 24
12 25
12 28
12 30
12 31
12 37
12 40
12 41
12 45
12 48
12 49
12 50
12 52
12 56
12 57
12 69
12 75
12 76
12 78
12 81
12 85
12 86
12 95
12 99
12 102
12 109
12 112
12 113
12 115
12 117
12 118
12 119
12 120
12 121
12 127
12 129
12 131
12 132
12 142
12 143
12 145
12 146
12 147
12 155
12 158
12 160
12 161
12 166
12 169
12 170
12 176
12 183
12 184
12 185
12 186
12 199
13 14
13 15
13 16
13 18
13 20
13 27
13 28
13 32
13 33
13 37
13 42
13 56
13 61
13 72
13 73
13 75
13 81
13 82
13 84
13 85
13 86
13 91
13 95
13 96
13 97
13 100
13 102
13 103
13 105
13 106
13 107
13 110
13 111
13 115
13 118
13 122
13 124
13 126
13 128
13 131
13 134
13 137
13 140
13 141
13 142
13 145
13 146
13 147
13 148
13 160
13 162
13 165
13 168
13 170
13 173
13 177
13 181
13 184
13 186
13 199
14 15
14 18
14 19
14 23
14 32
14 40
14 42
14 46
14 53
14 54
14 55
14 56
14 57
14 60
14 67
14 68
14 71
14 73
14 75
14 78
14 82
14 83
14 84
14 85
14 92
14 97
14 100
14 101
14 102
14 105
14 110
14 112
14 113
14 114
14 116
14 118
14 120
14 123
14 125
14 126
14 127
14 131
14 139
14 144
14 147
14 152
14 154
14 156
14 157
14 158
14 159
14 165
14 166
14 173
14 175
14 176
14 177
14 178
14 179
14 180
14 187
14 190
14 192
14 193
14 194
14 195
14 198
15 16
15 31
15 34
15 39
15 40
15 41
15 44
15 46
15 50
15 60
15 64
15 68
15 72
15 73
15 93
15 98
15 103
15 105
15 107
15 109
15 113
15 120
15 123
15 125
15 126
15 135
15 138
15 139
15 150
15 154
15 156
15 158
15 169
15 171
15 173
15 180
15 185
15 187
15 190
15 194
15 196
15 197
15 199
16 17
16 24
16 25
16 28
16 29
16 31
16 33
16 39
16 54
16 60
16 64
16 70
16 73
16 76
16 77
16 78
16 80
16 81
16 83
16 84
16 88
16 91
16 95
16 99
16 100
16 101
16 104
16 105
16 107
16 122
16 127
16 131
16 133
16 136
16 137
16 138
16 140
16 147
16 149
16 151
16 159
16 161
16 165
16 168
16 172
16 174
16 178
16 180
16 182
16 184
16 185
16 186
16 187
16 189
16 190
16 195
16 198
16 199
17 20
17 21
17 28
17 32
17 37
17 40
17 56
17 57
17 60
17 75
17 83
17 84
17 86
17 91
17 96
17 98
17 101
17 102
17 104
17 107
17 109
17 110
17 112
17 113
17 116
17 117
17 118
17 119
17 120
17 122
17 126
17 129
17 132
17 134
17 135
17 137
17 138
17 140
17 143
17 146
17 152
17 153
17 158
17 161
17 168
17 171
17 172
17 174
17 178
17 180
17 187
17 190
17 194
17 196
17 199
18 19
18 22
18 23
18 28
18 34
18 35
18 41
18 43
18 65
18 73
18 76
18 87
18 88
18 89
18 91
18 105
18 108
18 121
18 126
18 128
18 129
18 130
18 131
18 133
18 137
18 138
18 141
18 142
18 148
18 150
18 152
18 157
18 162
18 173
18 178
18 181
18 184
18 187
18 188
18 190
18 191
18 196
18 198
19 22
19 26
19 27
19 28
19 30
19 32
19 33
19 34
19 36
19 39
19 43
19 44
19 48
19 49
19 52
19 56
19 57
19 59
19 62
19 70
19 72
19 74
19 75
19 81
19 91
19 95
19 97
19 101
19 102
19 103
19 106
19 110
19 112
19 118
19 124
19 126
19 130
19 132
19 138
19 140
19 143
19 146
19 147
19 151
19 154
19 156
19 159
19 160
19 165
19 167
19 172
19 173
19 178
19 179
19 181
19 182
19 183
19 185
19 187
19 192
19 194
19 195
19 196
20 30
20 31
20 40
20 41
20 43
20 49
20 51
20 56
20 58
20 59
20 64
20 65
20 72
20 73
20 76
20 81
20 91
20 93
20 106
20 109
20 115
20 119
20 121
20 125
20 130
20 132
20 133
20 134
20 137
20 138
20 141
20 145
20 146
20 152
20 156
20 167
20 170
20 173
20 174
20 182
20 186
20 191
20 193
20 194
20 195
21 22
21 24
21 29
21 34
21 35
21 36
21 41
21 42
21 43
21 45
21 47
21 48
21 52
21 59
21 61
21 62
21 63
21 76
21 89
21 92
21 93
21 100
21 108
21 112
21 116
21 119
21 121
21 122
21 123
21 124
21 128
21 130
21 132
21 138
21 139
21 146
21 147
21 150
21 152
21 156
21 158
21 159
21 167
21 171
21 172
21 176
21 177
21 181
21 182
21 185
21 186
21 188
21 190
21 193
22 24
22 34
22 39
22 43
22 44
22 45
22 46
22 47
22 48
22 54
22 58
22 61
22 62
22 64
22 70
22 77
22 78
22 79
22 80
22 83
22 92
22 94
22 96
22 98
22 99
22 100
22 104
22 105
22 116
22 117
22 118
22 120
22 121
22 125
22 129
22 130
22 133
22 137
22 142
22 144
22 147
22 149
22 150
22 154
22 157
22 165
22 170
22 172
22 173
22 174
22 177
22 179
22 183
22 188
22 189
22 191
22 197
22 198
23 38
23 40
23 41
23 43
23 53
23 54
23 55
23 57
23 63
23 67
23 68
23 72
23 74
23 76
23 77
23 82
23 84
23 85
23 89
23 92
23 105
23 108
23 109
23 110
23 119
23 120
23 121
23 124
23 127
23 129
23 130
23 131
23 137
23 139
23 148
23 149
23 152
23 154
23 155
23 157
23 172
23 177
23 179
23 180
23 181
23 182
23 186
23 188
23 190
23 192
23 193
23 194
24 27
24 37
24 38
24 39
24 46
24 48
24 50
24 51
24 55
24 56
24 60
24 64
24 66
24 69
24 71
24 75
24 84
24 85
24 90
24 93
24 98
24 99
24 109
24 110
24 115
24 118
24 119
24 121
24 125
24 126
24 127
24 130
24 133
24 140
24 143
24 146
24 147
24 149
24 159
24 162
24 165
24 166
24 169
24 170
24 176
24 177
24 183
24 186
24 189
24 191
25 27
25 29
25 31
25 40
25 41
25 46
25 51
25 54
25 57
25 58
25 59
25 60
25 70
25 74
25 75
25 76
25 80
25 83
25 86
25 87
25 91
25 92
25 94
25 95
25 98
25 99
25 102
25 104
25 106
25 109
25 110
25 116
25 117
25 120
25 131
25 134
25 136
25 147
25 150
25 157
25 166
25 171
25 173
25 174
25 177
25 182
25 183
25 184
25 185
25 188
25 189
25 191
25 194
25 195
25 197
25 198
25 199
26 28
26 32
26 33
26 34
26 35
26 39
26 42
26 46
26 48
26 49
26 50
26 53
26 54
26 56
26 66
26 69
26 79
26 82
26 83
26 87
26 94
26 96
26 109
26 113
26 117
26 118
26 120
26 125
26 126
26 128
26 136
26 137
26 139
26 144
26 145
26 150
26 152
26 159
26 161
26 164
26 170
26 176
26 180
26 182
26 183
26 185
26 190
26 193
26 194
27 28
27 30
27 34
27 36
27 40
27 42
27 47
27 48
27 50
27 55
27 59
27 64
27 73
27 76
27 77
27 79
27 80
27 81
27 82
27 86
27 87
27 92
27 93
27 94
27 96
27 98
27 100
27 101
27 104
27 105
27 106
27 108
27 116
27 117
27 119
27 123
27 134
27 135
27 137
27 138
27 139
27 145
27 149
27 165
27 169
27 172
27 173
27 177
27 178
27 179
27 180
27 182
27 185
27 187
27 189
27 198
27 199
28 35
28 37
28 49
28 50
28 54
28 56
28 74
28 83
28 84
28 87
28 99
28 104
28 105
28 106
28 108
28 109
28 115
28 119
28 120
28 128
28 132
28 138
28 146
28 153
28 156
28 161
28 165
28 168
28 170
28 171
28 172
28 175
28 176
28 182
28 186
28 191
28 193
28 197
28 198
29 31
29 33
29 37
29 38
29 39
29 48
29 49
29 54
29 55
29 56
29 59
29 60
29 61
29 62
29 85
29 89
29 90
29 91
29 93
29 96
29 99
29 105
29 109
29 110
29 115
29 116
29 118
29 122
29 124
29 125
29 128
29 130
29 146
29 147
29 151
29 154
29 155
29 158
29 159
29 165
29 166
29 169
29 174
29 180
29 182
29 183
29 185
29 193
29 198
29 199
30 45
30 48
30 51
30 54
30 63
30 65
30 67
30 73
30 79
30 80
30 81
30 82
30 88
30 90
30 94
30 101
30 102
30 105
30 106
30 109
30 112
30 114
30 117
30 119
30 120
30 128
30 136
30 140
30 148
30 150
30 158
30 159
30 163
30 171
30 172
30 174
30 178
30 181
30 183
30 185
30 189
30 190
30 199
31 32
31 35
31 37
31 39
31 40
31 44
31 45
31 47
31 48
31 49
31 50
31 53
31 54
31 58
31 61
31 63
31 64
31 71
31 74
31 75
31 77
31 78
31 79
31 86
31 89
31 90
31 96
31 97
31 101
31 102
31 105
31 114
31 119
31 121
31 126
31 129
31 134
31 135
31 139
31 140
31 141
31 142
31 143
31 145
31 147
31 148
31 150
31 151
31 157
31 158
31 160
31 163
31 165
31 166
31 167
31 174
31 175
31 180
31 183
31 186
31 192
32 37
32 43
32 47
32 50
32 52
32 55
32 57
32 60
32 61
32 64
32 67
32 74
32 83
32 88
32 93
32 97
32 99
32 100
32 102
32 103
32 108
32 109
32 110
32 113
32 120
32 122
32 127
32 130
32 133
32 137
32 138
32 139
32 142
32 146
32 148
32 150
32 152
32 157
32 158
32 161
32 162
32 165
32 172
32 176
32 192
32 196
33 34
33 35
33 38
33 39
33 40
33 41
33 42
33 44
33 45
33 47
33 54
33 55
33 57
33 59
33 61
33 64
33 65
33 74
33 75
33 77
33 79
33 83
33 84
33 87
33 92
33 99
33 100
33 112
33 117
33 118
33 125
33 126
33 128
33 129
33 130
33 138
33 141
33 142
33 146
33 148
33 156
33 158
33 165
33 166
33 168
33 178
33 181
33 182
33 189
33 193
34 38
34 39
34 42
34 48
34 49
34 59
34 63
34 67
34 69
34 71
34 76
34 80
34 91
34 94
34 95
34 100
34 101
34 103
34 110
34 111
34 113
34 115
34 116
34 122
34 124
34 126
34 128
34 132
34 135
34 136
34 137
34 153
34 154
34 160
34 161
34 163
34 164
34 166
34 169
34 171
34 172
34 174
34 176
34 177
34 179
34 183
34 189
34 192
34 196
35 36
35 38
35 41
35 42
35 43
35 44
35 51
35 57
35 59
35 60
35 63
35 67
35 75
35 76
35 78
35 80
35 81
35 83
35 84
35 85
35 86
35 87
35 89
35 91
35 92
35 96
35 100
35 102
35 103
35 105
35 109
35 113
35 117
35 120
35 122
35 139
35 140
35 142
35 150
35 155
35 158
35 161
35 162
35 165
35 171
35 172
35 173
35 180
35 192
35 195
35 199
36 38
36 39
36 42
36 47
36 48
36 50
36 52
36 60
36 61
36 64
36 68
36 74
36 80
36 90
36 91
36 92
36 94
36 95
36 96
36 101
36 102
36 107
36 108
36 111
36 112
36 117
36 120
36 124
36 125
36 127
36 128
36 129
36 133
36 137
36 138
36 139
36 143
36 151
36 152
36 153
36 158
36 159
36 162
36 163
36 168
36 173
36 175
36 180
36 186
36 187
36 192
36 196
37 40
37 44
37 45
37 46
37 47
37 50
37 57
37 59
37 60
37 63
37 65
37 66
37 71
37 74
37 80
37 82
37 83
37 84
37 86
37 88
37 94
37 98
37 112
37 118
37 122
37 128
37 129
37 133
37 137
37 140
37 151
37 153
37 156
37 159
37 161
37 166
37 170
37 171
37 173
37 175
37 176
37 179
37 181
37 183
37 191
37 193
38 41
38 46
38 48
38 53
38 56
38 57
38 62
38 64
38 66
38 69
38 70
38 73
38 74
38 79
38 86
38 88
38 90
38 99
38 101
38 105
38 110
38 111
38 113
38 116
38 123
38 124
38 131
38 138
38 140
38 142
38 146
38 151
38 152
38 156
38 157
38 158
38 166
38 169
38 177
38 179
38 182
38 184
38 185
38 195
38 196
38 197
39 41
39 46
39 62
39 64
39 65
39 66
39 72
39 74
39 78
39 80
39 81
39 82
39 83
39 110
39 116
39 118
39 124
39 131
39 133
39 134
39 135
39 138
39 143
39 144
39 147
39 149
39 151
39 154
39 155
39 159
39 161
39 169
39 172
39 173
39 178
39 182
39 184
39 187
39 194
39 195
39 198
40 45
40 46
40 48
40 49
40 50
40 56
40 60
40 62
40 68
40 72
40 73
40 80
40 84
40 87
40 90
40 92
40 94
40 95
40 97
40 98
40 105
40 109
40 111
40 114
40 116
40 118
40 121
40 126
40 130
40 134
40 135
40 136
40 137
40 138
40 141
40 143
40 146
40 147
40 152
40 157
40 158
40 159
40 160
40 165
40 172
40 173
40 177
40 180
40 184
40 187
40 190
40 192
40 198
41 44
41 45
41 47
41 56
41 59
41 63
41 70
41 71
41 74
41 77
41 79
41 84
41 85
41 90
41 92
41 98
41 107
41 110
41 116
41 119
41 126
41 132
41 137
41 145
41 151
41 152
41 154
41 158
41 159
41 163
41 171
41 183
41 184
41 186
41 189
41 190
41 193
41 194
41 195
41 197
42 47
42 55
42 56
42 61
42 64
42 67
42 69
42 73
42 74
42 76
42 77
42 84
42 86
42 89
42 90
42 95
42 96
42 98
42 100
42 102
42 103
42 108
42 111
42 112
42 119
42 124
42 126
42 127
42 129
42 133
42 137
42 138
42 141
42 148
42 152
42 157
42 161
42 163
42 171
42 178
42 182
42 188
42 190
42 193
42 195
42 196
42 197
43 44
43 46
43 48
43 57
43 60
43 63
43 66
43 67
43 70
43 71
43 76
43 77
43 80
43 83
43 84
43 87
43 89
43 98
43 99
43 101
43 102
43 107
43 109
43 111
43 114
43 120
43 122
43 130
43 131
43 134
43 141
43 144
43 145
43 152
43 153
43 154
43 155
43 158
43 159
43 163
43 169
43 171
43 172
43 176
43 178
43 180
43 182
43 184
43 186
43 192
43 194
43 199
44 45
44 46
44 50
44 53
44 54
44 59
44 63
44 67
44 71
44 73
44 75
44 87
44 88
44 91
44 92
44 94
44 99
44 100
44 101
44 102
44 105
44 107
44 108
44 111
44 112
44 117
44 118
44 122
44 123
44 126
44 127
44 129
44 130
44 133
44 150
44 152
44 155
44 157
44 158
44 161
44 164
44 171
44 175
44 176
44 179
44 185
44 187
44 189
44 190
44 191
44 192
44 195
44 196
45 46
45 47
45 48
45 58
45 60
45 71
45 72
45 74
45 79
45 83
45 84
45 86
45 87
45 88
45 94
45 95
45 96
45 102
45 106
45 107
45 108
45 110
45 113
45 117
45 121
45 123
45 125
45 131
45 136
45 139
45 141
45 144
45 146
45 150
45 151
45 152
45 153
45 154
45 157
45 159
45 160
45 162
45 164
45 171
45 174
45 175
45 180
45 185
45 189
45 190
45 194
45 199
46 47
46 48
46 49
46 58
46 60
46 69
46 71
46 72
46 75
46 76
46 77
46 79
46 80
46 84
46 85
46 88
46 92
46 101
46 103
46 109
46 118
46 130
46 131
46 134
46 136
46 137
46 138
46 139
46 142
46 151
46 152
46 156
46 158
46 159
46 163
46 164
46 170
46 174
46 177
46 186
46 190
46 193
46 195
46 197
46 198
46 199
47 49
47 55
47 59
47 60
47 61
47 63
47 74
47 75
47 79
47 81
47 83
47 85
47 87
47 94
47 98
47 100
47 101
47 102
47 109
47 112
47 113
47 114
47 122
47 124
47 126
47 128
47 130
47 132
47 134
47 136
47 138
47 142
47 146
47 148
47 160
47 166
47 171
47 173
47 174
47 175
47 177
47 180
47 185
47 190
47 193
47 198
48 51
48 54
48 56
48 58
48 61
48 67
48 68
48 70
48 71
48 74
48 79
48 82
48 88
48 92
48 94
48 98
48 102
48 103
48 108
48 109
48 111
48 112
48 113
48 114
48 116
48 120
48 122
48 124
48 126
48 128
48 129
48 130
48 132
48 137
48 138
48 139
48 140
48 143
48 144
48 146
48 147
48 150
48 159
48 160
48 165
48 169
48 170
48 178
48 183
48 185
48 187
48 189
48 194
48 196
48 198
49 50
49 54
49 57
49 66
49 67
49 69
49 73
49 78
49 80
49 84
49 85
49 88
49 89
49 93
49 97
49 104
49 105
49 108
49 109
49 113
49 118
49 123
49 124
49 126
49 128
49 131
49 137
49 138
49 142
49 155
49 159
49 161
49 162
49 165
49 167
49 169
49 174
49 179
49 181
49 187
49 191
49 197
50 53
50 56
50 59
50 60
50 63
50 69
50 70
50 72
50 80
50 81
50 82
50 84
50 86
50 87
50 92
50 97
50 105
50 106
50 107
50 109
50 114
50 115
50 117
50 119
50 121
50 123
50 132
50 133
50 134
50 135
50 144
50 145
50 150
50 151
50 152
50 153
50 156
50 161
50 162
50 168
50 170
50 173
50 174
50 175
50 177
50 180
50 183
50 185
50 190
50 198
50 199
51 54
51 57
51 61
51 67
51 68
51 72
51 79
51 87
51 93
51 102
51 104
51 109
51 116
51 117
51 118
51 123
51 124
51 126
51 127
51 129
51 131
51 135
51 137
51 138
51 139
51 140
51 147
51 148
51 155
51 156
51 162
51 164
51 171
51 172
51 175
51 176
51 178
51 182
51 183
51 184
51 192
51 193
51 198
51 199
52 64
52 70
52 71
52 72
52 74
52 76
52 89
52 90
52 93
52 99
52 101
52 104
52 107
52 108
52 113
52 114
52 117
52 118
52 119
52 120
52 127
52 130
52 131
52 137
52 138
52 140
52 143
52 148
52 149
52 150
52 159
52 161
52 163
52 169
52 173
52 177
52 181
52 182
52 184
52 189
53 64
53 66
53 69
53 70
53 80
53 81
53 83
53 84
53 89
53 90
53 91
53 101
53 107
53 108
53 110
53 111
53 113
53 115
53 116
53 120
53 126
53 133
53 134
53 137
53 139
53 141
53 145
53 146
53 149
53 153
53 154
53 157
53 158
53 159
53 161
53 163
53 164
53 166
53 168
53 172
53 173
53 181
53 183
53 184
53 186
53 188
53 192
53 197
54 55
54 56
54 58
54 59
54 69
54 71
54 72
54 73
54 75
54 80
54 81
54 84
54 88
54 89
54 93
54 97
54 105
54 107
54 112
54 116
54 117
54 118
54 120
54 122
54 132
54 134
54 140
54 141
54 142
54 143
54 151
54 153
54 155
54 157
54 161
54 163
54 165
54 168
54 176
54 182
54 185
54 192
54 193
54 194
54 197
54 198
55 59
55 60
55 65
55 66
55 69
55 74
55 79
55 80
55 85
55 89
55 90
55 91
55 95
55 97
55 98
55 108
55 114
55 117
55 119
55 123
55 124
55 125
55 129
55 130
55 131
55 133
55 136
55 143
55 145
55 149
55 153
55 154
55 155
55 159
55 167
55 171
55 176
55 180
55 184
55 186
55 187
55 191
55 192
55 197
56 60
56 61
56 62
56 65
56 67
56 70
56 81
56 85
56 89
56 90
56 92
56 93
56 99
56 107
56 112
56 116
56 118
56 119
56 120
56 122
56 124
56 125
56 127
56 132
56 134
56 136
56 138
56 139
56 140
56 142
56 147
56 149
56 151
56 155
56 158
56 160
56 161
56 166
56 167
56 170
56 174
56 179
56 182
56 187
56 188
56 192
56 194
57 58
57 60
57 61
57 65
57 73
57 75
57 78
57 80
57 84
57 88
57 91
57 92
57 94
57 97
57 98
57 106
57 112
57 113
57 114
57 120
57 123
57 126
57 133
57 140
57 141
57 143
57 145
57 146
57 149
57 150
57 151
57 155
57 156
57 158
57 161
57 163
57 164
57 167
57 169
57 170
57 171
57 175
57 180
57 181
57 183
57 187
57 189
57 192
57 194
57 198
57 199
58 59
58 66
58 69
58 72
58 73
58 79
58 81
58 83
58 85
58 87
58 89
58 90
58 96
58 98
58 103
58 104
58 108
58 110
58 111
58 114
58 121
58 122
58 124
58 128
58 140
58 145
58 146
58 148
58 149
58 150
58 151
58 153
58 156
58 172
58 174
58 179
58 183
58 186
58 190
58 193
58 199
59 62
59 63
59 64
59 65
59 69
59 70
59 77
59 85
59 86
59 87
59 88
59 89
59 95
59 97
59 105
59 106
59 110
59 113
59 116
59 117
59 120
59 128
59 130
59 134
59 144
59 146
59 159
59 161
59 162
59 166
59 169
59 170
59 173
59 176
59 177
59 180
59 182
59 186
59 187
59 192
59 194
59 196
59 197
59 199
60 62
60 64
60 69
60 72
60 73
60 75
60 83
60 84
60 93
60 95
60 99
60 103
60 106
60 109
60 111
60 114
60 124
60 129
60 131
60 132
60 134
60 145
60 148
60 150
60 153
60 154
60 160
60 165
60 169
60 171
60 172
60 173
60 174
60 176
60 177
60 180
60 182
60 185
60 187
60 188
60 192
60 194
60 198
61 63
61 65
61 68
61 73
61 85
61 87
61 88
61 91
61 94
61 100
61 103
61 115
61 116
61 124
61 128
61 142
61 144
61 148
61 150
61 153
61 155
61 160
61 165
61 174
61 178
61 182
61 186
61 193
61 197
62 63
62 64
62 66
62 69
62 72
62 73
62 74
62 77
62 79
62 81
62 85
62 86
62 87
62 88
62 91
62 93
62 96
62 98
62 100
62 102
62 108
62 109
62 110
62 119
62 123
62 129
62 131
62 132
62 134
62 136
62 138
62 141
62 160
62 164
62 167
62 169
62 170
62 172
62 174
62 179
62 185
62 187
62 190
62 191
62 192
62 194
62 195
63 64
63 66
63 68
63 69
63 74
63 78
63 81
63 84
63 85
63 88
63 92
63 97
63 99
63 103
63 105
63 109
63 114
63 116
63 126
63 128
63 129
63 133
63 134
63 135
63 138
63 139
63 141
63 145
63 152
63 154
63 156
63 157
63 162
63 166
63 170
63 172
63 176
63 183
63 185
63 192
63 193
63 197
63 198
63 199
64 65
64 68
64 82
64 85
64 86
64 88
64 93
64 94
64 100
64 102
64 108
64 113
64 121
64 124
64 126
64 130
64 137
64 140
64 141
64 142
64 144
64 148
64 150
64 152
64 153
64 155
64 165
64 167
64 169
64 171
64 174
64 179
64 181
64 196
65 69
65 70
65 74
65 76
65 77
65 89
65 92
65 96
65 109
65 116
65 119
65 122
65 125
65 126
65 139
65 140
65 145
65 148
65 150
65 154
65 155
65 156
65 160
65 170
65 180
65 182
65 183
65 188
65 190
65 194
65 197
65 199
66 71
66 72
66 77
66 81
66 83
66 99
66 103
66 104
66 106
66 114
66 116
66 120
66 129
66 131
66 136
66 138
66 139
66 141
66 147
66 148
66 158
66 159
66 161
66 163
66 165
66 167
66 177
66 187
66 195
67 68
67 71
67 74
67 77
67 78
67 81
67 86
67 87
67 88
67 91
67 95
67 102
67 103
67 105
67 107
67 114
67 116
67 118
67 121
67 123
67 129
67 134
67 137
67 152
67 154
67 160
67 162
67 165
67 166
67 174
67 179
67 181
67 182
67 183
67 187
67 188
67 189
67 192
67 195
68 70
68 71
68 72
68 73
68 74
68 77
68 78
68 83
68 87
68 90
68 91
68 95
68 96
68 98
68 104
68 105
68 111
68 112
68 114
68 117
68 119
68 120
68 123
68 128
68 129
68 130
68 135
68 136
68 137
68 144
68 145
68 149
68 155
68 157
68 158
68 163
68 172
68 173
68 178
68 179
68 181
68 182
68 184
68 185
68 187
68 188
68 191
68 193
68 198
68 199
69 71
69 73
69 78
69 81
69 83
69 84
69 92
69 96
69 98
69 99
69 101
69 102
69 103
69 104
69 108
69 119
69 124
69 126
69 128
69 131
69 134
69 136
69 137
69 142
69 145
69 147
69 155
69 156
69 157
69 159
69 163
69 165
69 166
69 169
69 170
69 172
69 177
69 179
69 181
69 184
69 186
69 189
69 198
70 72
70 81
70 83
70 86
70 89
70 93
70 95
70 102
70 104
70 105
70 107
70 108
70 109
70 111
70 115
70 119
70 121
70 122
70 129
70 133
70 134
70 136
70 151
70 153
70 159
70 161
70 162
70 164
70 167
70 170
70 176
70 180
70 182
70 188
70 189
70 194
70 195
70 196
70 199
71 72
71 74
71 75
71 76
71 83
71 87
71 90
71 94
71 95
71 97
71 110
71 113
71 114
71 118
71 120
71 123
71 124
71 125
71 128
71 132
71 138
71 145
71 150
71 154
71 163
71 165
71 167
71 172
71 173
71 174
71 177
71 179
71 182
71 184
71 191
72 73
72 74
72 78
72 80
72 82
72 84
72 85
72 86
72 87
72 89
72 95
72 98
72 100
72 103
72 104
72 105
72 108
72 111
72 113
72 116
72 117
72 118
72 121
72 122
72 124
72 125
72 129
72 134
72 137
72 140
72 142
72 143
72 145
72 146
72 150
72 161
72 163
72 167
72 169
72 170
72 171
72 174
72 175
72 180
72 185
72 190
72 192
72 195
72 196
72 199
73 76
73 77
73 79
73 80
73 84
73 85
73 93
73 96
73 97
73 98
73 104
73 107
73 113
73 116
73 118
73 122
73 124
73 126
73 132
73 133
73 134
73 135
73 136
73 145
73 148
73 151
73 153
73 154
73 163
73 165
73 169
73 178
73 180
73 185
73 186
73 190
73 191
73 195
74 75
74 76
74 79
74 81
74 82
74 86
74 87
74 90
74 91
74 96
74 102
74 110
74 113
74 121
74 124
74 127
74 128
74 129
74 131
74 133
74 140
74 142
74 143
74 146
74 147
74 148
74 150
74 159
74 167
74 173
74 183
74 184
74 186
74 190
74 191
74 192
74 194
74 196
74 198
75 83
75 84
75 86
75 91
75 95
75 96
75 98
75 99
75 105
75 107
75 108
75 125
75 127
75 128
75 130
75 131
75 142
75 151
75 153
75 154
75 156
75 157
75 162
75 164
75 168
75 172
75 178
75 179
75 187
75 196
76 77
76 78
76 84
76 89
76 95
76 99
76 109
76 117
76 123
76 128
76 129
76 132
76 135
76 136
76 137
76 141
76 146
76 148
76 150
76 151
76 153
76 158
76 160
76 162
76 167
76 168
76 170
76 173
76 174
76 176
76 180
76 182
76 184
76 189
76 190
76 193
77 81
77 84
77 90
77 93
77 94
77 95
77 97
77 105
77 106
77 107
77 120
77 124
77 125
77 126
77 128
77 136
77 143
77 146
77 147
77 148
77 151
77 152
77 157
77 164
77 172
77 174
77 176
77 177
77 178
77 181
77 182
77 183
77 184
77 186
77 192
77 193
77 196
77 198
78 82
78 84
78 88
78 89
78 90
78 95
78 102
78 103
78 106
78 111
78 113
78 116
78 117
78 118
78 123
78 127
78 128
78 134
78 135
78 142
78 145
78 147
78 150
78 152
78 163
78 164
78 166
78 172
78 176
78 185
78 190
78 193
78 198
78 199
79 86
79 88
79 90
79 98
79 105
79 107
79 109
79 111
79 114
79 129
79 133
79 138
79 139
79 142
79 144
79 145
79 147
79 148
79 149
79 157
79 174
79 178
79 180
79 184
79 185
79 186
79 190
79 196
79 197
80 83
80 84
80 85
80 87
80 89
80 94
80 99
80 104
80 107
80 108
80 117
80 122
80 125
80 129
80 131
80 132
80 133
80 134
80 135
80 136
80 137
80 140
80 142
80 144
80 147
80 156
80 161
80 162
80 167
80 170
80 174
80 179
80 183
80 184
80 185
80 190
81 87
81 96
81 98
81 102
81 105
81 106
81 115
81 116
81 119
81 120
81 121
81 123
81 128
81 132
81 136
81 137
81 138
81 146
81 147
81 157
81 159
81 160
81 164
81 167
81 175
81 179
81 180
81 184
81 185
81 189
81 195
81 197
81 199
82 83
82 84
82 86
82 89
82 92
82 95
82 98
82 101
82 104
82 106
82 107
82 112
82 113
82 117
82 121
82 123
82 124
82 129
82 131
82 134
82 135
82 136
82 137
82 138
82 141
82 142
82 148
82 151
82 154
82 156
82 164
82 174
82 184
82 185
82 186
82 187
82 189
82 191
82 192
82 195
82 197
83 86
83 92
83 94
83 98
83 99
83 101
83 102
83 105
83 107
83 110
83 114
83 115
83 121
83 124
83 125
83 126
83 128
83 129
83 134
83 135
83 139
83 144
83 146
83 148
83 149
83 150
83 151
83 152
83 157
83 158
83 159
83 160
83 161
83 167
83 171
83 172
83 177
83 184
83 187
83 199
84 85
84 86
84 88
84 89
84 101
84 104
84 108
84 117
84 119
84 120
84 142
84 143
84 148
84 151
84 155
84 157
84 162
84 171
84 186
84 189
84 190
84 191
84 195
84 198
85 89
85 91
85 92
85 96
85 98
85 101
85 104
85 108
85 110
85 114
85 117
85 124
85 134
85 137
85 139
85 142
85 146
85 148
85 154
85 164
85 166
85 167
85 169
85 171
85 185
85 193
85 197
86 87
86 90
86 93
86 94
86 95
86 98
86 101
86 114
86 116
86 118
86 122
86 123
86 125
86 130
86 134
86 135
86 136
86 137
86 139
86 140
86 147
86 149
86 150
86 151
86 155
86 156
86 157
86 158
86 160
86 162
86 164
86 171
86 175
86 181
86 186
86 194
86 195
87 89
87 92
87 93
87 97
87 99
87 100
87 106
87 113
87 114
87 116
87 118
87 119
87 122
87 123
87 133
87 141
87 142
87 147
87 148
87 149
87 151
87 156
87 157
87 164
87 171
87 175
87 177
87 179
87 182
87 183
87 190
88 91
88 92
88 100
88 113
88 117
88 118
88 120
88 123
88 124
88 136
88 141
88 146
88 147
88 148
88 151
88 152
88 153
88 160
88 161
88 162
88 169
88 172
88 173
88 176
88 177
88 179
88 184
88 187
88 189
88 190
88 196
88 199
89 90
89 96
89 97
89 98
89 99
89 101
89 113
89 115
89 122
89 125
89 132
89 134
89 136
89 145
89 146
89 150
89 154
89 161
89 168
89 178
89 180
89 181
89 184
89 187
89 193
89 197
89 198
90 92
90 94
90 97
90 103
90 104
90 110
90 111
90 113
90 118
90 122
90 123
90 125
90 128
90 131
90 134
90 135
90 140
90 142
90 143
90 145
90 148
90 151
90 152
90 157
90 158
90 160
90 162
90 167
90 174
90 177
90 178
90 180
90 185
90 192
90 193
90 196
90 197
91 94
91 95
91 97
91 99
91 104
91 110
91 119
91 120
91 122
91 124
91 125
91 127
91 128
91 129
91 131
91 134
91 137
91 139
91 143
91 146
91 151
91 152
91 157
91 161
91 163
91 166
91 167
91 172
91 173
91 174
91 175
91 179
91 181
91 182
91 183
91 185
91 187
91 190
91 191
91 195
91 196
91 197
91 198
92 99
92 100
92 104
92 106
92 107
92 113
92 114
92 115
92 116
92 118
92 125
92 126
92 128
92 132
92 134
92 137
92 138
92 141
92 143
92 149
92 150
92 153
92 154
92 159
92 160
92 162
92 166
92 173
92 174
92 177
92 179
92 185
92 191
92 193
92 194
92 195
92 197
93 96
93 98
93 104
93 111
93 113
93 116
93 118
93 121
93 127
93 131
93 132
93 133
93 135
93 136
93 137
93 138
93 139
93 140
93 142
93 143
93 145
93 148
93 153
93 154
93 162
93 164
93 168
93 169
93 174
93 176
93 180
93 181
93 184
93 186
93 189
93 190
93 197
94 95
94 97
94 102
94 103
94 104
94 105
94 106
94 110
94 111
94 116
94 118
94 124
94 125
94 128
94 132
94 134
94 143
94 144
94 149
94 150
94 153
94 158
94 161
94 163
94 165
94 172
94 173
94 188
94 189
94 194
94 195
94 196
94 199
95 99
95 102
95 104
95 116
95 118
95 124
95 131
95 134
95 135
95 154
95 164
95 165
95 166
95 170
95 171
95 175
95 185
95 186
95 188
95 189
95 191
95 195
95 197
95 198
96 100
96 101
96 108
96 111
96 112
96 115
96 116
96 121
96 122
96 131
96 134
96 137
96 142
96 143
96 144
96 147
96 151
96 157
96 160
96 165
96 177
96 178
96 179
96 182
96 184
96 185
96 189
96 192
96 193
96 195
96 196
96 198
97 99
97 100
97 106
97 108
97 120
97 122
97 124
97 125
97 126
97 128
97 129
97 135
97 137
97 138
97 139
97 144
97 151
97 152
97 159
97 168
97 169
97 170
97 171
97 177
97 178
97 179
97 184
97 195
97 198
97 199
98 99
98 102
98 104
98 105
98 107
98 112
98 116
98 117
98 127
98 132
98 133
98 139
98 140
98 141
98 142
98 143
98 145
98 146
98 147
98 149
98 154
98 158
98 164
98 166
98 171
98 178
98 180
98 181
98 183
98 184
98 188
98 189
98 190
98 198
99 102
99 108
99 109
99 115
99 118
99 119
99 122
99 125
99 130
99 131
99 134
99 136
99 141
99 144
99 158
99 161
99 162
99 163
99 164
99 166
99 168
99 170
99 172
99 176
99 181
99 185
99 195
99 196
100 101
100 112
100 113
100 115
100 125
100 128
100 136
100 139
100 144
100 145
100 149
100 151
100 153
100 154
100 157
100 160
100 161
100 167
100 173
100 175
100 180
100 184
100 185
100 190
101 102
101 109
101 118
101 121
101 123
101 124
101 126
101 127
101 129
101 131
101 133
101 135
101 140
101 152
101 157
101 160
101 163
101 164
101 168
101 180
101 181
101 183
101 186
101 191
101 192
101 194
101 195
102 103
102 106
102 115
102 118
102 119
102 125
102 127
102 128
102 129
102 134
102 135
102 139
102 145
102 146
102 148
102 149
102 154
102 155
102 167
102 168
102 170
102 173
102 174
102 176
102 183
102 185
102 189
102 192
102 197
102 199
103 105
103 106
103 108
103 109
103 114
103 115
103 118
103 120
103 125
103 131
103 133
103 135
103 137
103 143
103 153
103 158
103 160
103 163
103 167
103 168
103 171
103 172
103 174
103 175
103 176
103 179
103 181
103 186
103 188
103 193
103 196
103 198
103 199
104 108
104 114
104 117
104 118
104 120
104 121
104 123
104 124
104 132
104 133
104 134
104 135
104 136
104 139
104 145
104 147
104 160
104 170
104 171
104 176
104 179
104 183
104 189
104 191
104 193
104 194
104 195
105 106
105 107
105 109
105 112
105 113
105 116
105 118
105 120
105 121
105 125
105 128
105 131
105 135
105 136
105 137
105 138
105 140
105 141
105 145
105 146
105 150
105 156
105 159
105 160
105 161
105 164
105 168
105 172
105 174
105 176
105 185
105 188
105 193
105 195
105 198
106 107
106 109
106 110
106 111
106 112
106 113
106 116
106 118
106 121
106 123
106 126
106 127
106 132
106 134
106 135
106 140
106 145
106 146
106 148
106 160
106 164
106 166
106 171
106 172
106 174
106 176
106 177
106 179
106 181
106 182
106 186
106 187
106 188
106 196
107 113
107 115
107 116
107 124
107 125
107 130
107 132
107 134
107 135
107 137
107 148
107 150
107 153
107 157
107 164
107 169
107 170
107 171
107 175
107 177
107 179
107 181
107 191
107 195
107 199
108 110
108 111
108 115
108 119
108 123
108 124
108 125
108 131
108 133
108 134
108 136
108 137
108 140
108 141
108 146
108 149
108 151
108 155
108 156
108 162
108 165
108 169
108 170
108 172
108 174
108 179
108 184
108 186
108 194
108 195
108 197
108 199
109 115
109 120
109 121
109 125
109 128
109 130
109 133
109 134
109 145
109 147
109 149
109 161
109 164
109 166
109 174
109 176
109 181
109 183
109 191
109 198
110 112
110 117
110 119
110 121
110 126
110 131
110 134
110 136
110 138
110 139
110 143
110 144
110 149
110 150
110 151
110 155
110 170
110 171
110 172
110 176
110 178
110 186
110 192
110 194
110 197
111 116
111 119
111 121
111 129
111 130
111 131
111 136
111 138
111 141
111 142
111 144
111 146
111 154
111 155
111 161
111 170
111 171
111 173
111 181
111 183
111 186
111 188
111 189
111 192
111 197
111 199
112 113
112 114
112 119
112 121
112 124
112 126
112 131
112 134
112 136
112 137
112 140
112 142
112 143
112 148
112 149
112 154
112 155
112 156
112 166
112 169
112 171
112 172
112 173
112 179
112 180
112 183
112 192
112 194
112 195
112 196
112 197
113 123
113 124
113 125
113 126
113 127
113 130
113 132
113 133
113 134
113 135
113 136
113 138
113 141
113 142
113 149
113 153
113 154
113 166
113 173
113 176
113 177
113 178
113 180
113 181
113 182
113 183
113 185
113 189
113 192
114 115
114 116
114 121
114 122
114 125
114 129
114 130
114 132
114 139
114 140
114 142
114 146
114 149
114 151
114 152
114 154
114 155
114 161
114 162
114 165
114 170
114 171
114 173
114 175
114 177
114 183
114 184
114 186
114 187
114 194
114 196
115 116
115 126
115 130
115 131
115 133
115 134
115 147
115 158
115 159
115 161
115 164
115 165
115 166
115 167
115 168
115 172
115 173
115 175
115 177
115 178
115 181
115 183
115 184
115 195
115 199
116 117
116 127
116 130
116 140
116 145
116 147
116 148
116 149
116 150
116 152
116 153
116 154
116 156
116 157
116 163
116 168
116 172
116 176
116 180
116 189
117 119
117 122
117 128
117 132
117 146
117 150
117 152
117 155
117 156
117 159
117 160
117 173
117 175
117 179
117 181
117 185
117 186
117 187
117 189
117 192
117 194
117 195
117 199
118 123
118 124
118 141
118 145
118 149
118 153
118 154
118 159
118 160
118 167
118 173
118 176
118 177
118 178
118 181
118 184
118 192
119 125
119 128
119 130
119 132
119 134
119 137
119 141
119 142
119 149
119 151
119 155
119 156
119 158
119 164
119 168
119 171
119 173
119 181
119 184
119 190
119 191
119 192
119 193
119 194
119 196
120 122
120 133
120 136
120 141
120 145
120 149
120 156
120 157
120 159
120 160
120 161
120 162
120 166
120 172
120 173
120 174
120 180
120 183
120 186
120 188
120 191
120 194
120 198
121 122
121 126
121 129
121 133
121 134
121 136
121 137
121 138
121 139
121 140
121 143
121 144
121 145
121 148
121 151
121 156
121 161
121 163
121 169
121 171
121 173
121 174
121 178
121 183
121 185
121 186
121 188
121 190
121 195
121 196
122 129
122 131
122 133
122 136
122 138
122 139
122 148
122 151
122 160
122 163
122 164
122 165
122 166
122 169
122 172
122 176
122 177
122 179
122 180
122 181
122 182
122 188
122 189
122 191
122 192
122 193
122 195
123 130
123 132
123 135
123 138
123 139
123 145
123 148
123 150
123 154
123 159
123 165
123 166
123 173
123 175
123 176
123 184
123 185
123 187
123 189
123 194
123 195
123 196
123 197
124 128
124 131
124 140
124 141
124 144
124 148
124 152
124 160
124 161
124 162
124 163
124 164
124 169
124 175
124 179
124 181
124 184
124 189
124 190
124 193
124 198
124 199
125 128
125 129
125 136
125 141
125 146
125 147
125 149
125 151
125 152
125 156
125 157
125 158
125 160
125 161
125 163
125 164
125 165
125 167
125 168
125 169
125 172
125 175
125 178
125 181
125 186
125 189
125 197
126 127
126 130
126 135
126 138
126 141
126 146
126 149
126 150
126 152
126 153
126 158
126 161
126 162
126 164
126 170
126 171
126 172
126 175
126 178
126 184
126 190
126 193
126 198
127 129
127 131
127 137
127 139
127 141
127 142
127 154
127 156
127 161
127 163
127 167
127 169
127 170
127 172
127 173
127 174
127 175
127 176
127 180
127 183
127 184
127 187
127 192
127 195
127 199
128 131
128 134
128 135
128 138
128 140
128 141
128 148
128 158
128 166
128 169
128 171
128 172
128 177
128 181
128 184
128 185
128 192
128 199
129 133
129 135
129 148
129 149
129 155
129 160
129 161
129 165
129 167
129 172
129 173
129 178
129 185
129 190
129 191
129 192
129 195
129 199
130 131
130 135
130 143
130 151
130 152
130 154
130 156
130 157
130 168
130 169
130 176
130 177
130 179
130 183
130 186
130 187
130 189
130 190
130 191
130 192
130 197
131 136
131 137
131 138
131 146
131 149
131 151
131 154
131 161
131 167
131 168
131 170
131 171
131 172
131 173
131 179
131 185
131 193
131 199
132 143
132 154
132 162
132 165
132 167
132 174
132 178
132 185
132 187
132 189
133 139
133 143
133 146
133 148
133 154
133 155
133 158
133 160
133 161
133 164
133 165
133 167
133 170
133 174
133 175
133 177
133 178
133 182
133 183
133 188
133 189
133 191
133 194
133 195
133 197
134 136
134 139
134 147
134 151
134 152
134 156
134 162
134 165
134 169
134 172
134 173
134 174
134 176
134 177
134 184
134 187
134 189
134 194
134 199
135 137
135 139
135 145
135 148
135 151
135 156
135 160
135 161
135 162
135 165
135 173
135 174
135 180
135 183
135 186
135 187
135 191
135 196
136 137
136 140
136 143
136 151
136 153
136 176
136 182
136 188
136 192
136 195
136 197
137 140
137 147
137 149
137 155
137 159
137 164
137 167
137 168
137 174
137 175
137 176
137 186
137 190
137 193
137 194
137 195
137 196
138 141
138 153
138 157
138 164
138 165
138 169
138 170
138 171
138 172
138 180
138 183
138 184
138 185
138 190
138 191
138 192
138 199
139 141
139 147
139 150
139 151
139 154
139 159
139 161
139 165
139 167
139 168
139 169
139 171
139 173
139 180
139 182
139 183
139 186
139 187
139 191
139 193
139 199
140 141
140 142
140 145
140 146
140 149
140 152
140 153
140 154
140 155
140 159
140 163
140 170
140 173
140 174
140 176
140 178
140 179
140 180
140 182
140 194
140 195
140 196
141 144
141 151
141 157
141 158
141 159
141 164
141 167
141 169
141 175
141 178
141 186
141 188
141 189
141 191
142 143
142 144
142 145
142 151
142 156
142 172
142 173
142 179
142 181
142 184
142 187
142 188
142 189
142 190
142 194
142 199
143 144
143 145
143 147
143 151
143 154
143 155
143 156
143 160
143 162
143 163
143 164
143 165
143 172
143 175
143 180
143 182
143 183
143 189
143 193
143 197
144 157
144 161
144 166
144 168
144 172
144 176
144 178
144 181
144 183
144 190
144 191
144 195
144 196
144 199
145 150
145 152
145 166
145 167
145 172
145 178
145 181
145 187
145 188
145 196
145 198
146 147
146 148
146 151
146 153
146 155
146 158
146 164
146 168
146 173
146 174
146 176
146 177
146 182
146 183
146 186
146 189
146 191
146 192
146 197
146 198
147 148
147 149
147 150
147 153
147 154
147 164
147 167
147 168
147 171
147 173
147 175
147 177
147 178
147 183
147 184
147 197
148 150
148 152
148 161
148 163
148 165
148 168
148 170
148 172
148 173
148 176
148 178
148 179
148 181
148 184
148 186
148 187
148 188
148 189
148 196
149 153
149 162
149 164
149 166
149 170
149 179
149 183
149 187
149 196
149 197
150 156
150 159
150 165
150 166
150 168
150 172
150 177
150 180
150 182
150 191
150 192
150 194
151 152
151 153
151 157
151 158
151 163
151 171
151 172
151 176
151 180
151 181
151 185
151 190
151 192
151 194
151 195
151 199
152 164
152 169
152 170
152 175
152 176
152 178
152 184
152 186
152 192
152 196
152 197
153 156
153 157
153 159
153 163
153 169
153 182
153 183
153 188
153 193
153 195
153 198
154 157
154 162
154 164
154 167
154 168
154 170
154 171
154 172
154 176
154 192
154 194
154 198
154 199
155 156
155 161
155 165
155 166
155 167
155 168
155 169
155 170
155 171
155 174
155 176
155 177
155 178
155 180
155 181
155 187
155 188
155 189
155 194
155 196
155 199
156 161
156 164
156 165
156 169
156 176
156 181
156 184
156 193
156 198
156 199
157 163
157 166
157 167
157 168
157 169
157 170
157 172
157 179
157 180
157 186
157 187
157 188
157 195
158 159
158 166
158 170
158 177
158 179
158 180
158 183
158 185
158 192
158 199
159 161
159 166
159 167
159 168
159 174
159 186
159 187
159 188
159 189
160 165
160 166
160 169
160 171
160 173
160 174
160 175
160 177
160 184
160 189
160 190
160 191
160 194
160 199
161 164
161 166
161 169
161 170
161 172
161 173
161 178
161 180
161 181
161 182
161 186
161 195
161 196
161 197
162 172
162 178
162 182
162 184
162 187
162 188
162 194
162 196
163 167
163 171
163 174
163 178
163 181
163 182
163 184
163 186
163 190
163 191
163 192
163 195
163 198
164 165
164 170
164 177
164 179
164 181
164 185
164 186
164 190
164 195
165 169
165 170
165 172
165 178
165 185
165 187
165 189
165 192
165 193
165 194
165 195
165 196
165 197
166 167
166 172
166 178
166 183
166 185
166 187
166 192
166 195
167 169
167 174
167 177
167 182
167 186
167 190
167 192
168 170
168 174
168 178
168 180
168 190
168 193
169 180
169 183
169 184
169 185
169 190
169 191
169 194
169 198
170 174
170 176
170 180
170 181
170 182
170 189
170 191
170 193
170 197
170 199
171 175
171 179
171 184
171 188
171 194
171 198
172 175
172 176
172 179
172 182
172 185
172 191
172 192
172 197
172 198
173 180
173 182
173 183
173 189
173 190
173 193
173 197
174 176
174 180
174 187
175 184
175 186
175 188
175 191
175 193
175 198
176 177
176 178
176 179
176 180
176 182
176 184
176 186
176 193
176 199
177 179
177 180
177 181
177 182
177 190
177 191
177 194
178 179
178 180
178 183
178 185
178 193
178 194
178 198
178 199
179 189
180 184
180 185
180 187
180 190
180 191
180 192
180 193
180 196
180 197
181 183
181 184
181 185
181 186
181 192
182 183
182 188
182 190
182 192
182 193
182 196
182 197
183 188
183 189
183 190
183 191
183 193
183 194
183 195
184 187
184 195
186 188
186 191
186 193
186 196
186 198
187 190
187 196
187 199
188 189
188 190
188 191
188 192
188 197
189 193
189 194
189 195
190 192
190 193
190 196
190 198
191 199
192 199
194 197
196 199
197 198
125 70 174 102 18 108 20 184 135 185 182 148 164 0 112 76 196 21 78 130 147 146 27 183 39 61 12 2 77 118 84 65 155 7 64 156 161 36 67 85 110 66 71 28 191 145 115 143 41 94 73 181 29 46 58 190 123 96 105 55
103 50 160 56 113 49 187 119 86 79 111 82 128 179 69 193 172 9 35 162 5 88 38 134 37 1 11 124 26 52 178 152 158 97 23 104 68 90 169 89 195 17 83 177 98 59 8 47 114 136 34 3 62 93 129 189 13 173 60 139
72 54 22 107 15 151 14 150 51 192 16 117 194 45 6 101 24 186 4 126 109 180 159 106 140 31 92 163 19 166 81 57 198 131 176 121 141 53 95 100 63 91 40 170 116 10 75 30 142 25 197 165 153 42 80 48 144 74 188 87
132 137 133 199 175 149 171 122 99 127 157 43 154 167 32 33 120 168 138 44
