200
9968
4
44
85
16
8
0 3
0 4
0 5
0 6
0 7
0 8
0 9
0 10
0 12
0 13
0 14
0 15
0 19
0 20
0 21
0 24
0 26
0 27
0 28
0 29
0 30
0 31
0 35
0 36
0 38
0 42
0 43
0 44
0 45
0 47
0 50
0 53
0 54
0 58
0 61
0 62
0 64
0 65
0 67
0 68
0 69
0 70
0 75
0 76
0 84
0 85
0 89
0 93
0 95
0 96
0 98
0 99
0 100
0 101
0 102
0 104
0 107
0 109
0 113
0 114
0 115
0 117
0 118
0 121
0 122
0 123
0 124
0 126
0 127
0 129
0 131
0 133
0 134
0 139
0 141
0 142
0 144
0 146
0 150
0 153
0 155
0 157
0 162
0 163
0 164
0 166
0 169
0 171
0 172
0 175
0 177
0 178
0 180
0 183
0 184
0 185
0 186
0 190
0 192
0 193
0 195
1 2
1 3
1 6
1 9
1 12
1 13
1 15
1 17
1 18
1 19
1 22
1 23
1 25
1 26
1 27
1 29
1 30
1 32
1 33
1 34
1 35
1 36
1 37
1 38
1 39
1 43
1 44
1 45
1 46
1 48
1 50
1 53
1 54
1 57
1 58
1 62
1 65
1 67
1 69
1 70
1 73
1 74
1 78
1 79
1 83
1 86
1 87
1 88
1 93
1 94
1 95
1 96
1 97
1 99
1 100
1 101
1 102
1 106
1 107
1 109
1 110
1 111
1 112
1 116
1 118
1 122
1 126
1 127
1 128
1 132
1 133
1 134
1 136
1 138
1 139
1 145
1 146
1 147
1 155
1 159
1 160
1 163
1 165
1 167
1 168
1 169
1 171
1 177
1 178
1 180
1 181
1 185
1 186
1 188
1 189
1 193
1 195
1 196
1 197
1 198
2 3
2 5
2 6
2 7
2 11
2 12
2 13
2 14
2 15
2 17
2 18
2 20
2 21
2 23
2 25
2 28
2 30
2 31
2 33
2 37
2 39
2 40
2 41
2 43
2 46
2 48
2 51
2 52
2 53
2 54
2 61
2 64
2 66
2 67
2 68
2 69
2 71
2 72
2 73
2 74
2 75
2 76
2 77
2 78
2 79
2 87
2 88
2 90
2 91
2 95
2 97
2 99
2 100
2 102
2 103
2 105
2 106
2 112
2 113
2 116
2 117
2 118
2 119
2 120
2 121
2 123
2 127
2 128
2 131
2 132
2 133
2 134
2 138
2 140
2 145
2 148
2 149
2 150
2 153
2 154
2 155
2 156
2 158
2 159
2 162
2 167
2 172
2 174
2 176
2 177
2 179
2 183
2 184
2 185
2 186
2 188
2 189
2 190
2 191
2 192
2 193
2 196
2 199
3 4
3 5
3 6
3 7
3 9
3 12
3 14
3 16
3 18
3 19
3 21
3 22
3 27
3 28
3 29
3 32
3 35
3 37
3 43
3 46
3 47
3 48
3 49
3 52
3 53
3 55
3 56
3 57
3 59
3 61
3 63
3 64
3 65
3 68
3 69
3 72
3 73
3 74
3 75
3 77
3 78
3 85
3 87
3 88
3 90
3 91
3 95
3 96
3 98
3 99
3 100
3 101
3 102
3 105
3 107
3 108
3 111
3 113
3 115
3 119
3 120
3 122
3 123
3 125
3 126
3 128
3 129
3 130
3 132
3 133
3 134
3 135
3 137
3 140
3 141
3 142
3 143
3 144
3 145
3 146
3 147
3 152
3 154
3 155
3 156
3 157
3 162
3 165
3 167
3 168
3 172
3 174
3 176
3 178
3 179
3 180
3 182
3 183
3 185
3 187
3 188
3 189
3 190
3 192
3 194
3 197
3 198
4 5
4 6
4 9
4 12
4 14
4 17
4 19
4 22
4 25
4 28
4 30
4 33
4 35
4 36
4 38
4 39
4 41
4 44
4 45
4 46
4 47
4 48
4 51
4 53
4 54
4 55
4 56
4 57
4 58
4 59
4 66
4 67
4 69
4 70
4 71
4 72
4 76
4 80
4 81
4 86
4 88
4 92
4 93
4 94
4 97
4 98
4 99
4 100
4 101
4 104
4 114
4 116
4 117
4 118
4 119
4 120
4 122
4 123
4 124
4 127
4 128
4 129
4 130
4 131
4 132
4 133
4 135
4 136
4 137
4 139
4 141
4 143
4 146
4 149
4 152
4 155
4 156
4 158
4 159
4 160
4 161
4 162
4 166
4 170
4 171
4 178
4 184
4 185
4 188
4 189
4 190
4 196
4 198
5 6
5 7
5 10
5 11
5 17
5 20
5 21
5 22
5 24
5 25
5 28
5 29
5 30
5 36
5 38
5 39
5 42
5 43
5 44
5 46
5 47
5 48
5 49
5 51
5 52
5 53
5 56
5 59
5 62
5 65
5 66
5 69
5 70
5 71
5 73
5 75
5 77
5 78
5 79
5 80
5 84
5 86
5 87
5 88
5 89
5 90
5 92
5 93
5 95
5 96
5 97
5 99
5 100
5 101
5 104
5 111
5 113
5 116
5 117
5 118
5 119
5 122
5 125
5 126
5 128
5 129
5 130
5 136
5 138
5 140
5 142
5 145
5 147
5 149
5 152
5 154
5 156
5 157
5 158
5 161
5 162
5 163
5 168
5 172
5 173
5 174
5 175
5 177
5 182
5 183
5 186
5 187
5 188
5 189
5 190
5 194
5 197
5 198
6 7
6 8
6 10
6 12
6 14
6 18
6 19
6 20
6 21
6 23
6 24
6 25
6 30
6 32
6 33
6 36
6 37
6 39
6 43
6 44
6 46
6 47
6 48
6 49
6 50
6 52
6 53
6 54
6 55
6 57
6 60
6 61
6 62
6 63
6 67
6 69
6 70
6 71
6 75
6 76
6 77
6 81
6 83
6 86
6 87
6 89
6 92
6 93
6 94
6 95
6 96
6 101
6 103
6 104
6 109
6 110
6 111
6 112
6 113
6 115
6 116
6 118
6 119
6 121
6 122
6 126
6 130
6 132
6 133
6 135
6 136
6 139
6 140
6 141
6 143
6 144
6 145
6 146
6 149
6 153
6 154
6 155
6 160
6 161
6 162
6 163
6 164
6 165
6 166
6 167
6 168
6 169
6 171
6 172
6 175
6 177
6 178
6 179
6 180
6 181
6 183
6 184
6 186
6 188
6 189
6 192
6 193
6 195
6 197
7 8
7 13
7 15
7 16
7 17
7 18
7 20
7 24
7 26
7 27
7 29
7 32
7 34
7 35
7 36
7 38
7 39
7 40
7 43
7 46
7 47
7 48
7 50
7 52
7 54
7 55
7 56
7 59
7 60
7 65
7 66
7 72
7 73
7 74
7 79
7 88
7 89
7 90
7 91
7 93
7 95
7 97
7 99
7 100
7 106
7 110
7 112
7 117
7 121
7 128
7 130
7 131
7 133
7 137
7 139
7 141
7 145
7 146
7 148
7 150
7 155
7 157
7 158
7 160
7 161
7 162
7 163
7 164
7 169
7 170
7 174
7 179
7 180
7 183
7 185
7 187
7 188
7 189
7 191
7 194
7 196
7 199
8 11
8 12
8 13
8 16
8 17
8 18
8 19
8 21
8 23
8 24
8 26
8 30
8 32
8 35
8 37
8 40
8 41
8 43
8 44
8 45
8 47
8 51
8 52
8 53
8 55
8 56
8 57
8 58
8 59
8 60
8 63
8 66
8 67
8 68
8 69
8 71
8 74
8 77
8 78
8 79
8 80
8 84
8 88
8 90
8 94
8 95
8 96
8 97
8 98
8 101
8 102
8 103
8 105
8 108
8 109
8 110
8 112
8 114
8 117
8 118
8 125
8 126
8 127
8 128
8 138
8 141
8 142
8 145
8 146
8 147
8 150
8 152
8 153
8 155
8 157
8 160
8 162
8 163
8 164
8 165
8 168
8 170
8 171
8 172
8 175
8 176
8 178
8 179
8 182
8 184
8 186
8 189
8 190
8 191
8 193
8 194
8 195
8 198
9 11
9 13
9 14
9 17
9 18
9 20
9 21
9 23
9 25
9 26
9 27
9 29
9 32
9 35
9 36
9 39
9 40
9 41
9 42
9 44
9 46
9 47
9 48
9 52
9 56
9 57
9 58
9 59
9 62
9 64
9 65
9 66
9 67
9 68
9 70
9 72
9 73
9 75
9 76
9 77
9 81
9 84
9 85
9 87
9 92
9 93
9 95
9 96
9 100
9 101
9 107
9 108
9 111
9 113
9 115
9 116
9 119
9 121
9 125
9 129
9 132
9 133
9 135
9 136
9 138
9 140
9 141
9 143
9 145
9 147
9 148
9 150
9 151
9 156
9 158
9 159
9 160
9 161
9 164
9 165
9 166
9 168
9 169
9 173
9 174
9 175
9 176
9 179
9 181
9 187
9 189
9 190
9 194
9 196
9 197
9 199
10 12
10 14
10 18
10 23
10 25
10 26
10 27
10 28
10 30
10 32
10 33
10 34
10 35
10 36
10 37
10 38
10 39
10 40
10 41
10 44
10 45
10 46
10 47
10 49
10 53
10 54
10 55
10 56
10 58
10 64
10 65
10 66
10 67
10 68
10 69
10 70
10 73
10 74
10 75
10 81
10 82
10 84
10 85
10 89
10 90
10 91
10 94
10 96
10 98
10 99
10 100
10 103
10 104
10 105
10 106
10 107
10 108
10 110
10 111
10 112
10 113
10 114
10 116
10 117
10 118
10 122
10 124
10 128
10 130
10 133
10 134
10 138
10 139
10 142
10 145
10 146
10 149
10 152
10 153
10 154
10 155
10 161
10 162
10 163
10 165
10 168
10 169
10 170
10 173
10 174
10 176
10 177
10 178
10 179
10 181
10 183
10 184
10 185
10 186
10 187
10 188
10 191
10 192
10 193
10 194
10 195
10 196
10 197
10 199
11 14
11 15
11 16
11 18
11 19
11 20
11 25
11 26
11 30
11 31
11 34
11 35
11 36
11 38
11 41
11 43
11 44
11 45
11 51
11 52
11 53
11 55
11 56
11 58
11 59
11 62
11 63
11 64
11 65
11 68
11 69
11 72
11 76
11 81
11 82
11 83
11 84
11 86
11 92
11 93
11 95
11 96
11 97
11 100
11 101
11 102
11 108
11 109
11 110
11 111
11 112
11 114
11 115
11 117
11 120
11 121
11 125
11 126
11 128
11 129
11 131
11 135
11 137
11 139
11 140
11 142
11 144
11 145
11 147
11 148
11 149
11 150
11 151
11 152
11 153
11 156
11 157
11 162
11 166
11 167
11 169
11 173
11 174
11 175
11 178
11 181
11 183
11 184
11 185
11 188
11 189
11 190
11 191
11 194
11 198
12 16
12 17
12 20
12 21
12 24
12 25
12 26
12 27
12 30
12 31
12 32
12 34
12 35
12 39
12 43
12 44
12 45
12 47
12 48
12 51
12 55
12 57
12 58
12 64
12 65
12 66
12 67
12 69
12 71
12 72
12 77
12 78
12 79
12 84
12 86
12 87
12 89
12 91
12 93
12 94
12 96
12 97
12 98
12 99
12 103
12 106
12 107
12 110
12 114
12 116
12 117
12 120
12 122
12 127
12 128
12 132
12 136
12 138
12 140
12 145
12 147
12 151
12 152
12 162
12 163
12 164
12 168
12 172
12 175
12 176
12 179
12 183
12 184
12 188
12 190
12 191
12 193
12 197
12 198
12 199
13 15
13 18
13 20
13 25
13 34
13 40
13 41
13 42
13 44
13 47
13 48
13 49
13 50
13 51
13 52
13 53
13 56
13 59
13 60
13 63
13 67
13 68
13 69
13 70
13 72
13 73
13 74
13 78
13 79
13 81
13 82
13 83
13 84
13 85
13 86
13 88
13 89
13 90
13 91
13 93
13 95
13 98
13 99
13 102
13 107
13 111
13 113
13 114
13 120
13 123
13 124
13 129
13 130
13 133
13 135
13 137
13 138
13 139
13 143
13 144
13 146
13 149
13 151
13 160
13 162
13 163
13 166
13 167
13 169
13 170
13 171
13 173
13 174
13 177
13 180
13 181
13 184
13 185
13 187
13 189
13 193
13 195
13 196
13 197
13 199
14 16
14 22
14 24
14 28
14 29
14 30
14 31
14 33
14 34
14 35
14 37
14 39
14 41
14 43
14 44
14 45
14 47
14 49
14 50
14 52
14 54
14 56
14 59
14 60
14 64
14 66
14 68
14 71
14 72
14 73
14 76
14 77
14 78
14 79
14 81
14 82
14 83
14 85
14 86
14 87
14 88
14 89
14 90
14 91
14 92
14 94
14 96
14 97
14 98
14 100
14 101
14 104
14 105
14 106
14 107
14 112
14 113
14 115
14 117
14 119
14 120
14 121
14 122
14 123
14 124
14 127
14 130
14 131
14 132
14 135
14 136
14 138
14 139
14 140
14 141
14 142
14 145
14 146
14 147
14 149
14 150
14 152
14 155
14 157
14 160
14 162
14 163
14 166
14 167
14 170
14 171
14 175
14 176
14 177
14 179
14 180
14 181
14 183
14 184
14 187
14 190
15 17
15 19
15 21
15 25
15 30
15 36
15 37
15 39
15 42
15 43
15 45
15 46
15 50
15 53
15 54
15 55
15 56
15 57
15 60
15 61
15 62
15 63
15 68
15 70
15 71
15 73
15 75
15 79
15 82
15 84
15 86
15 87
15 88
15 89
15 90
15 92
15 93
15 95
15 98
15 100
15 109
15 112
15 113
15 114
15 115
15 116
15 117
15 118
15 119
15 120
15 124
15 127
15 128
15 130
15 131
15 133
15 135
15 136
15 137
15 138
15 139
15 142
15 143
15 145
15 146
15 152
15 153
15 154
15 157
15 159
15 162
15 163
15 165
15 174
15 177
15 178
15 182
15 183
15 184
15 185
15 187
15 189
15 190
15 192
15 193
15 195
15 196
15 198
15 199
16 18
16 20
16 21
16 22
16 23
16 27
16 28
16 29
16 30
16 32
16 33
16 36
16 37
16 38
16 41
16 43
16 46
16 48
16 52
16 53
16 54
16 58
16 59
16 60
16 63
16 64
16 67
16 68
16 69
16 71
16 72
16 78
16 80
16 86
16 87
16 90
16 92
16 93
16 94
16 95
16 99
16 100
16 101
16 102
16 104
16 106
16 107
16 108
16 109
16 110
16 112
16 117
16 121
16 122
16 124
16 129
16 131
16 135
16 137
16 142
16 143
16 145
16 148
16 149
16 150
16 157
16 158
16 165
16 169
16 170
16 172
16 174
16 176
16 177
16 178
16 183
16 184
16 188
16 189
16 190
16 193
16 196
16 197
16 198
16 199
17 19
17 21
17 23
17 26
17 27
17 28
17 29
17 31
17 32
17 34
17 35
17 38
17 39
17 42
17 44
17 48
17 52
17 53
17 54
17 57
17 60
17 63
17 67
17 68
17 69
17 70
17 76
17 78
17 86
17 88
17 91
17 93
17 94
17 95
17 97
17 103
17 105
17 108
17 112
17 114
17 119
17 121
17 122
17 125
17 126
17 128
17 129
17 133
17 134
17 136
17 138
17 141
17 142
17 144
17 145
17 148
17 149
17 152
17 153
17 154
17 155
17 156
17 157
17 158
17 159
17 160
17 161
17 163
17 164
17 165
17 166
17 167
17 169
17 171
17 173
17 174
17 176
17 177
17 178
17 179
17 180
17 181
17 182
17 183
17 184
17 185
17 186
17 187
17 188
17 189
17 192
17 193
17 194
17 196
17 197
18 20
18 21
18 24
18 25
18 29
18 30
18 33
18 34
18 41
18 42
18 44
18 45
18 46
18 53
18 54
18 56
18 57
18 58
18 59
18 63
18 64
18 65
18 67
18 72
18 74
18 75
18 79
18 80
18 81
18 84
18 85
18 86
18 90
18 93
18 94
18 96
18 98
18 99
18 100
18 101
18 102
18 103
18 106
18 107
18 108
18 109
18 112
18 113
18 115
18 116
18 117
18 119
18 121
18 122
18 124
18 126
18 127
18 128
18 129
18 131
18 132
18 133
18 135
18 138
18 139
18 140
18 144
18 147
18 149
18 150
18 152
18 153
18 154
18 157
18 161
18 164
18 171
18 172
18 173
18 174
18 175
18 176
18 177
18 179
18 180
18 184
18 186
18 188
18 189
18 190
18 191
18 192
18 193
18 196
18 199
19 20
19 25
19 27
19 29
19 31
19 32
19 33
19 35
19 36
19 37
19 47
19 48
19 50
19 51
19 52
19 53
19 56
19 61
19 63
19 65
19 68
19 69
19 71
19 75
19 80
19 82
19 84
19 85
19 86
19 88
19 94
19 95
19 97
19 98
19 100
19 108
19 109
19 110
19 112
19 113
19 115
19 117
19 118
19 121
19 122
19 123
19 125
19 126
19 131
19 132
19 133
19 134
19 135
19 138
19 140
19 143
19 145
19 146
19 149
19 150
19 152
19 156
19 158
19 159
19 160
19 161
19 162
19 163
19 164
19 165
19 167
19 169
19 170
19 173
19 174
19 175
19 176
19 180
19 181
19 183
19 184
19 185
19 188
19 190
19 191
19 192
19 193
19 198
20 21
20 23
20 24
20 25
20 26
20 27
20 28
20 29
20 30
20 31
20 36
20 37
20 38
20 39
20 41
20 42
20 45
20 46
20 47
20 48
20 49
20 51
20 52
20 53
20 54
20 55
20 56
20 61
20 64
20 66
20 67
20 68
20 69
20 70
20 71
20 72
20 74
20 75
20 77
20 78
20 79
20 80
20 81
20 82
20 83
20 86
20 87
20 89
20 95
20 96
20 97
20 98
20 99
20 100
20 101
20 102
20 103
20 105
20 107
20 108
20 110
20 111
20 112
20 113
20 114
20 115
20 117
20 119
20 123
20 125
20 127
20 129
20 130
20 134
20 135
20 136
20 137
20 138
20 140
20 141
20 145
20 147
20 149
20 154
20 156
20 157
20 160
20 163
20 164
20 167
20 168
20 169
20 170
20 171
20 173
20 174
20 175
20 177
20 178
20 179
20 180
20 183
20 185
20 188
20 189
20 191
20 194
20 195
20 196
20 197
20 198
20 199
21 22
21 23
21 24
21 29
21 35
21 36
21 37
21 39
21 41
21 42
21 45
21 46
21 47
21 49
21 50
21 53
21 56
21 58
21 61
21 64
21 66
21 68
21 73
21 76
21 78
21 80
21 81
21 84
21 85
21 87
21 88
21 89
21 91
21 92
21 94
21 95
21 96
21 97
21 99
21 102
21 104
21 105
21 106
21 107
21 110
21 111
21 115
21 120
21 121
21 123
21 132
21 133
21 135
21 137
21 138
21 140
21 142
21 144
21 146
21 148
21 149
21 150
21 151
21 153
21 155
21 156
21 157
21 158
21 161
21 163
21 166
21 167
21 169
21 170
21 171
21 174
21 175
21 176
21 177
21 178
21 179
21 184
21 185
21 186
21 187
21 188
21 189
21 191
21 192
21 193
21 194
21 195
21 197
22 23
22 25
22 26
22 28
22 31
22 34
22 35
22 37
22 39
22 40
22 41
22 42
22 45
22 47
22 49
22 51
22 52
22 53
22 55
22 58
22 59
22 61
22 62
22 63
22 64
22 65
22 66
22 68
22 69
22 71
22 72
22 73
22 75
22 77
22 79
22 80
22 81
22 83
22 85
22 87
22 88
22 91
22 96
22 99
22 102
22 104
22 106
22 108
22 109
22 110
22 113
22 114
22 115
22 117
22 118
22 121
22 123
22 124
22 129
22 131
22 132
22 133
22 135
22 136
22 138
22 140
22 141
22 142
22 147
22 150
22 153
22 156
22 157
22 158
22 163
22 164
22 167
22 168
22 169
22 170
22 175
22 176
22 177
22 179
22 182
22 186
22 187
22 188
22 189
22 191
22 192
22 193
22 194
22 198
23 25
23 27
23 30
23 31
23 32
23 33
23 34
23 35
23 37
23 40
23 42
23 43
23 47
23 48
23 52
23 53
23 66
23 67
23 68
23 71
23 72
23 73
23 77
23 80
23 82
23 84
23 85
23 87
23 88
23 89
23 90
23 93
23 94
23 96
23 97
23 98
23 103
23 106
23 111
23 113
23 115
23 116
23 117
23 119
23 120
23 121
23 122
23 123
23 126
23 127
23 129
23 130
23 132
23 134
23 135
23 136
23 139
23 141
23 143
23 144
23 146
23 147
23 148
23 151
23 153
23 155
23 156
23 157
23 158
23 167
23 169
23 171
23 173
23 176
23 178
23 181
23 185
23 192
23 193
23 195
23 196
23 197
23 198
24 25
24 26
24 27
24 33
24 34
24 35
24 42
24 44
24 49
24 52
24 55
24 57
24 58
24 60
24 62
24 64
24 68
24 69
24 70
24 71
24 72
24 73
24 75
24 77
24 82
24 85
24 86
24 88
24 89
24 92
24 94
24 95
24 96
24 97
24 98
24 100
24 102
24 103
24 104
24 107
24 110
24 112
24 114
24 116
24 121
24 122
24 123
24 124
24 126
24 128
24 129
24 132
24 133
24 134
24 135
24 137
24 139
24 140
24 141
24 142
24 145
24 146
24 147
24 148
24 149
24 150
24 152
24 153
24 154
24 155
24 156
24 157
24 158
24 163
24 164
24 165
24 167
24 169
24 170
24 171
24 172
24 173
24 174
24 175
24 177
24 179
24 180
24 182
24 188
24 190
24 191
24 192
24 194
24 197
24 198
25 26
25 27
25 28
25 29
25 34
25 35
25 38
25 41
25 44
25 45
25 47
25 48
25 49
25 50
25 51
25 52
25 53
25 54
25 57
25 58
25 62
25 65
25 70
25 71
25 72
25 73
25 76
25 77
25 78
25 83
25 85
25 86
25 87
25 89
25 90
25 91
25 93
25 97
25 98
25 100
25 107
25 110
25 112
25 115
25 120
25 122
25 123
25 128
25 130
25 132
25 135
25 139
25 140
25 142
25 143
25 145
25 146
25 147
25 149
25 150
25 151
25 159
25 160
25 161
25 164
25 167
25 168
25 169
25 170
25 172
25 175
25 177
25 180
25 181
25 182
25 183
25 186
25 187
25 188
25 191
25 194
25 197
25 199
26 28
26 29
26 30
26 35
26 36
26 37
26 39
26 40
26 42
26 43
26 44
26 45
26 48
26 50
26 51
26 57
26 60
26 63
26 69
26 70
26 74
26 78
26 79
26 80
26 81
26 82
26 85
26 86
26 87
26 88
26 97
26 98
26 100
26 101
26 102
26 104
26 105
26 106
26 108
26 109
26 111
26 112
26 114
26 115
26 121
26 123
26 127
26 129
26 131
26 136
26 139
26 141
26 143
26 144
26 146
26 147
26 148
26 150
26 151
26 154
26 155
26 156
26 158
26 162
26 163
26 166
26 171
26 172
26 173
26 175
26 176
26 179
26 181
26 183
26 184
26 186
26 187
26 188
26 190
26 195
26 196
26 197
26 199
27 28
27 29
27 30
27 38
27 39
27 40
27 41
27 45
27 46
27 48
27 49
27 53
27 54
27 56
27 57
27 59
27 60
27 61
27 63
27 64
27 65
27 68
27 69
27 71
27 73
27 75
27 76
27 77
27 78
27 80
27 82
27 83
27 84
27 86
27 90
27 91
27 94
27 95
27 98
27 99
27 100
27 104
27 107
27 113
27 114
27 115
27 118
27 119
27 120
27 121
27 122
27 123
27 131
27 132
27 134
27 138
27 139
27 142
27 145
27 146
27 150
27 152
27 153
27 155
27 158
27 159
27 160
27 161
27 163
27 166
27 167
27 169
27 170
27 174
27 175
27 176
27 178
27 180
27 187
27 188
27 191
27 192
27 193
27 195
27 197
27 198
27 199
28 30
28 31
28 32
28 33
28 36
28 39
28 42
28 43
28 44
28 48
28 49
28 57
28 58
28 61
28 62
28 63
28 65
28 69
28 73
28 74
28 75
28 77
28 79
28 80
28 81
28 82
28 84
28 87
28 88
28 90
28 91
28 95
28 98
28 101
28 102
28 105
28 106
28 107
28 108
28 111
28 113
28 114
28 115
28 116
28 118
28 119
28 120
28 122
28 123
28 125
28 127
28 132
28 133
28 139
28 143
28 145
28 148
28 150
28 152
28 153
28 157
28 161
28 163
28 165
28 166
28 167
28 172
28 173
28 174
28 175
28 176
28 177
28 179
28 182
28 186
28 195
28 198
28 199
29 30
29 31
29 35
29 36
29 37
29 38
29 39
29 40
29 41
29 43
29 44
29 45
29 46
29 49
29 50
29 53
29 54
29 55
29 56
29 57
29 59
29 61
29 62
29 64
29 65
29 69
29 70
29 71
29 74
29 76
29 77
29 78
29 79
29 81
29 82
29 86
29 88
29 89
29 94
29 95
29 96
29 97
29 99
29 100
29 104
29 106
29 107
29 111
29 114
29 115
29 116
29 117
29 118
29 120
29 121
29 125
29 126
29 130
29 132
29 133
29 134
29 137
29 139
29 140
29 142
29 145
29 146
29 147
29 149
29 150
29 152
29 153
29 157
29 158
29 159
29 163
29 164
29 168
29 169
29 170
29 171
29 172
29 175
29 179
29 181
29 182
29 183
29 185
29 186
29 188
29 189
29 190
29 191
29 192
29 193
30 31
30 32
30 34
30 35
30 36
30 37
30 39
30 43
30 45
30 47
30 50
30 53
30 54
30 55
30 56
30 61
30 64
30 66
30 67
30 71
30 72
30 73
30 75
30 76
30 77
30 80
30 83
30 84
30 87
30 88
30 90
30 97
30 98
30 104
30 109
30 110
30 111
30 112
30 115
30 116
30 117
30 119
30 121
30 122
30 123
30 124
30 125
30 126
30 127
30 128
30 129
30 134
30 135
30 141
30 144
30 151
30 153
30 155
30 156
30 160
30 161
30 162
30 163
30 164
30 165
30 166
30 168
30 169
30 173
30 174
30 175
30 176
30 178
30 179
30 181
30 184
30 185
30 188
30 190
30 191
30 194
30 195
30 198
30 199
31 33
31 35
31 39
31 43
31 45
31 47
31 48
31 49
31 50
31 51
31 52
31 54
31 55
31 56
31 57
31 59
31 60
31 62
31 63
31 64
31 75
31 77
31 78
31 83
31 85
31 87
31 93
31 95
31 96
31 97
31 99
31 101
31 102
31 104
31 105
31 106
31 107
31 108
31 111
31 113
31 114
31 115
31 117
31 118
31 119
31 120
31 125
31 127
31 128
31 135
31 136
31 137
31 139
31 144
31 145
31 147
31 149
31 150
31 151
31 152
31 153
31 156
31 157
31 162
31 164
31 165
31 167
31 168
31 170
31 171
31 173
31 176
31 178
31 179
31 181
31 182
31 188
31 189
31 190
31 191
31 193
31 195
31 197
31 198
32 33
32 34
32 35
32 36
32 37
32 39
32 40
32 41
32 45
32 46
32 49
32 52
32 54
32 55
32 57
32 60
32 61
32 66
32 70
32 72
32 73
32 74
32 75
32 76
32 77
32 79
32 81
32 83
32 84
32 86
32 87
32 89
32 91
32 92
32 93
32 95
32 97
32 98
32 99
32 100
32 101
32 102
32 109
32 111
32 114
32 115
32 116
32 117
32 119
32 124
32 125
32 131
32 132
32 133
32 134
32 136
32 139
32 140
32 143
32 146
32 147
32 149
32 152
32 153
32 155
32 160
32 161
32 162
32 168
32 170
32 175
32 179
32 180
32 182
32 185
32 186
32 187
32 189
32 193
32 195
32 196
32 197
32 199
33 37
33 44
33 46
33 48
33 49
33 50
33 52
33 57
33 58
33 60
33 61
33 62
33 63
33 64
33 69
33 72
33 73
33 76
33 79
33 81
33 82
33 84
33 85
33 92
33 94
33 95
33 99
33 101
33 102
33 103
33 104
33 106
33 108
33 109
33 114
33 117
33 118
33 121
33 122
33 123
33 127
33 132
33 134
33 135
33 136
33 137
33 139
33 141
33 142
33 144
33 145
33 146
33 147
33 150
33 153
33 154
33 155
33 156
33 157
33 158
33 160
33 162
33 163
33 164
33 166
33 169
33 170
33 171
33 172
33 173
33 174
33 175
33 176
33 178
33 180
33 181
33 182
33 183
33 185
33 187
33 188
33 191
33 192
33 193
33 195
33 197
33 199
34 38
34 39
34 40
34 43
34 44
34 46
34 48
34 51
34 52
34 53
34 55
34 56
34 57
34 58
34 62
34 63
34 64
34 66
34 68
34 70
34 72
34 74
34 75
34 77
34 78
34 79
34 80
34 82
34 83
34 89
34 90
34 92
34 93
34 98
34 99
34 101
34 102
34 105
34 106
34 107
34 108
34 110
34 111
34 112
34 113
34 114
34 117
34 119
34 123
34 124
34 125
34 129
34 133
34 137
34 139
34 140
34 144
34 145
34 146
34 148
34 152
34 153
34 154
34 155
34 156
34 157
34 161
34 162
34 163
34 168
34 169
34 170
34 171
34 175
34 176
34 180
34 181
34 182
34 188
34 189
34 190
34 192
34 194
34 195
34 196
34 199
35 37
35 42
35 44
35 51
35 52
35 53
35 56
35 59
35 60
35 64
35 65
35 71
35 74
35 76
35 79
35 81
35 82
35 86
35 87
35 90
35 91
35 94
35 95
35 101
35 103
35 104
35 109
35 110
35 111
35 112
35 113
35 114
35 116
35 120
35 124
35 125
35 131
35 133
35 134
35 136
35 137
35 138
35 140
35 141
35 142
35 143
35 145
35 146
35 148
35 150
35 153
35 155
35 158
35 159
35 165
35 168
35 172
35 173
35 174
35 175
35 179
35 183
35 185
35 186
35 188
35 189
35 190
35 193
35 195
35 196
35 197
35 198
35 199
36 37
36 38
36 40
36 42
36 44
36 46
36 49
36 50
36 53
36 54
36 55
36 57
36 58
36 60
36 61
36 67
36 69
36 71
36 72
36 75
36 76
36 78
36 81
36 82
36 85
36 93
36 95
36 96
36 98
36 100
36 103
36 105
36 106
36 110
36 115
36 116
36 118
36 119
36 120
36 122
36 126
36 127
36 128
36 129
36 134
36 139
36 142
36 143
36 144
36 146
36 149
36 150
36 154
36 155
36 156
36 157
36 158
36 161
36 162
36 163
36 164
36 165
36 166
36 167
36 169
36 170
36 171
36 173
36 174
36 175
36 176
36 179
36 180
36 181
36 182
36 183
36 185
36 186
36 187
36 189
36 191
36 192
36 195
36 197
36 198
36 199
37 39
37 42
37 44
37 45
37 48
37 50
37 51
37 52
37 55
37 59
37 62
37 66
37 69
37 70
37 72
37 75
37 76
37 78
37 80
37 83
37 84
37 85
37 86
37 88
37 90
37 91
37 95
37 97
37 99
37 103
37 105
37 109
37 110
37 111
37 113
37 114
37 115
37 116
37 117
37 120
37 123
37 125
37 126
37 128
37 131
37 132
37 134
37 135
37 138
37 139
37 140
37 143
37 148
37 149
37 150
37 152
37 153
37 154
37 155
37 162
37 164
37 165
37 167
37 169
37 173
37 180
37 181
37 182
37 188
37 189
37 192
38 40
38 41
38 45
38 48
38 49
38 50
38 51
38 52
38 56
38 57
38 58
38 59
38 61
38 65
38 67
38 68
38 69
38 71
38 72
38 74
38 75
38 78
38 79
38 80
38 82
38 85
38 86
38 88
38 90
38 91
38 95
38 98
38 99
38 102
38 103
38 105
38 110
38 111
38 112
38 113
38 116
38 117
38 118
38 119
38 120
38 124
38 125
38 126
38 128
38 130
38 131
38 132
38 134
38 137
38 139
38 142
38 143
38 144
38 145
38 147
38 150
38 151
38 157
38 158
38 161
38 164
38 166
38 168
38 169
38 174
38 175
38 176
38 178
38 179
38 182
38 185
38 186
38 188
38 190
38 191
38 195
38 196
38 197
38 198
38 199
39 41
39 47
39 52
39 56
39 57
39 59
39 63
39 67
39 68
39 69
39 70
39 71
39 72
39 77
39 79
39 81
39 84
39 87
39 88
39 89
39 90
39 91
39 92
39 93
39 96
39 99
39 100
39 101
39 102
39 104
39 105
39 106
39 107
39 110
39 111
39 112
39 113
39 115
39 117
39 118
39 120
39 123
39 127
39 129
39 131
39 134
39 135
39 136
39 137
39 138
39 139
39 140
39 141
39 144
39 145
39 147
39 149
39 150
39 152
39 153
39 156
39 158
39 160
39 166
39 167
39 168
39 170
39 171
39 172
39 174
39 176
39 177
39 179
39 182
39 183
39 185
39 187
39 188
39 189
39 190
39 191
39 196
39 199
40 41
40 42
40 44
40 45
40 47
40 48
40 49
40 52
40 53
40 55
40 56
40 57
40 58
40 60
40 61
40 63
40 64
40 66
40 67
40 68
40 69
40 71
40 76
40 79
40 81
40 82
40 83
40 84
40 85
40 88
40 89
40 91
40 92
40 93
40 94
40 98
40 99
40 100
40 101
40 102
40 103
40 104
40 106
40 107
40 109
40 110
40 111
40 113
40 115
40 117
40 118
40 119
40 121
40 122
40 124
40 127
40 128
40 129
40 133
40 135
40 136
40 138
40 139
40 140
40 141
40 146
40 147
40 150
40 151
40 152
40 155
40 156
40 157
40 158
40 163
40 164
40 169
40 171
40 172
40 176
40 178
40 179
40 180
40 186
40 188
40 189
40 191
40 197
40 199
41 42
41 45
41 47
41 51
41 53
41 54
41 55
41 56
41 58
41 60
41 62
41 65
41 66
41 68
41 70
41 73
41 75
41 76
41 77
41 78
41 79
41 80
41 84
41 89
41 90
41 92
41 94
41 98
41 99
41 100
41 102
41 103
41 104
41 105
41 106
41 107
41 110
41 111
41 112
41 113
41 115
41 116
41 122
41 123
41 124
41 129
41 130
41 131
41 132
41 133
41 136
41 137
41 139
41 142
41 143
41 147
41 151
41 152
41 153
41 154
41 156
41 157
41 158
41 159
41 160
41 162
41 163
41 164
41 169
41 170
41 172
41 173
41 176
41 179
41 180
41 182
41 183
41 185
41 186
41 191
41 192
41 193
41 194
41 198
41 199
42 44
42 45
42 47
42 49
42 53
42 54
42 55
42 57
42 58
42 59
42 60
42 63
42 64
42 66
42 69
42 70
42 72
42 74
42 75
42 76
42 77
42 79
42 81
42 82
42 83
42 84
42 91
42 92
42 94
42 96
42 97
42 98
42 99
42 102
42 109
42 112
42 118
42 121
42 123
42 124
42 125
42 126
42 127
42 128
42 130
42 134
42 135
42 139
42 141
42 145
42 147
42 148
42 149
42 150
42 151
42 154
42 155
42 157
42 159
42 160
42 162
42 166
42 167
42 168
42 169
42 171
42 173
42 174
42 175
42 177
42 182
42 183
42 185
42 186
42 188
42 189
42 190
42 191
42 192
42 193
42 194
42 196
42 197
43 49
43 51
43 53
43 54
43 55
43 57
43 58
43 59
43 60
43 61
43 62
43 66
43 67
43 68
43 69
43 70
43 73
43 75
43 77
43 78
43 79
43 83
43 86
43 87
43 90
43 92
43 93
43 95
43 96
43 97
43 100
43 101
43 102
43 103
43 104
43 108
43 109
43 110
43 111
43 112
43 115
43 116
43 117
43 118
43 119
43 120
43 121
43 122
43 123
43 124
43 125
43 127
43 128
43 129
43 133
43 135
43 137
43 139
43 141
43 146
43 149
43 151
43 153
43 156
43 157
43 158
43 159
43 160
43 161
43 163
43 164
43 165
43 166
43 167
43 169
43 170
43 172
43 173
43 174
43 175
43 176
43 177
43 180
43 184
43 185
43 188
43 189
43 191
43 192
43 193
43 194
43 195
43 196
43 197
43 199
44 47
44 53
44 54
44 55
44 57
44 59
44 61
44 62
44 63
44 65
44 66
44 67
44 69
44 70
44 71
44 74
44 75
44 76
44 77
44 80
44 82
44 85
44 86
44 87
44 88
44 94
44 96
44 97
44 98
44 99
44 100
44 102
44 103
44 107
44 108
44 109
44 110
44 113
44 119
44 121
44 123
44 127
44 130
44 131
44 133
44 135
44 136
44 137
44 138
44 144
44 146
44 147
44 149
44 150
44 151
44 152
44 153
44 154
44 155
44 159
44 164
44 165
44 168
44 170
44 171
44 172
44 173
44 174
44 176
44 178
44 179
44 181
44 182
44 186
44 187
44 189
44 192
44 195
44 196
44 199
45 47
45 48
45 51
45 53
45 54
45 55
45 57
45 59
45 61
45 65
45 66
45 67
45 72
45 73
45 74
45 75
45 77
45 78
45 79
45 82
45 86
45 89
45 90
45 93
45 94
45 96
45 97
45 99
45 100
45 102
45 104
45 108
45 110
45 112
45 114
45 115
45 117
45 118
45 123
45 125
45 126
45 127
45 130
45 131
45 133
45 135
45 136
45 138
45 140
45 141
45 143
45 144
45 145
45 147
45 150
45 152
45 153
45 155
45 156
45 161
45 163
45 164
45 165
45 167
45 169
45 171
45 175
45 177
45 180
45 181
45 182
45 184
45 185
45 186
45 192
45 193
45 194
45 195
45 198
45 199
46 48
46 49
46 50
46 51
46 53
46 58
46 59
46 60
46 61
46 63
46 64
46 65
46 68
46 69
46 71
46 72
46 75
46 78
46 80
46 85
46 88
46 92
46 93
46 97
46 98
46 99
46 102
46 105
46 107
46 112
46 115
46 116
46 117
46 118
46 123
46 124
46 125
46 126
46 128
46 130
46 131
46 132
46 136
46 137
46 139
46 142
46 143
46 144
46 146
46 147
46 149
46 150
46 152
46 153
46 154
46 155
46 158
46 159
46 160
46 163
46 164
46 165
46 167
46 170
46 172
46 175
46 176
46 179
46 180
46 182
46 183
46 184
46 185
46 186
46 187
46 192
46 194
46 195
46 196
46 197
46 198
47 48
47 49
47 52
47 53
47 54
47 57
47 58
47 59
47 61
47 67
47 70
47 72
47 75
47 77
47 78
47 79
47 80
47 82
47 83
47 84
47 85
47 87
47 90
47 91
47 92
47 94
47 96
47 97
47 98
47 99
47 100
47 102
47 103
47 104
47 105
47 110
47 111
47 112
47 113
47 114
47 115
47 117
47 122
47 123
47 124
47 127
47 128
47 129
47 131
47 132
47 133
47 134
47 135
47 137
47 138
47 140
47 147
47 149
47 150
47 153
47 154
47 156
47 158
47 159
47 160
47 161
47 162
47 165
47 166
47 167
47 168
47 172
47 173
47 175
47 180
47 185
47 186
47 188
47 190
47 191
47 192
47 193
47 197
47 198
48 52
48 54
48 59
48 61
48 62
48 64
48 67
48 68
48 69
48 71
48 72
48 73
48 74
48 75
48 77
48 78
48 82
48 84
48 85
48 86
48 88
48 89
48 91
48 93
48 95
48 96
48 98
48 101
48 102
48 104
48 106
48 107
48 108
48 109
48 112
48 113
48 114
48 115
48 118
48 119
48 122
48 124
48 125
48 127
48 130
48 131
48 136
48 137
48 141
48 145
48 147
48 149
48 152
48 154
48 157
48 158
48 159
48 160
48 162
48 164
48 165
48 166
48 168
48 175
48 177
48 178
48 179
48 180
48 181
48 185
48 187
48 188
48 189
48 191
48 192
48 196
48 199
49 50
49 52
49 54
49 55
49 61
49 63
49 64
49 66
49 67
49 73
49 74
49 76
49 77
49 78
49 79
49 80
49 81
49 82
49 87
49 90
49 93
49 94
49 97
49 100
49 102
49 104
49 107
49 108
49 110
49 111
49 112
49 115
49 117
49 118
49 121
49 122
49 123
49 125
49 126
49 128
49 129
49 133
49 134
49 140
49 144
49 146
49 148
49 150
49 151
49 153
49 155
49 156
49 157
49 159
49 160
49 162
49 163
49 164
49 165
49 169
49 175
49 177
49 178
49 180
49 182
49 183
49 185
49 190
49 193
49 195
49 197
50 57
50 59
50 61
50 62
50 63
50 65
50 70
50 71
50 72
50 73
50 74
50 75
50 77
50 83
50 84
50 85
50 87
50 88
50 89
50 90
50 91
50 92
50 93
50 94
50 103
50 104
50 105
50 106
50 108
50 110
50 111
50 112
50 113
50 114
50 116
50 117
50 118
50 120
50 125
50 126
50 133
50 137
50 145
50 146
50 148
50 150
50 155
50 156
50 157
50 159
50 160
50 161
50 162
50 163
50 164
50 165
50 171
50 172
50 173
50 174
50 176
50 177
50 178
50 179
50 181
50 184
50 187
50 190
50 194
50 195
50 196
51 52
51 53
51 54
51 55
51 56
51 57
51 58
51 59
51 62
51 63
51 64
51 67
51 68
51 70
51 71
51 72
51 73
51 76
51 79
51 81
51 83
51 84
51 85
51 88
51 90
51 91
51 94
51 95
51 97
51 99
51 102
51 103
51 104
51 105
51 106
51 109
51 113
51 116
51 117
51 118
51 119
51 120
51 121
51 123
51 125
51 127
51 128
51 129
51 130
51 131
51 135
51 136
51 141
51 142
51 144
51 146
51 147
51 149
51 150
51 152
51 153
51 155
51 156
51 158
51 159
51 160
51 161
51 164
51 166
51 167
51 170
51 174
51 179
51 180
51 181
51 183
51 185
51 187
51 190
51 192
51 199
52 53
52 54
52 55
52 58
52 60
52 61
52 64
52 66
52 69
52 70
52 71
52 72
52 73
52 76
52 77
52 79
52 81
52 83
52 84
52 85
52 87
52 88
52 89
52 90
52 91
52 92
52 94
52 96
52 98
52 99
52 100
52 101
52 103
52 108
52 109
52 111
52 114
52 115
52 116
52 120
52 121
52 122
52 124
52 129
52 131
52 132
52 134
52 135
52 138
52 139
52 143
52 145
52 146
52 148
52 149
52 151
52 153
52 154
52 155
52 159
52 160
52 161
52 166
52 167
52 169
52 170
52 173
52 175
52 176
52 179
52 181
52 183
52 184
52 187
52 189
52 190
52 191
52 195
52 197
52 198
53 55
53 60
53 62
53 65
53 67
53 70
53 71
53 72
53 73
53 74
53 77
53 78
53 87
53 88
53 89
53 91
53 94
53 96
53 97
53 98
53 103
53 105
53 106
53 109
53 110
53 111
53 114
53 115
53 117
53 118
53 121
53 124
53 128
53 130
53 131
53 132
53 134
53 136
53 137
53 145
53 147
53 149
53 152
53 156
53 161
53 162
53 163
53 166
53 171
53 172
53 173
53 177
53 179
53 183
53 184
53 185
53 189
53 190
53 191
53 192
53 193
53 195
53 196
53 197
53 199
54 57
54 63
54 64
54 67
54 68
54 72
54 73
54 75
54 76
54 78
54 79
54 80
54 82
54 88
54 89
54 92
54 95
54 96
54 99
54 101
54 103
54 105
54 107
54 110
54 112
54 119
54 122
54 126
54 127
54 129
54 131
54 132
54 134
54 137
54 139
54 140
54 141
54 142
54 145
54 147
54 148
54 151
54 152
54 154
54 156
54 158
54 171
54 175
54 177
54 178
54 179
54 181
54 183
54 185
54 186
54 190
54 192
54 195
54 196
55 57
55 58
55 59
55 63
55 65
55 68
55 69
55 70
55 71
55 73
55 75
55 82
55 88
55 89
55 91
55 93
55 94
55 97
55 98
55 100
55 101
55 105
55 106
55 107
55 109
55 110
55 113
55 114
55 117
55 119
55 120
55 121
55 122
55 124
55 125
55 127
55 128
55 129
55 131
55 132
55 134
55 135
55 142
55 145
55 147
55 148
55 149
55 151
55 153
55 154
55 156
55 163
55 165
55 166
55 168
55 169
55 170
55 171
55 172
55 174
55 179
55 180
55 182
55 183
55 184
55 185
55 189
55 192
55 193
55 196
55 197
55 198
56 58
56 63
56 64
56 65
56 74
56 75
56 77
56 78
56 79
56 82
56 83
56 85
56 86
56 87
56 88
56 89
56 90
56 95
56 96
56 97
56 99
56 100
56 103
56 104
56 105
56 107
56 110
56 111
56 113
56 114
56 115
56 116
56 123
56 124
56 125
56 128
56 129
56 130
56 131
56 133
56 136
56 137
56 138
56 140
56 141
56 142
56 143
56 146
56 147
56 150
56 151
56 152
56 153
56 154
56 155
56 157
56 163
56 164
56 165
56 167
56 170
56 172
56 173
56 175
56 181
56 183
56 185
56 192
56 193
56 195
56 196
56 197
56 199
57 58
57 60
57 61
57 62
57 63
57 64
57 65
57 66
57 67
57 68
57 69
57 70
57 73
57 74
57 75
57 77
57 79
57 82
57 83
57 84
57 86
57 88
57 89
57 90
57 91
57 92
57 96
57 97
57 98
57 100
57 103
57 104
57 108
57 110
57 112
57 113
57 114
57 115
57 116
57 119
57 121
57 123
57 124
57 125
57 126
57 128
57 129
57 130
57 131
57 132
57 133
57 135
57 136
57 138
57 143
57 148
57 151
57 153
57 154
57 155
57 160
57 161
57 162
57 163
57 169
57 171
57 174
57 177
57 179
57 181
57 182
57 188
57 191
57 193
57 194
57 195
57 196
57 197
57 198
58 60
58 64
58 66
58 68
58 69
58 70
58 71
58 72
58 73
58 75
58 78
58 79
58 83
58 85
58 86
58 87
58 88
58 89
58 91
58 92
58 98
58 99
58 101
58 102
58 107
58 108
58 110
58 113
58 117
58 120
58 121
58 125
58 132
58 133
58 134
58 135
58 143
58 146
58 147
58 157
58 159
58 160
58 163
58 164
58 165
58 166
58 168
58 169
58 170
58 171
58 174
58 176
58 177
58 179
58 180
58 182
58 184
58 186
58 187
58 188
58 189
58 190
58 192
58 195
58 197
58 198
58 199
59 60
59 61
59 63
59 65
59 66
59 68
59 69
59 74
59 76
59 77
59 82
59 86
59 87
59 90
59 92
59 93
59 96
59 103
59 104
59 105
59 106
59 107
59 108
59 110
59 113
59 116
59 117
59 119
59 120
59 122
59 123
59 125
59 126
59 127
59 130
59 131
59 133
59 134
59 138
59 140
59 141
59 145
59 149
59 150
59 151
59 153
59 155
59 156
59 160
59 162
59 166
59 167
59 168
59 174
59 178
59 179
59 180
59 182
59 187
59 188
59 189
59 190
59 193
59 194
59 195
59 197
59 198
60 61
60 63
60 65
60 67
60 68
60 69
60 72
60 73
60 75
60 76
60 77
60 82
60 83
60 84
60 86
60 88
60 93
60 95
60 96
60 98
60 99
60 105
60 107
60 109
60 110
60 111
60 112
60 113
60 114
60 118
60 120
60 122
60 124
60 126
60 130
60 132
60 133
60 134
60 136
60 140
60 141
60 145
60 147
60 149
60 150
60 152
60 153
60 154
60 156
60 157
60 158
60 162
60 163
60 165
60 168
60 171
60 173
60 174
60 178
60 179
60 180
60 188
60 190
60 192
60 193
60 194
60 196
60 197
60 199
61 64
61 68
61 69
61 71
61 72
61 76
61 77
61 79
61 82
61 83
61 84
61 85
61 86
61 90
61 91
61 92
61 94
61 95
61 97
61 98
61 101
61 104
61 105
61 107
61 110
61 111
61 113
61 117
61 118
61 119
61 122
61 123
61 134
61 139
61 141
61 142
61 143
61 145
61 146
61 147
61 148
61 149
61 150
61 155
61 157
61 162
61 163
61 164
61 165
61 166
61 169
61 170
61 171
61 176
61 182
61 186
61 187
61 188
61 190
61 193
61 194
61 195
61 196
61 197
61 198
62 63
62 67
62 68
62 69
62 70
62 71
62 72
62 74
62 77
62 79
62 82
62 83
62 86
62 88
62 89
62 90
62 94
62 95
62 96
62 97
62 98
62 99
62 101
62 105
62 107
62 109
62 112
62 114
62 116
62 117
62 119
62 120
62 124
62 128
62 129
62 133
62 135
62 137
62 138
62 140
62 141
62 143
62 144
62 145
62 146
62 148
62 149
62 150
62 151
62 152
62 163
62 164
62 165
62 167
62 169
62 171
62 173
62 175
62 178
62 182
62 183
62 184
62 185
62 186
62 188
62 189
62 193
62 195
62 199
63 65
63 68
63 69
63 70
63 72
63 73
63 74
63 76
63 78
63 80
63 81
63 82
63 84
63 85
63 89
63 90
63 91
63 93
63 95
63 96
63 98
63 99
63 102
63 103
63 105
63 106
63 107
63 111
63 112
63 116
63 118
63 119
63 120
63 122
63 124
63 125
63 127
63 128
63 130
63 133
63 135
63 136
63 144
63 152
63 155
63 158
63 159
63 160
63 161
63 163
63 164
63 165
63 166
63 170
63 173
63 176
63 177
63 178
63 180
63 182
63 183
63 184
63 185
63 186
63 187
63 188
63 189
63 190
63 191
63 193
63 197
64 66
64 67
64 71
64 72
64 73
64 75
64 76
64 78
64 79
64 83
64 85
64 89
64 90
64 91
64 92
64 94
64 95
64 99
64 101
64 102
64 104
64 105
64 106
64 107
64 108
64 109
64 111
64 115
64 118
64 119
64 123
64 125
64 131
64 134
64 135
64 136
64 140
64 146
64 147
64 148
64 150
64 155
64 156
64 157
64 158
64 159
64 160
64 163
64 171
64 175
64 179
64 180
64 183
64 184
64 185
64 189
64 192
64 193
64 195
64 198
65 66
65 70
65 72
65 73
65 75
65 76
65 81
65 82
65 84
65 86
65 89
65 93
65 94
65 95
65 96
65 97
65 103
65 104
65 105
65 106
65 108
65 109
65 112
65 113
65 115
65 116
65 118
65 119
65 120
65 122
65 123
65 125
65 129
65 130
65 133
65 134
65 136
65 137
65 140
65 142
65 145
65 149
65 150
65 152
65 155
65 156
65 159
65 160
65 166
65 169
65 172
65 174
65 175
65 177
65 179
65 183
65 184
65 186
65 187
65 189
65 190
65 192
65 194
65 196
65 197
65 198
66 70
66 72
66 73
66 78
66 79
66 80
66 82
66 83
66 85
66 87
66 88
66 89
66 90
66 91
66 92
66 94
66 102
66 104
66 106
66 108
66 109
66 111
66 112
66 119
66 121
66 124
66 125
66 126
66 128
66 129
66 131
66 134
66 135
66 138
66 139
66 141
66 142
66 145
66 147
66 148
66 149
66 150
66 151
66 152
66 153
66 154
66 157
66 162
66 163
66 164
66 165
66 166
66 167
66 172
66 173
66 175
66 177
66 178
66 182
66 183
66 185
66 187
66 188
66 189
66 190
66 193
66 197
66 199
67 68
67 71
67 72
67 73
67 75
67 78
67 81
67 82
67 84
67 85
67 87
67 89
67 90
67 91
67 92
67 93
67 96
67 98
67 99
67 100
67 101
67 102
67 105
67 106
67 107
67 108
67 112
67 113
67 117
67 118
67 120
67 121
67 122
67 123
67 127
67 129
67 134
67 135
67 137
67 139
67 141
67 143
67 145
67 146
67 149
67 150
67 151
67 152
67 162
67 165
67 167
67 169
67 170
67 171
67 176
67 178
67 182
67 183
67 187
67 190
67 194
67 195
67 197
67 198
67 199
68 71
68 73
68 76
68 77
68 78
68 79
68 82
68 85
68 86
68 89
68 90
68 95
68 97
68 98
68 100
68 102
68 105
68 107
68 113
68 121
68 126
68 127
68 128
68 132
68 138
68 143
68 145
68 146
68 147
68 148
68 149
68 150
68 151
68 153
68 156
68 159
68 161
68 164
68 165
68 167
68 168
68 169
68 170
68 171
68 172
68 173
68 175
68 176
68 177
68 182
68 183
68 185
68 186
68 187
68 189
68 193
68 195
68 199
69 70
69 73
69 75
69 76
69 77
69 78
69 81
69 85
69 86
69 87
69 88
69 89
69 90
69 91
69 93
69 95
69 96
69 97
69 100
69 101
69 103
69 104
69 105
69 106
69 107
69 113
69 115
69 117
69 118
69 120
69 121
69 122
69 125
69 127
69 128
69 129
69 130
69 132
69 134
69 135
69 137
69 140
69 142
69 145
69 146
69 147
69 148
69 149
69 150
69 152
69 153
69 154
69 157
69 160
69 161
69 162
69 163
69 168
69 171
69 177
69 182
69 184
69 187
69 191
69 192
69 197
69 199
70 72
70 73
70 76
70 77
70 79
70 80
70 81
70 84
70 87
70 89
70 92
70 93
70 94
70 97
70 100
70 101
70 106
70 107
70 108
70 110
70 113
70 114
70 115
70 116
70 118
70 119
70 120
70 121
70 123
70 127
70 128
70 129
70 130
70 133
70 134
70 135
70 136
70 139
70 140
70 141
70 142
70 143
70 145
70 146
70 147
70 148
70 149
70 150
70 152
70 153
70 155
70 156
70 157
70 158
70 161
70 162
70 163
70 167
70 170
70 171
70 172
70 174
70 176
70 177
70 179
70 180
70 181
70 183
70 185
70 186
70 187
70 190
70 192
70 196
70 197
70 198
71 73
71 75
71 77
71 79
71 81
71 84
71 86
71 90
71 91
71 92
71 95
71 97
71 99
71 100
71 104
71 105
71 106
71 108
71 109
71 110
71 111
71 113
71 114
71 115
71 116
71 119
71 120
71 121
71 122
71 124
71 126
71 127
71 129
71 130
71 133
71 137
71 140
71 141
71 146
71 147
71 156
71 157
71 159
71 162
71 166
71 167
71 168
71 169
71 170
71 174
71 176
71 178
71 180
71 181
71 183
71 184
71 190
71 191
71 196
71 197
72 76
72 77
72 82
72 87
72 88
72 89
72 90
72 91
72 92
72 94
72 97
72 100
72 102
72 103
72 106
72 109
72 110
72 111
72 115
72 116
72 117
72 120
72 121
72 122
72 125
72 128
72 129
72 130
72 131
72 132
72 133
72 135
72 136
72 137
72 138
72 139
72 142
72 143
72 144
72 145
72 146
72 147
72 148
72 149
72 152
72 154
72 155
72 157
72 159
72 162
72 163
72 168
72 169
72 170
72 182
72 183
72 184
72 185
72 186
72 188
72 189
72 190
72 193
72 194
72 195
72 196
72 197
73 75
73 82
73 88
73 91
73 92
73 93
73 94
73 97
73 100
73 101
73 103
73 104
73 105
73 106
73 108
73 109
73 111
73 112
73 114
73 115
73 116
73 117
73 120
73 121
73 122
73 123
73 124
73 126
73 127
73 128
73 131
73 132
73 133
73 134
73 137
73 138
73 139
73 140
73 141
73 142
73 143
73 144
73 145
73 147
73 148
73 150
73 152
73 153
73 156
73 158
73 159
73 160
73 161
73 162
73 163
73 164
73 166
73 169
73 171
73 172
73 182
73 183
73 185
73 191
73 192
73 195
73 196
73 197
73 199
74 75
74 77
74 78
74 79
74 80
74 82
74 85
74 86
74 87
74 88
74 89
74 90
74 92
74 93
74 101
74 103
74 104
74 105
74 108
74 109
74 110
74 112
74 116
74 120
74 122
74 124
74 125
74 127
74 129
74 131
74 132
74 134
74 135
74 136
74 138
74 141
74 142
74 146
74 148
74 149
74 150
74 151
74 152
74 154
74 155
74 158
74 161
74 164
74 165
74 167
74 168
74 170
74 173
74 174
74 179
74 184
74 185
74 187
74 188
74 189
74 191
74 192
74 193
74 195
74 199
75 81
75 82
75 84
75 85
75 87
75 88
75 89
75 90
75 91
75 92
75 93
75 94
75 95
75 97
75 100
75 102
75 104
75 105
75 107
75 108
75 109
75 110
75 111
75 114
75 115
75 116
75 117
75 118
75 120
75 122
75 123
75 124
75 125
75 128
75 129
75 131
75 132
75 133
75 136
75 137
75 138
75 142
75 145
75 148
75 149
75 150
75 151
75 155
75 156
75 157
75 158
75 159
75 164
75 165
75 167
75 169
75 170
75 172
75 174
75 175
75 178
75 183
75 186
75 188
75 189
75 190
75 192
75 194
75 197
76 77
76 84
76 85
76 88
76 90
76 91
76 92
76 93
76 94
76 95
76 98
76 99
76 101
76 103
76 104
76 106
76 113
76 114
76 115
76 116
76 117
76 118
76 119
76 120
76 121
76 124
76 128
76 129
76 130
76 132
76 135
76 136
76 139
76 144
76 148
76 150
76 153
76 154
76 159
76 163
76 166
76 167
76 168
76 170
76 171
76 172
76 173
76 175
76 176
76 179
76 180
76 181
76 182
76 183
76 184
76 186
76 187
76 188
76 191
76 192
76 194
76 196
76 197
77 78
77 80
77 82
77 85
77 87
77 88
77 89
77 90
77 95
77 96
77 98
77 99
77 100
77 105
77 108
77 110
77 111
77 113
77 114
77 117
77 119
77 120
77 123
77 124
77 125
77 128
77 130
77 131
77 132
77 133
77 136
77 137
77 138
77 139
77 141
77 142
77 144
77 147
77 149
77 150
77 152
77 153
77 157
77 158
77 160
77 164
77 168
77 170
77 171
77 174
77 177
77 182
77 183
77 190
77 191
77 193
77 194
77 196
77 198
77 199
78 79
78 80
78 83
78 85
78 87
78 88
78 90
78 92
78 93
78 94
78 95
78 96
78 100
78 102
78 107
78 109
78 110
78 112
78 115
78 117
78 118
78 119
78 120
78 122
78 125
78 127
78 130
78 131
78 134
78 135
78 136
78 138
78 142
78 145
78 148
78 149
78 153
78 154
78 155
78 161
78 162
78 169
78 173
78 174
78 177
78 178
78 182
78 183
78 187
78 188
78 189
78 190
78 191
78 196
78 197
79 80
79 85
79 86
79 87
79 91
79 93
79 94
79 98
79 99
79 100
79 101
79 108
79 112
79 114
79 117
79 118
79 119
79 123
79 125
79 126
79 127
79 130
79 131
79 132
79 134
79 137
79 141
79 142
79 143
79 144
79 146
79 147
79 150
79 151
79 152
79 154
79 156
79 157
79 158
79 161
79 163
79 164
79 165
79 166
79 167
79 168
79 175
79 177
79 184
79 185
79 186
79 189
79 190
79 196
80 82
80 83
80 86
80 88
80 89
80 91
80 92
80 95
80 96
80 97
80 98
80 101
80 102
80 107
80 109
80 112
80 115
80 116
80 117
80 119
80 120
80 121
80 124
80 126
80 127
80 130
80 136
80 137
80 139
80 140
80 141
80 142
80 143
80 148
80 152
80 156
80 157
80 159
80 165
80 167
80 170
80 172
80 174
80 176
80 177
80 178
80 179
80 181
80 182
80 184
80 185
80 186
80 189
80 190
80 191
80 193
80 196
80 197
80 199
81 82
81 83
81 84
81 86
81 87
81 90
81 91
81 92
81 93
81 96
81 102
81 103
81 106
81 108
81 109
81 111
81 113
81 115
81 116
81 117
81 119
81 120
81 121
81 122
81 124
81 125
81 126
81 127
81 129
81 131
81 133
81 136
81 140
81 141
81 142
81 145
81 146
81 149
81 150
81 152
81 155
81 157
81 158
81 162
81 163
81 166
81 167
81 168
81 169
81 170
81 173
81 174
81 178
81 180
81 181
81 183
81 185
81 186
81 188
81 192
81 195
81 196
81 199
82 83
82 84
82 86
82 88
82 90
82 91
82 92
82 94
82 95
82 97
82 101
82 102
82 104
82 105
82 106
82 111
82 112
82 113
82 117
82 118
82 122
82 123
82 124
82 125
82 127
82 132
82 133
82 134
82 141
82 144
82 145
82 147
82 150
82 152
82 153
82 154
82 156
82 162
82 165
82 166
82 167
82 168
82 170
82 172
82 175
82 181
82 183
82 184
82 189
82 190
82 192
82 193
82 194
82 195
82 196
83 86
83 87
83 89
83 92
83 93
83 96
83 97
83 98
83 99
83 102
83 103
83 105
83 108
83 111
83 112
83 114
83 119
83 120
83 121
83 122
83 127
83 130
83 135
83 138
83 139
83 140
83 143
83 145
83 146
83 147
83 148
83 149
83 158
83 161
83 163
83 164
83 167
83 168
83 172
83 174
83 176
83 178
83 180
83 182
83 187
83 189
83 190
83 193
83 195
84 85
84 87
84 89
84 91
84 92
84 93
84 94
84 95
84 96
84 98
84 100
84 101
84 103
84 104
84 105
84 106
84 107
84 108
84 109
84 110
84 112
84 113
84 114
84 115
84 116
84 117
84 118
84 123
84 124
84 125
84 130
84 133
84 134
84 135
84 136
84 137
84 138
84 139
84 140
84 142
84 143
84 146
84 147
84 149
84 151
84 154
84 156
84 159
84 161
84 162
84 164
84 166
84 167
84 168
84 170
84 171
84 174
84 175
84 177
84 178
84 179
84 180
84 181
84 182
84 187
84 188
84 190
84 191
84 193
84 194
84 196
84 199
85 87
85 89
85 90
85 91
85 93
85 96
85 98
85 99
85 100
85 101
85 102
85 103
85 106
85 107
85 108
85 109
85 110
85 113
85 114
85 115
85 116
85 118
85 120
85 122
85 125
85 126
85 130
85 132
85 133
85 134
85 135
85 137
85 138
85 141
85 146
85 147
85 148
85 151
85 155
85 156
85 159
85 163
85 165
85 167
85 168
85 170
85 171
85 172
85 173
85 174
85 176
85 177
85 178
85 179
85 180
85 181
85 183
85 185
85 190
85 193
85 195
85 197
85 198
85 199
86 89
86 91
86 92
86 99
86 100
86 102
86 103
86 104
86 106
86 107
86 108
86 109
86 111
86 114
86 115
86 118
86 119
86 121
86 123
86 127
86 128
86 130
86 131
86 132
86 133
86 134
86 138
86 139
86 140
86 141
86 142
86 144
86 146
86 147
86 148
86 149
86 153
86 155
86 156
86 157
86 162
86 163
86 167
86 171
86 172
86 173
86 174
86 178
86 179
86 180
86 181
86 182
86 183
86 185
86 188
86 190
86 192
86 193
86 194
86 198
86 199
87 91
87 94
87 95
87 97
87 100
87 106
87 107
87 108
87 115
87 116
87 121
87 122
87 124
87 128
87 129
87 130
87 134
87 136
87 139
87 142
87 144
87 145
87 146
87 147
87 148
87 150
87 152
87 153
87 154
87 157
87 158
87 159
87 161
87 162
87 163
87 166
87 167
87 168
87 169
87 170
87 172
87 174
87 177
87 178
87 179
87 180
87 182
87 183
87 184
87 186
87 187
87 189
87 192
87 194
87 195
87 196
87 197
87 198
87 199
88 91
88 94
88 98
88 101
88 104
88 105
88 106
88 108
88 112
88 114
88 117
88 118
88 119
88 120
88 121
88 122
88 125
88 126
88 128
88 130
88 131
88 135
88 136
88 140
88 141
88 143
88 145
88 147
88 157
88 159
88 162
88 164
88 168
88 169
88 170
88 171
88 173
88 174
88 175
88 178
88 179
88 181
88 183
88 186
88 187
88 188
88 189
88 190
88 193
88 194
88 195
88 196
88 199
89 90
89 92
89 93
89 96
89 97
89 99
89 102
89 103
89 105
89 106
89 107
89 108
89 109
89 111
89 113
89 115
89 118
89 119
89 124
89 127
89 128
89 130
89 133
89 137
89 138
89 142
89 144
89 145
89 148
89 150
89 152
89 153
89 156
89 158
89 159
89 162
89 164
89 165
89 166
89 167
89 168
89 169
89 173
89 174
89 175
89 176
89 179
89 180
89 181
89 185
89 187
89 191
89 198
90 92
90 98
90 99
90 100
90 103
90 106
90 111
90 112
90 114
90 115
90 116
90 119
90 120
90 123
90 124
90 125
90 126
90 127
90 128
90 130
90 133
90 134
90 137
90 138
90 140
90 141
90 143
90 146
90 147
90 149
90 150
90 151
90 152
90 154
90 155
90 156
90 160
90 161
90 164
90 165
90 166
90 167
90 169
90 171
90 172
90 173
90 178
90 179
90 182
90 183
90 184
90 188
90 190
90 191
90 193
90 195
90 196
90 197
90 199
91 92
91 93
91 94
91 95
91 96
91 97
91 99
91 103
91 105
91 108
91 110
91 111
91 112
91 114
91 115
91 116
91 117
91 120
91 121
91 122
91 124
91 125
91 128
91 133
91 134
91 135
91 136
91 139
91 142
91 144
91 145
91 148
91 150
91 152
91 153
91 155
91 156
91 157
91 158
91 162
91 165
91 166
91 167
91 168
91 173
91 176
91 178
91 180
91 181
91 182
91 183
91 184
91 185
91 187
91 188
91 191
91 192
91 193
91 195
91 196
91 197
91 199
92 94
92 97
92 99
92 100
92 105
92 106
92 107
92 108
92 110
92 111
92 113
92 117
92 121
92 122
92 124
92 126
92 129
92 130
92 136
92 137
92 140
92 144
92 147
92 149
92 150
92 151
92 153
92 154
92 155
92 159
92 161
92 164
92 165
92 166
92 167
92 169
92 171
92 172
92 174
92 175
92 176
92 177
92 179
92 181
92 182
92 185
92 187
92 189
92 190
92 191
92 192
92 195
92 198
92 199
93 96
93 97
93 99
93 101
93 106
93 108
93 109
93 110
93 112
93 115
93 116
93 118
93 119
93 122
93 124
93 126
93 127
93 128
93 129
93 130
93 132
93 138
93 139
93 142
93 143
93 145
93 146
93 147
93 150
93 151
93 152
93 154
93 155
93 156
93 157
93 159
93 160
93 165
93 166
93 167
93 172
93 173
93 174
93 176
93 177
93 178
93 179
93 180
93 182
93 185
93 188
93 189
93 191
93 193
93 196
93 198
94 95
94 96
94 97
94 100
94 102
94 104
94 105
94 107
94 109
94 111
94 112
94 115
94 116
94 118
94 119
94 121
94 126
94 127
94 128
94 131
94 132
94 133
94 134
94 136
94 137
94 138
94 139
94 140
94 144
94 146
94 148
94 149
94 153
94 155
94 157
94 158
94 159
94 160
94 163
94 164
94 165
94 168
94 169
94 173
94 175
94 176
94 178
94 180
94 182
94 184
94 186
94 188
94 189
94 190
94 191
94 198
95 100
95 101
95 102
95 109
95 111
95 118
95 120
95 121
95 124
95 125
95 127
95 131
95 136
95 137
95 139
95 141
95 147
95 153
95 156
95 159
95 160
95 161
95 163
95 164
95 165
95 168
95 169
95 170
95 172
95 174
95 177
95 178
95 181
95 186
95 189
95 190
95 193
96 99
96 100
96 103
96 104
96 105
96 106
96 107
96 109
96 110
96 111
96 113
96 114
96 115
96 119
96 123
96 125
96 126
96 130
96 131
96 134
96 135
96 137
96 140
96 141
96 146
96 153
96 158
96 160
96 161
96 163
96 168
96 169
96 173
96 175
96 177
96 180
96 181
96 182
96 185
96 187
96 189
96 190
96 193
96 196
97 98
97 99
97 100
97 101
97 107
97 108
97 109
97 113
97 115
97 117
97 118
97 119
97 120
97 121
97 122
97 124
97 126
97 127
97 129
97 130
97 131
97 133
97 135
97 136
97 138
97 141
97 142
97 144
97 146
97 154
97 157
97 159
97 162
97 163
97 165
97 167
97 169
97 172
97 175
97 178
97 179
97 181
97 182
97 185
97 187
97 189
97 198
98 100
98 101
98 104
98 110
98 111
98 113
98 114
98 119
98 121
98 123
98 124
98 126
98 128
98 131
98 134
98 135
98 138
98 144
98 145
98 147
98 148
98 150
98 153
98 160
98 162
98 163
98 164
98 166
98 168
98 172
98 173
98 174
98 175
98 177
98 178
98 183
98 186
98 188
98 189
98 190
98 191
98 192
98 196
98 197
99 100
99 105
99 109
99 110
99 111
99 114
99 117
99 122
99 124
99 125
99 128
99 129
99 136
99 141
99 143
99 144
99 146
99 147
99 148
99 150
99 151
99 152
99 153
99 158
99 161
99 163
99 169
99 171
99 172
99 173
99 174
99 175
99 180
99 181
99 188
99 189
99 190
99 191
99 192
99 194
99 195
99 196
99 197
99 199
100 101
100 102
100 103
100 104
100 105
100 106
100 107
100 108
100 109
100 114
100 115
100 116
100 117
100 118
100 119
100 122
100 124
100 125
100 126
100 130
100 131
100 138
100 140
100 141
100 142
100 143
100 145
100 149
100 155
100 156
100 162
100 163
100 166
100 167
100 168
100 172
100 176
100 177
100 178
100 180
100 181
100 182
100 183
100 184
100 185
100 193
100 195
100 197
100 199
101 102
101 103
101 104
101 108
101 110
101 113
101 116
101 117
101 119
101 120
101 121
101 122
101 128
101 129
101 131
101 132
101 133
101 134
101 137
101 140
101 141
101 144
101 152
101 153
101 157
101 158
101 163
101 170
101 171
101 172
101 173
101 174
101 177
101 184
101 186
101 188
101 191
101 192
101 194
101 197
101 198
101 199
102 103
102 105
102 106
102 107
102 111
102 118
102 119
102 121
102 122
102 124
102 126
102 127
102 128
102 130
102 133
102 134
102 135
102 137
102 138
102 139
102 140
102 145
102 148
102 149
102 152
102 153
102 155
102 156
102 157
102 159
102 161
102 164
102 165
102 166
102 167
102 170
102 171
102 173
102 175
102 179
102 181
102 182
102 185
102 191
102 193
102 198
103 106
103 107
103 108
103 110
103 112
103 113
103 117
103 119
103 120
103 123
103 131
103 132
103 133
103 137
103 143
103 145
103 146
103 148
103 149
103 151
103 152
103 153
103 154
103 155
103 160
103 162
103 163
103 166
103 167
103 169
103 172
103 173
103 176
103 177
103 179
103 182
103 185
103 187
103 188
103 190
103 194
103 195
103 196
104 105
104 109
104 112
104 117
104 118
104 119
104 125
104 129
104 130
104 131
104 135
104 136
104 138
104 140
104 145
104 146
104 147
104 149
104 150
104 153
104 154
104 157
104 166
104 167
104 168
104 169
104 170
104 171
104 174
104 177
104 179
104 180
104 181
104 186
104 187
104 188
104 190
104 194
104 196
104 197
104 198
105 106
105 109
105 110
105 111
105 113
105 115
105 116
105 117
105 118
105 119
105 122
105 123
105 125
105 129
105 132
105 137
105 139
105 141
105 142
105 143
105 145
105 151
105 152
105 157
105 159
105 160
105 161
105 162
105 164
105 165
105 167
105 168
105 169
105 171
105 172
105 173
105 176
105 177
105 178
105 179
105 182
105 184
105 186
105 191
105 199
106 108
106 112
106 113
106 114
106 115
106 116
106 117
106 119
106 122
106 123
106 127
106 129
106 130
106 131
106 132
106 134
106 135
106 136
106 137
106 141
106 144
106 145
106 146
106 148
106 151
106 152
106 153
106 156
106 159
106 163
106 164
106 167
106 168
106 171
106 173
106 174
106 175
106 177
106 178
106 180
106 185
106 189
106 191
106 192
106 193
106 194
107 108
107 109
107 110
107 112
107 113
107 114
107 118
107 123
107 124
107 126
107 127
107 128
107 130
107 132
107 141
107 142
107 143
107 144
107 147
107 149
107 150
107 151
107 157
107 158
107 161
107 162
107 163
107 164
107 165
107 169
107 172
107 173
107 174
107 176
107 179
107 180
107 181
107 183
107 186
107 187
107 188
107 189
107 194
107 199
108 112
108 116
108 119
108 121
108 122
108 127
108 128
108 129
108 130
108 131
108 136
108 137
108 139
108 140
108 141
108 143
108 146
108 147
108 148
108 149
108 154
108 163
108 165
108 167
108 168
108 171
108 174
108 175
108 178
108 179
108 181
108 182
108 184
108 185
108 188
108 190
108 191
108 193
108 194
108 196
109 110
109 111
109 113
109 116
109 117
109 119
109 125
109 126
109 127
109 128
109 131
109 133
109 134
109 135
109 136
109 137
109 138
109 139
109 141
109 142
109 144
109 145
109 147
109 148
109 150
109 152
109 156
109 159
109 164
109 167
109 168
109 169
109 170
109 172
109 176
109 177
109 182
109 183
109 184
109 185
109 186
109 192
109 193
109 195
109 197
109 198
110 111
110 114
110 116
110 117
110 118
110 122
110 123
110 124
110 125
110 127
110 128
110 129
110 130
110 132
110 134
110 136
110 139
110 140
110 143
110 144
110 146
110 147
110 148
110 155
110 156
110 159
110 160
110 168
110 169
110 170
110 171
110 172
110 174
110 176
110 177
110 181
110 182
110 183
110 184
110 186
110 187
110 193
110 197
111 112
111 115
111 121
111 122
111 123
111 125
111 126
111 128
111 130
111 131
111 132
111 133
111 136
111 139
111 140
111 141
111 142
111 144
111 148
111 151
111 154
111 156
111 158
111 159
111 160
111 162
111 163
111 164
111 165
111 166
111 168
111 169
111 171
111 172
111 177
111 179
111 183
111 184
111 186
111 189
111 190
111 191
111 194
111 195
111 197
112 113
112 114
112 120
112 121
112 124
112 126
112 127
112 128
112 129
112 130
112 133
112 134
112 136
112 139
112 141
112 143
112 144
112 147
112 148
112 149
112 150
112 151
112 152
112 153
112 161
112 162
112 163
112 166
112 168
112 170
112 171
112 177
112 179
112 180
112 182
112 183
112 184
112 185
112 186
112 188
112 189
112 194
112 196
112 197
112 198
112 199
113 123
113 124
113 125
113 127
113 128
113 129
113 131
113 133
113 135
113 138
113 139
113 141
113 143
113 145
113 148
113 149
113 153
113 155
113 156
113 157
113 160
113 162
113 163
113 165
113 166
113 170
113 171
113 173
113 174
113 175
113 176
113 177
113 180
113 182
113 183
113 185
113 187
113 188
113 191
113 192
113 194
113 199
114 116
114 117
114 118
114 122
114 123
114 126
114 128
114 129
114 131
114 133
114 134
114 136
114 137
114 138
114 142
114 143
114 145
114 146
114 147
114 149
114 150
114 151
114 152
114 153
114 155
114 158
114 161
114 165
114 166
114 169
114 170
114 171
114 172
114 177
114 178
114 181
114 183
114 184
114 187
114 192
114 193
114 195
114 197
114 198
115 116
115 117
115 118
115 119
115 121
115 124
115 126
115 128
115 129
115 130
115 131
115 133
115 140
115 141
115 142
115 144
115 145
115 147
115 148
115 151
115 155
115 159
115 160
115 161
115 162
115 163
115 165
115 166
115 168
115 171
115 173
115 174
115 175
115 176
115 177
115 182
115 184
115 185
115 187
115 188
115 189
115 191
115 192
115 193
115 194
115 195
115 197
115 198
116 117
116 118
116 120
116 126
116 127
116 129
116 130
116 132
116 133
116 134
116 135
116 136
116 137
116 141
116 142
116 143
116 144
116 145
116 146
116 147
116 148
116 152
116 154
116 157
116 159
116 160
116 162
116 163
116 164
116 167
116 169
116 171
116 173
116 175
116 176
116 177
116 178
116 179
116 183
116 187
116 188
116 189
116 191
116 192
116 196
116 197
116 198
116 199
117 118
117 119
117 120
117 121
117 124
117 125
117 127
117 129
117 130
117 131
117 132
117 133
117 134
117 142
117 143
117 145
117 146
117 147
117 150
117 152
117 154
117 156
117 157
117 158
117 160
117 168
117 175
117 177
117 178
117 179
117 180
117 181
117 182
117 183
117 184
117 185
117 190
117 191
118 121
118 123
118 124
118 125
118 126
118 127
118 128
118 129
118 130
118 131
118 132
118 133
118 135
118 137
118 141
118 144
118 145
118 146
118 147
118 153
118 157
118 159
118 160
118 163
118 165
118 167
118 169
118 170
118 172
118 173
118 174
118 177
118 178
118 180
118 181
118 183
118 187
118 188
118 189
118 190
118 191
118 192
118 194
118 195
118 197
118 198
119 121
119 123
119 124
119 126
119 127
119 132
119 133
119 136
119 137
119 138
119 139
119 140
119 143
119 144
119 145
119 156
119 157
119 159
119 165
119 167
119 169
119 170
119 175
119 176
119 177
119 178
119 180
119 182
119 188
119 190
119 192
119 194
119 199
120 121
120 122
120 129
120 131
120 143
120 144
120 146
120 147
120 148
120 149
120 151
120 153
120 160
120 162
120 163
120 166
120 167
120 169
120 171
120 172
120 175
120 179
120 180
120 190
120 191
120 194
120 197
121 122
121 124
121 125
121 129
121 133
121 134
121 135
121 138
121 139
121 141
121 142
121 145
121 147
121 148
121 149
121 150
121 151
121 153
121 159
121 164
121 165
121 168
121 171
121 173
121 174
121 175
121 179
121 180
121 181
121 182
121 186
121 188
121 189
121 191
121 192
121 194
121 197
121 199
122 124
122 125
122 126
122 127
122 130
122 131
122 133
122 135
122 138
122 141
122 142
122 143
122 145
122 148
122 149
122 150
122 151
122 156
122 160
122 162
122 163
122 164
122 166
122 168
122 170
122 173
122 175
122 176
122 177
122 181
122 182
122 183
122 187
122 188
122 189
122 190
122 191
122 192
122 194
122 195
122 199
123 125
123 129
123 130
123 131
123 132
123 134
123 135
123 136
123 139
123 141
123 143
123 144
123 145
123 149
123 150
123 151
123 152
123 156
123 158
123 160
123 163
123 166
123 168
123 170
123 172
123 174
123 175
123 176
123 177
123 178
123 180
123 183
123 185
123 190
123 191
123 194
123 197
123 198
123 199
124 126
124 132
124 133
124 134
124 135
124 136
124 137
124 140
124 149
124 151
124 152
124 155
124 156
124 158
124 159
124 161
124 162
124 163
124 164
124 168
124 170
124 172
124 174
124 176
124 177
124 178
124 181
124 185
124 187
124 188
124 193
124 195
124 196
124 197
125 127
125 128
125 129
125 132
125 136
125 139
125 140
125 141
125 144
125 145
125 146
125 147
125 149
125 151
125 153
125 154
125 157
125 161
125 162
125 163
125 164
125 165
125 169
125 172
125 174
125 176
125 178
125 180
125 183
125 184
125 185
125 186
125 189
125 192
125 195
125 196
125 197
125 198
125 199
126 128
126 129
126 132
126 135
126 137
126 140
126 141
126 142
126 145
126 146
126 148
126 150
126 152
126 154
126 156
126 158
126 160
126 161
126 162
126 164
126 165
126 167
126 168
126 170
126 174
126 175
126 176
126 177
126 178
126 183
126 184
126 186
126 188
126 189
126 190
126 191
126 192
126 194
126 196
126 197
127 128
127 130
127 131
127 132
127 134
127 136
127 137
127 138
127 141
127 144
127 146
127 148
127 153
127 155
127 158
127 159
127 162
127 164
127 166
127 167
127 168
127 169
127 175
127 176
127 179
127 181
127 184
127 185
127 187
127 194
127 198
128 130
128 133
128 134
128 136
128 137
128 139
128 140
128 141
128 142
128 145
128 147
128 152
128 156
128 158
128 159
128 160
128 161
128 164
128 165
128 166
128 169
128 170
128 174
128 175
128 176
128 178
128 183
128 184
128 186
128 188
128 190
128 193
128 194
128 195
128 198
129 131
129 132
129 133
129 135
129 138
129 141
129 142
129 145
129 146
129 153
129 157
129 158
129 159
129 160
129 162
129 163
129 165
129 167
129 171
129 172
129 174
129 175
129 176
129 177
129 179
129 180
129 182
129 186
129 187
129 192
129 193
129 194
129 195
129 196
129 198
129 199
130 136
130 138
130 139
130 141
130 142
130 143
130 145
130 147
130 153
130 154
130 162
130 163
130 164
130 167
130 168
130 169
130 170
130 171
130 172
130 173
130 174
130 175
130 176
130 178
130 180
130 182
130 185
130 186
130 189
130 190
130 191
130 192
130 193
130 197
131 133
131 134
131 138
131 139
131 141
131 142
131 144
131 145
131 148
131 150
131 151
131 152
131 154
131 155
131 156
131 161
131 164
131 167
131 171
131 172
131 173
131 176
131 177
131 178
131 179
131 183
131 184
131 185
131 189
131 190
131 191
131 193
131 194
131 195
131 197
132 133
132 134
132 135
132 136
132 142
132 145
132 146
132 147
132 149
132 151
132 156
132 157
132 161
132 162
132 163
132 164
132 165
132 166
132 169
132 170
132 172
132 174
132 175
132 176
132 177
132 186
132 187
132 188
132 189
132 190
132 193
132 195
132 197
132 198
132 199
133 134
133 137
133 138
133 139
133 140
133 141
133 142
133 143
133 145
133 146
133 151
133 152
133 153
133 154
133 155
133 156
133 157
133 161
133 163
133 167
133 169
133 171
133 173
133 174
133 175
133 176
133 177
133 178
133 180
133 182
133 183
133 184
133 185
133 188
133 195
133 197
133 198
133 199
134 136
134 137
134 138
134 139
134 142
134 143
134 144
134 147
134 148
134 150
134 151
134 152
134 153
134 156
134 159
134 160
134 162
134 163
134 165
134 169
134 170
134 171
134 172
134 173
134 175
134 179
134 180
134 181
134 182
134 183
134 195
134 197
134 198
135 138
135 139
135 140
135 142
135 143
135 147
135 148
135 152
135 153
135 154
135 157
135 166
135 168
135 170
135 173
135 174
135 175
135 178
135 186
135 187
135 190
135 193
135 195
135 196
135 197
135 199
136 137
136 138
136 141
136 142
136 143
136 144
136 145
136 147
136 149
136 156
136 159
136 160
136 163
136 164
136 166
136 168
136 173
136 174
136 175
136 176
136 179
136 181
136 182
136 183
136 185
136 187
136 189
136 190
136 191
136 192
136 193
136 198
137 139
137 140
137 141
137 142
137 143
137 148
137 149
137 152
137 159
137 160
137 161
137 163
137 164
137 166
137 168
137 169
137 171
137 177
137 180
137 181
137 182
137 184
137 185
137 187
137 188
137 189
137 190
137 191
137 194
137 195
137 196
137 198
137 199
138 141
138 143
138 149
138 152
138 153
138 154
138 156
138 158
138 160
138 162
138 165
138 166
138 170
138 173
138 175
138 178
138 179
138 184
138 185
138 186
138 187
138 189
138 190
138 193
138 195
138 199
139 140
139 141
139 142
139 144
139 145
139 146
139 149
139 153
139 154
139 160
139 161
139 162
139 168
139 172
139 174
139 176
139 177
139 179
139 181
139 182
139 185
139 186
139 190
139 191
139 192
139 193
139 194
139 195
139 197
139 198
140 141
140 143
140 145
140 146
140 147
140 149
140 150
140 155
140 158
140 159
140 160
140 165
140 167
140 171
140 173
140 175
140 176
140 177
140 178
140 180
140 181
140 182
140 183
140 187
140 190
140 191
140 194
140 195
140 196
140 198
140 199
141 145
141 147
141 148
141 150
141 154
141 155
141 156
141 158
141 159
141 160
141 162
141 163
141 164
141 166
141 169
141 171
141 173
141 174
141 176
141 179
141 185
141 188
141 189
141 191
141 192
141 193
141 197
141 198
141 199
142 144
142 148
142 149
142 151
142 152
142 153
142 155
142 156
142 157
142 161
142 162
142 163
142 164
142 171
142 173
142 175
142 178
142 179
142 180
142 183
142 184
142 189
142 191
142 192
142 193
142 194
142 199
143 148
143 152
143 154
143 157
143 158
143 159
143 162
143 165
143 166
143 167
143 170
143 172
143 173
143 174
143 178
143 183
143 186
143 189
143 190
143 192
143 193
143 195
143 197
143 198
143 199
144 149
144 153
144 154
144 155
144 158
144 159
144 161
144 164
144 165
144 168
144 169
144 171
144 172
144 177
144 178
144 180
144 182
144 183
144 184
144 186
144 187
144 188
144 189
144 191
144 192
144 196
144 197
144 198
144 199
145 148
145 149
145 150
145 155
145 157
145 159
145 161
145 162
145 163
145 176
145 179
145 182
145 186
145 190
145 191
145 192
145 196
146 147
146 148
146 149
146 150
146 152
146 153
146 155
146 156
146 158
146 161
146 163
146 164
146 165
146 167
146 170
146 172
146 175
146 176
146 177
146 184
146 186
146 187
146 188
146 190
146 193
146 195
146 196
146 197
147 148
147 150
147 151
147 152
147 156
147 157
147 158
147 159
147 161
147 162
147 163
147 164
147 165
147 166
147 167
147 168
147 171
147 173
147 175
147 179
147 180
147 182
147 184
147 188
147 189
147 191
147 192
147 194
147 195
147 197
148 149
148 150
148 153
148 154
148 157
148 159
148 163
148 168
148 169
148 170
148 172
148 174
148 178
148 179
148 181
148 183
148 186
148 188
148 189
148 190
148 196
148 199
149 150
149 158
149 159
149 161
149 164
149 165
149 166
149 168
149 171
149 172
149 174
149 175
149 178
149 179
149 182
149 186
149 188
149 190
149 191
149 193
149 195
149 196
149 197
150 156
150 158
150 160
150 161
150 162
150 166
150 167
150 169
150 173
150 174
150 176
150 178
150 182
150 183
150 186
150 188
150 191
150 192
150 193
150 198
150 199
151 153
151 155
151 156
151 159
151 161
151 162
151 164
151 168
151 169
151 170
151 173
151 174
151 175
151 176
151 177
151 178
151 179
151 182
151 183
151 184
151 186
151 187
151 191
151 192
151 194
151 197
152 156
152 159
152 160
152 162
152 163
152 166
152 167
152 168
152 172
152 173
152 174
152 175
152 177
152 178
152 179
152 180
152 183
152 184
152 186
152 187
152 191
152 192
152 194
152 196
152 198
152 199
153 157
153 158
153 161
153 162
153 165
153 170
153 174
153 176
153 181
153 182
153 185
153 187
153 189
153 193
153 196
153 198
153 199
154 157
154 158
154 159
154 160
154 161
154 165
154 166
154 168
154 175
154 176
154 178
154 180
154 182
154 183
154 184
154 186
154 187
154 188
154 189
154 190
154 191
154 192
154 196
154 197
155 157
155 158
155 159
155 160
155 161
155 163
155 168
155 172
155 173
155 179
155 180
155 181
155 182
155 183
155 184
155 188
155 189
155 190
155 191
155 192
155 194
155 196
155 198
156 160
156 161
156 163
156 165
156 167
156 169
156 170
156 171
156 172
156 174
156 177
156 179
156 180
156 182
156 183
156 186
156 187
156 190
156 191
156 192
156 193
156 194
156 196
156 198
156 199
157 158
157 160
157 161
157 163
157 164
157 171
157 173
157 175
157 177
157 179
157 182
157 184
157 189
157 192
157 197
157 198
158 163
158 167
158 168
158 173
158 174
158 176
158 177
158 179
158 180
158 182
158 185
158 186
158 187
158 188
158 189
158 192
158 194
158 198
159 160
159 162
159 164
159 165
159 168
159 170
159 172
159 175
159 177
159 178
159 179
159 180
159 185
159 186
159 187
159 190
159 191
159 192
159 195
159 196
159 197
159 199
160 161
160 164
160 165
160 167
160 171
160 172
160 173
160 175
160 176
160 177
160 178
160 179
160 181
160 185
160 186
160 187
160 189
160 193
160 195
160 197
161 165
161 169
161 170
161 171
161 172
161 173
161 174
161 177
161 182
161 183
161 188
161 190
161 192
161 193
161 195
161 196
161 198
162 165
162 166
162 168
162 170
162 171
162 173
162 176
162 179
162 186
162 188
162 189
162 190
162 192
162 197
162 198
162 199
163 164
163 165
163 166
163 167
163 171
163 172
163 176
163 178
163 179
163 181
163 183
163 184
163 187
163 188
163 189
163 192
163 193
163 195
163 196
163 197
163 198
164 169
164 170
164 171
164 174
164 175
164 177
164 178
164 180
164 181
164 183
164 184
164 186
164 188
164 189
164 194
164 197
164 199
165 168
165 171
165 172
165 175
165 176
165 179
165 180
165 181
165 183
165 184
165 189
165 190
165 191
165 194
165 195
165 196
165 198
166 168
166 169
166 172
166 176
166 177
166 179
166 180
166 185
166 192
166 195
166 197
166 198
167 171
167 172
167 174
167 176
167 178
167 179
167 180
167 182
167 184
167 185
167 188
167 189
167 190
167 191
167 192
167 195
167 196
167 199
168 169
168 171
168 174
168 175
168 176
168 179
168 180
168 181
168 184
168 186
168 187
168 188
168 192
168 197
168 198
168 199
169 170
169 171
169 176
169 178
169 187
169 192
169 194
169 199
170 172
170 173
170 174
170 176
170 177
170 178
170 179
170 182
170 183
170 185
170 189
170 195
170 197
171 172
171 173
171 176
171 177
171 180
171 181
171 182
171 184
171 188
171 191
171 193
171 194
171 195
172 175
172 177
172 178
172 179
172 180
172 188
172 189
172 190
172 191
172 194
172 195
172 197
172 199
173 174
173 176
173 177
173 178
173 179
173 183
173 186
173 189
173 190
173 191
173 193
173 194
173 195
173 196
173 197
174 175
174 177
174 181
174 184
174 188
174 189
174 192
174 194
174 196
174 199
175 177
175 178
175 180
175 181
175 183
175 186
175 189
175 190
175 194
175 195
175 196
175 199
176 181
176 185
176 187
176 188
176 189
176 190
176 192
176 197
176 198
177 178
177 181
177 182
177 183
177 186
177 187
177 188
177 189
177 190
177 193
177 195
177 196
177 199
178 179
178 186
178 187
178 190
178 194
178 196
178 199
179 181
179 185
179 193
179 195
179 196
179 198
179 199
180 187
180 188
180 190
180 193
180 195
180 196
180 198
180 199
181 187
181 188
181 190
181 192
181 193
181 194
181 199
182 183
182 184
182 186
182 187
182 188
182 189
182 193
182 196
183 185
183 189
183 193
183 195
183 196
183 197
183 198
183 199
184 185
184 186
184 187
184 188
184 189
184 191
184 192
184 195
184 199
185 186
185 187
185 188
185 190
185 192
185 193
185 194
185 195
185 196
185 197
185 199
186 187
186 190
186 191
186 192
186 195
186 196
186 197
186 198
187 189
187 190
187 191
187 193
187 198
187 199
188 189
188 190
188 192
188 195
188 197
188 198
188 199
189 192
189 193
189 196
189 197
189 199
190 193
190 195
190 197
190 199
191 193
191 195
191 196
192 193
192 194
192 196
192 198
192 199
193 197
194 197
194 198
194 199
195 196
195 198
196 199
197 198
197 199
42 75 83 189 76 5 62 94 160 26 128 175 135 90 57 7 96 98 184 59 190 28 159 198 54 12 69 162 157 195 8 154 103 85 111 88 197 56 47 177 130 167 174 112 55 24 92 23 169 93
166 199 196 118 36 121 63 172 165 145 17 182 192 15 163 123 53 191 68 141 100 119 170 18 9 115 171 52 38 138 155 117 109 153 168 49 120 0 25 89 187 78 1 84 183 142 72 46 147 51
80 178 58 149 102 64 131 34 186 44 146 2 60 134 136 137 82 106 50 48 185 124 31 65 11 148 21 67 125 188 97 107 10 66 110 95 132 39 104 152 71 13 37 101 108 105 27 139 4 114
113 140 61 43 81 73 35 179 122 180 79 156 193 87 14 91 33 70 133 29 173 40 194 99 158 74 6 127 45 129 144 151 150 116 20 16 164 41 86 126 3 181 32 176 22 30 77 143 161 19
