200
1964
20
46
21
25
77
16
17
0
59
12
36
61
97
7
17
17
20
68
28
9
17
0 21
0 25
0 52
0 53
0 65
0 73
0 76
0 86
0 92
0 93
0 103
0 121
0 138
0 147
0 160
0 167
0 174
0 196
1 12
1 37
1 55
1 63
1 69
1 80
1 81
1 90
1 94
1 107
1 109
1 110
1 111
1 144
1 148
1 149
1 157
1 165
1 186
1 189
1 193
2 20
2 22
2 36
2 53
2 54
2 56
2 67
2 78
2 91
2 99
2 137
2 152
2 165
2 172
2 194
2 197
3 19
3 21
3 23
3 30
3 36
3 39
3 40
3 41
3 45
3 64
3 85
3 91
3 96
3 104
3 134
3 155
3 157
3 162
3 163
3 168
3 185
3 188
3 191
3 193
3 198
4 7
4 9
4 11
4 13
4 19
4 24
4 25
4 31
4 34
4 35
4 52
4 78
4 81
4 88
4 114
4 119
4 127
4 129
4 130
4 170
4 171
4 174
4 175
4 178
4 194
4 199
5 13
5 24
5 36
5 62
5 66
5 68
5 73
5 100
5 128
5 144
5 145
5 146
5 151
5 166
5 178
5 183
5 191
5 199
6 30
6 36
6 62
6 68
6 84
6 95
6 97
6 113
6 119
6 122
6 125
6 136
6 156
6 161
6 165
6 189
7 9
7 14
7 32
7 35
7 66
7 76
7 78
7 80
7 81
7 84
7 105
7 124
7 134
7 138
7 151
7 152
7 153
7 180
7 192
7 195
8 14
8 15
8 29
8 39
8 41
8 43
8 66
8 75
8 84
8 95
8 113
8 125
8 139
8 148
8 149
8 162
8 177
8 187
8 197
9 11
9 18
9 62
9 69
9 90
9 101
9 104
9 109
9 114
9 123
9 146
9 153
9 174
9 177
9 178
9 186
9 188
9 189
9 194
9 198
10 14
10 65
10 66
10 68
10 73
10 86
10 106
10 107
10 115
10 135
10 137
10 144
10 145
10 152
10 179
10 181
11 18
11 20
11 40
11 43
11 48
11 50
11 77
11 82
11 92
11 114
11 123
11 127
11 130
11 132
11 143
11 159
11 179
11 182
11 183
12 19
12 35
12 42
12 56
12 57
12 65
12 104
12 109
12 122
12 123
12 136
12 148
12 166
12 175
12 178
12 192
13 22
13 37
13 42
13 46
13 48
13 70
13 71
13 104
13 122
13 131
13 145
13 147
13 171
13 180
13 182
13 190
13 196
14 15
14 42
14 70
14 80
14 93
14 109
14 118
14 129
14 133
14 137
14 145
14 149
14 161
14 164
14 166
14 190
14 193
14 194
15 19
15 39
15 49
15 81
15 93
15 96
15 97
15 101
15 105
15 120
15 125
15 137
15 139
15 141
15 161
15 167
15 171
15 173
15 190
15 193
15 194
16 22
16 28
16 37
16 51
16 52
16 56
16 68
16 69
16 77
16 92
16 99
16 126
16 132
16 135
16 137
16 139
16 149
16 152
16 175
16 178
16 181
16 190
17 28
17 38
17 40
17 63
17 69
17 81
17 85
17 86
17 89
17 92
17 115
17 141
17 142
17 158
18 24
18 30
18 34
18 38
18 59
18 62
18 66
18 67
18 84
18 92
18 110
18 114
18 115
18 123
18 129
18 133
18 147
18 152
18 153
18 158
18 159
19 26
19 30
19 37
19 49
19 53
19 83
19 86
19 89
19 91
19 93
19 102
19 104
19 108
19 114
19 150
19 155
19 169
19 170
19 173
19 183
19 186
19 196
20 22
20 26
20 28
20 57
20 70
20 86
20 94
20 97
20 100
20 101
20 139
20 165
20 167
20 179
20 181
20 188
20 191
21 23
21 47
21 69
21 103
21 107
21 111
21 114
21 123
21 131
21 139
21 140
21 142
21 160
21 179
21 181
21 194
21 198
22 35
22 41
22 46
22 66
22 69
22 90
22 95
22 114
22 117
22 131
22 147
22 150
22 165
22 178
22 188
23 34
23 50
23 52
23 55
23 57
23 80
23 92
23 124
23 154
23 156
23 163
23 165
23 166
23 169
23 179
23 183
23 184
24 30
24 35
24 36
24 45
24 51
24 63
24 67
24 70
24 86
24 90
24 92
24 97
24 120
24 129
24 142
24 159
24 166
24 167
24 172
24 195
24 198
25 37
25 42
25 69
25 79
25 94
25 111
25 128
25 132
25 134
25 149
25 151
25 162
25 168
25 176
25 183
25 197
26 87
26 91
26 111
26 120
26 122
26 127
26 138
26 140
26 144
26 152
26 157
26 167
26 169
26 199
27 34
27 35
27 46
27 48
27 52
27 63
27 74
27 78
27 84
27 87
27 92
27 94
27 105
27 113
27 117
27 118
27 134
27 139
27 147
27 156
27 159
27 172
27 190
27 191
27 192
28 29
28 44
28 56
28 62
28 91
28 107
28 138
28 158
28 159
28 191
28 193
29 50
29 83
29 84
29 93
29 94
29 103
29 104
29 126
29 127
29 157
29 162
29 163
29 176
29 193
29 194
30 34
30 35
30 60
30 64
30 65
30 71
30 72
30 86
30 98
30 104
30 150
30 152
30 153
30 162
30 169
30 181
30 190
31 36
31 37
31 58
31 82
31 88
31 100
31 118
31 137
31 139
31 145
31 162
31 170
31 175
31 184
31 188
31 191
31 192
32 46
32 57
32 87
32 95
32 98
32 131
32 146
32 160
32 183
32 189
32 192
32 198
33 39
33 46
33 50
33 67
33 68
33 73
33 110
33 120
33 121
33 155
34 48
34 49
34 58
34 68
34 82
34 101
34 106
34 111
34 113
34 114
34 116
34 118
34 123
34 131
34 143
34 161
34 164
34 166
34 173
34 185
34 186
35 40
35 41
35 43
35 51
35 53
35 56
35 63
35 71
35 78
35 83
35 85
35 108
35 124
35 130
35 131
35 135
35 146
35 155
35 160
35 174
35 178
35 190
35 191
35 194
36 48
36 56
36 70
36 71
36 75
36 76
36 97
36 128
36 150
36 195
37 42
37 56
37 79
37 85
37 86
37 89
37 93
37 100
37 108
37 117
37 127
37 129
37 135
37 137
37 138
37 144
37 150
37 156
37 167
37 174
37 186
37 195
38 39
38 42
38 43
38 50
38 82
38 96
38 105
38 111
38 142
38 145
38 167
38 171
38 182
38 186
38 194
38 199
39 49
39 50
39 74
39 81
39 97
39 107
39 121
39 128
39 136
39 138
39 142
39 144
39 148
39 151
39 152
39 163
39 170
40 46
40 55
40 56
40 62
40 65
40 98
40 100
40 106
40 116
40 126
40 129
40 134
40 140
40 146
40 151
40 161
40 166
40 169
40 180
40 192
41 63
41 78
41 81
41 108
41 124
41 148
41 192
41 196
42 50
42 76
42 97
42 114
42 128
42 136
42 139
42 152
42 168
42 196
43 64
43 72
43 90
43 101
43 124
43 134
43 144
43 147
43 155
43 175
43 190
44 60
44 66
44 71
44 82
44 90
44 93
44 117
44 119
44 124
44 129
44 135
44 136
44 144
44 155
44 167
44 178
44 179
44 183
44 188
44 190
44 195
44 199
45 50
45 53
45 54
45 65
45 83
45 88
45 89
45 120
45 129
45 135
45 147
45 148
45 168
45 177
45 186
45 190
45 191
45 198
46 54
46 62
46 66
46 76
46 100
46 107
46 128
46 135
46 136
46 137
46 149
46 154
46 161
46 172
46 176
46 178
46 188
46 195
47 54
47 55
47 58
47 66
47 79
47 86
47 106
47 119
47 123
47 131
47 141
47 145
47 149
47 163
47 185
47 191
48 66
48 80
48 95
48 96
48 102
48 112
48 124
48 140
48 142
48 154
48 155
48 167
48 171
48 175
48 178
48 182
48 190
49 72
49 88
49 99
49 100
49 111
49 118
49 122
49 123
49 152
49 168
49 169
49 179
49 188
49 192
50 53
50 55
50 72
50 88
50 96
50 97
50 99
50 100
50 101
50 143
50 147
50 159
50 182
50 195
50 196
51 56
51 58
51 74
51 76
51 81
51 95
51 98
51 101
51 106
51 130
51 135
51 142
51 145
51 148
51 161
51 162
51 165
51 181
51 182
52 56
52 81
52 95
52 102
52 126
52 132
52 133
52 137
52 160
52 165
52 178
52 185
52 189
52 197
52 198
53 83
53 90
53 91
53 97
53 102
53 107
53 111
53 114
53 115
53 119
53 154
53 172
53 181
53 182
53 192
54 63
54 67
54 68
54 70
54 78
54 90
54 99
54 101
54 112
54 119
54 120
54 144
54 153
54 173
54 174
54 179
54 182
54 183
55 58
55 67
55 77
55 82
55 96
55 112
55 119
55 121
55 123
55 137
55 143
55 148
55 149
55 155
55 160
55 164
55 173
55 175
55 187
56 83
56 85
56 88
56 94
56 99
56 110
56 133
56 135
56 147
56 155
56 169
56 199
57 97
57 132
57 167
57 172
57 181
58 65
58 66
58 73
58 79
58 89
58 103
58 119
58 131
58 133
58 135
58 136
58 156
58 162
59 98
59 103
59 104
59 111
59 126
59 130
59 150
59 157
59 179
59 181
59 187
60 68
60 71
60 94
60 166
60 183
60 189
60 197
61 84
61 87
61 95
61 98
61 101
61 104
61 114
61 133
61 145
61 159
61 180
61 191
61 197
62 80
62 88
62 89
62 92
62 98
62 107
62 115
62 134
62 172
62 174
63 69
63 76
63 91
63 113
63 114
63 116
63 124
63 128
63 132
63 147
63 148
63 154
63 159
63 164
63 175
63 176
63 181
63 191
64 67
64 95
64 96
64 106
64 112
64 116
64 133
64 156
64 161
64 163
64 172
64 173
64 177
64 188
64 191
65 84
65 87
65 109
65 128
65 130
65 137
65 150
65 154
65 166
65 174
66 67
66 83
66 132
66 149
66 164
66 171
66 174
66 180
66 188
66 192
66 195
66 199
67 69
67 71
67 80
67 98
67 102
67 111
67 112
67 117
67 128
67 142
67 189
67 194
67 195
67 198
68 89
68 99
68 118
68 130
68 192
68 195
69 76
69 89
69 102
69 110
69 112
69 131
69 132
69 134
69 141
69 161
69 166
70 79
70 93
70 94
70 95
70 98
70 149
70 178
70 179
70 181
70 182
70 185
70 199
71 83
71 101
71 102
71 110
71 125
71 131
71 141
71 153
71 155
71 163
71 166
71 168
71 169
71 171
71 176
71 188
71 194
71 196
72 82
72 96
72 110
72 125
72 137
72 151
72 153
72 158
72 187
73 78
73 83
73 92
73 121
73 126
73 135
73 137
73 168
73 170
73 173
73 176
73 196
73 199
74 86
74 91
74 96
74 106
74 125
74 153
74 164
74 174
74 189
74 191
74 192
74 194
75 78
75 98
75 108
75 117
75 129
75 130
75 135
75 140
75 160
75 171
75 176
75 184
75 196
76 90
76 114
76 118
76 127
76 132
76 138
76 158
76 162
76 166
76 171
76 172
76 178
76 188
77 87
77 89
77 105
77 107
77 109
77 110
77 122
77 125
77 126
77 136
77 142
77 160
77 167
77 170
77 172
77 175
77 177
77 179
77 190
77 193
78 80
78 82
78 89
78 91
78 98
78 102
78 107
78 118
78 131
78 151
78 161
78 195
79 90
79 119
79 128
79 136
79 142
79 167
79 170
79 172
79 180
79 185
79 194
80 87
80 93
80 101
80 105
80 106
80 107
80 109
80 110
80 115
80 124
80 136
80 151
80 180
80 182
80 197
80 199
81 100
81 104
81 106
81 112
81 136
81 156
81 160
82 107
82 113
82 174
82 186
82 193
83 86
83 87
83 96
83 99
83 107
83 108
83 109
83 174
83 176
83 180
83 183
83 198
84 86
84 87
84 94
84 100
84 133
84 150
84 153
84 155
84 161
84 165
84 170
84 176
84 185
84 194
85 105
85 106
85 112
85 126
85 134
85 142
85 143
85 166
85 179
85 186
85 193
85 196
86 117
86 118
86 126
86 127
86 138
86 139
86 162
86 165
86 194
87 91
87 95
87 105
87 120
87 133
87 139
87 157
87 164
87 170
87 172
87 175
87 177
87 182
87 186
88 114
88 119
88 146
88 171
88 182
88 195
89 90
89 131
89 134
89 142
89 156
89 159
89 163
89 166
89 172
89 184
89 186
89 188
90 96
90 97
90 107
90 111
90 117
90 119
90 127
90 135
90 138
90 140
90 149
90 164
90 165
90 168
90 176
90 179
90 189
90 198
91 105
91 157
91 174
91 175
91 180
91 181
91 188
91 190
91 194
92 108
92 152
92 155
92 163
92 166
92 169
92 171
92 180
93 96
93 112
93 114
93 118
93 122
93 130
93 149
93 158
93 166
93 169
93 183
93 186
94 96
94 111
94 145
94 147
94 156
94 168
94 175
94 177
94 179
95 101
95 104
95 121
95 130
95 135
95 149
95 155
95 161
95 182
95 185
95 199
96 102
96 112
96 133
96 137
96 153
96 154
96 158
96 172
96 182
96 187
96 199
97 102
97 121
97 152
97 157
97 160
97 162
97 177
97 193
98 99
98 111
98 128
98 138
98 144
98 147
98 151
98 153
98 173
98 177
98 196
99 103
99 104
99 119
99 131
99 149
99 190
99 192
99 195
100 105
100 131
100 134
100 167
100 168
100 172
101 131
101 136
101 148
101 154
101 167
101 168
101 175
101 184
101 194
102 115
102 136
102 154
102 155
102 176
102 187
102 189
103 112
103 118
103 135
103 140
103 148
103 165
103 183
103 189
103 197
104 115
104 139
104 143
104 146
104 155
104 158
104 161
104 164
104 166
104 169
104 175
105 111
105 143
105 150
105 151
105 158
105 175
105 185
105 193
106 111
106 117
106 172
106 199
107 111
107 113
107 150
107 157
107 193
107 195
107 196
108 118
108 120
108 124
108 125
108 135
108 142
108 151
108 162
108 166
108 186
108 197
109 113
109 124
109 131
109 133
109 145
109 159
109 162
109 164
109 168
109 184
109 186
109 191
109 195
109 196
110 121
110 141
110 155
110 164
110 183
110 192
111 120
111 126
111 127
111 139
111 155
111 161
111 163
111 164
111 174
111 198
112 114
112 131
112 153
112 158
112 161
112 169
112 188
112 191
112 198
113 118
113 123
113 125
113 126
113 146
113 147
113 148
113 155
113 160
113 179
113 188
113 189
113 191
114 117
114 122
114 137
114 140
114 156
114 171
114 179
114 184
114 197
114 199
115 127
115 141
115 160
115 187
115 198
116 123
116 183
116 191
116 195
117 120
117 136
117 145
117 152
117 162
117 164
117 167
117 168
117 185
117 187
117 190
118 134
118 143
118 146
118 183
119 136
119 142
119 155
119 158
119 173
119 174
119 179
119 182
119 184
120 134
120 139
120 147
120 150
120 172
121 160
121 161
121 174
121 184
121 186
121 188
122 123
122 127
122 139
122 141
122 152
122 168
122 180
122 185
122 188
122 191
123 133
123 135
123 136
123 171
123 174
123 178
123 183
123 198
124 148
124 150
124 153
124 156
124 179
124 182
124 186
125 127
125 136
125 139
125 147
125 167
125 170
125 174
125 182
125 187
125 193
126 133
126 154
126 167
126 172
126 175
126 185
127 130
127 146
127 162
127 180
127 198
128 133
128 178
128 181
129 140
129 142
129 154
129 168
129 182
129 188
129 189
130 159
130 174
131 160
131 180
131 186
131 194
132 136
132 142
132 148
132 152
132 172
132 186
133 137
133 149
133 151
133 172
133 173
133 189
134 135
134 136
134 147
134 150
134 172
134 175
134 181
134 192
135 149
135 158
135 160
135 175
135 190
136 140
136 150
136 157
136 162
136 167
136 174
137 145
137 170
138 146
138 155
138 162
138 166
138 172
138 177
138 185
138 193
139 140
139 141
139 145
139 151
139 152
139 166
139 174
139 186
139 198
140 148
140 159
140 165
140 175
140 178
140 186
140 187
140 196
140 198
140 199
141 142
141 157
141 162
141 174
142 171
142 178
142 181
142 185
142 187
142 199
143 147
143 148
143 155
143 166
143 169
143 180
143 187
143 188
143 193
143 195
144 152
144 158
144 163
144 180
144 185
144 189
144 197
145 161
145 163
145 171
145 173
145 176
145 179
145 184
145 199
146 152
146 156
146 174
146 181
146 182
146 191
147 166
147 185
147 198
148 152
148 158
148 178
148 181
149 172
149 198
149 199
150 154
150 156
150 169
150 175
150 179
150 184
150 192
150 196
151 166
151 169
151 173
151 174
151 177
152 170
152 179
152 184
152 186
153 176
153 179
153 187
154 155
154 157
154 166
154 167
154 174
154 176
154 183
154 187
154 188
155 159
155 183
155 193
155 195
156 165
156 166
156 167
156 178
156 185
156 191
157 169
157 174
157 176
157 188
157 192
157 197
158 169
158 170
158 183
158 184
158 188
158 195
158 199
159 174
159 185
160 163
160 180
160 184
160 185
160 194
161 172
161 181
161 197
162 168
162 178
162 183
162 198
163 172
163 194
163 195
164 168
164 173
165 167
165 176
165 179
165 183
165 197
166 171
166 176
166 180
166 184
166 192
167 185
167 188
167 198
168 170
169 178
169 182
170 190
171 182
171 188
171 190
171 191
172 176
172 177
172 183
172 189
172 190
172 191
172 199
173 193
174 184
174 189
174 194
175 178
175 189
175 192
176 184
176 189
176 193
177 182
177 186
177 196
178 190
178 193
179 180
179 182
179 185
179 186
180 193
180 199
181 185
182 188
183 193
183 199
184 190
184 199
185 196
185 199
187 188
187 198
188 198
189 192
190 195
191 195
192 198
197 198
198 199
39 88 162 53 43 35 8 198 115 167
20 188 190 65 139 181 83 152 58 113
125 196 168 183 122 5 68 98 59 47
189 171 178 2 151 23 119 70 77 69
82 148 0 26 46 118 176 67 127 150
106 78 192 4 177 95 191 131 163 96
27 160 56 6 72 61 63 142 49 33
159 141 133 74 36 42 7 90 99 93
12 199 21 111 60 187 145 80 91 38
101 117 22 172 154 175 129 19 186 11
14 121 94 155 92 100 54 169 25 41
182 9 18 48 87 110 138 120 161 179
143 1 32 103 102 44 130 108 126 112
124 15 71 31 114 132 184 104 75 89
140 197 193 76 85 157 135 64 28 24
107 153 105 194 52 185 158 164 109 174
84 123 16 13 156 116 149 17 165 3
30 37 57 97 66 40 147 128 29 86
144 137 51 180 34 45 55 62 136 10
73 146 195 81 170 50 166 173 134 79
