200
13869
4
40
62
31
4
0 1
0 2
0 7
0 9
0 10
0 12
0 14
0 15
0 17
0 18
0 21
0 22
0 23
0 24
0 25
0 26
0 27
0 28
0 29
0 30
0 31
0 34
0 35
0 37
0 38
0 39
0 41
0 42
0 44
0 45
0 46
0 47
0 48
0 49
0 50
0 51
0 52
0 53
0 54
0 56
0 57
0 60
0 62
0 63
0 64
0 65
0 66
0 68
0 70
0 71
0 74
0 75
0 77
0 79
0 80
0 81
0 82
0 85
0 86
0 87
0 89
0 90
0 91
0 92
0 93
0 94
0 95
0 96
0 99
0 100
0 101
0 102
0 103
0 104
0 106
0 109
0 112
0 113
0 114
0 115
0 117
0 119
0 120
0 122
0 123
0 124
0 126
0 127
0 128
0 129
0 130
0 131
0 132
0 134
0 135
0 136
0 137
0 138
0 139
0 141
0 142
0 143
0 144
0 146
0 147
0 149
0 150
0 151
0 152
0 153
0 154
0 156
0 157
0 158
0 160
0 161
0 162
0 163
0 165
0 166
0 169
0 170
0 171
0 173
0 175
0 176
0 177
0 179
0 182
0 183
0 185
0 188
0 192
0 193
0 194
0 196
0 198
0 199
1 2
1 3
1 6
1 7
1 8
1 9
1 14
1 15
1 16
1 17
1 18
1 19
1 20
1 22
1 23
1 24
1 25
1 27
1 30
1 31
1 32
1 34
1 37
1 38
1 39
1 40
1 41
1 42
1 44
1 45
1 47
1 48
1 49
1 50
1 51
1 52
1 53
1 55
1 56
1 58
1 61
1 63
1 64
1 66
1 67
1 69
1 70
1 71
1 73
1 74
1 75
1 77
1 78
1 80
1 81
1 82
1 83
1 84
1 85
1 86
1 88
1 89
1 91
1 92
1 93
1 94
1 95
1 96
1 97
1 100
1 102
1 105
1 107
1 109
1 110
1 111
1 112
1 115
1 116
1 118
1 119
1 120
1 121
1 122
1 123
1 125
1 126
1 127
1 129
1 130
1 131
1 132
1 133
1 134
1 135
1 136
1 138
1 139
1 141
1 142
1 143
1 146
1 147
1 148
1 149
1 150
1 151
1 153
1 154
1 155
1 156
1 157
1 158
1 159
1 160
1 161
1 163
1 166
1 167
1 168
1 170
1 171
1 172
1 173
1 174
1 175
1 176
1 179
1 183
1 184
1 186
1 187
1 188
1 190
1 192
1 195
1 196
1 197
1 198
1 199
2 3
2 5
2 6
2 7
2 9
2 10
2 11
2 12
2 13
2 14
2 16
2 17
2 18
2 20
2 21
2 22
2 24
2 25
2 26
2 28
2 29
2 34
2 35
2 36
2 37
2 38
2 40
2 42
2 43
2 44
2 46
2 48
2 49
2 51
2 52
2 53
2 54
2 56
2 57
2 58
2 59
2 60
2 61
2 62
2 63
2 64
2 65
2 67
2 68
2 69
2 70
2 71
2 72
2 73
2 74
2 75
2 76
2 77
2 78
2 79
2 80
2 81
2 82
2 83
2 85
2 88
2 91
2 92
2 96
2 97
2 100
2 102
2 103
2 104
2 105
2 106
2 108
2 109
2 111
2 112
2 113
2 116
2 117
2 118
2 120
2 121
2 122
2 125
2 127
2 130
2 131
2 133
2 134
2 135
2 136
2 137
2 138
2 141
2 142
2 144
2 146
2 149
2 151
2 152
2 153
2 155
2 156
2 157
2 158
2 160
2 161
2 162
2 163
2 164
2 165
2 166
2 168
2 169
2 170
2 171
2 172
2 175
2 177
2 179
2 180
2 181
2 183
2 184
2 186
2 187
2 188
2 189
2 191
2 192
2 195
2 196
2 197
2 198
2 199
3 4
3 5
3 6
3 8
3 10
3 12
3 13
3 15
3 16
3 17
3 21
3 22
3 23
3 25
3 30
3 31
3 32
3 33
3 35
3 36
3 37
3 38
3 39
3 40
3 42
3 44
3 45
3 46
3 47
3 48
3 52
3 53
3 55
3 60
3 61
3 64
3 65
3 66
3 67
3 69
3 70
3 72
3 73
3 76
3 78
3 79
3 80
3 81
3 82
3 84
3 85
3 86
3 87
3 88
3 89
3 90
3 91
3 92
3 93
3 94
3 97
3 99
3 100
3 101
3 102
3 103
3 104
3 107
3 108
3 109
3 110
3 112
3 113
3 114
3 115
3 117
3 118
3 119
3 120
3 121
3 122
3 124
3 125
3 127
3 128
3 129
3 130
3 131
3 132
3 133
3 134
3 136
3 137
3 138
3 139
3 140
3 141
3 142
3 143
3 145
3 146
3 148
3 149
3 151
3 152
3 153
3 154
3 156
3 157
3 158
3 162
3 163
3 164
3 165
3 167
3 170
3 171
3 172
3 173
3 174
3 175
3 177
3 178
3 180
3 184
3 185
3 186
3 187
3 188
3 189
3 190
3 191
3 193
3 194
3 195
3 196
3 198
3 199
4 6
4 9
4 11
4 12
4 15
4 17
4 18
4 21
4 23
4 25
4 26
4 28
4 29
4 31
4 32
4 34
4 35
4 36
4 38
4 40
4 43
4 45
4 46
4 47
4 49
4 51
4 52
4 53
4 54
4 55
4 57
4 59
4 63
4 64
4 65
4 66
4 67
4 68
4 70
4 71
4 72
4 73
4 74
4 75
4 76
4 78
4 79
4 81
4 82
4 83
4 84
4 85
4 86
4 87
4 88
4 90
4 93
4 96
4 97
4 98
4 99
4 100
4 103
4 104
4 105
4 106
4 108
4 110
4 111
4 112
4 113
4 114
4 115
4 116
4 117
4 118
4 119
4 120
4 121
4 123
4 125
4 126
4 127
4 128
4 129
4 130
4 132
4 133
4 134
4 135
4 137
4 139
4 140
4 141
4 142
4 143
4 144
4 145
4 147
4 149
4 151
4 152
4 157
4 159
4 160
4 161
4 162
4 163
4 166
4 168
4 170
4 171
4 172
4 173
4 174
4 175
4 176
4 178
4 179
4 180
4 181
4 183
4 184
4 185
4 186
4 187
4 188
4 189
4 190
4 192
4 193
4 195
4 197
4 199
5 7
5 8
5 11
5 12
5 13
5 15
5 16
5 18
5 19
5 20
5 22
5 23
5 24
5 25
5 26
5 28
5 29
5 30
5 31
5 32
5 33
5 34
5 36
5 38
5 41
5 42
5 44
5 45
5 46
5 47
5 48
5 49
5 50
5 51
5 52
5 53
5 54
5 55
5 56
5 58
5 59
5 60
5 61
5 62
5 64
5 67
5 70
5 71
5 72
5 75
5 76
5 78
5 80
5 82
5 84
5 86
5 89
5 92
5 93
5 95
5 96
5 97
5 98
5 99
5 100
5 101
5 102
5 103
5 104
5 106
5 107
5 109
5 110
5 111
5 112
5 113
5 114
5 115
5 117
5 118
5 120
5 121
5 122
5 123
5 124
5 126
5 128
5 129
5 130
5 131
5 132
5 133
5 135
5 136
5 138
5 140
5 141
5 142
5 143
5 144
5 145
5 147
5 148
5 149
5 150
5 151
5 152
5 154
5 155
5 157
5 158
5 159
5 160
5 161
5 162
5 163
5 164
5 166
5 167
5 168
5 169
5 170
5 171
5 172
5 174
5 176
5 178
5 179
5 181
5 182
5 183
5 186
5 187
5 189
5 190
5 191
5 192
5 193
5 194
5 196
5 197
5 198
5 199
6 7
6 8
6 9
6 11
6 13
6 15
6 16
6 18
6 19
6 20
6 21
6 23
6 25
6 26
6 27
6 28
6 29
6 30
6 32
6 35
6 36
6 38
6 39
6 40
6 43
6 44
6 45
6 46
6 47
6 48
6 49
6 50
6 53
6 54
6 55
6 57
6 58
6 59
6 60
6 63
6 66
6 67
6 68
6 70
6 72
6 73
6 74
6 76
6 79
6 80
6 81
6 82
6 86
6 87
6 88
6 90
6 91
6 92
6 93
6 94
6 95
6 97
6 98
6 99
6 104
6 106
6 107
6 108
6 109
6 110
6 111
6 112
6 113
6 114
6 115
6 116
6 118
6 120
6 121
6 122
6 123
6 124
6 127
6 128
6 129
6 130
6 131
6 132
6 133
6 135
6 136
6 138
6 140
6 141
6 142
6 144
6 145
6 146
6 147
6 148
6 149
6 150
6 151
6 154
6 155
6 157
6 159
6 161
6 162
6 163
6 165
6 167
6 170
6 173
6 175
6 176
6 178
6 180
6 181
6 183
6 185
6 186
6 187
6 188
6 189
6 190
6 192
6 195
6 196
6 197
6 199
7 8
7 9
7 10
7 11
7 12
7 13
7 14
7 16
7 17
7 18
7 20
7 22
7 24
7 25
7 26
7 27
7 30
7 31
7 33
7 34
7 35
7 36
7 37
7 39
7 40
7 42
7 44
7 46
7 47
7 48
7 49
7 51
7 53
7 54
7 55
7 56
7 57
7 58
7 59
7 60
7 61
7 65
7 66
7 69
7 72
7 73
7 74
7 75
7 76
7 77
7 78
7 81
7 82
7 83
7 85
7 87
7 89
7 90
7 93
7 94
7 96
7 97
7 98
7 99
7 100
7 101
7 102
7 105
7 107
7 108
7 109
7 110
7 111
7 114
7 115
7 116
7 117
7 118
7 119
7 120
7 121
7 122
7 124
7 125
7 126
7 127
7 128
7 129
7 130
7 132
7 134
7 135
7 136
7 137
7 138
7 139
7 140
7 141
7 142
7 143
7 145
7 146
7 147
7 149
7 150
7 151
7 152
7 153
7 154
7 157
7 158
7 159
7 160
7 162
7 163
7 164
7 165
7 166
7 167
7 169
7 170
7 171
7 173
7 174
7 176
7 177
7 179
7 182
7 183
7 184
7 187
7 188
7 190
7 192
7 193
7 195
7 198
8 9
8 10
8 11
8 13
8 14
8 15
8 16
8 17
8 20
8 21
8 22
8 23
8 24
8 25
8 26
8 27
8 28
8 29
8 30
8 32
8 35
8 36
8 37
8 38
8 40
8 41
8 44
8 45
8 46
8 47
8 49
8 50
8 51
8 54
8 55
8 57
8 58
8 61
8 63
8 64
8 65
8 66
8 67
8 68
8 73
8 75
8 76
8 77
8 78
8 79
8 80
8 81
8 83
8 84
8 87
8 89
8 90
8 91
8 92
8 96
8 97
8 98
8 99
8 101
8 102
8 103
8 105
8 106
8 107
8 109
8 110
8 111
8 112
8 113
8 114
8 116
8 117
8 118
8 119
8 120
8 122
8 124
8 125
8 126
8 127
8 128
8 129
8 130
8 131
8 132
8 133
8 134
8 135
8 137
8 138
8 140
8 141
8 142
8 143
8 145
8 146
8 147
8 148
8 149
8 150
8 153
8 154
8 155
8 157
8 158
8 161
8 163
8 164
8 165
8 166
8 167
8 168
8 169
8 170
8 171
8 174
8 175
8 176
8 177
8 178
8 179
8 181
8 182
8 184
8 185
8 186
8 187
8 188
8 189
8 190
8 191
8 192
8 193
8 194
8 195
8 196
9 10
9 13
9 14
9 15
9 17
9 18
9 19
9 20
9 21
9 22
9 24
9 25
9 26
9 27
9 28
9 29
9 30
9 31
9 32
9 34
9 35
9 36
9 38
9 42
9 44
9 45
9 46
9 47
9 48
9 49
9 51
9 52
9 54
9 57
9 58
9 59
9 61
9 62
9 63
9 64
9 65
9 66
9 67
9 68
9 69
9 70
9 71
9 73
9 75
9 76
9 77
9 78
9 79
9 80
9 81
9 82
9 85
9 87
9 88
9 89
9 90
9 92
9 93
9 94
9 97
9 98
9 100
9 101
9 102
9 106
9 107
9 108
9 109
9 112
9 114
9 115
9 116
9 117
9 118
9 121
9 122
9 123
9 124
9 125
9 126
9 127
9 128
9 129
9 131
9 132
9 134
9 135
9 136
9 138
9 139
9 140
9 141
9 142
9 143
9 144
9 145
9 146
9 147
9 148
9 149
9 150
9 153
9 155
9 156
9 157
9 158
9 159
9 160
9 161
9 162
9 163
9 168
9 169
9 170
9 171
9 172
9 173
9 174
9 176
9 177
9 178
9 180
9 183
9 184
9 185
9 186
9 188
9 189
9 191
9 192
9 193
9 194
9 195
9 196
9 197
9 199
10 11
10 13
10 14
10 16
10 17
10 18
10 19
10 20
10 21
10 22
10 23
10 25
10 29
10 30
10 31
10 32
10 33
10 34
10 38
10 41
10 42
10 43
10 44
10 45
10 46
10 48
10 49
10 50
10 52
10 54
10 55
10 57
10 58
10 59
10 60
10 62
10 63
10 65
10 66
10 67
10 68
10 69
10 70
10 72
10 74
10 76
10 78
10 79
10 80
10 82
10 84
10 86
10 87
10 88
10 89
10 90
10 91
10 92
10 95
10 96
10 97
10 99
10 100
10 101
10 102
10 103
10 104
10 105
10 106
10 107
10 108
10 109
10 110
10 112
10 113
10 114
10 115
10 116
10 117
10 118
10 119
10 120
10 124
10 125
10 127
10 128
10 131
10 132
10 133
10 137
10 138
10 139
10 140
10 141
10 142
10 143
10 144
10 145
10 146
10 148
10 150
10 151
10 152
10 153
10 154
10 155
10 156
10 157
10 158
10 159
10 160
10 163
10 165
10 166
10 170
10 171
10 172
10 174
10 175
10 176
10 178
10 179
10 180
10 181
10 182
10 183
10 185
10 186
10 191
10 192
10 194
10 195
10 196
10 197
10 198
10 199
11 12
11 13
11 15
11 16
11 17
11 19
11 20
11 22
11 23
11 24
11 25
11 28
11 29
11 30
11 31
11 32
11 33
11 34
11 36
11 37
11 39
11 40
11 41
11 42
11 43
11 44
11 48
11 49
11 50
11 51
11 53
11 54
11 57
11 58
11 59
11 60
11 62
11 63
11 64
11 65
11 66
11 67
11 70
11 71
11 72
11 74
11 75
11 76
11 77
11 78
11 79
11 80
11 84
11 85
11 86
11 88
11 90
11 91
11 92
11 93
11 94
11 95
11 96
11 98
11 102
11 103
11 104
11 105
11 108
11 109
11 110
11 111
11 112
11 113
11 115
11 117
11 119
11 120
11 121
11 122
11 123
11 124
11 125
11 127
11 128
11 129
11 131
11 132
11 133
11 137
11 138
11 143
11 144
11 145
11 146
11 147
11 148
11 149
11 150
11 152
11 153
11 154
11 155
11 156
11 157
11 158
11 160
11 161
11 163
11 164
11 165
11 167
11 170
11 171
11 172
11 173
11 174
11 175
11 176
11 177
11 178
11 179
11 180
11 182
11 184
11 185
11 186
11 189
11 190
11 191
11 193
11 194
11 195
11 196
11 198
12 13
12 14
12 16
12 17
12 18
12 19
12 20
12 21
12 22
12 24
12 25
12 28
12 29
12 30
12 31
12 32
12 34
12 35
12 37
12 38
12 39
12 40
12 41
12 44
12 46
12 47
12 48
12 50
12 51
12 52
12 55
12 56
12 57
12 58
12 61
12 64
12 65
12 66
12 67
12 68
12 69
12 71
12 73
12 76
12 77
12 78
12 79
12 80
12 81
12 83
12 84
12 85
12 86
12 87
12 88
12 89
12 91
12 92
12 93
12 94
12 97
12 99
12 100
12 102
12 104
12 105
12 106
12 107
12 109
12 110
12 111
12 112
12 115
12 118
12 119
12 120
12 121
12 123
12 124
12 127
12 129
12 132
12 133
12 134
12 135
12 136
12 137
12 138
12 140
12 141
12 144
12 145
12 146
12 147
12 148
12 149
12 150
12 152
12 154
12 155
12 156
12 157
12 158
12 160
12 161
12 162
12 163
12 164
12 165
12 167
12 168
12 169
12 171
12 172
12 173
12 175
12 178
12 179
12 180
12 181
12 182
12 183
12 185
12 186
12 187
12 188
12 189
12 190
12 191
12 193
12 194
12 195
12 196
12 197
12 198
12 199
13 14
13 15
13 16
13 17
13 19
13 25
13 26
13 27
13 28
13 29
13 30
13 31
13 32
13 34
13 36
13 37
13 38
13 40
13 41
13 43
13 44
13 45
13 46
13 48
13 51
13 52
13 54
13 55
13 56
13 57
13 58
13 59
13 60
13 61
13 62
13 63
13 65
13 66
13 67
13 68
13 70
13 71
13 72
13 73
13 74
13 75
13 77
13 79
13 80
13 81
13 82
13 83
13 84
13 85
13 86
13 88
13 89
13 90
13 91
13 92
13 93
13 95
13 96
13 97
13 99
13 102
13 103
13 105
13 106
13 109
13 110
13 111
13 112
13 113
13 114
13 116
13 117
13 118
13 119
13 121
13 122
13 123
13 125
13 126
13 127
13 128
13 129
13 130
13 131
13 132
13 134
13 135
13 136
13 138
13 140
13 141
13 142
13 143
13 144
13 146
13 148
13 149
13 151
13 152
13 153
13 155
13 156
13 158
13 160
13 161
13 163
13 164
13 166
13 167
13 168
13 172
13 173
13 174
13 175
13 177
13 178
13 179
13 180
13 182
13 187
13 190
13 193
13 194
13 196
13 197
14 16
14 17
14 19
14 22
14 23
14 24
14 25
14 29
14 30
14 31
14 32
14 33
14 39
14 41
14 42
14 43
14 44
14 45
14 46
14 48
14 49
14 50
14 51
14 52
14 53
14 54
14 55
14 56
14 57
14 58
14 59
14 60
14 62
14 63
14 64
14 65
14 66
14 67
14 68
14 70
14 71
14 72
14 75
14 76
14 78
14 79
14 80
14 81
14 82
14 83
14 85
14 86
14 87
14 88
14 89
14 90
14 92
14 94
14 98
14 99
14 100
14 101
14 102
14 103
14 105
14 106
14 107
14 108
14 109
14 111
14 112
14 114
14 115
14 118
14 120
14 122
14 123
14 124
14 127
14 131
14 132
14 133
14 134
14 136
14 138
14 139
14 141
14 144
14 145
14 146
14 147
14 148
14 149
14 151
14 152
14 154
14 155
14 156
14 158
14 160
14 161
14 163
14 164
14 167
14 169
14 170
14 171
14 172
14 174
14 176
14 177
14 178
14 179
14 180
14 181
14 183
14 184
14 185
14 186
14 187
14 189
14 190
14 191
14 192
14 193
14 194
14 196
14 197
14 198
14 199
15 18
15 19
15 20
15 21
15 22
15 23
15 24
15 27
15 29
15 30
15 32
15 33
15 34
15 35
15 36
15 37
15 39
15 40
15 41
15 42
15 44
15 46
15 48
15 49
15 50
15 51
15 52
15 54
15 56
15 57
15 58
15 59
15 60
15 61
15 62
15 63
15 64
15 67
15 68
15 69
15 73
15 75
15 78
15 79
15 80
15 81
15 82
15 83
15 85
15 86
15 87
15 88
15 89
15 90
15 92
15 94
15 95
15 96
15 97
15 98
15 100
15 101
15 102
15 104
15 106
15 107
15 108
15 109
15 111
15 112
15 113
15 114
15 115
15 116
15 117
15 119
15 120
15 121
15 124
15 125
15 126
15 127
15 128
15 131
15 132
15 133
15 134
15 135
15 136
15 137
15 139
15 141
15 145
15 147
15 150
15 151
15 152
15 153
15 154
15 155
15 156
15 158
15 159
15 160
15 161
15 164
15 165
15 167
15 168
15 170
15 173
15 175
15 177
15 179
15 180
15 181
15 182
15 185
15 187
15 188
15 191
15 192
15 193
15 194
15 196
15 198
15 199
16 18
16 19
16 20
16 23
16 24
16 25
16 28
16 30
16 31
16 32
16 33
16 34
16 35
16 37
16 38
16 39
16 42
16 43
16 44
16 46
16 47
16 50
16 52
16 53
16 54
16 55
16 57
16 58
16 60
16 61
16 62
16 63
16 64
16 66
16 67
16 69
16 71
16 72
16 73
16 74
16 75
16 76
16 77
16 79
16 83
16 84
16 85
16 87
16 88
16 89
16 90
16 91
16 92
16 96
16 97
16 98
16 101
16 103
16 108
16 109
16 110
16 113
16 114
16 115
16 118
16 119
16 120
16 121
16 124
16 125
16 128
16 130
16 133
16 134
16 135
16 136
16 137
16 139
16 141
16 145
16 146
16 147
16 148
16 150
16 151
16 152
16 153
16 154
16 155
16 156
16 157
16 158
16 160
16 162
16 166
16 167
16 168
16 169
16 170
16 172
16 173
16 174
16 175
16 176
16 177
16 178
16 179
16 180
16 182
16 186
16 187
16 188
16 189
16 190
16 191
16 192
16 193
16 194
16 195
16 196
16 197
16 199
17 18
17 19
17 22
17 23
17 25
17 26
17 29
17 30
17 31
17 32
17 33
17 34
17 35
17 36
17 37
17 38
17 39
17 40
17 45
17 46
17 49
17 50
17 51
17 52
17 53
17 54
17 57
17 60
17 63
17 64
17 65
17 68
17 69
17 70
17 72
17 73
17 74
17 76
17 77
17 78
17 79
17 80
17 81
17 82
17 83
17 84
17 87
17 90
17 91
17 92
17 96
17 97
17 100
17 101
17 102
17 104
17 105
17 106
17 109
17 110
17 111
17 114
17 115
17 116
17 117
17 118
17 119
17 123
17 124
17 125
17 127
17 128
17 129
17 130
17 131
17 133
17 134
17 136
17 137
17 138
17 139
17 140
17 141
17 143
17 144
17 145
17 146
17 147
17 148
17 149
17 150
17 151
17 152
17 159
17 160
17 162
17 163
17 164
17 165
17 166
17 167
17 168
17 169
17 170
17 171
17 173
17 175
17 178
17 179
17 180
17 181
17 182
17 183
17 184
17 185
17 186
17 187
17 189
17 190
17 192
17 193
17 195
17 199
18 19
18 20
18 23
18 24
18 27
18 28
18 29
18 32
18 33
18 34
18 35
18 36
18 37
18 40
18 41
18 43
18 44
18 45
18 46
18 47
18 48
18 49
18 54
18 56
18 57
18 59
18 61
18 62
18 63
18 65
18 67
18 70
18 71
18 73
18 74
18 77
18 78
18 79
18 80
18 81
18 84
18 85
18 86
18 87
18 89
18 90
18 91
18 92
18 94
18 95
18 96
18 97
18 100
18 104
18 105
18 107
18 108
18 109
18 110
18 111
18 112
18 114
18 115
18 116
18 120
18 121
18 122
18 123
18 126
18 127
18 128
18 129
18 133
18 138
18 139
18 140
18 143
18 144
18 145
18 146
18 147
18 148
18 153
18 155
18 156
18 157
18 158
18 159
18 161
18 162
18 163
18 164
18 165
18 166
18 167
18 168
18 169
18 171
18 174
18 175
18 176
18 177
18 178
18 179
18 181
18 184
18 186
18 187
18 188
18 189
18 190
18 191
18 193
18 194
18 196
18 198
19 20
19 21
19 23
19 24
19 25
19 27
19 29
19 31
19 32
19 33
19 35
19 37
19 38
19 39
19 40
19 41
19 43
19 44
19 45
19 47
19 48
19 49
19 52
19 53
19 54
19 55
19 56
19 57
19 58
19 59
19 60
19 61
19 62
19 63
19 64
19 65
19 66
19 67
19 68
19 69
19 70
19 72
19 75
19 80
19 81
19 82
19 83
19 84
19 85
19 86
19 87
19 88
19 89
19 90
19 92
19 93
19 95
19 97
19 98
19 99
19 101
19 103
19 104
19 105
19 107
19 109
19 110
19 111
19 112
19 113
19 118
19 119
19 120
19 124
19 125
19 126
19 127
19 128
19 131
19 132
19 133
19 134
19 135
19 138
19 139
19 140
19 141
19 142
19 145
19 147
19 149
19 151
19 152
19 153
19 154
19 155
19 156
19 157
19 160
19 161
19 162
19 163
19 165
19 167
19 169
19 170
19 171
19 173
19 174
19 175
19 176
19 177
19 178
19 179
19 180
19 185
19 188
19 189
19 191
19 194
19 195
19 196
19 198
19 199
20 22
20 23
20 24
20 28
20 29
20 30
20 31
20 33
20 34
20 35
20 36
20 37
20 39
20 40
20 41
20 42
20 43
20 44
20 45
20 47
20 49
20 50
20 51
20 53
20 58
20 62
20 63
20 66
20 67
20 68
20 69
20 72
20 73
20 74
20 75
20 76
20 77
20 79
20 80
20 81
20 82
20 83
20 84
20 85
20 86
20 87
20 88
20 89
20 90
20 91
20 93
20 95
20 96
20 97
20 98
20 99
20 100
20 101
20 102
20 103
20 104
20 105
20 106
20 107
20 109
20 110
20 112
20 114
20 116
20 117
20 120
20 122
20 123
20 127
20 128
20 130
20 131
20 132
20 133
20 134
20 135
20 137
20 139
20 141
20 142
20 143
20 145
20 147
20 148
20 150
20 151
20 152
20 153
20 155
20 158
20 161
20 163
20 164
20 165
20 166
20 168
20 169
20 170
20 171
20 172
20 173
20 174
20 175
20 176
20 179
20 181
20 185
20 186
20 187
20 188
20 189
20 191
20 192
20 195
20 197
20 198
21 22
21 23
21 24
21 26
21 27
21 30
21 33
21 35
21 36
21 37
21 38
21 41
21 42
21 43
21 44
21 46
21 47
21 48
21 51
21 52
21 53
21 54
21 55
21 57
21 59
21 60
21 62
21 63
21 65
21 66
21 67
21 69
21 70
21 72
21 73
21 75
21 76
21 77
21 78
21 79
21 80
21 81
21 83
21 85
21 87
21 89
21 90
21 91
21 92
21 93
21 95
21 96
21 97
21 98
21 99
21 100
21 101
21 102
21 103
21 104
21 105
21 107
21 109
21 111
21 112
21 113
21 114
21 115
21 117
21 118
21 119
21 120
21 122
21 123
21 124
21 126
21 127
21 128
21 129
21 131
21 132
21 133
21 134
21 138
21 139
21 140
21 141
21 142
21 144
21 146
21 147
21 148
21 149
21 152
21 153
21 154
21 155
21 157
21 158
21 159
21 160
21 162
21 164
21 165
21 166
21 167
21 168
21 169
21 170
21 171
21 172
21 173
21 175
21 177
21 178
21 179
21 181
21 182
21 184
21 185
21 187
21 188
21 190
21 191
21 192
21 193
21 194
21 198
21 199
22 24
22 26
22 28
22 29
22 30
22 31
22 34
22 35
22 36
22 37
22 38
22 39
22 40
22 41
22 45
22 48
22 49
22 52
22 54
22 58
22 59
22 60
22 61
22 63
22 65
22 66
22 68
22 69
22 70
22 71
22 74
22 78
22 79
22 80
22 81
22 82
22 83
22 84
22 85
22 86
22 89
22 92
22 93
22 97
22 100
22 102
22 104
22 105
22 107
22 108
22 110
22 111
22 112
22 113
22 114
22 117
22 118
22 119
22 122
22 124
22 126
22 127
22 131
22 135
22 136
22 137
22 138
22 139
22 140
22 141
22 142
22 144
22 146
22 151
22 152
22 154
22 155
22 159
22 160
22 161
22 162
22 163
22 166
22 169
22 170
22 171
22 172
22 173
22 174
22 175
22 176
22 178
22 179
22 183
22 186
22 187
22 188
22 190
22 191
22 192
22 193
22 195
22 196
22 197
22 199
23 24
23 25
23 26
23 30
23 31
23 32
23 33
23 35
23 36
23 37
23 39
23 41
23 44
23 45
23 47
23 48
23 49
23 50
23 52
23 53
23 54
23 55
23 56
23 57
23 58
23 59
23 60
23 61
23 62
23 65
23 66
23 67
23 68
23 69
23 70
23 71
23 72
23 75
23 77
23 79
23 80
23 81
23 83
23 84
23 85
23 88
23 89
23 91
23 94
23 96
23 97
23 99
23 100
23 103
23 104
23 105
23 107
23 108
23 109
23 114
23 115
23 116
23 117
23 119
23 120
23 121
23 122
23 125
23 128
23 129
23 130
23 131
23 132
23 135
23 136
23 137
23 138
23 140
23 141
23 144
23 146
23 147
23 150
23 151
23 153
23 154
23 155
23 156
23 157
23 158
23 160
23 162
23 163
23 164
23 165
23 167
23 168
23 169
23 170
23 171
23 174
23 177
23 180
23 182
23 184
23 185
23 186
23 187
23 189
23 190
23 191
23 192
23 194
23 196
23 197
23 198
23 199
24 26
24 28
24 29
24 31
24 32
24 34
24 35
24 36
24 37
24 38
24 40
24 41
24 44
24 45
24 47
24 48
24 49
24 50
24 51
24 52
24 57
24 59
24 60
24 62
24 63
24 65
24 66
24 67
24 68
24 69
24 70
24 71
24 72
24 74
24 77
24 78
24 80
24 81
24 82
24 83
24 84
24 85
24 87
24 89
24 90
24 91
24 92
24 94
24 95
24 96
24 100
24 101
24 102
24 103
24 104
24 106
24 107
24 108
24 110
24 111
24 112
24 113
24 114
24 115
24 116
24 117
24 119
24 122
24 123
24 124
24 125
24 127
24 128
24 131
24 132
24 134
24 135
24 136
24 137
24 138
24 139
24 140
24 141
24 142
24 144
24 146
24 147
24 149
24 150
24 151
24 153
24 154
24 155
24 156
24 157
24 159
24 160
24 161
24 163
24 164
24 165
24 168
24 171
24 173
24 174
24 175
24 176
24 177
24 178
24 179
24 181
24 183
24 184
24 187
24 188
24 189
24 190
24 194
24 195
24 196
24 197
24 198
24 199
25 29
25 30
25 31
25 32
25 33
25 34
25 36
25 38
25 39
25 40
25 41
25 43
25 44
25 45
25 46
25 48
25 49
25 50
25 51
25 52
25 53
25 54
25 55
25 56
25 57
25 59
25 60
25 62
25 63
25 64
25 65
25 66
25 68
25 69
25 71
25 72
25 73
25 74
25 75
25 76
25 77
25 78
25 79
25 80
25 82
25 84
25 86
25 87
25 88
25 89
25 92
25 93
25 94
25 95
25 96
25 97
25 99
25 100
25 101
25 102
25 103
25 104
25 105
25 106
25 109
25 112
25 114
25 115
25 116
25 118
25 119
25 120
25 121
25 122
25 123
25 124
25 125
25 127
25 128
25 129
25 130
25 131
25 132
25 133
25 138
25 139
25 140
25 143
25 145
25 146
25 147
25 148
25 149
25 150
25 154
25 155
25 156
25 157
25 159
25 160
25 161
25 162
25 163
25 168
25 169
25 170
25 171
25 172
25 173
25 174
25 175
25 176
25 178
25 179
25 181
25 183
25 184
25 185
25 186
25 189
25 190
25 191
25 192
25 197
25 198
25 199
26 28
26 29
26 30
26 31
26 34
26 35
26 40
26 41
26 42
26 43
26 44
26 47
26 48
26 50
26 52
26 53
26 54
26 55
26 56
26 58
26 59
26 60
26 61
26 62
26 63
26 64
26 65
26 66
26 70
26 71
26 72
26 73
26 74
26 75
26 77
26 79
26 80
26 81
26 82
26 84
26 85
26 86
26 87
26 88
26 89
26 90
26 92
26 94
26 96
26 97
26 98
26 99
26 101
26 102
26 105
26 106
26 107
26 108
26 109
26 111
26 112
26 113
26 116
26 117
26 118
26 119
26 122
26 123
26 124
26 128
26 129
26 130
26 131
26 132
26 134
26 136
26 137
26 138
26 140
26 141
26 142
26 144
26 145
26 146
26 147
26 148
26 149
26 150
26 155
26 157
26 158
26 160
26 162
26 163
26 164
26 165
26 166
26 168
26 169
26 171
26 172
26 174
26 176
26 177
26 179
26 180
26 181
26 183
26 186
26 187
26 188
26 189
26 190
26 191
26 192
26 193
26 194
26 196
26 198
27 30
27 31
27 33
27 34
27 36
27 37
27 38
27 39
27 40
27 41
27 42
27 45
27 46
27 48
27 49
27 50
27 52
27 54
27 57
27 58
27 59
27 60
27 61
27 64
27 65
27 67
27 68
27 69
27 70
27 71
27 72
27 74
27 76
27 77
27 79
27 80
27 81
27 82
27 84
27 85
27 87
27 88
27 89
27 91
27 92
27 93
27 95
27 96
27 99
27 102
27 103
27 107
27 108
27 113
27 115
27 116
27 117
27 118
27 120
27 121
27 122
27 124
27 126
27 127
27 128
27 130
27 132
27 134
27 135
27 137
27 138
27 139
27 141
27 143
27 145
27 146
27 147
27 148
27 149
27 150
27 151
27 152
27 153
27 154
27 155
27 156
27 159
27 160
27 161
27 162
27 165
27 167
27 168
27 169
27 171
27 172
27 173
27 174
27 175
27 177
27 180
27 181
27 182
27 183
27 185
27 187
27 188
27 191
27 194
27 196
27 198
27 199
28 29
28 30
28 32
28 35
28 37
28 38
28 40
28 43
28 44
28 45
28 46
28 49
28 50
28 51
28 52
28 54
28 55
28 56
28 57
28 58
28 59
28 60
28 61
28 63
28 66
28 67
28 68
28 70
28 73
28 74
28 75
28 76
28 78
28 79
28 80
28 81
28 85
28 86
28 88
28 91
28 92
28 93
28 94
28 95
28 96
28 97
28 98
28 101
28 102
28 106
28 108
28 109
28 110
28 111
28 112
28 113
28 115
28 117
28 118
28 119
28 120
28 121
28 122
28 123
28 124
28 125
28 126
28 127
28 129
28 130
28 132
28 133
28 135
28 136
28 138
28 139
28 140
28 141
28 142
28 144
28 145
28 146
28 147
28 151
28 152
28 153
28 154
28 156
28 157
28 158
28 160
28 161
28 162
28 166
28 167
28 168
28 169
28 170
28 171
28 172
28 173
28 174
28 175
28 176
28 178
28 179
28 180
28 182
28 184
28 186
28 187
28 188
28 189
28 190
28 191
28 192
28 193
28 194
28 195
28 198
29 30
29 31
29 33
29 34
29 35
29 36
29 37
29 38
29 41
29 42
29 43
29 44
29 46
29 47
29 48
29 49
29 50
29 52
29 55
29 57
29 58
29 61
29 62
29 63
29 66
29 67
29 68
29 69
29 73
29 75
29 76
29 77
29 78
29 79
29 80
29 82
29 83
29 84
29 85
29 86
29 88
29 89
29 92
29 93
29 95
29 98
29 102
29 103
29 104
29 105
29 107
29 108
29 109
29 110
29 111
29 112
29 114
29 115
29 116
29 118
29 119
29 121
29 122
29 124
29 126
29 127
29 129
29 130
29 131
29 132
29 134
29 135
29 136
29 137
29 139
29 140
29 145
29 146
29 147
29 149
29 150
29 151
29 152
29 154
29 155
29 156
29 158
29 160
29 161
29 162
29 163
29 164
29 165
29 166
29 169
29 171
29 173
29 174
29 175
29 176
29 178
29 180
29 182
29 183
29 184
29 186
29 187
29 188
29 193
29 194
29 195
29 197
29 198
30 31
30 32
30 34
30 36
30 37
30 39
30 40
30 42
30 43
30 44
30 46
30 47
30 48
30 49
30 51
30 52
30 53
30 54
30 55
30 56
30 57
30 58
30 60
30 61
30 62
30 63
30 64
30 66
30 67
30 68
30 70
30 71
30 72
30 73
30 74
30 75
30 76
30 77
30 78
30 79
30 80
30 81
30 83
30 84
30 85
30 86
30 87
30 89
30 92
30 93
30 94
30 95
30 96
30 97
30 98
30 101
30 102
30 105
30 106
30 107
30 111
30 112
30 113
30 114
30 115
30 116
30 117
30 118
30 119
30 120
30 122
30 123
30 124
30 127
30 128
30 129
30 130
30 132
30 134
30 135
30 137
30 138
30 140
30 143
30 145
30 146
30 148
30 152
30 153
30 155
30 156
30 157
30 158
30 159
30 161
30 162
30 163
30 164
30 165
30 166
30 167
30 168
30 170
30 172
30 173
30 174
30 177
30 178
30 179
30 180
30 181
30 182
30 184
30 185
30 187
30 188
30 189
30 190
30 191
30 192
30 194
30 195
30 196
30 197
30 199
31 33
31 35
31 36
31 37
31 39
31 40
31 42
31 43
31 45
31 46
31 48
31 50
31 51
31 53
31 54
31 55
31 56
31 57
31 58
31 61
31 63
31 66
31 67
31 68
31 69
31 70
31 73
31 74
31 76
31 79
31 80
31 84
31 85
31 87
31 88
31 89
31 93
31 94
31 95
31 96
31 97
31 99
31 100
31 101
31 102
31 103
31 104
31 106
31 109
31 110
31 111
31 112
31 113
31 114
31 115
31 116
31 117
31 118
31 120
31 122
31 123
31 124
31 126
31 127
31 128
31 131
31 132
31 133
31 135
31 136
31 137
31 138
31 139
31 140
31 144
31 145
31 146
31 147
31 149
31 150
31 151
31 152
31 153
31 154
31 155
31 156
31 157
31 158
31 159
31 162
31 163
31 164
31 165
31 166
31 167
31 168
31 169
31 170
31 171
31 172
31 174
31 175
31 178
31 179
31 180
31 181
31 183
31 184
31 185
31 187
31 188
31 189
31 190
31 194
31 195
31 198
32 33
32 35
32 37
32 38
32 40
32 41
32 42
32 43
32 44
32 46
32 47
32 48
32 50
32 52
32 53
32 55
32 57
32 58
32 62
32 63
32 64
32 65
32 66
32 67
32 69
32 70
32 71
32 72
32 73
32 77
32 79
32 80
32 81
32 82
32 84
32 85
32 86
32 90
32 92
32 93
32 94
32 95
32 98
32 99
32 101
32 102
32 103
32 105
32 106
32 107
32 110
32 111
32 112
32 113
32 114
32 115
32 117
32 119
32 122
32 123
32 126
32 127
32 128
32 129
32 130
32 131
32 132
32 134
32 136
32 138
32 139
32 140
32 141
32 142
32 143
32 144
32 145
32 146
32 147
32 148
32 149
32 150
32 151
32 152
32 153
32 154
32 157
32 158
32 160
32 161
32 163
32 165
32 166
32 167
32 168
32 169
32 170
32 171
32 172
32 175
32 176
32 177
32 178
32 179
32 180
32 181
32 182
32 184
32 185
32 186
32 187
32 188
32 189
32 192
32 193
32 194
32 195
32 196
32 197
32 198
32 199
33 34
33 35
33 37
33 38
33 39
33 40
33 41
33 42
33 43
33 44
33 45
33 48
33 49
33 50
33 51
33 52
33 53
33 54
33 55
33 56
33 57
33 58
33 59
33 60
33 61
33 64
33 65
33 66
33 67
33 68
33 69
33 70
33 72
33 73
33 74
33 75
33 77
33 78
33 79
33 81
33 82
33 83
33 85
33 86
33 87
33 88
33 89
33 90
33 92
33 93
33 95
33 96
33 97
33 98
33 99
33 100
33 102
33 103
33 104
33 105
33 106
33 107
33 108
33 109
33 110
33 111
33 112
33 113
33 115
33 116
33 119
33 121
33 124
33 125
33 126
33 129
33 130
33 131
33 132
33 133
33 136
33 137
33 138
33 141
33 142
33 145
33 146
33 147
33 148
33 149
33 151
33 152
33 154
33 155
33 156
33 157
33 158
33 159
33 161
33 162
33 163
33 164
33 165
33 167
33 170
33 171
33 172
33 173
33 175
33 177
33 179
33 180
33 181
33 182
33 184
33 186
33 187
33 188
33 189
33 190
33 193
33 194
33 195
33 196
33 198
33 199
34 35
34 36
34 41
34 42
34 43
34 44
34 45
34 46
34 47
34 48
34 49
34 51
34 52
34 56
34 57
34 59
34 60
34 62
34 65
34 66
34 67
34 68
34 70
34 71
34 72
34 73
34 74
34 77
34 78
34 81
34 82
34 83
34 84
34 86
34 88
34 89
34 90
34 91
34 94
34 95
34 96
34 99
34 100
34 101
34 105
34 107
34 110
34 111
34 113
34 115
34 117
34 118
34 119
34 122
34 123
34 124
34 125
34 126
34 129
34 130
34 131
34 132
34 136
34 138
34 139
34 140
34 141
34 143
34 145
34 146
34 147
34 148
34 151
34 152
34 153
34 154
34 155
34 156
34 157
34 158
34 159
34 160
34 161
34 162
34 163
34 164
34 165
34 166
34 168
34 169
34 171
34 174
34 180
34 182
34 184
34 185
34 187
34 188
34 189
34 191
34 192
34 195
34 196
34 197
34 198
35 36
35 41
35 43
35 44
35 46
35 47
35 50
35 51
35 52
35 53
35 54
35 55
35 57
35 58
35 59
35 60
35 62
35 64
35 65
35 67
35 68
35 70
35 71
35 73
35 75
35 77
35 78
35 79
35 80
35 81
35 84
35 85
35 86
35 87
35 88
35 89
35 92
35 93
35 95
35 96
35 97
35 100
35 101
35 102
35 103
35 104
35 105
35 106
35 110
35 113
35 115
35 117
35 119
35 120
35 121
35 125
35 127
35 128
35 129
35 130
35 131
35 132
35 133
35 136
35 138
35 140
35 142
35 143
35 145
35 146
35 147
35 148
35 152
35 153
35 154
35 155
35 156
35 158
35 160
35 161
35 162
35 163
35 164
35 165
35 167
35 168
35 169
35 171
35 172
35 175
35 177
35 178
35 179
35 181
35 182
35 183
35 186
35 187
35 188
35 189
35 190
35 191
35 192
35 193
35 195
35 197
35 198
35 199
36 38
36 39
36 40
36 41
36 44
36 45
36 46
36 47
36 50
36 51
36 54
36 55
36 58
36 61
36 62
36 65
36 68
36 69
36 70
36 74
36 75
36 76
36 79
36 81
36 82
36 83
36 85
36 86
36 87
36 88
36 89
36 90
36 92
36 93
36 94
36 95
36 96
36 99
36 100
36 101
36 102
36 103
36 104
36 107
36 108
36 109
36 110
36 111
36 112
36 113
36 115
36 116
36 117
36 118
36 119
36 120
36 121
36 124
36 125
36 127
36 128
36 129
36 130
36 131
36 132
36 133
36 136
36 137
36 138
36 140
36 142
36 143
36 144
36 145
36 148
36 151
36 153
36 155
36 156
36 157
36 158
36 161
36 162
36 163
36 164
36 165
36 167
36 168
36 169
36 170
36 174
36 175
36 176
36 178
36 179
36 180
36 181
36 182
36 183
36 184
36 186
36 187
36 191
36 193
36 194
36 195
36 196
36 197
37 38
37 39
37 40
37 41
37 42
37 43
37 45
37 46
37 47
37 48
37 50
37 51
37 52
37 53
37 56
37 58
37 61
37 62
37 63
37 64
37 65
37 66
37 67
37 68
37 69
37 71
37 72
37 73
37 75
37 78
37 79
37 80
37 82
37 84
37 85
37 88
37 90
37 91
37 92
37 93
37 94
37 95
37 96
37 98
37 99
37 101
37 102
37 103
37 104
37 105
37 106
37 107
37 109
37 110
37 111
37 112
37 114
37 115
37 116
37 117
37 119
37 120
37 121
37 123
37 124
37 125
37 126
37 127
37 128
37 129
37 130
37 131
37 133
37 134
37 135
37 136
37 137
37 138
37 139
37 140
37 141
37 142
37 143
37 144
37 145
37 146
37 147
37 151
37 152
37 153
37 154
37 155
37 156
37 157
37 158
37 160
37 161
37 162
37 165
37 166
37 168
37 169
37 170
37 171
37 176
37 177
37 178
37 179
37 180
37 181
37 182
37 183
37 184
37 185
37 186
37 187
37 188
37 189
37 193
37 196
37 197
37 198
38 39
38 40
38 41
38 42
38 43
38 45
38 46
38 47
38 49
38 51
38 52
38 53
38 54
38 55
38 56
38 57
38 58
38 60
38 62
38 64
38 65
38 66
38 69
38 71
38 73
38 76
38 78
38 79
38 81
38 83
38 85
38 87
38 88
38 89
38 90
38 91
38 92
38 94
38 98
38 100
38 102
38 103
38 105
38 106
38 108
38 109
38 110
38 112
38 114
38 115
38 116
38 117
38 122
38 124
38 125
38 126
38 129
38 132
38 133
38 134
38 139
38 141
38 142
38 144
38 146
38 147
38 148
38 149
38 150
38 151
38 154
38 157
38 158
38 159
38 160
38 161
38 162
38 164
38 166
38 167
38 169
38 170
38 171
38 173
38 174
38 175
38 176
38 179
38 180
38 181
38 182
38 186
38 187
38 189
38 191
38 192
38 194
38 195
38 196
38 197
38 198
39 40
39 41
39 42
39 43
39 45
39 46
39 48
39 49
39 50
39 51
39 52
39 53
39 54
39 56
39 58
39 59
39 60
39 61
39 62
39 63
39 67
39 68
39 69
39 70
39 71
39 72
39 73
39 75
39 76
39 77
39 78
39 79
39 80
39 81
39 82
39 83
39 84
39 86
39 88
39 90
39 92
39 93
39 97
39 98
39 99
39 100
39 101
39 103
39 104
39 105
39 106
39 107
39 109
39 112
39 113
39 114
39 116
39 117
39 118
39 119
39 120
39 121
39 122
39 123
39 124
39 125
39 126
39 127
39 128
39 129
39 130
39 131
39 132
39 134
39 139
39 140
39 141
39 142
39 143
39 144
39 146
39 147
39 148
39 149
39 150
39 152
39 153
39 155
39 157
39 158
39 161
39 162
39 163
39 165
39 167
39 168
39 169
39 171
39 174
39 175
39 176
39 177
39 178
39 179
39 181
39 183
39 184
39 186
39 187
39 188
39 191
39 193
39 194
39 195
39 196
39 197
39 198
39 199
40 41
40 42
40 44
40 45
40 46
40 47
40 48
40 49
40 50
40 51
40 53
40 54
40 55
40 56
40 63
40 64
40 65
40 66
40 67
40 68
40 69
40 70
40 71
40 72
40 73
40 76
40 77
40 78
40 79
40 81
40 83
40 85
40 86
40 89
40 90
40 91
40 93
40 94
40 96
40 97
40 99
40 100
40 101
40 102
40 103
40 104
40 105
40 106
40 110
40 113
40 114
40 115
40 116
40 117
40 118
40 119
40 120
40 121
40 122
40 123
40 124
40 125
40 127
40 128
40 129
40 130
40 134
40 135
40 136
40 138
40 139
40 140
40 143
40 145
40 146
40 148
40 149
40 150
40 153
40 154
40 156
40 157
40 160
40 161
40 162
40 164
40 165
40 166
40 167
40 168
40 169
40 172
40 173
40 174
40 176
40 177
40 178
40 182
40 183
40 186
40 188
40 189
40 191
40 192
40 193
40 194
40 196
40 197
40 198
40 199
41 42
41 43
41 44
41 45
41 47
41 48
41 49
41 50
41 51
41 52
41 53
41 54
41 55
41 57
41 58
41 59
41 60
41 61
41 62
41 63
41 64
41 65
41 67
41 68
41 69
41 71
41 72
41 74
41 76
41 79
41 81
41 83
41 85
41 87
41 88
41 89
41 90
41 94
41 98
41 100
41 102
41 104
41 105
41 108
41 110
41 111
41 112
41 113
41 114
41 115
41 116
41 118
41 120
41 121
41 122
41 124
41 125
41 127
41 129
41 130
41 132
41 133
41 134
41 136
41 138
41 139
41 140
41 141
41 145
41 146
41 147
41 148
41 150
41 151
41 152
41 154
41 158
41 160
41 162
41 164
41 165
41 166
41 168
41 169
41 170
41 171
41 172
41 173
41 174
41 175
41 177
41 178
41 179
41 180
41 181
41 182
41 184
41 185
41 186
41 188
41 189
41 190
41 191
41 192
41 193
41 194
41 195
41 196
41 198
41 199
42 43
42 44
42 45
42 47
42 48
42 49
42 50
42 51
42 52
42 54
42 56
42 59
42 60
42 61
42 65
42 66
42 67
42 69
42 70
42 71
42 72
42 74
42 77
42 78
42 79
42 80
42 81
42 82
42 84
42 87
42 88
42 89
42 91
42 92
42 93
42 94
42 95
42 96
42 97
42 98
42 99
42 100
42 101
42 102
42 103
42 104
42 105
42 106
42 107
42 108
42 109
42 110
42 112
42 113
42 114
42 116
42 117
42 119
42 120
42 121
42 123
42 124
42 127
42 128
42 129
42 130
42 131
42 135
42 137
42 139
42 140
42 142
42 145
42 146
42 147
42 148
42 149
42 150
42 151
42 152
42 153
42 154
42 156
42 159
42 160
42 161
42 163
42 166
42 168
42 169
42 171
42 172
42 173
42 174
42 175
42 177
42 180
42 181
42 185
42 187
42 190
42 191
42 192
42 193
42 194
42 195
42 196
42 197
42 198
42 199
43 44
43 46
43 49
43 51
43 52
43 53
43 54
43 55
43 56
43 57
43 60
43 62
43 63
43 64
43 67
43 68
43 69
43 70
43 71
43 72
43 73
43 74
43 78
43 79
43 80
43 82
43 83
43 84
43 85
43 86
43 87
43 90
43 93
43 95
43 96
43 98
43 99
43 100
43 103
43 104
43 106
43 107
43 109
43 111
43 112
43 113
43 114
43 115
43 117
43 119
43 121
43 122
43 123
43 124
43 125
43 127
43 128
43 131
43 132
43 133
43 134
43 136
43 137
43 138
43 140
43 141
43 144
43 145
43 146
43 148
43 149
43 150
43 154
43 155
43 156
43 157
43 158
43 159
43 160
43 161
43 163
43 164
43 165
43 169
43 171
43 173
43 174
43 175
43 176
43 177
43 179
43 183
43 185
43 186
43 187
43 189
43 190
43 192
43 193
43 194
43 195
43 196
43 198
43 199
44 46
44 47
44 48
44 49
44 50
44 51
44 52
44 54
44 55
44 56
44 57
44 58
44 61
44 62
44 63
44 64
44 65
44 66
44 67
44 68
44 69
44 70
44 71
44 75
44 76
44 78
44 79
44 82
44 83
44 84
44 85
44 86
44 87
44 88
44 89
44 90
44 91
44 93
44 94
44 95
44 96
44 97
44 99
44 100
44 101
44 102
44 103
44 104
44 105
44 106
44 107
44 108
44 109
44 111
44 112
44 113
44 114
44 115
44 116
44 120
44 123
44 124
44 125
44 126
44 127
44 130
44 133
44 135
44 136
44 137
44 138
44 140
44 142
44 143
44 145
44 146
44 147
44 149
44 150
44 152
44 155
44 156
44 158
44 160
44 161
44 162
44 163
44 164
44 165
44 166
44 167
44 168
44 169
44 170
44 171
44 172
44 173
44 174
44 177
44 178
44 180
44 181
44 182
44 183
44 185
44 187
44 188
44 189
44 190
44 191
44 192
44 193
44 194
44 197
44 198
44 199
45 46
45 47
45 48
45 49
45 50
45 54
45 56
45 57
45 59
45 60
45 61
45 63
45 64
45 66
45 67
45 68
45 69
45 70
45 71
45 72
45 73
45 74
45 76
45 77
45 78
45 79
45 80
45 81
45 82
45 84
45 85
45 86
45 88
45 89
45 90
45 91
45 92
45 93
45 94
45 95
45 96
45 97
45 98
45 99
45 100
45 101
45 102
45 103
45 107
45 109
45 110
45 112
45 114
45 116
45 117
45 118
45 120
45 122
45 123
45 124
45 125
45 126
45 128
45 129
45 130
45 131
45 132
45 133
45 134
45 135
45 136
45 137
45 139
45 141
45 143
45 144
45 145
45 147
45 150
45 151
45 152
45 154
45 156
45 157
45 159
45 160
45 161
45 162
45 165
45 166
45 168
45 169
45 170
45 171
45 173
45 174
45 175
45 176
45 177
45 178
45 179
45 180
45 181
45 182
45 185
45 186
45 187
45 190
45 191
45 192
45 193
45 198
45 199
46 48
46 49
46 50
46 52
46 53
46 54
46 55
46 57
46 58
46 59
46 61
46 62
46 64
46 65
46 66
46 67
46 68
46 70
46 73
46 75
46 76
46 77
46 79
46 80
46 81
46 82
46 83
46 85
46 87
46 88
46 89
46 90
46 91
46 93
46 94
46 95
46 96
46 97
46 98
46 99
46 100
46 101
46 102
46 103
46 104
46 105
46 106
46 107
46 108
46 109
46 110
46 111
46 113
46 114
46 115
46 116
46 117
46 118
46 119
46 120
46 121
46 122
46 123
46 124
46 125
46 127
46 128
46 131
46 132
46 133
46 134
46 135
46 136
46 137
46 138
46 139
46 140
46 141
46 143
46 144
46 145
46 146
46 148
46 149
46 150
46 151
46 152
46 153
46 155
46 156
46 157
46 162
46 164
46 165
46 166
46 167
46 168
46 169
46 170
46 171
46 172
46 173
46 174
46 175
46 176
46 177
46 179
46 180
46 181
46 182
46 183
46 184
46 185
46 187
46 188
46 189
46 191
46 192
46 193
46 194
46 196
46 197
46 198
47 48
47 49
47 50
47 51
47 52
47 54
47 57
47 58
47 62
47 63
47 65
47 66
47 68
47 69
47 70
47 71
47 72
47 73
47 74
47 75
47 77
47 79
47 80
47 81
47 82
47 83
47 84
47 86
47 87
47 88
47 89
47 91
47 93
47 94
47 96
47 98
47 99
47 100
47 103
47 104
47 105
47 107
47 108
47 109
47 110
47 112
47 113
47 114
47 115
47 116
47 117
47 118
47 120
47 121
47 122
47 124
47 127
47 129
47 130
47 131
47 132
47 133
47 134
47 137
47 139
47 140
47 142
47 143
47 144
47 146
47 148
47 149
47 150
47 151
47 152
47 153
47 154
47 157
47 159
47 162
47 163
47 166
47 167
47 168
47 171
47 172
47 173
47 174
47 175
47 176
47 178
47 179
47 180
47 181
47 182
47 183
47 185
47 187
47 188
47 189
47 190
47 191
47 192
47 193
47 195
47 196
47 197
47 198
48 49
48 50
48 51
48 52
48 53
48 54
48 55
48 57
48 59
48 60
48 61
48 62
48 63
48 64
48 66
48 68
48 69
48 70
48 71
48 72
48 76
48 77
48 78
48 79
48 80
48 81
48 82
48 83
48 84
48 85
48 86
48 87
48 88
48 89
48 90
48 93
48 95
48 96
48 98
48 99
48 101
48 102
48 104
48 105
48 107
48 108
48 109
48 111
48 112
48 114
48 115
48 116
48 117
48 118
48 119
48 120
48 121
48 123
48 127
48 128
48 129
48 130
48 131
48 132
48 133
48 135
48 136
48 137
48 140
48 141
48 142
48 143
48 144
48 145
48 147
48 149
48 150
48 151
48 152
48 153
48 154
48 155
48 158
48 159
48 162
48 164
48 166
48 169
48 170
48 171
48 173
48 174
48 175
48 176
48 177
48 178
48 179
48 181
48 182
48 183
48 186
48 188
48 189
48 190
48 192
48 194
48 195
48 196
48 197
49 50
49 51
49 52
49 55
49 57
49 58
49 59
49 60
49 61
49 64
49 65
49 66
49 67
49 68
49 69
49 70
49 72
49 74
49 75
49 76
49 78
49 79
49 80
49 81
49 83
49 84
49 85
49 86
49 87
49 88
49 89
49 91
49 92
49 93
49 94
49 95
49 96
49 97
49 101
49 102
49 104
49 105
49 106
49 107
49 108
49 109
49 110
49 111
49 113
49 114
49 115
49 117
49 118
49 123
49 125
49 127
49 129
49 130
49 132
49 133
49 135
49 136
49 137
49 139
49 140
49 142
49 143
49 144
49 146
49 147
49 148
49 149
49 150
49 151
49 152
49 153
49 154
49 155
49 156
49 157
49 158
49 159
49 160
49 163
49 165
49 166
49 167
49 168
49 170
49 171
49 172
49 173
49 174
49 177
49 179
49 180
49 181
49 182
49 183
49 184
49 185
49 186
49 188
49 189
49 191
49 193
49 194
49 195
49 197
49 198
50 52
50 54
50 55
50 56
50 60
50 61
50 62
50 63
50 66
50 67
50 68
50 69
50 70
50 71
50 73
50 74
50 76
50 77
50 79
50 80
50 81
50 82
50 85
50 86
50 87
50 88
50 90
50 91
50 93
50 94
50 98
50 99
50 100
50 101
50 102
50 103
50 105
50 106
50 107
50 108
50 109
50 110
50 112
50 113
50 116
50 118
50 119
50 120
50 121
50 122
50 124
50 125
50 128
50 129
50 130
50 133
50 134
50 137
50 138
50 140
50 141
50 142
50 143
50 144
50 146
50 149
50 150
50 151
50 152
50 153
50 154
50 156
50 157
50 158
50 159
50 160
50 163
50 166
50 169
50 170
50 172
50 173
50 174
50 175
50 177
50 178
50 179
50 180
50 181
50 183
50 186
50 188
50 190
50 191
50 192
50 193
50 194
50 195
50 196
50 197
50 199
51 52
51 54
51 55
51 56
51 57
51 60
51 61
51 65
51 66
51 68
51 70
51 71
51 73
51 74
51 75
51 77
51 78
51 79
51 80
51 81
51 82
51 83
51 85
51 87
51 88
51 89
51 90
51 91
51 92
51 93
51 94
51 95
51 96
51 97
51 99
51 101
51 102
51 103
51 106
51 107
51 108
51 109
51 110
51 112
51 115
51 116
51 117
51 118
51 120
51 121
51 123
51 126
51 129
51 130
51 131
51 132
51 133
51 134
51 137
51 138
51 139
51 140
51 143
51 144
51 145
51 146
51 147
51 148
51 150
51 153
51 154
51 156
51 157
51 159
51 162
51 163
51 165
51 166
51 167
51 168
51 169
51 170
51 172
51 173
51 174
51 175
51 176
51 177
51 179
51 180
51 181
51 182
51 183
51 184
51 185
51 186
51 187
51 188
51 189
51 191
51 192
51 193
51 196
51 197
51 198
51 199
52 53
52 55
52 56
52 57
52 59
52 60
52 61
52 64
52 67
52 68
52 69
52 70
52 71
52 74
52 75
52 76
52 77
52 84
52 85
52 86
52 88
52 89
52 90
52 91
52 93
52 94
52 96
52 98
52 101
52 103
52 106
52 107
52 110
52 112
52 113
52 114
52 116
52 117
52 118
52 119
52 120
52 121
52 122
52 123
52 124
52 125
52 126
52 131
52 133
52 134
52 137
52 138
52 139
52 140
52 141
52 142
52 143
52 146
52 147
52 150
52 152
52 153
52 154
52 155
52 157
52 158
52 159
52 160
52 162
52 163
52 165
52 166
52 168
52 169
52 171
52 172
52 173
52 174
52 175
52 177
52 178
52 180
52 181
52 183
52 185
52 186
52 187
52 189
52 190
52 191
52 192
52 193
52 194
52 196
52 198
52 199
53 54
53 55
53 56
53 57
53 58
53 59
53 61
53 63
53 64
53 65
53 66
53 67
53 68
53 69
53 72
53 73
53 74
53 75
53 76
53 77
53 78
53 80
53 81
53 82
53 85
53 86
53 87
53 88
53 89
53 90
53 91
53 92
53 93
53 95
53 96
53 97
53 98
53 99
53 100
53 103
53 104
53 105
53 106
53 107
53 108
53 109
53 110
53 111
53 112
53 113
53 114
53 115
53 116
53 118
53 119
53 122
53 123
53 125
53 126
53 127
53 128
53 129
53 130
53 131
53 132
53 134
53 135
53 136
53 137
53 138
53 140
53 142
53 144
53 145
53 146
53 147
53 148
53 149
53 151
53 152
53 153
53 154
53 155
53 156
53 158
53 159
53 162
53 163
53 164
53 166
53 167
53 168
53 169
53 171
53 172
53 173
53 174
53 175
53 176
53 177
53 178
53 180
53 181
53 182
53 184
53 185
53 186
53 188
53 190
53 192
53 194
53 195
53 196
53 197
53 198
53 199
54 55
54 56
54 57
54 58
54 60
54 61
54 62
54 63
54 64
54 66
54 67
54 68
54 69
54 70
54 74
54 75
54 76
54 78
54 80
54 81
54 82
54 87
54 88
54 94
54 95
54 96
54 97
54 99
54 100
54 101
54 103
54 104
54 106
54 107
54 108
54 109
54 110
54 112
54 113
54 114
54 115
54 117
54 118
54 119
54 120
54 121
54 123
54 124
54 126
54 127
54 128
54 129
54 130
54 131
54 134
54 135
54 136
54 137
54 138
54 139
54 140
54 141
54 142
54 143
54 144
54 145
54 146
54 147
54 148
54 150
54 151
54 152
54 153
54 155
54 156
54 158
54 159
54 160
54 161
54 162
54 165
54 166
54 167
54 168
54 170
54 171
54 172
54 173
54 175
54 176
54 177
54 178
54 179
54 186
54 187
54 189
54 190
54 195
54 196
54 197
54 198
55 57
55 59
55 60
55 63
55 65
55 66
55 67
55 68
55 69
55 70
55 71
55 72
55 76
55 77
55 78
55 79
55 81
55 83
55 84
55 85
55 86
55 88
55 89
55 90
55 92
55 93
55 94
55 95
55 96
55 97
55 98
55 99
55 100
55 101
55 102
55 105
55 106
55 107
55 111
55 112
55 113
55 115
55 116
55 117
55 118
55 119
55 120
55 121
55 123
55 124
55 125
55 126
55 127
55 128
55 130
55 131
55 133
55 135
55 136
55 137
55 139
55 143
55 145
55 149
55 150
55 151
55 153
55 155
55 159
55 160
55 161
55 162
55 164
55 166
55 167
55 169
55 170
55 171
55 172
55 173
55 175
55 176
55 179
55 180
55 181
55 182
55 184
55 185
55 186
55 187
55 189
55 190
55 191
55 193
55 195
55 197
56 59
56 60
56 61
56 62
56 63
56 65
56 67
56 68
56 70
56 71
56 72
56 76
56 77
56 78
56 80
56 83
56 84
56 85
56 86
56 88
56 89
56 90
56 92
56 93
56 94
56 97
56 100
56 101
56 102
56 103
56 104
56 106
56 109
56 111
56 112
56 113
56 114
56 115
56 116
56 118
56 121
56 122
56 123
56 124
56 125
56 126
56 127
56 128
56 130
56 131
56 133
56 134
56 135
56 136
56 138
56 139
56 140
56 141
56 142
56 143
56 145
56 147
56 148
56 149
56 150
56 151
56 152
56 156
56 158
56 159
56 160
56 161
56 163
56 164
56 165
56 167
56 170
56 173
56 177
56 178
56 180
56 183
56 185
56 186
56 187
56 188
56 190
56 191
56 192
56 194
56 196
56 198
57 58
57 59
57 60
57 62
57 63
57 66
57 67
57 68
57 69
57 70
57 71
57 72
57 73
57 74
57 75
57 76
57 77
57 78
57 79
57 80
57 84
57 85
57 86
57 89
57 91
57 92
57 96
57 97
57 99
57 101
57 102
57 103
57 104
57 105
57 107
57 108
57 109
57 110
57 111
57 113
57 114
57 115
57 116
57 117
57 118
57 121
57 122
57 123
57 125
57 127
57 128
57 129
57 130
57 132
57 133
57 135
57 136
57 137
57 139
57 140
57 141
57 142
57 143
57 145
57 147
57 148
57 149
57 151
57 153
57 155
57 156
57 158
57 159
57 160
57 161
57 162
57 165
57 166
57 167
57 174
57 175
57 176
57 178
57 179
57 180
57 181
57 182
57 183
57 184
57 186
57 188
57 190
57 191
57 192
57 194
57 195
57 196
57 197
57 198
57 199
58 59
58 60
58 61
58 62
58 64
58 65
58 66
58 67
58 69
58 71
58 72
58 73
58 75
58 77
58 80
58 81
58 82
58 83
58 86
58 89
58 91
58 95
58 96
58 97
58 99
58 101
58 104
58 108
58 109
58 111
58 112
58 113
58 114
58 116
58 118
58 119
58 121
58 122
58 124
58 127
58 128
58 129
58 131
58 132
58 133
58 134
58 136
58 137
58 138
58 140
58 142
58 143
58 144
58 145
58 146
58 147
58 148
58 149
58 151
58 152
58 153
58 154
58 155
58 156
58 157
58 160
58 161
58 163
58 164
58 165
58 166
58 169
58 170
58 172
58 173
58 174
58 176
58 177
58 178
58 179
58 180
58 181
58 182
58 183
58 184
58 185
58 189
58 190
58 192
58 194
58 196
58 197
58 198
58 199
59 65
59 66
59 67
59 70
59 72
59 73
59 75
59 78
59 80
59 81
59 82
59 85
59 86
59 87
59 89
59 90
59 91
59 92
59 93
59 96
59 98
59 99
59 100
59 102
59 104
59 106
59 108
59 109
59 110
59 111
59 114
59 115
59 116
59 118
59 119
59 121
59 122
59 124
59 125
59 126
59 127
59 128
59 130
59 131
59 132
59 133
59 134
59 135
59 136
59 137
59 138
59 139
59 140
59 141
59 142
59 143
59 146
59 147
59 148
59 149
59 150
59 151
59 152
59 153
59 154
59 155
59 157
59 159
59 160
59 161
59 162
59 163
59 164
59 165
59 167
59 168
59 169
59 170
59 171
59 172
59 173
59 175
59 176
59 177
59 179
59 180
59 182
59 183
59 184
59 185
59 186
59 188
59 189
59 190
59 191
59 192
59 193
59 196
59 197
59 198
59 199
60 61
60 62
60 63
60 67
60 68
60 69
60 70
60 71
60 73
60 75
60 76
60 77
60 79
60 80
60 81
60 82
60 83
60 85
60 86
60 87
60 88
60 89
60 93
60 95
60 97
60 98
60 99
60 101
60 102
60 103
60 104
60 106
60 107
60 109
60 110
60 112
60 114
60 115
60 119
60 120
60 122
60 123
60 124
60 125
60 127
60 129
60 130
60 132
60 133
60 134
60 136
60 137
60 138
60 140
60 142
60 143
60 144
60 146
60 148
60 149
60 151
60 154
60 155
60 156
60 157
60 159
60 160
60 162
60 163
60 164
60 166
60 167
60 170
60 172
60 173
60 174
60 175
60 176
60 178
60 179
60 180
60 181
60 182
60 183
60 184
60 187
60 188
60 189
60 190
60 191
60 194
60 195
60 196
60 197
60 198
60 199
61 62
61 63
61 64
61 66
61 67
61 68
61 69
61 70
61 74
61 76
61 78
61 79
61 81
61 84
61 85
61 86
61 88
61 91
61 94
61 96
61 98
61 99
61 100
61 101
61 105
61 106
61 107
61 109
61 110
61 111
61 112
61 114
61 115
61 116
61 117
61 118
61 120
61 121
61 123
61 124
61 125
61 126
61 127
61 129
61 130
61 132
61 133
61 135
61 138
61 139
61 140
61 143
61 144
61 145
61 148
61 149
61 152
61 153
61 154
61 155
61 156
61 159
61 161
61 165
61 166
61 167
61 168
61 169
61 170
61 171
61 172
61 173
61 174
61 175
61 176
61 178
61 180
61 181
61 182
61 183
61 184
61 185
61 186
61 187
61 188
61 190
61 191
61 193
61 195
61 197
61 199
62 63
62 64
62 65
62 66
62 68
62 69
62 70
62 71
62 72
62 73
62 74
62 76
62 77
62 78
62 80
62 82
62 83
62 85
62 86
62 87
62 88
62 90
62 91
62 92
62 93
62 94
62 95
62 96
62 97
62 100
62 101
62 103
62 104
62 107
62 108
62 112
62 113
62 116
62 119
62 121
62 122
62 123
62 125
62 126
62 129
62 130
62 131
62 132
62 134
62 135
62 136
62 138
62 139
62 140
62 141
62 142
62 143
62 145
62 147
62 148
62 149
62 151
62 152
62 154
62 155
62 156
62 157
62 158
62 160
62 162
62 163
62 164
62 165
62 166
62 167
62 168
62 170
62 171
62 174
62 176
62 177
62 178
62 180
62 181
62 182
62 183
62 184
62 185
62 186
62 187
62 188
62 190
62 192
62 193
62 194
62 195
62 196
62 198
62 199
63 64
63 65
63 66
63 67
63 68
63 69
63 71
63 72
63 74
63 76
63 78
63 79
63 84
63 85
63 87
63 88
63 89
63 91
63 92
63 94
63 95
63 96
63 100
63 101
63 102
63 103
63 104
63 106
63 107
63 108
63 110
63 111
63 114
63 115
63 117
63 118
63 121
63 122
63 123
63 124
63 126
63 127
63 128
63 129
63 130
63 131
63 137
63 138
63 139
63 141
63 142
63 143
63 144
63 145
63 146
63 147
63 149
63 151
63 153
63 155
63 156
63 160
63 161
63 162
63 164
63 166
63 167
63 168
63 169
63 171
63 172
63 174
63 176
63 177
63 178
63 179
63 181
63 182
63 185
63 186
63 187
63 190
63 191
63 192
63 193
63 195
63 196
63 198
63 199
64 65
64 66
64 68
64 71
64 72
64 73
64 75
64 76
64 77
64 78
64 80
64 81
64 82
64 83
64 86
64 88
64 89
64 90
64 91
64 92
64 93
64 94
64 95
64 96
64 98
64 100
64 101
64 103
64 104
64 105
64 106
64 107
64 108
64 109
64 110
64 111
64 113
64 114
64 115
64 116
64 117
64 118
64 119
64 120
64 121
64 122
64 124
64 125
64 126
64 128
64 129
64 131
64 132
64 134
64 137
64 138
64 139
64 140
64 141
64 144
64 146
64 147
64 148
64 149
64 150
64 153
64 154
64 155
64 156
64 157
64 158
64 159
64 160
64 163
64 164
64 165
64 166
64 168
64 169
64 170
64 171
64 172
64 173
64 176
64 177
64 179
64 180
64 181
64 182
64 187
64 189
64 190
64 191
64 193
64 194
64 196
64 197
64 198
64 199
65 66
65 67
65 70
65 71
65 72
65 73
65 74
65 75
65 76
65 78
65 79
65 80
65 81
65 82
65 84
65 85
65 86
65 87
65 88
65 90
65 92
65 93
65 94
65 95
65 96
65 97
65 101
65 102
65 104
65 105
65 106
65 107
65 108
65 111
65 112
65 113
65 114
65 115
65 116
65 117
65 118
65 119
65 120
65 121
65 122
65 123
65 126
65 128
65 129
65 130
65 131
65 133
65 135
65 136
65 138
65 140
65 142
65 144
65 145
65 147
65 148
65 149
65 150
65 152
65 155
65 157
65 159
65 161
65 162
65 164
65 166
65 167
65 168
65 169
65 170
65 171
65 172
65 173
65 176
65 177
65 181
65 185
65 186
65 187
65 188
65 189
65 190
65 192
65 193
65 196
65 197
65 198
66 68
66 69
66 70
66 71
66 72
66 74
66 75
66 76
66 77
66 78
66 79
66 80
66 81
66 83
66 84
66 85
66 86
66 87
66 89
66 90
66 93
66 94
66 98
66 99
66 100
66 101
66 103
66 105
66 106
66 107
66 108
66 111
66 112
66 113
66 115
66 116
66 118
66 119
66 124
66 126
66 127
66 128
66 129
66 131
66 134
66 135
66 137
66 138
66 139
66 140
66 141
66 143
66 144
66 146
66 147
66 150
66 151
66 152
66 153
66 154
66 155
66 157
66 158
66 159
66 161
66 162
66 163
66 164
66 165
66 166
66 167
66 168
66 169
66 170
66 171
66 172
66 174
66 175
66 177
66 180
66 181
66 184
66 187
66 188
66 189
66 190
66 191
66 192
66 193
66 196
66 197
66 198
66 199
67 69
67 70
67 71
67 74
67 75
67 76
67 77
67 78
67 81
67 82
67 83
67 84
67 85
67 88
67 89
67 90
67 91
67 93
67 94
67 95
67 97
67 98
67 100
67 101
67 102
67 105
67 106
67 107
67 110
67 111
67 113
67 114
67 115
67 116
67 117
67 118
67 119
67 122
67 123
67 124
67 126
67 128
67 130
67 132
67 133
67 134
67 136
67 138
67 139
67 141
67 142
67 143
67 144
67 145
67 146
67 147
67 149
67 150
67 151
67 153
67 155
67 159
67 160
67 161
67 163
67 164
67 165
67 166
67 167
67 168
67 169
67 171
67 173
67 174
67 175
67 177
67 178
67 179
67 180
67 181
67 182
67 186
67 188
67 189
67 192
67 194
67 195
67 196
67 197
67 199
68 69
68 70
68 72
68 73
68 74
68 75
68 76
68 81
68 82
68 83
68 85
68 86
68 87
68 88
68 90
68 91
68 92
68 93
68 94
68 97
68 98
68 99
68 100
68 101
68 102
68 104
68 105
68 106
68 107
68 108
68 109
68 110
68 111
68 114
68 115
68 116
68 118
68 119
68 120
68 121
68 122
68 123
68 124
68 125
68 126
68 127
68 128
68 131
68 133
68 135
68 136
68 137
68 138
68 139
68 140
68 141
68 142
68 144
68 145
68 146
68 149
68 152
68 153
68 154
68 155
68 157
68 158
68 159
68 160
68 161
68 163
68 164
68 165
68 167
68 168
68 170
68 171
68 172
68 174
68 175
68 176
68 177
68 180
68 182
68 183
68 185
68 186
68 187
68 189
68 191
68 192
68 193
68 198
68 199
69 71
69 72
69 73
69 74
69 76
69 78
69 80
69 82
69 84
69 85
69 87
69 88
69 90
69 91
69 92
69 94
69 95
69 98
69 100
69 101
69 104
69 105
69 106
69 108
69 110
69 111
69 112
69 115
69 117
69 118
69 119
69 120
69 122
69 123
69 125
69 129
69 131
69 132
69 134
69 135
69 136
69 137
69 138
69 139
69 140
69 141
69 142
69 143
69 146
69 147
69 148
69 149
69 150
69 154
69 155
69 156
69 157
69 158
69 159
69 161
69 163
69 164
69 165
69 167
69 173
69 174
69 175
69 176
69 177
69 178
69 179
69 182
69 184
69 185
69 188
69 189
69 191
69 192
69 193
69 194
69 195
69 197
69 198
69 199
70 73
70 74
70 76
70 82
70 84
70 85
70 87
70 89
70 90
70 91
70 92
70 93
70 94
70 95
70 96
70 97
70 100
70 102
70 105
70 106
70 107
70 108
70 109
70 110
70 111
70 112
70 116
70 117
70 120
70 121
70 123
70 125
70 126
70 128
70 130
70 131
70 133
70 134
70 135
70 139
70 140
70 141
70 142
70 143
70 144
70 145
70 146
70 147
70 149
70 150
70 151
70 152
70 153
70 154
70 155
70 157
70 160
70 161
70 163
70 165
70 167
70 168
70 169
70 170
70 171
70 172
70 173
70 175
70 176
70 177
70 178
70 179
70 180
70 182
70 183
70 184
70 185
70 186
70 188
70 189
70 190
70 191
70 192
70 197
70 198
71 73
71 75
71 76
71 77
71 78
71 79
71 80
71 82
71 83
71 84
71 85
71 86
71 88
71 90
71 91
71 92
71 93
71 96
71 97
71 98
71 101
71 103
71 105
71 106
71 108
71 109
71 110
71 111
71 112
71 114
71 115
71 116
71 117
71 119
71 120
71 121
71 122
71 123
71 125
71 126
71 127
71 129
71 130
71 131
71 134
71 136
71 138
71 139
71 141
71 143
71 144
71 146
71 147
71 148
71 149
71 150
71 152
71 153
71 156
71 157
71 158
71 159
71 163
71 165
71 166
71 167
71 168
71 172
71 173
71 174
71 175
71 176
71 177
71 178
71 179
71 182
71 183
71 184
71 185
71 186
71 187
71 189
71 190
71 192
71 193
71 194
71 195
71 197
71 198
71 199
72 74
72 75
72 76
72 77
72 78
72 79
72 80
72 82
72 83
72 87
72 88
72 89
72 90
72 96
72 97
72 98
72 99
72 100
72 101
72 102
72 104
72 107
72 108
72 109
72 111
72 113
72 115
72 119
72 121
72 123
72 124
72 125
72 126
72 127
72 129
72 131
72 133
72 136
72 138
72 140
72 141
72 142
72 143
72 145
72 146
72 147
72 148
72 151
72 152
72 154
72 155
72 157
72 158
72 160
72 161
72 162
72 163
72 165
72 166
72 167
72 168
72 169
72 170
72 171
72 176
72 178
72 179
72 180
72 182
72 186
72 187
72 188
72 189
72 190
72 192
72 193
72 194
72 195
72 196
72 197
72 198
73 74
73 75
73 76
73 77
73 78
73 79
73 81
73 84
73 85
73 87
73 89
73 90
73 91
73 93
73 96
73 97
73 100
73 103
73 104
73 106
73 108
73 109
73 110
73 111
73 112
73 113
73 114
73 116
73 117
73 118
73 119
73 120
73 121
73 122
73 123
73 124
73 125
73 127
73 128
73 133
73 134
73 135
73 136
73 137
73 138
73 139
73 140
73 142
73 143
73 144
73 145
73 146
73 147
73 148
73 149
73 150
73 151
73 153
73 155
73 156
73 157
73 158
73 159
73 162
73 163
73 164
73 165
73 166
73 168
73 169
73 170
73 174
73 175
73 176
73 177
73 178
73 179
73 180
73 182
73 183
73 184
73 186
73 187
73 188
73 189
73 190
73 191
73 196
73 197
73 198
73 199
74 75
74 77
74 78
74 79
74 80
74 81
74 82
74 83
74 84
74 86
74 88
74 90
74 91
74 92
74 93
74 96
74 97
74 98
74 99
74 100
74 101
74 102
74 103
74 104
74 105
74 110
74 113
74 114
74 116
74 118
74 119
74 121
74 122
74 123
74 127
74 128
74 129
74 130
74 132
74 135
74 136
74 138
74 139
74 140
74 141
74 142
74 143
74 147
74 148
74 149
74 150
74 151
74 152
74 153
74 154
74 155
74 157
74 159
74 161
74 162
74 163
74 164
74 167
74 168
74 169
74 172
74 173
74 174
74 175
74 176
74 177
74 180
74 181
74 183
74 184
74 186
74 187
74 188
74 190
74 191
74 192
74 193
74 194
74 195
74 196
74 197
74 198
74 199
75 76
75 77
75 78
75 79
75 81
75 83
75 84
75 86
75 87
75 88
75 89
75 90
75 92
75 93
75 95
75 96
75 97
75 101
75 102
75 103
75 104
75 106
75 107
75 109
75 110
75 111
75 112
75 114
75 115
75 116
75 118
75 120
75 121
75 122
75 123
75 124
75 126
75 128
75 129
75 132
75 133
75 134
75 136
75 139
75 140
75 141
75 142
75 143
75 144
75 146
75 147
75 148
75 149
75 152
75 154
75 155
75 157
75 158
75 159
75 160
75 164
75 165
75 167
75 168
75 170
75 172
75 173
75 174
75 177
75 179
75 181
75 182
75 185
75 186
75 188
75 191
75 192
75 195
75 197
75 198
75 199
76 78
76 79
76 80
76 83
76 84
76 85
76 86
76 87
76 88
76 90
76 91
76 92
76 94
76 95
76 96
76 97
76 98
76 99
76 100
76 102
76 103
76 104
76 106
76 107
76 108
76 109
76 111
76 112
76 114
76 115
76 116
76 117
76 118
76 119
76 122
76 125
76 126
76 133
76 134
76 135
76 136
76 137
76 139
76 140
76 141
76 142
76 143
76 144
76 147
76 148
76 149
76 150
76 151
76 153
76 154
76 156
76 158
76 160
76 161
76 164
76 165
76 167
76 168
76 169
76 170
76 171
76 172
76 173
76 175
76 176
76 178
76 179
76 180
76 181
76 182
76 183
76 186
76 188
76 190
76 191
76 193
76 194
76 195
76 198
77 79
77 80
77 81
77 82
77 83
77 84
77 85
77 86
77 87
77 88
77 89
77 90
77 91
77 93
77 95
77 97
77 98
77 99
77 101
77 102
77 105
77 106
77 107
77 108
77 109
77 110
77 111
77 112
77 113
77 114
77 115
77 117
77 120
77 121
77 122
77 124
77 125
77 126
77 128
77 129
77 130
77 131
77 132
77 134
77 135
77 136
77 137
77 138
77 139
77 140
77 141
77 142
77 144
77 146
77 147
77 149
77 150
77 152
77 155
77 156
77 157
77 159
77 161
77 166
77 167
77 168
77 169
77 170
77 172
77 173
77 174
77 175
77 176
77 177
77 179
77 180
77 183
77 184
77 185
77 186
77 187
77 188
77 191
77 192
77 194
77 195
77 196
77 198
78 79
78 82
78 83
78 84
78 85
78 86
78 87
78 89
78 92
78 93
78 94
78 95
78 96
78 97
78 99
78 100
78 101
78 102
78 105
78 107
78 108
78 109
78 110
78 111
78 112
78 114
78 115
78 116
78 118
78 119
78 120
78 121
78 122
78 123
78 125
78 126
78 127
78 128
78 129
78 130
78 131
78 135
78 142
78 143
78 144
78 145
78 147
78 148
78 149
78 150
78 152
78 154
78 155
78 156
78 157
78 158
78 159
78 160
78 161
78 162
78 164
78 166
78 168
78 169
78 170
78 172
78 173
78 175
78 176
78 177
78 178
78 179
78 180
78 181
78 182
78 183
78 184
78 185
78 188
78 189
78 190
78 192
78 193
78 194
78 195
78 196
78 197
78 198
78 199
79 80
79 82
79 83
79 84
79 86
79 87
79 88
79 89
79 91
79 92
79 93
79 94
79 95
79 96
79 98
79 101
79 102
79 103
79 104
79 106
79 107
79 109
79 110
79 112
79 113
79 114
79 115
79 116
79 117
79 120
79 121
79 122
79 123
79 125
79 127
79 128
79 130
79 131
79 132
79 134
79 136
79 138
79 139
79 141
79 143
79 144
79 147
79 148
79 149
79 150
79 152
79 153
79 154
79 155
79 156
79 158
79 159
79 161
79 162
79 163
79 164
79 165
79 166
79 167
79 168
79 170
79 171
79 173
79 174
79 176
79 177
79 178
79 179
79 180
79 181
79 183
79 185
79 186
79 187
79 188
79 189
79 191
79 192
79 194
79 195
79 197
79 199
80 81
80 82
80 83
80 84
80 85
80 86
80 87
80 89
80 90
80 91
80 92
80 93
80 94
80 95
80 96
80 97
80 98
80 99
80 101
80 103
80 105
80 107
80 109
80 110
80 112
80 113
80 114
80 115
80 116
80 118
80 121
80 123
80 124
80 126
80 127
80 128
80 129
80 132
80 133
80 134
80 136
80 137
80 138
80 139
80 140
80 142
80 144
80 145
80 146
80 147
80 152
80 154
80 156
80 157
80 158
80 160
80 161
80 162
80 163
80 165
80 166
80 169
80 170
80 171
80 175
80 176
80 177
80 178
80 180
80 181
80 183
80 184
80 185
80 186
80 189
80 192
80 193
80 194
80 196
80 197
80 198
81 83
81 84
81 86
81 87
81 88
81 89
81 90
81 91
81 92
81 93
81 94
81 96
81 98
81 99
81 103
81 105
81 106
81 107
81 108
81 110
81 112
81 114
81 115
81 116
81 117
81 118
81 119
81 120
81 121
81 123
81 124
81 127
81 128
81 129
81 130
81 132
81 133
81 134
81 135
81 136
81 138
81 140
81 142
81 143
81 144
81 146
81 147
81 149
81 151
81 154
81 155
81 156
81 159
81 161
81 162
81 163
81 164
81 166
81 169
81 170
81 172
81 173
81 174
81 175
81 176
81 178
81 179
81 180
81 181
81 183
81 184
81 186
81 187
81 188
81 189
81 190
81 191
81 192
81 193
81 194
81 195
81 196
81 197
81 198
82 84
82 85
82 86
82 87
82 89
82 90
82 92
82 94
82 95
82 97
82 98
82 99
82 100
82 101
82 102
82 103
82 104
82 107
82 108
82 110
82 112
82 114
82 115
82 116
82 119
82 120
82 121
82 123
82 124
82 125
82 127
82 128
82 130
82 131
82 132
82 133
82 136
82 137
82 138
82 139
82 140
82 142
82 143
82 144
82 146
82 147
82 148
82 149
82 150
82 152
82 153
82 156
82 157
82 158
82 159
82 160
82 161
82 162
82 164
82 167
82 168
82 169
82 170
82 173
82 175
82 176
82 177
82 178
82 179
82 180
82 181
82 182
82 184
82 186
82 191
82 192
82 193
82 196
82 197
82 198
82 199
83 84
83 86
83 87
83 88
83 89
83 90
83 91
83 92
83 96
83 97
83 98
83 99
83 101
83 102
83 103
83 104
83 105
83 106
83 108
83 110
83 113
83 115
83 116
83 117
83 120
83 121
83 122
83 123
83 125
83 126
83 127
83 128
83 129
83 130
83 132
83 133
83 134
83 135
83 136
83 137
83 139
83 140
83 142
83 143
83 144
83 145
83 146
83 147
83 148
83 149
83 150
83 153
83 154
83 155
83 157
83 158
83 159
83 160
83 161
83 162
83 165
83 166
83 167
83 170
83 171
83 172
83 173
83 174
83 175
83 176
83 177
83 178
83 179
83 180
83 181
83 184
83 185
83 187
83 189
83 190
83 193
83 194
83 196
83 197
84 87
84 91
84 92
84 93
84 94
84 95
84 96
84 97
84 100
84 101
84 102
84 103
84 104
84 106
84 108
84 109
84 112
84 113
84 117
84 118
84 121
84 122
84 123
84 124
84 125
84 126
84 127
84 128
84 130
84 131
84 132
84 133
84 134
84 135
84 138
84 139
84 140
84 141
84 142
84 143
84 144
84 145
84 146
84 147
84 152
84 154
84 155
84 156
84 157
84 158
84 160
84 162
84 163
84 164
84 165
84 166
84 167
84 168
84 170
84 172
84 173
84 174
84 175
84 177
84 178
84 179
84 180
84 181
84 182
84 183
84 185
84 186
84 187
84 188
84 190
84 191
84 192
84 193
84 194
84 195
84 196
84 199
85 86
85 88
85 89
85 90
85 92
85 93
85 95
85 97
85 98
85 101
85 102
85 103
85 104
85 106
85 107
85 108
85 109
85 110
85 112
85 113
85 115
85 116
85 117
85 118
85 119
85 120
85 121
85 122
85 123
85 124
85 125
85 126
85 127
85 129
85 132
85 135
85 136
85 137
85 139
85 140
85 142
85 143
85 144
85 147
85 148
85 150
85 151
85 152
85 154
85 155
85 157
85 159
85 160
85 161
85 162
85 164
85 165
85 167
85 169
85 171
85 172
85 173
85 176
85 177
85 178
85 179
85 181
85 182
85 184
85 186
85 187
85 188
85 189
85 190
85 193
85 194
85 195
85 196
85 198
85 199
86 87
86 88
86 90
86 91
86 93
86 94
86 95
86 97
86 98
86 99
86 100
86 102
86 103
86 104
86 106
86 107
86 108
86 109
86 110
86 112
86 114
86 117
86 119
86 122
86 126
86 127
86 128
86 129
86 130
86 131
86 132
86 134
86 136
86 137
86 140
86 141
86 142
86 143
86 144
86 145
86 147
86 148
86 150
86 151
86 155
86 160
86 161
86 162
86 163
86 164
86 165
86 166
86 167
86 168
86 169
86 170
86 171
86 174
86 175
86 176
86 177
86 178
86 180
86 181
86 182
86 183
86 185
86 186
86 189
86 190
86 191
86 192
86 194
86 196
86 197
86 198
86 199
87 88
87 89
87 90
87 91
87 92
87 93
87 94
87 95
87 96
87 98
87 99
87 101
87 102
87 104
87 105
87 106
87 107
87 108
87 109
87 113
87 114
87 115
87 116
87 118
87 119
87 120
87 121
87 122
87 123
87 125
87 127
87 129
87 131
87 132
87 133
87 134
87 138
87 139
87 142
87 143
87 144
87 145
87 146
87 147
87 148
87 150
87 152
87 153
87 154
87 156
87 157
87 158
87 159
87 162
87 164
87 165
87 167
87 168
87 169
87 170
87 173
87 175
87 178
87 181
87 185
87 187
87 189
87 190
87 191
87 192
87 193
87 194
87 196
87 198
88 90
88 91
88 93
88 94
88 95
88 98
88 100
88 101
88 102
88 103
88 104
88 105
88 106
88 107
88 110
88 111
88 114
88 117
88 119
88 121
88 122
88 123
88 124
88 126
88 127
88 128
88 130
88 134
88 135
88 136
88 139
88 140
88 141
88 142
88 143
88 146
88 147
88 150
88 151
88 152
88 153
88 154
88 155
88 156
88 157
88 158
88 160
88 163
88 164
88 166
88 167
88 171
88 175
88 176
88 177
88 178
88 179
88 180
88 181
88 182
88 183
88 184
88 186
88 187
88 189
88 190
88 191
88 193
88 194
88 195
88 198
88 199
89 92
89 95
89 97
89 100
89 102
89 104
89 105
89 106
89 107
89 110
89 111
89 112
89 114
89 115
89 116
89 118
89 119
89 120
89 121
89 122
89 123
89 124
89 125
89 126
89 127
89 128
89 130
89 131
89 132
89 134
89 135
89 136
89 138
89 139
89 140
89 142
89 143
89 144
89 145
89 146
89 149
89 150
89 151
89 152
89 153
89 154
89 156
89 157
89 158
89 159
89 160
89 162
89 163
89 164
89 167
89 168
89 169
89 172
89 173
89 174
89 177
89 178
89 181
89 182
89 183
89 184
89 185
89 186
89 187
89 188
89 189
89 190
89 191
89 192
89 193
89 194
89 195
89 196
89 197
89 198
89 199
90 91
90 92
90 93
90 94
90 95
90 96
90 97
90 98
90 100
90 101
90 103
90 104
90 105
90 106
90 107
90 108
90 109
90 110
90 112
90 113
90 115
90 116
90 117
90 118
90 120
90 121
90 122
90 124
90 126
90 127
90 128
90 132
90 134
90 136
90 137
90 138
90 139
90 140
90 141
90 142
90 144
90 145
90 147
90 148
90 150
90 151
90 152
90 153
90 154
90 155
90 156
90 159
90 160
90 163
90 164
90 166
90 168
90 169
90 172
90 173
90 174
90 175
90 178
90 179
90 181
90 182
90 184
90 185
90 187
90 188
90 190
90 191
90 192
90 193
90 194
90 195
90 196
90 198
90 199
91 93
91 94
91 96
91 97
91 101
91 102
91 104
91 105
91 106
91 107
91 108
91 109
91 111
91 112
91 113
91 115
91 118
91 119
91 120
91 121
91 122
91 123
91 124
91 125
91 126
91 128
91 130
91 132
91 133
91 134
91 135
91 136
91 138
91 139
91 140
91 141
91 142
91 143
91 144
91 147
91 148
91 150
91 152
91 155
91 156
91 157
91 158
91 159
91 160
91 161
91 163
91 165
91 166
91 167
91 168
91 171
91 172
91 173
91 174
91 175
91 176
91 177
91 178
91 179
91 180
91 181
91 184
91 185
91 186
91 187
91 189
91 190
91 191
91 192
91 193
91 194
91 195
91 198
91 199
92 93
92 95
92 96
92 97
92 98
92 99
92 100
92 102
92 103
92 104
92 105
92 107
92 108
92 109
92 110
92 111
92 112
92 113
92 114
92 116
92 117
92 118
92 119
92 120
92 121
92 122
92 123
92 124
92 125
92 126
92 127
92 128
92 130
92 131
92 132
92 133
92 134
92 135
92 136
92 139
92 140
92 141
92 143
92 144
92 145
92 148
92 150
92 152
92 155
92 158
92 159
92 161
92 166
92 167
92 172
92 175
92 176
92 178
92 179
92 180
92 181
92 182
92 185
92 186
92 187
92 188
92 189
92 191
92 192
92 193
92 194
92 195
92 197
92 198
92 199
93 94
93 96
93 97
93 98
93 99
93 100
93 101
93 102
93 103
93 104
93 105
93 107
93 108
93 110
93 112
93 114
93 115
93 116
93 118
93 122
93 123
93 124
93 125
93 126
93 128
93 129
93 130
93 131
93 133
93 134
93 136
93 137
93 138
93 139
93 140
93 141
93 142
93 143
93 144
93 145
93 146
93 147
93 149
93 151
93 152
93 153
93 154
93 156
93 158
93 159
93 160
93 161
93 162
93 163
93 164
93 166
93 167
93 170
93 171
93 172
93 173
93 174
93 176
93 177
93 178
93 179
93 180
93 181
93 182
93 183
93 184
93 185
93 186
93 187
93 188
93 189
93 192
93 193
93 196
93 197
93 199
94 95
94 97
94 98
94 99
94 100
94 101
94 102
94 103
94 104
94 106
94 107
94 108
94 109
94 110
94 111
94 114
94 115
94 117
94 118
94 119
94 122
94 123
94 124
94 125
94 126
94 132
94 135
94 136
94 137
94 138
94 139
94 140
94 141
94 142
94 143
94 144
94 145
94 147
94 151
94 153
94 155
94 156
94 159
94 160
94 162
94 163
94 165
94 166
94 167
94 168
94 169
94 170
94 171
94 172
94 174
94 177
94 181
94 182
94 183
94 185
94 186
94 190
94 191
94 192
94 193
94 194
94 195
94 196
94 197
94 198
94 199
95 96
95 97
95 98
95 100
95 101
95 103
95 104
95 105
95 106
95 107
95 108
95 109
95 110
95 112
95 114
95 115
95 116
95 118
95 119
95 120
95 122
95 123
95 124
95 125
95 127
95 128
95 130
95 132
95 134
95 135
95 139
95 141
95 144
95 145
95 146
95 147
95 148
95 149
95 150
95 151
95 154
95 156
95 157
95 159
95 160
95 161
95 163
95 166
95 167
95 169
95 170
95 172
95 173
95 174
95 175
95 176
95 177
95 178
95 179
95 181
95 182
95 185
95 189
95 190
95 191
95 195
95 196
95 197
96 97
96 101
96 102
96 104
96 105
96 106
96 107
96 109
96 111
96 112
96 115
96 117
96 119
96 120
96 121
96 124
96 128
96 129
96 130
96 131
96 133
96 135
96 136
96 138
96 139
96 140
96 141
96 142
96 145
96 146
96 148
96 150
96 151
96 152
96 153
96 154
96 155
96 156
96 158
96 160
96 162
96 163
96 164
96 165
96 166
96 167
96 168
96 169
96 170
96 171
96 172
96 174
96 176
96 177
96 178
96 181
96 182
96 183
96 184
96 187
96 189
96 190
96 191
96 193
96 194
96 195
96 196
96 197
97 98
97 99
97 100
97 102
97 103
97 104
97 105
97 107
97 110
97 111
97 114
97 116
97 118
97 119
97 120
97 121
97 123
97 124
97 125
97 127
97 128
97 129
97 130
97 132
97 133
97 134
97 135
97 136
97 137
97 139
97 140
97 141
97 142
97 145
97 146
97 148
97 149
97 150
97 153
97 154
97 155
97 156
97 160
97 161
97 163
97 166
97 167
97 168
97 169
97 170
97 171
97 172
97 173
97 174
97 175
97 176
97 179
97 180
97 182
97 183
97 184
97 185
97 186
97 188
97 189
97 193
97 194
97 195
97 196
97 197
97 198
98 103
98 105
98 106
98 107
98 108
98 111
98 112
98 113
98 118
98 119
98 120
98 121
98 122
98 123
98 125
98 126
98 128
98 131
98 132
98 133
98 134
98 135
98 136
98 137
98 139
98 140
98 141
98 142
98 143
98 145
98 146
98 148
98 149
98 150
98 151
98 152
98 153
98 154
98 156
98 157
98 158
98 160
98 161
98 167
98 170
98 172
98 173
98 174
98 175
98 177
98 183
98 184
98 185
98 186
98 187
98 188
98 190
98 192
98 197
98 198
99 100
99 101
99 103
99 105
99 106
99 107
99 109
99 111
99 112
99 113
99 117
99 119
99 120
99 121
99 122
99 124
99 125
99 126
99 127
99 128
99 129
99 130
99 131
99 133
99 134
99 135
99 136
99 137
99 139
99 140
99 141
99 144
99 146
99 147
99 148
99 149
99 152
99 154
99 155
99 156
99 160
99 161
99 162
99 165
99 166
99 168
99 169
99 171
99 173
99 175
99 176
99 177
99 178
99 179
99 180
99 183
99 184
99 185
99 188
99 190
99 191
99 192
99 193
99 194
99 195
99 198
100 101
100 102
100 103
100 104
100 105
100 106
100 107
100 108
100 109
100 110
100 111
100 113
100 115
100 116
100 117
100 118
100 119
100 120
100 121
100 122
100 124
100 126
100 127
100 128
100 129
100 131
100 132
100 133
100 135
100 137
100 138
100 139
100 140
100 142
100 144
100 146
100 147
100 148
100 150
100 151
100 152
100 153
100 157
100 158
100 159
100 160
100 161
100 162
100 164
100 165
100 166
100 167
100 168
100 169
100 170
100 171
100 172
100 174
100 176
100 177
100 181
100 184
100 186
100 187
100 188
100 189
100 191
100 192
100 193
100 195
100 196
100 197
100 198
100 199
101 102
101 103
101 110
101 111
101 112
101 113
101 117
101 118
101 119
101 122
101 123
101 124
101 125
101 126
101 127
101 128
101 129
101 130
101 131
101 132
101 133
101 134
101 135
101 136
101 137
101 138
101 139
101 140
101 143
101 144
101 145
101 146
101 147
101 148
101 149
101 150
101 151
101 152
101 153
101 154
101 155
101 156
101 157
101 158
101 160
101 162
101 163
101 164
101 165
101 166
101 168
101 169
101 172
101 173
101 174
101 175
101 177
101 178
101 179
101 181
101 182
101 183
101 184
101 185
101 186
101 187
101 189
101 190
101 192
101 193
101 194
102 103
102 104
102 106
102 107
102 108
102 110
102 111
102 112
102 113
102 115
102 116
102 117
102 118
102 119
102 120
102 122
102 123
102 125
102 126
102 127
102 129
102 130
102 133
102 135
102 138
102 139
102 140
102 142
102 143
102 144
102 145
102 147
102 148
102 149
102 150
102 153
102 154
102 156
102 158
102 159
102 160
102 161
102 162
102 163
102 166
102 167
102 169
102 170
102 171
102 172
102 173
102 174
102 175
102 177
102 178
102 179
102 181
102 187
102 188
102 189
102 191
102 192
102 193
102 194
102 195
102 196
102 197
102 198
102 199
103 105
103 107
103 109
103 112
103 113
103 116
103 117
103 119
103 120
103 122
103 124
103 126
103 127
103 128
103 129
103 131
103 134
103 135
103 136
103 137
103 138
103 140
103 142
103 144
103 146
103 147
103 148
103 150
103 151
103 152
103 153
103 155
103 156
103 157
103 159
103 161
103 162
103 163
103 165
103 166
103 168
103 169
103 170
103 171
103 172
103 174
103 175
103 176
103 178
103 179
103 181
103 182
103 183
103 185
103 186
103 187
103 189
103 190
103 191
103 192
103 196
103 197
103 198
104 106
104 107
104 108
104 109
104 110
104 111
104 112
104 113
104 114
104 115
104 116
104 117
104 118
104 119
104 120
104 121
104 123
104 124
104 126
104 127
104 128
104 129
104 130
104 131
104 132
104 134
104 135
104 136
104 137
104 138
104 140
104 141
104 142
104 146
104 147
104 149
104 150
104 151
104 152
104 153
104 154
104 155
104 157
104 158
104 159
104 160
104 161
104 163
104 164
104 165
104 166
104 169
104 170
104 171
104 172
104 174
104 176
104 178
104 181
104 182
104 184
104 185
104 187
104 188
104 189
104 190
104 191
104 193
104 194
105 106
105 107
105 108
105 111
105 112
105 114
105 115
105 116
105 121
105 122
105 124
105 126
105 127
105 129
105 130
105 132
105 133
105 136
105 137
105 138
105 139
105 141
105 142
105 143
105 144
105 145
105 146
105 148
105 149
105 150
105 151
105 153
105 155
105 157
105 159
105 160
105 161
105 162
105 165
105 166
105 167
105 168
105 169
105 170
105 171
105 175
105 176
105 179
105 180
105 182
105 186
105 187
105 188
105 189
105 193
105 194
105 195
105 196
105 197
105 198
105 199
106 107
106 108
106 109
106 111
106 112
106 117
106 119
106 120
106 121
106 122
106 123
106 125
106 126
106 127
106 128
106 129
106 130
106 132
106 133
106 134
106 139
106 141
106 142
106 143
106 144
106 145
106 147
106 148
106 150
106 151
106 152
106 153
106 154
106 156
106 157
106 160
106 161
106 162
106 163
106 164
106 165
106 166
106 167
106 168
106 170
106 172
106 173
106 174
106 178
106 179
106 180
106 181
106 182
106 183
106 184
106 185
106 186
106 187
106 189
106 190
106 191
106 192
106 193
106 194
106 195
106 197
106 198
106 199
107 110
107 111
107 112
107 113
107 114
107 116
107 117
107 120
107 121
107 123
107 125
107 126
107 128
107 129
107 130
107 131
107 132
107 133
107 134
107 135
107 138
107 140
107 142
107 143
107 144
107 147
107 148
107 149
107 150
107 151
107 152
107 153
107 154
107 156
107 157
107 158
107 159
107 161
107 164
107 166
107 167
107 168
107 169
107 170
107 171
107 172
107 173
107 174
107 176
107 177
107 180
107 181
107 182
107 183
107 184
107 185
107 186
107 187
107 188
107 189
107 190
107 194
107 195
107 196
108 109
108 111
108 113
108 114
108 115
108 116
108 117
108 118
108 119
108 120
108 122
108 123
108 124
108 126
108 127
108 128
108 129
108 130
108 132
108 137
108 141
108 142
108 144
108 145
108 148
108 149
108 150
108 152
108 153
108 154
108 158
108 160
108 161
108 162
108 163
108 164
108 165
108 166
108 169
108 170
108 171
108 172
108 173
108 174
108 175
108 176
108 177
108 178
108 179
108 180
108 181
108 182
108 183
108 184
108 187
108 188
108 191
108 192
108 193
108 194
108 195
108 197
108 198
109 110
109 111
109 112
109 114
109 115
109 118
109 119
109 120
109 121
109 122
109 123
109 124
109 125
109 126
109 129
109 131
109 133
109 134
109 135
109 136
109 137
109 138
109 140
109 141
109 142
109 143
109 144
109 145
109 146
109 147
109 149
109 150
109 152
109 154
109 155
109 156
109 157
109 158
109 160
109 163
109 164
109 166
109 167
109 168
109 169
109 170
109 172
109 173
109 174
109 175
109 178
109 179
109 180
109 181
109 183
109 184
109 185
109 186
109 187
109 188
109 189
109 191
109 192
109 194
109 195
109 196
110 114
110 115
110 116
110 117
110 119
110 121
110 123
110 124
110 126
110 127
110 129
110 130
110 131
110 132
110 133
110 134
110 135
110 136
110 137
110 138
110 139
110 142
110 144
110 145
110 147
110 148
110 149
110 150
110 151
110 152
110 153
110 154
110 155
110 156
110 160
110 162
110 164
110 165
110 167
110 169
110 170
110 171
110 173
110 175
110 176
110 177
110 178
110 180
110 182
110 183
110 184
110 185
110 187
110 191
110 193
110 196
110 197
110 198
110 199
111 112
111 113
111 114
111 115
111 116
111 117
111 119
111 120
111 121
111 126
111 128
111 129
111 130
111 131
111 132
111 133
111 135
111 138
111 139
111 140
111 142
111 143
111 145
111 146
111 147
111 148
111 149
111 152
111 153
111 154
111 155
111 159
111 161
111 163
111 164
111 165
111 166
111 167
111 168
111 170
111 171
111 172
111 173
111 175
111 178
111 179
111 182
111 183
111 184
111 185
111 186
111 187
111 188
111 189
111 191
111 192
111 193
111 194
111 195
111 197
111 198
111 199
112 113
112 114
112 120
112 123
112 126
112 129
112 131
112 132
112 133
112 134
112 135
112 136
112 137
112 138
112 139
112 140
112 141
112 142
112 143
112 144
112 145
112 146
112 149
112 150
112 152
112 153
112 155
112 157
112 159
112 161
112 164
112 166
112 168
112 169
112 173
112 174
112 175
112 176
112 177
112 178
112 180
112 181
112 183
112 184
112 185
112 187
112 188
112 189
112 190
112 191
112 193
112 195
112 196
112 197
112 198
112 199
113 114
113 116
113 117
113 118
113 120
113 122
113 123
113 124
113 125
113 126
113 127
113 129
113 130
113 131
113 134
113 135
113 139
113 140
113 144
113 145
113 149
113 150
113 153
113 154
113 155
113 156
113 158
113 161
113 163
113 166
113 167
113 168
113 172
113 173
113 177
113 178
113 179
113 180
113 184
113 187
113 188
113 191
113 192
113 193
113 194
113 195
113 196
113 197
113 198
114 117
114 118
114 120
114 121
114 122
114 123
114 126
114 128
114 129
114 132
114 133
114 134
114 135
114 136
114 138
114 140
114 141
114 142
114 146
114 147
114 148
114 149
114 150
114 151
114 154
114 155
114 156
114 157
114 158
114 159
114 160
114 161
114 163
114 165
114 168
114 169
114 170
114 171
114 174
114 175
114 176
114 177
114 178
114 179
114 182
114 183
114 184
114 185
114 186
114 187
114 188
114 189
114 191
114 192
114 194
114 195
114 196
114 197
114 198
114 199
115 116
115 117
115 118
115 119
115 120
115 122
115 123
115 127
115 128
115 129
115 130
115 131
115 132
115 137
115 139
115 140
115 142
115 143
115 144
115 145
115 148
115 154
115 155
115 156
115 157
115 158
115 160
115 161
115 162
115 163
115 164
115 166
115 168
115 170
115 171
115 172
115 173
115 175
115 176
115 177
115 178
115 179
115 180
115 182
115 183
115 185
115 187
115 188
115 190
115 192
115 193
115 194
115 195
115 197
115 198
115 199
116 117
116 118
116 119
116 121
116 122
116 123
116 124
116 125
116 126
116 128
116 129
116 130
116 131
116 132
116 133
116 134
116 135
116 136
116 137
116 140
116 141
116 142
116 144
116 145
116 146
116 149
116 150
116 151
116 152
116 153
116 154
116 155
116 157
116 158
116 159
116 161
116 163
116 164
116 165
116 166
116 168
116 169
116 170
116 171
116 172
116 173
116 174
116 176
116 178
116 179
116 180
116 181
116 182
116 183
116 184
116 185
116 188
116 190
116 191
116 192
116 194
116 196
116 197
116 198
116 199
117 118
117 120
117 122
117 123
117 124
117 125
117 126
117 128
117 129
117 130
117 131
117 132
117 134
117 135
117 136
117 137
117 138
117 139
117 140
117 141
117 142
117 143
117 144
117 145
117 146
117 147
117 149
117 150
117 151
117 152
117 153
117 154
117 156
117 160
117 162
117 163
117 164
117 165
117 169
117 170
117 171
117 172
117 173
117 174
117 175
117 176
117 177
117 179
117 180
117 181
117 182
117 183
117 185
117 186
117 187
117 188
117 189
117 191
117 192
117 194
117 196
117 197
117 198
117 199
118 119
118 120
118 123
118 125
118 127
118 130
118 132
118 133
118 134
118 135
118 136
118 137
118 138
118 139
118 140
118 141
118 142
118 143
118 146
118 147
118 150
118 151
118 153
118 154
118 155
118 157
118 158
118 159
118 161
118 162
118 163
118 164
118 165
118 166
118 167
118 169
118 170
118 171
118 172
118 174
118 175
118 176
118 177
118 179
118 180
118 181
118 182
118 183
118 184
118 185
118 186
118 191
118 192
118 193
118 194
118 196
118 197
118 199
119 120
119 122
119 123
119 125
119 126
119 129
119 130
119 132
119 134
119 135
119 136
119 137
119 139
119 140
119 143
119 144
119 145
119 146
119 148
119 150
119 151
119 152
119 153
119 154
119 155
119 156
119 158
119 159
119 160
119 161
119 162
119 163
119 165
119 166
119 169
119 171
119 172
119 173
119 174
119 176
119 177
119 179
119 180
119 183
119 185
119 189
119 190
119 191
119 192
119 193
119 195
119 196
119 197
119 198
119 199
120 125
120 126
120 127
120 128
120 129
120 131
120 133
120 134
120 135
120 136
120 139
120 140
120 141
120 142
120 143
120 144
120 146
120 147
120 148
120 151
120 152
120 153
120 155
120 156
120 157
120 158
120 161
120 163
120 165
120 166
120 167
120 168
120 170
120 171
120 172
120 175
120 176
120 178
120 179
120 180
120 182
120 184
120 185
120 188
120 189
120 190
120 192
120 193
120 194
120 195
120 197
120 198
120 199
121 122
121 123
121 124
121 125
121 126
121 127
121 128
121 129
121 133
121 134
121 135
121 136
121 138
121 140
121 141
121 143
121 145
121 149
121 151
121 152
121 153
121 155
121 156
121 158
121 159
121 160
121 161
121 162
121 164
121 165
121 166
121 167
121 168
121 170
121 171
121 173
121 174
121 175
121 176
121 178
121 180
121 181
121 183
121 184
121 185
121 186
121 187
121 188
121 189
121 190
121 191
121 192
121 193
121 194
121 197
121 198
121 199
122 123
122 125
122 126
122 127
122 129
122 130
122 131
122 132
122 133
122 134
122 135
122 137
122 138
122 139
122 140
122 142
122 143
122 146
122 150
122 151
122 152
122 153
122 155
122 159
122 160
122 161
122 162
122 163
122 165
122 166
122 167
122 170
122 173
122 174
122 175
122 176
122 177
122 179
122 180
122 181
122 183
122 185
122 186
122 187
122 188
122 189
122 190
122 191
122 193
122 196
122 197
122 198
123 126
123 128
123 129
123 132
123 133
123 134
123 135
123 138
123 139
123 140
123 144
123 145
123 146
123 147
123 149
123 150
123 151
123 152
123 155
123 156
123 157
123 158
123 159
123 161
123 162
123 163
123 164
123 165
123 169
123 170
123 171
123 173
123 177
123 178
123 179
123 180
123 182
123 184
123 185
123 186
123 188
123 189
123 190
123 191
123 193
123 195
123 196
123 197
123 198
123 199
124 126
124 127
124 128
124 129
124 132
124 135
124 137
124 139
124 140
124 143
124 145
124 146
124 148
124 149
124 151
124 152
124 153
124 155
124 158
124 160
124 161
124 164
124 165
124 166
124 168
124 173
124 174
124 175
124 177
124 178
124 180
124 181
124 182
124 183
124 184
124 189
124 190
124 191
124 192
124 193
124 194
124 195
124 196
124 197
124 198
125 126
125 127
125 128
125 129
125 130
125 131
125 132
125 133
125 134
125 135
125 136
125 137
125 138
125 139
125 140
125 141
125 144
125 145
125 147
125 148
125 150
125 152
125 153
125 155
125 156
125 157
125 158
125 160
125 162
125 163
125 165
125 166
125 167
125 168
125 169
125 171
125 172
125 173
125 174
125 175
125 178
125 179
125 180
125 181
125 182
125 184
125 186
125 189
125 190
125 191
125 192
125 194
125 195
125 196
125 197
125 198
126 127
126 128
126 131
126 132
126 134
126 136
126 137
126 138
126 142
126 143
126 144
126 145
126 146
126 147
126 148
126 149
126 150
126 151
126 152
126 153
126 154
126 155
126 157
126 158
126 159
126 160
126 161
126 162
126 163
126 168
126 170
126 173
126 174
126 176
126 180
126 182
126 184
126 187
126 188
126 190
126 191
126 193
126 194
126 197
126 198
126 199
127 128
127 129
127 130
127 131
127 132
127 133
127 134
127 135
127 136
127 138
127 139
127 141
127 142
127 143
127 144
127 145
127 146
127 148
127 149
127 151
127 152
127 153
127 155
127 156
127 157
127 158
127 159
127 162
127 163
127 165
127 168
127 169
127 170
127 172
127 173
127 174
127 176
127 177
127 179
127 180
127 181
127 182
127 187
127 188
127 189
127 190
127 191
127 192
127 193
127 194
127 195
127 196
127 197
127 199
128 129
128 130
128 131
128 133
128 134
128 135
128 138
128 139
128 142
128 143
128 144
128 146
128 148
128 152
128 153
128 154
128 155
128 156
128 158
128 160
128 162
128 163
128 164
128 165
128 166
128 167
128 168
128 169
128 170
128 171
128 172
128 173
128 175
128 176
128 178
128 179
128 180
128 181
128 182
128 184
128 185
128 190
128 192
128 194
128 195
128 196
128 197
128 198
128 199
129 131
129 132
129 133
129 134
129 135
129 136
129 139
129 140
129 141
129 143
129 144
129 145
129 146
129 148
129 149
129 150
129 151
129 152
129 154
129 155
129 157
129 158
129 160
129 162
129 163
129 166
129 168
129 169
129 170
129 171
129 174
129 175
129 177
129 178
129 179
129 180
129 182
129 184
129 185
129 186
129 187
129 189
129 190
129 191
129 192
129 194
129 197
129 198
129 199
130 133
130 135
130 136
130 138
130 139
130 141
130 142
130 143
130 144
130 145
130 147
130 148
130 149
130 150
130 151
130 152
130 153
130 154
130 155
130 157
130 158
130 159
130 160
130 162
130 164
130 166
130 171
130 172
130 173
130 174
130 175
130 176
130 177
130 179
130 180
130 181
130 182
130 183
130 186
130 187
130 189
130 190
130 191
130 193
130 194
130 195
130 196
131 135
131 137
131 138
131 139
131 140
131 141
131 144
131 145
131 146
131 147
131 149
131 150
131 152
131 153
131 155
131 156
131 158
131 161
131 162
131 164
131 165
131 166
131 169
131 170
131 171
131 172
131 174
131 175
131 176
131 177
131 178
131 181
131 182
131 183
131 184
131 185
131 186
131 187
131 188
131 189
131 192
131 195
131 196
131 197
131 198
131 199
132 135
132 137
132 138
132 139
132 140
132 142
132 144
132 145
132 146
132 148
132 149
132 150
132 153
132 154
132 155
132 156
132 157
132 158
132 159
132 160
132 161
132 163
132 165
132 166
132 167
132 168
132 170
132 171
132 173
132 175
132 176
132 177
132 180
132 181
132 182
132 183
132 184
132 185
132 191
132 192
132 193
132 195
132 196
132 197
132 198
132 199
133 134
133 135
133 137
133 139
133 140
133 141
133 143
133 145
133 147
133 148
133 149
133 151
133 152
133 153
133 154
133 155
133 156
133 157
133 161
133 162
133 165
133 166
133 168
133 170
133 171
133 173
133 174
133 175
133 177
133 178
133 179
133 180
133 181
133 182
133 185
133 186
133 187
133 188
133 190
133 191
133 193
133 194
133 195
133 196
133 197
133 198
133 199
134 135
134 136
134 137
134 138
134 140
134 141
134 142
134 143
134 144
134 146
134 147
134 148
134 149
134 150
134 151
134 152
134 153
134 156
134 157
134 158
134 160
134 162
134 163
134 164
134 165
134 166
134 167
134 169
134 170
134 171
134 172
134 173
134 174
134 175
134 176
134 180
134 183
134 185
134 186
134 187
134 189
134 191
134 192
134 194
134 195
134 196
134 197
134 198
135 136
135 137
135 139
135 140
135 141
135 142
135 143
135 145
135 146
135 148
135 149
135 150
135 151
135 153
135 155
135 156
135 157
135 158
135 159
135 160
135 161
135 165
135 166
135 167
135 168
135 169
135 171
135 172
135 173
135 174
135 175
135 176
135 177
135 178
135 182
135 184
135 187
135 188
135 189
135 191
135 196
135 197
135 198
136 137
136 139
136 143
136 144
136 145
136 147
136 151
136 152
136 153
136 154
136 155
136 156
136 157
136 158
136 159
136 160
136 162
136 164
136 165
136 167
136 168
136 169
136 171
136 173
136 174
136 175
136 176
136 177
136 179
136 180
136 182
136 183
136 185
136 186
136 187
136 188
136 189
136 190
136 191
136 192
136 193
136 194
136 196
136 197
136 198
136 199
137 138
137 144
137 145
137 146
137 148
137 150
137 151
137 152
137 156
137 159
137 161
137 162
137 163
137 164
137 165
137 166
137 167
137 168
137 169
137 171
137 172
137 174
137 176
137 177
137 178
137 180
137 181
137 182
137 183
137 184
137 186
137 187
137 188
137 189
137 190
137 191
137 192
137 193
137 194
137 195
137 196
137 197
137 198
138 139
138 140
138 141
138 144
138 145
138 146
138 149
138 150
138 151
138 153
138 155
138 156
138 157
138 158
138 159
138 161
138 162
138 163
138 166
138 167
138 168
138 169
138 170
138 174
138 176
138 177
138 178
138 179
138 180
138 183
138 184
138 185
138 187
138 188
138 189
138 190
138 191
138 192
138 193
138 194
138 195
138 196
138 199
139 141
139 142
139 143
139 145
139 146
139 147
139 148
139 150
139 153
139 154
139 155
139 157
139 158
139 161
139 162
139 163
139 164
139 166
139 167
139 168
139 171
139 173
139 176
139 177
139 178
139 180
139 181
139 182
139 183
139 184
139 186
139 187
139 188
139 190
139 192
139 194
139 195
139 196
139 197
139 198
140 141
140 142
140 143
140 145
140 146
140 148
140 150
140 151
140 152
140 157
140 159
140 160
140 161
140 162
140 163
140 164
140 165
140 166
140 167
140 169
140 172
140 173
140 174
140 176
140 177
140 178
140 181
140 182
140 184
140 185
140 187
140 188
140 191
140 194
140 196
140 197
140 198
140 199
141 142
141 143
141 144
141 145
141 146
141 147
141 148
141 149
141 151
141 152
141 154
141 155
141 157
141 159
141 160
141 161
141 163
141 165
141 167
141 168
141 169
141 170
141 171
141 174
141 175
141 178
141 179
141 181
141 182
141 183
141 184
141 188
141 189
141 193
141 194
141 195
141 196
141 197
141 198
141 199
142 143
142 145
142 146
142 148
142 149
142 150
142 151
142 152
142 153
142 154
142 156
142 157
142 158
142 160
142 161
142 162
142 163
142 164
142 166
142 168
142 170
142 171
142 172
142 173
142 174
142 176
142 178
142 179
142 180
142 182
142 183
142 185
142 187
142 190
142 191
142 196
142 198
142 199
143 146
143 148
143 150
143 151
143 152
143 154
143 155
143 156
143 157
143 159
143 160
143 163
143 164
143 165
143 168
143 169
143 171
143 172
143 173
143 174
143 176
143 178
143 181
143 182
143 183
143 185
143 186
143 187
143 188
143 190
143 191
143 193
143 194
143 195
143 196
143 197
143 198
144 145
144 146
144 147
144 151
144 153
144 154
144 155
144 157
144 158
144 161
144 162
144 163
144 164
144 165
144 167
144 168
144 171
144 172
144 173
144 176
144 177
144 178
144 179
144 180
144 181
144 182
144 183
144 185
144 186
144 187
144 188
144 189
144 190
144 192
144 193
144 194
144 195
144 196
144 197
144 199
145 146
145 147
145 148
145 149
145 152
145 153
145 155
145 156
145 159
145 160
145 161
145 162
145 164
145 165
145 166
145 167
145 168
145 169
145 170
145 171
145 172
145 174
145 175
145 176
145 177
145 178
145 179
145 181
145 182
145 184
145 185
145 186
145 187
145 188
145 189
145 190
145 192
145 194
145 196
145 197
145 198
146 148
146 149
146 150
146 151
146 152
146 153
146 154
146 155
146 156
146 157
146 159
146 160
146 162
146 163
146 164
146 165
146 166
146 167
146 168
146 169
146 170
146 172
146 173
146 176
146 177
146 179
146 181
146 182
146 184
146 185
146 186
146 187
146 188
146 190
146 191
146 192
146 193
146 194
146 196
147 148
147 149
147 150
147 151
147 153
147 154
147 156
147 157
147 160
147 161
147 163
147 165
147 166
147 167
147 170
147 171
147 172
147 173
147 174
147 175
147 176
147 180
147 181
147 184
147 185
147 186
147 187
147 188
147 189
147 190
147 191
147 192
147 193
147 195
147 196
147 197
147 198
148 149
148 150
148 151
148 153
148 154
148 155
148 156
148 160
148 161
148 162
148 163
148 164
148 166
148 167
148 168
148 169
148 171
148 172
148 176
148 177
148 178
148 180
148 181
148 182
148 185
148 186
148 187
148 188
148 189
148 190
148 191
148 192
148 193
148 195
148 196
148 198
148 199
149 151
149 152
149 154
149 155
149 157
149 160
149 161
149 162
149 166
149 167
149 168
149 170
149 171
149 173
149 175
149 176
149 177
149 178
149 179
149 180
149 181
149 182
149 183
149 184
149 187
149 188
149 189
149 191
149 192
149 193
149 194
149 195
149 198
149 199
150 151
150 152
150 153
150 154
150 155
150 156
150 157
150 159
150 160
150 161
150 163
150 164
150 165
150 166
150 167
150 168
150 169
150 170
150 172
150 173
150 174
150 177
150 179
150 181
150 182
150 183
150 185
150 190
150 191
150 192
150 193
150 194
150 195
150 196
150 197
150 198
151 152
151 156
151 157
151 159
151 162
151 163
151 164
151 165
151 168
151 169
151 170
151 171
151 172
151 173
151 174
151 175
151 176
151 179
151 181
151 183
151 184
151 185
151 186
151 187
151 188
151 189
151 190
151 192
151 193
151 195
151 196
151 197
151 198
151 199
152 153
152 154
152 155
152 157
152 159
152 160
152 161
152 162
152 163
152 165
152 166
152 167
152 168
152 170
152 172
152 173
152 174
152 175
152 177
152 179
152 180
152 181
152 182
152 183
152 185
152 187
152 189
152 190
152 191
152 192
152 193
152 196
152 197
152 198
152 199
153 154
153 155
153 156
153 160
153 161
153 162
153 163
153 165
153 167
153 168
153 169
153 170
153 171
153 172
153 174
153 177
153 178
153 179
153 180
153 181
153 182
153 186
153 187
153 188
153 189
153 190
153 191
153 192
153 193
153 194
153 195
153 196
153 199
154 156
154 157
154 158
154 159
154 160
154 161
154 162
154 163
154 164
154 165
154 166
154 167
154 168
154 170
154 171
154 172
154 175
154 176
154 177
154 178
154 179
154 180
154 182
154 183
154 185
154 187
154 189
154 190
154 191
154 192
154 193
154 195
154 196
154 197
154 198
154 199
155 156
155 157
155 158
155 159
155 160
155 161
155 166
155 168
155 169
155 170
155 171
155 172
155 173
155 174
155 175
155 176
155 177
155 178
155 180
155 181
155 182
155 183
155 184
155 186
155 187
155 188
155 189
155 191
155 193
155 194
155 195
155 196
155 197
155 198
155 199
156 157
156 161
156 165
156 170
156 171
156 173
156 176
156 177
156 180
156 181
156 182
156 183
156 184
156 186
156 187
156 188
156 189
156 190
156 193
156 195
156 196
156 198
157 158
157 159
157 161
157 162
157 163
157 164
157 165
157 166
157 167
157 169
157 171
157 172
157 173
157 174
157 175
157 176
157 177
157 178
157 180
157 181
157 185
157 186
157 187
157 188
157 189
157 190
157 192
157 193
157 194
157 195
157 197
157 198
157 199
158 160
158 164
158 165
158 166
158 167
158 168
158 169
158 171
158 174
158 175
158 176
158 177
158 178
158 179
158 180
158 181
158 182
158 184
158 185
158 186
158 187
158 188
158 189
158 190
158 192
158 193
158 194
158 197
159 161
159 163
159 164
159 165
159 167
159 168
159 171
159 172
159 173
159 174
159 175
159 176
159 178
159 179
159 180
159 181
159 184
159 185
159 187
159 190
159 194
159 196
159 197
159 198
159 199
160 161
160 162
160 163
160 164
160 165
160 167
160 168
160 169
160 173
160 176
160 177
160 179
160 180
160 182
160 185
160 186
160 187
160 188
160 189
160 191
160 193
160 194
160 195
160 196
160 197
160 198
160 199
161 162
161 164
161 166
161 169
161 170
161 172
161 173
161 176
161 177
161 180
161 181
161 182
161 183
161 184
161 185
161 187
161 188
161 189
161 192
161 193
161 194
161 196
161 197
161 198
161 199
162 163
162 165
162 166
162 167
162 168
162 169
162 171
162 173
162 174
162 175
162 176
162 177
162 179
162 180
162 181
162 182
162 185
162 186
162 187
162 188
162 189
162 191
162 192
162 193
162 194
162 196
162 198
162 199
163 164
163 165
163 166
163 167
163 168
163 169
163 170
163 172
163 175
163 180
163 181
163 182
163 183
163 184
163 188
163 189
163 190
163 191
163 192
163 193
163 194
163 195
163 196
163 197
163 198
163 199
164 167
164 168
164 169
164 170
164 172
164 173
164 174
164 175
164 176
164 178
164 180
164 184
164 187
164 188
164 189
164 190
164 191
164 198
164 199
165 166
165 167
165 168
165 170
165 171
165 172
165 174
165 175
165 176
165 177
165 180
165 181
165 182
165 183
165 184
165 185
165 186
165 189
165 190
165 191
165 192
165 193
165 194
165 195
165 196
165 197
165 199
166 167
166 170
166 171
166 173
166 175
166 178
166 179
166 182
166 183
166 184
166 185
166 187
166 188
166 193
166 194
166 195
166 196
166 197
166 198
166 199
167 168
167 169
167 170
167 172
167 173
167 174
167 175
167 176
167 177
167 178
167 179
167 180
167 182
167 183
167 184
167 185
167 186
167 190
167 191
167 192
167 193
167 194
167 197
167 198
167 199
168 170
168 171
168 172
168 173
168 175
168 176
168 178
168 181
168 182
168 183
168 184
168 185
168 186
168 188
168 189
168 190
168 191
168 192
168 193
168 194
168 196
168 197
168 199
169 170
169 172
169 173
169 174
169 175
169 176
169 177
169 179
169 181
169 182
169 183
169 186
169 187
169 188
169 190
169 191
169 194
169 195
169 196
170 171
170 173
170 175
170 177
170 178
170 179
170 180
170 182
170 184
170 185
170 186
170 187
170 189
170 190
170 191
170 193
170 194
170 195
170 196
170 197
170 198
170 199
171 172
171 174
171 175
171 176
171 177
171 179
171 180
171 181
171 182
171 183
171 184
171 189
171 190
171 192
171 193
171 196
171 198
171 199
172 174
172 176
172 179
172 180
172 181
172 182
172 184
172 187
172 188
172 189
172 192
172 193
172 195
172 197
172 198
173 174
173 175
173 176
173 179
173 180
173 181
173 183
173 186
173 188
173 189
173 190
173 191
173 194
173 195
173 196
173 199
174 175
174 177
174 179
174 180
174 182
174 183
174 184
174 187
174 188
174 189
174 190
174 191
174 194
174 195
174 196
175 176
175 177
175 178
175 179
175 182
175 183
175 184
175 185
175 188
175 190
175 191
175 192
175 194
175 195
175 196
175 197
175 198
175 199
176 181
176 183
176 185
176 186
176 187
176 188
176 190
176 191
176 192
176 194
176 195
176 196
176 197
176 198
176 199
177 178
177 179
177 180
177 181
177 182
177 184
177 185
177 187
177 188
177 189
177 191
177 194
177 196
178 179
178 180
178 181
178 182
178 183
178 185
178 187
178 188
178 189
178 190
178 191
178 195
178 198
179 180
179 181
179 182
179 183
179 185
179 186
179 188
179 189
179 190
179 191
179 193
179 194
179 195
179 196
179 197
180 181
180 182
180 183
180 184
180 185
180 187
180 188
180 189
180 190
180 191
180 192
180 193
180 195
180 196
180 197
180 199
181 182
181 185
181 186
181 188
181 189
181 192
181 193
181 194
181 195
181 196
181 197
181 198
181 199
182 184
182 185
182 186
182 189
182 190
182 191
182 192
182 194
182 195
182 197
182 198
182 199
183 184
183 185
183 186
183 187
183 188
183 190
183 191
183 192
183 194
183 195
183 197
183 198
183 199
184 185
184 187
184 188
184 189
184 190
184 191
184 192
184 193
184 194
184 195
184 196
184 197
184 198
184 199
185 187
185 188
185 190
185 191
185 192
185 194
185 196
185 197
185 199
186 187
186 188
186 189
186 190
186 191
186 193
186 194
186 195
186 199
187 191
187 192
187 193
187 194
187 196
187 197
187 198
187 199
188 189
188 192
188 193
188 194
188 195
188 196
188 198
188 199
189 191
189 193
189 194
189 195
189 197
189 198
189 199
190 192
190 193
190 194
190 195
190 196
190 197
190 198
190 199
191 193
191 194
191 195
191 196
191 197
191 198
191 199
192 196
192 197
192 198
192 199
193 195
193 196
193 197
193 198
193 199
194 195
194 199
195 196
195 198
195 199
196 197
196 199
197 198
197 199
198 199
31 41 108 186 1 134 196 91 169 182 106 183 114 177 20 11 150 83 27 141 51 142 74 144 66 168 188 95 55 99 67 180 148 137 37 65 33 120 4 68 82 88 102 97 98 75 136 161 43 135 38 151 116 77 94 115 111 140 143 198
71 197 170 164 46 160 119 103 113 112 147 59 131 193 194 62 101 63 104 129 87 6 64 90 92 86 175 52 179 56 125 17 26 35 22 124 122 61 9 126 78 100 157 176 139 29 195 25 130 190 70 81 138 53 7 49 185 173 145 39
159 57 109 128 154 79 58 2 89 110 172 34 50 42 15 117 47 73 184 60 107 174 14 191 149 163 80 13 16 48 5 93 8 156 0 189 19 40 24 18 105 45 44 155 84 199 167 158 85 133 146 28 192 69 187 181 118 72 171 96
10 23 165 178 121 36 162 123 76 30 32 153 12 166 3 132 54 21 127 152
