200
5972
5
51
99
16
16
21
0 2
0 6
0 15
0 17
0 19
0 24
0 28
0 37
0 41
0 42
0 49
0 53
0 55
0 57
0 60
0 64
0 66
0 67
0 68
0 69
0 76
0 77
0 83
0 86
0 88
0 90
0 98
0 101
0 105
0 107
0 108
0 116
0 118
0 121
0 123
0 124
0 127
0 134
0 139
0 144
0 146
0 148
0 154
0 156
0 157
0 158
0 159
0 160
0 162
0 163
0 164
0 174
0 181
0 183
0 184
0 185
0 187
0 191
1 2
1 6
1 7
1 9
1 12
1 13
1 18
1 30
1 36
1 43
1 46
1 47
1 50
1 52
1 59
1 60
1 66
1 70
1 72
1 75
1 76
1 80
1 81
1 84
1 90
1 91
1 92
1 100
1 102
1 106
1 111
1 113
1 116
1 117
1 118
1 120
1 124
1 129
1 135
1 139
1 141
1 143
1 146
1 148
1 150
1 156
1 163
1 164
1 165
1 168
1 171
1 173
1 182
1 183
1 185
1 190
1 192
1 193
1 197
1 198
2 5
2 6
2 11
2 14
2 18
2 25
2 26
2 28
2 29
2 30
2 40
2 48
2 49
2 51
2 52
2 53
2 55
2 58
2 62
2 65
2 67
2 69
2 70
2 75
2 76
2 82
2 83
2 85
2 93
2 95
2 96
2 100
2 102
2 108
2 111
2 113
2 115
2 118
2 119
2 123
2 125
2 132
2 135
2 136
2 139
2 141
2 144
2 147
2 148
2 151
2 153
2 156
2 158
2 162
2 166
2 170
2 171
2 173
2 174
2 175
2 176
2 177
2 180
2 181
2 182
2 185
2 190
2 191
2 192
2 197
2 199
3 5
3 9
3 10
3 16
3 19
3 20
3 21
3 22
3 23
3 25
3 27
3 28
3 32
3 36
3 38
3 44
3 53
3 60
3 61
3 64
3 69
3 72
3 73
3 74
3 76
3 77
3 80
3 81
3 82
3 85
3 91
3 93
3 97
3 100
3 101
3 102
3 104
3 107
3 109
3 112
3 114
3 115
3 118
3 121
3 125
3 129
3 133
3 142
3 143
3 149
3 153
3 156
3 157
3 166
3 168
3 169
3 175
3 180
3 182
3 186
3 188
3 189
3 192
3 196
3 197
4 7
4 10
4 24
4 25
4 26
4 27
4 30
4 34
4 36
4 37
4 40
4 42
4 45
4 48
4 52
4 59
4 61
4 62
4 66
4 69
4 70
4 71
4 72
4 73
4 77
4 78
4 80
4 81
4 82
4 85
4 91
4 95
4 102
4 108
4 112
4 113
4 127
4 129
4 136
4 141
4 143
4 145
4 146
4 153
4 154
4 155
4 157
4 167
4 168
4 169
4 172
4 177
4 179
4 189
4 193
4 194
4 195
5 14
5 16
5 19
5 27
5 28
5 30
5 34
5 36
5 38
5 43
5 44
5 46
5 48
5 51
5 53
5 60
5 61
5 70
5 84
5 90
5 91
5 101
5 105
5 108
5 109
5 111
5 118
5 123
5 125
5 126
5 130
5 131
5 133
5 141
5 142
5 145
5 150
5 152
5 153
5 154
5 156
5 157
5 164
5 166
5 172
5 173
5 176
5 182
5 185
5 186
5 190
5 191
5 197
6 16
6 21
6 24
6 31
6 33
6 34
6 35
6 36
6 44
6 50
6 55
6 65
6 68
6 70
6 71
6 73
6 74
6 80
6 82
6 85
6 88
6 92
6 100
6 101
6 103
6 107
6 111
6 112
6 117
6 120
6 126
6 129
6 132
6 139
6 145
6 146
6 147
6 151
6 153
6 156
6 160
6 163
6 173
6 176
6 179
6 181
6 183
6 184
6 188
6 195
6 196
7 8
7 15
7 16
7 17
7 24
7 25
7 27
7 28
7 29
7 30
7 31
7 40
7 41
7 43
7 48
7 52
7 73
7 77
7 79
7 82
7 83
7 86
7 87
7 88
7 92
7 103
7 104
7 109
7 110
7 112
7 114
7 117
7 120
7 122
7 124
7 126
7 130
7 132
7 137
7 140
7 142
7 145
7 147
7 155
7 156
7 157
7 163
7 168
7 172
7 173
7 177
7 178
7 180
7 189
7 191
7 193
7 196
7 197
8 15
8 20
8 23
8 25
8 26
8 28
8 29
8 30
8 37
8 41
8 43
8 47
8 49
8 50
8 52
8 53
8 54
8 55
8 56
8 58
8 59
8 60
8 63
8 64
8 66
8 67
8 71
8 74
8 75
8 80
8 81
8 82
8 84
8 87
8 92
8 98
8 99
8 101
8 107
8 109
8 110
8 112
8 114
8 123
8 124
8 128
8 136
8 138
8 139
8 140
8 141
8 144
8 149
8 154
8 158
8 159
8 162
8 163
8 167
8 177
8 185
8 188
8 197
9 10
9 16
9 17
9 21
9 22
9 23
9 30
9 31
9 34
9 36
9 46
9 47
9 50
9 53
9 58
9 63
9 64
9 65
9 73
9 76
9 90
9 91
9 94
9 96
9 98
9 110
9 118
9 123
9 126
9 128
9 130
9 131
9 132
9 134
9 140
9 146
9 148
9 149
9 151
9 152
9 153
9 156
9 166
9 167
9 168
9 169
9 171
9 172
9 179
9 180
9 182
9 190
9 191
9 192
9 195
10 13
10 15
10 18
10 19
10 22
10 25
10 29
10 30
10 31
10 32
10 33
10 34
10 37
10 39
10 46
10 50
10 52
10 54
10 59
10 66
10 71
10 72
10 74
10 83
10 84
10 85
10 90
10 92
10 95
10 105
10 112
10 115
10 117
10 123
10 126
10 127
10 129
10 132
10 137
10 146
10 149
10 150
10 151
10 153
10 154
10 160
10 162
10 164
10 168
10 176
10 178
10 184
10 187
10 188
10 189
10 192
10 193
10 194
10 197
11 14
11 20
11 27
11 31
11 32
11 33
11 34
11 35
11 42
11 49
11 53
11 54
11 56
11 57
11 63
11 66
11 71
11 81
11 83
11 84
11 85
11 87
11 96
11 99
11 104
11 108
11 111
11 118
11 119
11 121
11 124
11 130
11 133
11 137
11 142
11 147
11 152
11 154
11 157
11 166
11 169
11 172
11 173
11 180
11 186
11 187
11 189
11 190
11 191
11 193
11 199
12 18
12 19
12 21
12 23
12 24
12 28
12 35
12 36
12 39
12 41
12 42
12 43
12 45
12 48
12 56
12 57
12 61
12 64
12 68
12 74
12 76
12 77
12 79
12 83
12 90
12 95
12 96
12 97
12 100
12 103
12 104
12 107
12 109
12 110
12 115
12 125
12 130
12 137
12 138
12 143
12 144
12 145
12 154
12 157
12 160
12 162
12 163
12 166
12 168
12 173
12 175
12 176
12 178
12 180
12 182
12 184
12 185
12 186
12 188
12 192
12 193
12 196
12 197
13 30
13 38
13 39
13 55
13 58
13 61
13 77
13 79
13 85
13 92
13 96
13 102
13 104
13 107
13 109
13 115
13 116
13 119
13 126
13 131
13 132
13 133
13 135
13 145
13 151
13 157
13 159
13 160
13 161
13 171
13 175
13 184
13 185
13 186
13 189
13 191
13 193
13 199
14 20
14 21
14 22
14 25
14 27
14 30
14 33
14 34
14 37
14 39
14 54
14 56
14 57
14 58
14 62
14 67
14 69
14 70
14 76
14 77
14 80
14 85
14 86
14 87
14 89
14 90
14 92
14 94
14 96
14 101
14 104
14 105
14 112
14 119
14 123
14 129
14 130
14 131
14 136
14 146
14 151
14 153
14 154
14 155
14 158
14 159
14 163
14 165
14 169
14 171
14 175
14 177
14 178
14 179
14 180
14 183
14 185
14 186
14 192
14 195
14 197
14 199
15 22
15 23
15 29
15 30
15 32
15 38
15 41
15 53
15 57
15 60
15 62
15 67
15 68
15 69
15 70
15 73
15 74
15 76
15 78
15 90
15 94
15 97
15 98
15 107
15 109
15 115
15 120
15 121
15 124
15 126
15 128
15 131
15 132
15 135
15 136
15 137
15 146
15 147
15 149
15 156
15 164
15 171
15 175
15 177
15 184
15 187
16 30
16 35
16 36
16 42
16 50
16 52
16 59
16 65
16 72
16 75
16 78
16 84
16 96
16 99
16 105
16 110
16 112
16 113
16 117
16 120
16 125
16 129
16 130
16 138
16 139
16 143
16 144
16 148
16 151
16 155
16 158
16 166
16 168
16 170
16 173
16 174
16 179
16 180
16 184
16 186
16 187
16 190
16 193
16 195
16 197
17 25
17 29
17 31
17 32
17 46
17 57
17 58
17 60
17 64
17 67
17 71
17 74
17 83
17 87
17 89
17 91
17 96
17 102
17 107
17 109
17 112
17 113
17 116
17 121
17 122
17 126
17 130
17 135
17 136
17 141
17 146
17 147
17 150
17 152
17 155
17 156
17 159
17 163
17 164
17 169
17 171
17 173
17 174
17 175
17 181
17 190
17 191
17 193
17 194
17 196
18 20
18 22
18 24
18 28
18 29
18 31
18 36
18 37
18 43
18 44
18 47
18 48
18 49
18 54
18 60
18 63
18 65
18 66
18 70
18 71
18 74
18 79
18 86
18 87
18 88
18 90
18 93
18 96
18 99
18 105
18 114
18 121
18 122
18 123
18 130
18 131
18 133
18 134
18 136
18 137
18 146
18 147
18 151
18 153
18 154
18 155
18 159
18 161
18 163
18 168
18 172
18 178
18 179
18 181
18 182
18 189
18 190
18 193
18 195
18 197
18 198
19 20
19 21
19 25
19 29
19 30
19 35
19 38
19 39
19 43
19 45
19 52
19 55
19 60
19 61
19 63
19 64
19 67
19 69
19 70
19 71
19 72
19 73
19 74
19 75
19 79
19 81
19 89
19 90
19 91
19 99
19 101
19 103
19 104
19 108
19 109
19 110
19 111
19 112
19 117
19 119
19 120
19 123
19 126
19 127
19 137
19 139
19 140
19 149
19 155
19 157
19 158
19 160
19 166
19 168
19 169
19 170
19 171
19 172
19 174
19 180
19 182
19 183
19 185
19 186
19 187
20 30
20 36
20 38
20 40
20 47
20 55
20 58
20 59
20 65
20 69
20 76
20 80
20 82
20 89
20 92
20 93
20 95
20 96
20 99
20 106
20 111
20 112
20 117
20 118
20 120
20 129
20 139
20 142
20 148
20 151
20 155
20 158
20 163
20 164
20 167
20 175
20 177
20 178
20 180
20 182
20 186
20 189
20 194
20 196
20 197
20 198
21 25
21 26
21 30
21 31
21 32
21 33
21 34
21 36
21 37
21 38
21 40
21 46
21 51
21 54
21 58
21 59
21 62
21 66
21 67
21 69
21 70
21 73
21 76
21 78
21 80
21 81
21 89
21 90
21 91
21 101
21 102
21 106
21 107
21 112
21 114
21 115
21 117
21 119
21 123
21 124
21 126
21 129
21 130
21 131
21 132
21 135
21 136
21 138
21 142
21 143
21 145
21 147
21 149
21 154
21 158
21 159
21 160
21 161
21 166
21 168
21 169
21 170
21 176
21 182
21 185
21 189
21 191
21 197
22 29
22 35
22 41
22 43
22 44
22 47
22 49
22 50
22 51
22 52
22 59
22 64
22 71
22 73
22 74
22 75
22 85
22 87
22 88
22 93
22 94
22 95
22 97
22 98
22 99
22 103
22 113
22 115
22 119
22 122
22 126
22 130
22 135
22 136
22 141
22 146
22 149
22 151
22 164
22 165
22 171
22 172
22 174
22 184
22 187
22 188
22 192
22 199
23 24
23 28
23 32
23 35
23 39
23 40
23 41
23 43
23 45
23 47
23 49
23 50
23 51
23 55
23 63
23 78
23 81
23 84
23 97
23 102
23 106
23 111
23 121
23 123
23 129
23 130
23 132
23 135
23 136
23 139
23 141
23 150
23 153
23 160
23 162
23 167
23 170
23 177
23 183
23 185
23 187
23 194
23 196
23 198
24 29
24 34
24 38
24 41
24 42
24 49
24 53
24 62
24 65
24 66
24 70
24 72
24 73
24 78
24 79
24 80
24 86
24 88
24 93
24 99
24 111
24 113
24 115
24 116
24 121
24 124
24 125
24 126
24 130
24 131
24 132
24 134
24 136
24 139
24 144
24 149
24 151
24 156
24 162
24 172
24 173
24 175
24 178
24 185
24 186
24 189
24 191
24 192
24 193
24 195
25 33
25 36
25 37
25 42
25 49
25 51
25 55
25 66
25 72
25 76
25 77
25 86
25 90
25 95
25 99
25 100
25 101
25 104
25 107
25 110
25 112
25 113
25 116
25 119
25 123
25 124
25 125
25 129
25 132
25 133
25 137
25 140
25 143
25 148
25 152
25 153
25 155
25 160
25 161
25 163
25 164
25 170
25 171
25 176
25 179
25 180
25 183
25 184
25 185
25 189
25 191
25 197
25 199
26 30
26 33
26 35
26 36
26 37
26 41
26 49
26 52
26 54
26 55
26 58
26 60
26 61
26 65
26 71
26 75
26 80
26 82
26 85
26 87
26 88
26 89
26 96
26 103
26 113
26 117
26 122
26 123
26 128
26 136
26 145
26 148
26 152
26 157
26 163
26 164
26 166
26 167
26 168
26 171
26 173
26 174
26 182
26 187
26 199
27 29
27 31
27 34
27 36
27 37
27 40
27 43
27 44
27 45
27 49
27 51
27 53
27 55
27 57
27 60
27 62
27 65
27 70
27 71
27 79
27 80
27 89
27 90
27 91
27 93
27 97
27 98
27 110
27 111
27 120
27 125
27 127
27 128
27 129
27 135
27 139
27 143
27 146
27 147
27 148
27 151
27 152
27 159
27 160
27 166
27 167
27 170
27 174
27 175
27 176
27 177
27 179
27 180
27 183
27 190
27 192
27 197
28 30
28 32
28 35
28 38
28 43
28 46
28 47
28 52
28 54
28 55
28 60
28 65
28 66
28 76
28 77
28 81
28 84
28 86
28 88
28 92
28 101
28 102
28 103
28 106
28 113
28 114
28 118
28 119
28 120
28 121
28 122
28 133
28 136
28 144
28 146
28 147
28 150
28 151
28 152
28 160
28 161
28 172
28 178
28 182
28 183
28 185
28 186
28 188
28 190
28 192
28 193
28 194
28 196
28 199
29 35
29 37
29 39
29 40
29 48
29 50
29 62
29 64
29 65
29 70
29 74
29 85
29 88
29 96
29 104
29 106
29 109
29 110
29 111
29 117
29 118
29 122
29 123
29 124
29 125
29 126
29 127
29 128
29 137
29 141
29 142
29 144
29 148
29 150
29 153
29 162
29 166
29 167
29 168
29 169
29 170
29 172
29 173
29 175
29 177
29 181
29 184
29 189
29 190
29 192
29 194
29 196
29 198
29 199
30 33
30 40
30 41
30 43
30 45
30 46
30 48
30 50
30 52
30 57
30 59
30 60
30 64
30 66
30 69
30 72
30 76
30 80
30 87
30 91
30 92
30 95
30 98
30 100
30 101
30 104
30 105
30 106
30 109
30 111
30 116
30 119
30 121
30 123
30 126
30 127
30 129
30 132
30 133
30 135
30 136
30 138
30 140
30 142
30 146
30 151
30 152
30 156
30 160
30 163
30 165
30 168
30 174
30 175
30 178
30 182
30 190
30 192
30 196
31 36
31 43
31 48
31 49
31 51
31 52
31 53
31 56
31 63
31 66
31 72
31 76
31 79
31 84
31 86
31 87
31 90
31 91
31 92
31 93
31 98
31 105
31 111
31 114
31 115
31 116
31 118
31 123
31 125
31 130
31 146
31 151
31 152
31 156
31 176
31 180
31 181
31 185
31 192
31 199
32 39
32 40
32 41
32 42
32 44
32 45
32 46
32 48
32 51
32 52
32 54
32 62
32 67
32 85
32 86
32 87
32 91
32 92
32 94
32 97
32 98
32 100
32 108
32 109
32 117
32 118
32 119
32 120
32 123
32 126
32 128
32 138
32 140
32 141
32 144
32 150
32 156
32 159
32 160
32 162
32 163
32 164
32 171
32 172
32 174
32 178
32 180
32 185
32 189
32 191
32 192
32 194
33 34
33 37
33 38
33 44
33 46
33 53
33 54
33 56
33 79
33 81
33 87
33 91
33 93
33 94
33 96
33 98
33 102
33 103
33 107
33 108
33 113
33 114
33 119
33 124
33 135
33 136
33 139
33 143
33 144
33 147
33 154
33 159
33 160
33 161
33 165
33 168
33 176
33 177
33 185
33 188
33 189
33 190
33 192
33 197
33 199
34 37
34 41
34 44
34 47
34 48
34 51
34 59
34 61
34 64
34 66
34 69
34 75
34 77
34 80
34 81
34 86
34 90
34 91
34 93
34 96
34 97
34 102
34 103
34 104
34 108
34 109
34 111
34 118
34 119
34 124
34 126
34 127
34 131
34 132
34 134
34 140
34 142
34 153
34 154
34 159
34 163
34 165
34 168
34 169
34 178
34 184
34 187
34 191
35 36
35 38
35 43
35 46
35 48
35 50
35 51
35 53
35 54
35 55
35 56
35 60
35 61
35 64
35 77
35 83
35 84
35 89
35 91
35 93
35 95
35 97
35 101
35 104
35 105
35 107
35 110
35 112
35 113
35 115
35 119
35 120
35 122
35 128
35 129
35 130
35 133
35 137
35 138
35 139
35 142
35 144
35 145
35 157
35 163
35 165
35 167
35 169
35 174
35 176
35 179
35 183
35 186
35 194
35 197
35 199
36 42
36 44
36 54
36 55
36 61
36 66
36 70
36 73
36 75
36 77
36 78
36 79
36 82
36 84
36 86
36 87
36 90
36 93
36 94
36 96
36 97
36 109
36 110
36 114
36 116
36 121
36 127
36 138
36 139
36 146
36 149
36 150
36 155
36 158
36 159
36 161
36 162
36 165
36 166
36 169
36 171
36 173
36 174
36 178
36 188
36 191
36 193
36 197
36 198
37 42
37 43
37 44
37 51
37 56
37 58
37 59
37 61
37 62
37 64
37 70
37 71
37 72
37 73
37 77
37 80
37 81
37 85
37 86
37 87
37 88
37 89
37 90
37 94
37 106
37 109
37 111
37 112
37 113
37 115
37 120
37 123
37 130
37 133
37 135
37 139
37 140
37 142
37 143
37 144
37 146
37 148
37 150
37 151
37 155
37 157
37 160
37 163
37 167
37 168
37 169
37 172
37 184
37 186
37 187
37 192
37 199
38 40
38 41
38 42
38 43
38 45
38 48
38 49
38 57
38 58
38 67
38 72
38 76
38 78
38 81
38 82
38 86
38 89
38 92
38 95
38 104
38 107
38 110
38 113
38 117
38 120
38 122
38 125
38 128
38 134
38 138
38 143
38 147
38 156
38 159
38 160
38 162
38 182
38 186
38 187
38 188
38 191
38 193
38 195
39 40
39 42
39 47
39 49
39 53
39 54
39 57
39 59
39 62
39 63
39 66
39 67
39 68
39 73
39 82
39 84
39 87
39 98
39 99
39 102
39 104
39 108
39 115
39 119
39 122
39 124
39 125
39 128
39 133
39 134
39 138
39 141
39 144
39 146
39 148
39 150
39 151
39 154
39 161
39 162
39 163
39 164
39 165
39 168
39 174
39 175
39 178
39 179
39 184
39 187
39 188
39 189
39 192
39 193
39 194
39 197
40 44
40 47
40 58
40 72
40 73
40 75
40 81
40 94
40 95
40 104
40 111
40 115
40 116
40 118
40 122
40 126
40 132
40 141
40 148
40 150
40 155
40 160
40 161
40 165
40 167
40 170
40 171
40 174
40 177
40 181
40 184
40 185
40 188
40 194
40 198
41 49
41 53
41 55
41 59
41 61
41 62
41 68
41 70
41 74
41 77
41 81
41 82
41 84
41 91
41 94
41 96
41 103
41 111
41 112
41 116
41 118
41 119
41 120
41 122
41 124
41 126
41 131
41 132
41 134
41 135
41 138
41 140
41 142
41 145
41 147
41 148
41 149
41 155
41 157
41 160
41 164
41 165
41 173
41 179
41 181
41 185
41 186
41 192
41 198
42 50
42 52
42 53
42 54
42 57
42 58
42 59
42 61
42 62
42 64
42 65
42 66
42 67
42 71
42 75
42 85
42 87
42 91
42 93
42 96
42 99
42 101
42 105
42 109
42 110
42 113
42 117
42 118
42 120
42 121
42 122
42 123
42 125
42 135
42 136
42 138
42 147
42 153
42 160
42 162
42 167
42 168
42 169
42 175
42 180
42 181
42 182
42 186
42 187
42 190
42 198
43 45
43 55
43 56
43 59
43 60
43 62
43 69
43 71
43 73
43 75
43 78
43 82
43 83
43 85
43 88
43 94
43 103
43 110
43 112
43 114
43 115
43 117
43 119
43 128
43 132
43 133
43 138
43 139
43 152
43 159
43 163
43 165
43 166
43 168
43 170
43 171
43 180
43 181
43 183
43 185
43 188
43 189
43 191
43 192
43 194
44 50
44 51
44 56
44 65
44 68
44 70
44 72
44 75
44 80
44 82
44 85
44 87
44 95
44 98
44 99
44 103
44 106
44 109
44 110
44 112
44 116
44 117
44 118
44 121
44 123
44 125
44 126
44 132
44 138
44 140
44 141
44 146
44 153
44 158
44 159
44 164
44 165
44 170
44 173
44 177
44 178
44 179
44 181
44 184
44 188
44 190
44 191
45 47
45 49
45 51
45 55
45 56
45 58
45 60
45 62
45 64
45 70
45 71
45 83
45 89
45 92
45 96
45 100
45 101
45 105
45 109
45 110
45 112
45 113
45 117
45 122
45 127
45 129
45 132
45 134
45 135
45 137
45 140
45 147
45 148
45 151
45 153
45 157
45 158
45 161
45 163
45 178
45 181
45 188
45 190
45 193
45 196
45 197
45 198
45 199
46 48
46 51
46 52
46 54
46 60
46 62
46 63
46 65
46 70
46 73
46 74
46 76
46 77
46 80
46 82
46 86
46 88
46 89
46 91
46 95
46 97
46 102
46 103
46 112
46 114
46 116
46 118
46 124
46 131
46 141
46 142
46 147
46 155
46 156
46 158
46 163
46 172
46 173
46 174
46 182
46 187
46 191
46 196
46 197
46 199
47 48
47 52
47 54
47 67
47 70
47 71
47 75
47 76
47 84
47 85
47 88
47 92
47 98
47 101
47 102
47 107
47 110
47 112
47 113
47 114
47 118
47 122
47 124
47 125
47 127
47 128
47 142
47 143
47 144
47 145
47 148
47 152
47 153
47 154
47 155
47 166
47 173
47 181
47 182
47 185
47 187
47 188
47 191
47 193
48 51
48 53
48 57
48 58
48 59
48 62
48 63
48 66
48 67
48 70
48 72
48 74
48 78
48 79
48 83
48 86
48 87
48 88
48 95
48 99
48 100
48 104
48 105
48 106
48 113
48 114
48 116
48 118
48 121
48 122
48 129
48 130
48 131
48 132
48 144
48 145
48 147
48 150
48 151
48 158
48 167
48 169
48 173
48 175
48 178
48 180
48 181
48 189
48 192
48 194
48 195
48 196
48 198
49 50
49 51
49 53
49 56
49 58
49 62
49 64
49 65
49 66
49 75
49 83
49 87
49 89
49 95
49 96
49 99
49 110
49 112
49 113
49 115
49 119
49 122
49 123
49 126
49 129
49 130
49 143
49 145
49 152
49 154
49 155
49 164
49 165
49 167
49 168
49 169
49 172
49 173
49 174
49 175
49 183
49 184
49 189
49 190
49 192
49 193
49 194
49 196
49 198
50 54
50 55
50 56
50 57
50 58
50 59
50 60
50 68
50 73
50 74
50 80
50 82
50 85
50 86
50 97
50 101
50 105
50 110
50 111
50 112
50 116
50 117
50 120
50 121
50 124
50 125
50 127
50 132
50 138
50 140
50 152
50 157
50 161
50 163
50 165
50 167
50 171
50 172
50 174
50 176
50 177
50 178
50 179
50 181
50 188
50 196
50 198
51 54
51 58
51 61
51 62
51 65
51 67
51 71
51 75
51 80
51 81
51 82
51 85
51 89
51 90
51 96
51 97
51 99
51 102
51 103
51 105
51 111
51 114
51 116
51 119
51 120
51 122
51 123
51 126
51 128
51 129
51 136
51 148
51 158
51 159
51 161
51 164
51 166
51 169
51 170
51 171
51 172
51 175
51 176
51 179
51 180
51 187
51 193
51 196
51 198
52 53
52 57
52 58
52 60
52 62
52 63
52 67
52 69
52 77
52 79
52 93
52 94
52 97
52 101
52 103
52 106
52 110
52 111
52 116
52 117
52 118
52 123
52 124
52 125
52 126
52 129
52 130
52 142
52 147
52 148
52 152
52 153
52 160
52 164
52 165
52 167
52 169
52 170
52 175
52 176
52 179
52 180
52 188
52 197
52 199
53 55
53 56
53 57
53 62
53 67
53 75
53 77
53 79
53 82
53 87
53 102
53 105
53 111
53 115
53 116
53 117
53 118
53 120
53 123
53 124
53 125
53 137
53 138
53 139
53 143
53 151
53 156
53 158
53 159
53 161
53 162
53 163
53 164
53 165
53 167
53 171
53 174
53 179
53 187
53 197
53 198
54 59
54 60
54 66
54 70
54 72
54 73
54 80
54 81
54 82
54 84
54 85
54 86
54 87
54 90
54 96
54 98
54 100
54 103
54 110
54 112
54 116
54 123
54 128
54 134
54 135
54 137
54 139
54 145
54 146
54 148
54 149
54 153
54 155
54 157
54 158
54 160
54 162
54 170
54 172
54 178
54 180
54 185
54 194
54 198
54 199
55 56
55 61
55 62
55 63
55 64
55 67
55 71
55 75
55 82
55 85
55 87
55 89
55 90
55 92
55 99
55 103
55 105
55 107
55 110
55 117
55 122
55 124
55 128
55 129
55 131
55 133
55 143
55 147
55 151
55 153
55 157
55 160
55 165
55 167
55 177
55 182
55 193
55 196
55 199
56 59
56 63
56 64
56 68
56 70
56 71
56 72
56 73
56 82
56 91
56 93
56 94
56 96
56 97
56 104
56 110
56 113
56 115
56 116
56 121
56 122
56 124
56 127
56 133
56 143
56 147
56 152
56 159
56 160
56 162
56 165
56 173
56 186
56 187
56 196
57 62
57 66
57 69
57 71
57 76
57 81
57 82
57 85
57 92
57 96
57 97
57 98
57 99
57 103
57 104
57 106
57 108
57 109
57 113
57 115
57 120
57 124
57 125
57 127
57 128
57 134
57 138
57 142
57 155
57 159
57 160
57 161
57 173
57 177
57 178
57 185
57 189
57 190
57 191
57 192
57 193
58 63
58 67
58 72
58 74
58 75
58 77
58 80
58 86
58 87
58 94
58 95
58 102
58 103
58 105
58 119
58 121
58 125
58 126
58 128
58 129
58 131
58 133
58 134
58 137
58 139
58 142
58 149
58 153
58 158
58 161
58 162
58 163
58 169
58 171
58 175
58 177
58 178
58 181
58 183
58 190
58 191
58 195
58 196
58 197
59 60
59 61
59 62
59 69
59 74
59 78
59 79
59 83
59 84
59 88
59 94
59 98
59 101
59 113
59 116
59 123
59 127
59 131
59 138
59 142
59 143
59 148
59 151
59 158
59 162
59 163
59 164
59 166
59 168
59 174
59 182
59 183
59 184
59 193
59 194
60 61
60 64
60 67
60 69
60 72
60 75
60 78
60 80
60 82
60 83
60 84
60 86
60 87
60 96
60 98
60 103
60 108
60 117
60 119
60 123
60 124
60 127
60 136
60 139
60 140
60 146
60 147
60 153
60 165
60 167
60 169
60 175
60 176
60 183
60 184
60 187
61 67
61 74
61 75
61 77
61 78
61 81
61 83
61 86
61 87
61 91
61 93
61 94
61 96
61 97
61 99
61 100
61 111
61 113
61 116
61 118
61 123
61 125
61 128
61 130
61 131
61 136
61 143
61 155
61 158
61 159
61 170
61 171
61 175
61 177
61 178
61 180
61 181
61 183
61 186
61 187
61 191
61 199
62 66
62 69
62 70
62 72
62 78
62 81
62 85
62 94
62 96
62 97
62 103
62 107
62 108
62 110
62 112
62 115
62 119
62 121
62 126
62 128
62 139
62 142
62 146
62 151
62 152
62 162
62 168
62 169
62 171
62 174
62 176
62 180
62 185
62 192
62 195
62 199
63 64
63 66
63 69
63 72
63 75
63 79
63 82
63 91
63 92
63 93
63 101
63 102
63 103
63 104
63 106
63 107
63 109
63 113
63 116
63 118
63 128
63 130
63 131
63 140
63 143
63 144
63 148
63 149
63 151
63 154
63 155
63 158
63 159
63 160
63 163
63 165
63 177
63 178
63 182
63 183
63 184
63 186
63 187
63 195
63 198
63 199
64 73
64 74
64 75
64 77
64 78
64 83
64 89
64 90
64 97
64 98
64 102
64 106
64 108
64 110
64 112
64 114
64 116
64 118
64 123
64 129
64 130
64 132
64 136
64 137
64 140
64 146
64 147
64 150
64 151
64 152
64 153
64 154
64 161
64 167
64 172
64 180
64 181
64 184
64 185
64 194
64 199
65 73
65 74
65 76
65 88
65 90
65 92
65 93
65 94
65 100
65 105
65 117
65 123
65 126
65 128
65 135
65 136
65 139
65 147
65 148
65 149
65 155
65 159
65 169
65 170
65 172
65 173
65 176
65 177
65 178
65 181
65 185
65 186
65 188
65 190
65 191
65 199
66 68
66 73
66 77
66 79
66 81
66 82
66 85
66 88
66 90
66 93
66 96
66 98
66 100
66 103
66 109
66 114
66 115
66 116
66 119
66 123
66 124
66 128
66 130
66 132
66 134
66 137
66 148
66 174
66 180
66 190
66 193
66 196
66 198
67 69
67 71
67 72
67 75
67 76
67 77
67 79
67 84
67 87
67 89
67 91
67 98
67 100
67 102
67 104
67 106
67 107
67 112
67 113
67 116
67 119
67 120
67 121
67 123
67 125
67 127
67 137
67 143
67 144
67 151
67 160
67 162
67 167
67 168
67 172
67 176
67 180
67 186
67 189
67 192
68 69
68 70
68 72
68 78
68 80
68 82
68 90
68 92
68 93
68 99
68 100
68 106
68 107
68 110
68 113
68 116
68 119
68 123
68 127
68 130
68 136
68 137
68 139
68 148
68 153
68 155
68 161
68 170
68 173
68 176
68 177
68 178
68 180
68 183
68 184
68 185
68 186
68 187
68 189
68 190
68 193
69 71
69 73
69 75
69 76
69 80
69 91
69 92
69 93
69 96
69 101
69 106
69 107
69 111
69 112
69 114
69 115
69 116
69 125
69 130
69 133
69 134
69 137
69 140
69 149
69 151
69 156
69 157
69 159
69 161
69 166
69 171
69 172
69 178
69 181
69 187
69 190
69 195
69 196
70 72
70 73
70 80
70 81
70 82
70 88
70 89
70 93
70 94
70 96
70 110
70 121
70 125
70 129
70 130
70 133
70 134
70 138
70 143
70 145
70 147
70 148
70 150
70 160
70 161
70 166
70 171
70 172
70 174
70 178
70 179
70 180
70 184
70 187
70 189
70 192
70 193
70 196
71 73
71 78
71 80
71 88
71 91
71 92
71 100
71 101
71 102
71 107
71 108
71 109
71 113
71 115
71 117
71 118
71 121
71 122
71 126
71 134
71 135
71 136
71 143
71 144
71 146
71 149
71 150
71 151
71 155
71 156
71 157
71 158
71 161
71 162
71 168
71 170
71 172
71 180
71 189
71 193
71 199
72 74
72 76
72 79
72 80
72 81
72 85
72 88
72 98
72 99
72 100
72 104
72 108
72 109
72 110
72 113
72 117
72 121
72 123
72 124
72 127
72 136
72 138
72 140
72 144
72 146
72 147
72 155
72 158
72 161
72 162
72 164
72 165
72 166
72 167
72 170
72 171
72 174
72 178
72 181
72 183
72 186
72 187
73 74
73 75
73 79
73 92
73 93
73 96
73 97
73 104
73 106
73 107
73 113
73 117
73 118
73 121
73 124
73 126
73 129
73 142
73 143
73 145
73 147
73 152
73 158
73 160
73 163
73 169
73 171
73 180
73 185
73 191
73 193
73 194
73 196
73 197
73 198
74 78
74 79
74 80
74 82
74 85
74 88
74 89
74 91
74 95
74 97
74 100
74 103
74 105
74 111
74 113
74 114
74 119
74 127
74 131
74 133
74 134
74 140
74 141
74 144
74 147
74 148
74 150
74 155
74 162
74 163
74 167
74 168
74 169
74 172
74 178
74 179
74 185
74 189
74 191
74 195
74 196
74 198
74 199
75 81
75 82
75 85
75 87
75 93
75 96
75 98
75 99
75 100
75 102
75 103
75 109
75 112
75 113
75 118
75 125
75 126
75 128
75 129
75 131
75 133
75 136
75 138
75 140
75 141
75 148
75 150
75 151
75 154
75 161
75 163
75 172
75 175
75 177
75 180
75 181
75 186
75 194
75 196
75 198
76 81
76 83
76 87
76 88
76 94
76 95
76 97
76 102
76 108
76 113
76 117
76 119
76 123
76 134
76 141
76 144
76 146
76 147
76 148
76 152
76 153
76 156
76 160
76 163
76 164
76 167
76 172
76 173
76 177
76 182
76 185
76 188
76 194
76 195
76 198
76 199
77 82
77 86
77 89
77 92
77 93
77 99
77 100
77 106
77 108
77 113
77 116
77 122
77 124
77 128
77 132
77 140
77 141
77 142
77 144
77 147
77 151
77 152
77 153
77 156
77 160
77 161
77 163
77 171
77 177
77 179
77 180
77 181
77 182
77 184
77 189
77 193
77 197
78 82
78 83
78 85
78 93
78 99
78 102
78 103
78 104
78 109
78 110
78 119
78 125
78 126
78 127
78 128
78 131
78 132
78 133
78 141
78 145
78 148
78 151
78 152
78 155
78 156
78 157
78 159
78 164
78 165
78 167
78 169
78 171
78 173
78 178
78 179
78 181
78 182
78 188
78 193
78 194
78 197
78 199
79 87
79 89
79 90
79 91
79 94
79 96
79 101
79 105
79 109
79 114
79 116
79 117
79 119
79 123
79 125
79 127
79 129
79 130
79 134
79 135
79 138
79 140
79 142
79 143
79 144
79 145
79 147
79 149
79 150
79 153
79 162
79 163
79 166
79 168
79 169
79 173
79 174
79 177
79 180
79 182
79 191
79 193
79 195
79 197
79 199
80 82
80 84
80 85
80 86
80 99
80 102
80 103
80 105
80 114
80 126
80 130
80 139
80 143
80 146
80 147
80 153
80 155
80 162
80 176
80 177
80 182
80 188
80 190
80 191
80 195
81 82
81 84
81 86
81 87
81 101
81 104
81 112
81 122
81 125
81 126
81 131
81 132
81 133
81 134
81 140
81 141
81 151
81 153
81 154
81 155
81 156
81 158
81 161
81 163
81 165
81 169
81 171
81 174
81 175
81 176
81 177
81 181
81 182
81 189
81 194
81 196
81 198
81 199
82 84
82 87
82 94
82 95
82 96
82 104
82 109
82 110
82 114
82 115
82 116
82 125
82 128
82 130
82 131
82 132
82 133
82 140
82 142
82 143
82 145
82 146
82 149
82 154
82 155
82 158
82 159
82 161
82 162
82 166
82 167
82 172
82 174
82 175
82 178
82 181
82 182
82 185
82 190
82 198
83 89
83 90
83 91
83 92
83 94
83 95
83 100
83 102
83 104
83 106
83 110
83 112
83 113
83 122
83 127
83 133
83 140
83 144
83 145
83 146
83 147
83 148
83 149
83 153
83 163
83 164
83 165
83 174
83 176
83 180
83 183
83 184
83 187
83 190
83 191
83 196
83 197
84 85
84 88
84 107
84 109
84 111
84 114
84 115
84 118
84 121
84 123
84 124
84 126
84 128
84 129
84 130
84 131
84 141
84 144
84 146
84 157
84 160
84 162
84 164
84 166
84 167
84 168
84 173
84 178
84 180
84 183
84 186
84 187
84 190
84 195
84 197
85 87
85 90
85 92
85 98
85 105
85 108
85 109
85 111
85 121
85 125
85 128
85 131
85 133
85 138
85 139
85 140
85 141
85 142
85 144
85 151
85 153
85 154
85 156
85 158
85 160
85 165
85 166
85 172
85 173
85 174
85 176
85 178
85 183
85 185
85 188
85 189
85 190
85 192
85 198
86 89
86 93
86 96
86 98
86 107
86 112
86 118
86 124
86 129
86 133
86 136
86 137
86 138
86 144
86 152
86 156
86 159
86 162
86 165
86 174
86 184
86 185
86 186
86 189
86 190
86 193
87 89
87 90
87 95
87 107
87 110
87 111
87 114
87 116
87 123
87 125
87 129
87 130
87 131
87 137
87 140
87 145
87 148
87 156
87 157
87 160
87 163
87 164
87 165
87 167
87 175
87 183
87 188
87 190
87 193
87 195
87 197
87 198
88 90
88 98
88 103
88 105
88 107
88 111
88 113
88 114
88 125
88 128
88 129
88 130
88 133
88 140
88 145
88 151
88 157
88 158
88 159
88 161
88 165
88 166
88 167
88 168
88 170
88 179
88 183
88 186
88 192
88 194
88 196
88 199
89 94
89 100
89 101
89 107
89 114
89 115
89 117
89 120
89 123
89 125
89 126
89 129
89 130
89 141
89 142
89 143
89 144
89 146
89 147
89 148
89 154
89 161
89 162
89 164
89 165
89 170
89 174
89 175
89 178
89 182
89 183
89 185
89 188
89 189
89 191
89 193
89 194
89 197
90 91
90 92
90 93
90 97
90 98
90 99
90 101
90 104
90 105
90 114
90 117
90 129
90 135
90 137
90 139
90 140
90 142
90 143
90 144
90 146
90 147
90 149
90 150
90 151
90 154
90 155
90 160
90 161
90 163
90 166
90 167
90 168
90 176
90 177
90 181
90 182
90 191
90 192
90 198
91 96
91 103
91 105
91 107
91 110
91 113
91 115
91 117
91 120
91 124
91 126
91 129
91 135
91 136
91 139
91 153
91 158
91 174
91 177
91 180
91 185
91 186
91 187
91 194
91 197
91 198
92 94
92 97
92 100
92 102
92 105
92 110
92 111
92 118
92 120
92 123
92 124
92 128
92 129
92 131
92 134
92 137
92 138
92 139
92 140
92 145
92 146
92 147
92 158
92 160
92 162
92 166
92 167
92 170
92 174
92 175
92 177
92 184
92 191
92 195
92 197
92 198
93 96
93 101
93 103
93 107
93 111
93 112
93 114
93 119
93 122
93 123
93 127
93 132
93 135
93 136
93 139
93 144
93 149
93 150
93 152
93 155
93 170
93 171
93 176
93 179
93 181
93 183
93 187
93 188
93 192
93 193
93 196
93 197
94 97
94 100
94 103
94 109
94 111
94 112
94 117
94 121
94 124
94 127
94 128
94 129
94 131
94 133
94 146
94 148
94 152
94 154
94 159
94 160
94 162
94 169
94 174
94 181
94 183
94 184
94 187
94 191
94 194
94 195
94 196
95 97
95 104
95 109
95 114
95 115
95 123
95 129
95 137
95 140
95 144
95 150
95 155
95 163
95 166
95 169
95 177
95 186
95 192
95 199
96 109
96 111
96 116
96 123
96 127
96 128
96 135
96 137
96 141
96 142
96 159
96 162
96 163
96 169
96 170
96 173
96 175
96 176
96 178
96 180
96 181
96 185
96 191
96 193
96 195
96 197
97 100
97 105
97 112
97 115
97 122
97 127
97 134
97 136
97 141
97 142
97 143
97 147
97 152
97 153
97 154
97 161
97 168
97 173
97 175
97 179
97 182
97 189
97 190
97 191
97 196
98 108
98 111
98 113
98 114
98 122
98 125
98 129
98 134
98 135
98 145
98 147
98 152
98 153
98 163
98 165
98 167
98 173
98 175
98 183
98 191
98 192
98 193
98 194
98 197
98 198
99 100
99 102
99 103
99 108
99 110
99 122
99 124
99 125
99 126
99 127
99 128
99 138
99 140
99 141
99 143
99 145
99 146
99 149
99 154
99 157
99 160
99 161
99 163
99 164
99 166
99 167
99 168
99 173
99 178
99 180
99 185
99 186
99 187
99 189
99 196
99 198
100 106
100 107
100 108
100 110
100 111
100 114
100 120
100 121
100 127
100 134
100 140
100 145
100 146
100 150
100 155
100 161
100 164
100 165
100 167
100 169
100 174
100 177
100 181
100 182
100 187
100 189
100 191
100 193
100 194
100 197
101 112
101 113
101 121
101 125
101 128
101 131
101 136
101 137
101 138
101 143
101 144
101 152
101 158
101 163
101 164
101 167
101 176
101 180
101 182
101 184
101 196
101 198
102 104
102 106
102 107
102 111
102 115
102 119
102 124
102 126
102 128
102 129
102 131
102 135
102 137
102 140
102 145
102 146
102 148
102 150
102 157
102 161
102 163
102 171
102 183
102 188
102 189
102 190
102 194
102 195
102 197
103 104
103 107
103 110
103 114
103 116
103 118
103 119
103 134
103 139
103 142
103 143
103 152
103 153
103 155
103 156
103 159
103 160
103 161
103 163
103 164
103 170
103 173
103 174
103 177
103 178
103 181
103 185
103 189
103 196
103 198
104 121
104 122
104 123
104 124
104 126
104 128
104 134
104 137
104 138
104 142
104 147
104 148
104 152
104 154
104 157
104 161
104 167
104 168
104 170
104 172
104 176
104 183
104 184
104 185
104 186
104 190
104 191
104 193
104 194
104 199
105 107
105 112
105 115
105 116
105 118
105 121
105 124
105 125
105 127
105 128
105 130
105 132
105 139
105 146
105 149
105 154
105 161
105 162
105 163
105 164
105 174
105 175
105 178
105 186
105 188
105 190
105 194
105 195
106 108
106 109
106 110
106 111
106 112
106 114
106 116
106 120
106 121
106 122
106 124
106 127
106 128
106 131
106 138
106 139
106 141
106 144
106 145
106 147
106 148
106 149
106 150
106 152
106 156
106 159
106 161
106 163
106 164
106 167
106 169
106 170
106 174
106 182
106 187
106 190
106 199
107 109
107 110
107 112
107 113
107 116
107 127
107 132
107 134
107 136
107 138
107 139
107 142
107 145
107 152
107 153
107 156
107 159
107 160
107 163
107 164
107 165
107 170
107 179
107 185
107 186
107 190
107 197
107 198
107 199
108 112
108 123
108 129
108 138
108 144
108 150
108 153
108 155
108 156
108 159
108 161
108 168
108 171
108 172
108 181
108 185
108 186
108 188
108 194
108 196
108 197
108 199
109 110
109 116
109 118
109 121
109 127
109 128
109 129
109 131
109 136
109 148
109 149
109 151
109 153
109 158
109 161
109 164
109 166
109 167
109 171
109 174
109 175
109 177
109 179
109 180
109 181
109 186
109 190
109 195
109 197
109 198
109 199
110 120
110 122
110 125
110 129
110 130
110 131
110 132
110 134
110 136
110 138
110 142
110 145
110 148
110 151
110 152
110 155
110 168
110 169
110 175
110 179
110 182
110 190
110 193
110 194
110 197
110 198
111 113
111 115
111 116
111 117
111 121
111 129
111 131
111 134
111 142
111 143
111 149
111 158
111 161
111 162
111 167
111 169
111 173
111 176
111 178
111 179
111 183
111 186
111 187
111 189
111 196
111 197
111 198
111 199
112 113
112 117
112 118
112 122
112 129
112 130
112 136
112 137
112 138
112 139
112 140
112 142
112 148
112 149
112 150
112 154
112 160
112 165
112 167
112 170
112 171
112 173
112 175
112 177
112 183
112 186
112 191
112 192
113 115
113 122
113 126
113 127
113 130
113 131
113 136
113 137
113 139
113 140
113 142
113 145
113 148
113 149
113 152
113 156
113 157
113 160
113 164
113 165
113 167
113 169
113 172
113 181
113 182
113 184
113 191
113 194
113 199
114 119
114 123
114 125
114 128
114 133
114 135
114 137
114 138
114 140
114 142
114 143
114 145
114 150
114 153
114 155
114 156
114 157
114 161
114 165
114 169
114 170
114 171
114 173
114 184
114 188
114 193
115 121
115 124
115 126
115 127
115 128
115 132
115 134
115 135
115 148
115 151
115 152
115 154
115 159
115 165
115 166
115 168
115 170
115 176
115 178
115 179
115 181
115 182
115 183
115 186
115 190
115 191
115 192
115 199
116 117
116 123
116 124
116 128
116 130
116 132
116 135
116 136
116 140
116 141
116 146
116 147
116 150
116 153
116 155
116 157
116 164
116 169
116 178
116 180
116 183
116 184
116 186
116 187
116 188
116 193
116 198
116 199
117 123
117 132
117 142
117 144
117 147
117 148
117 150
117 153
117 155
117 164
117 168
117 170
117 176
117 178
117 181
117 188
117 193
118 119
118 122
118 126
118 131
118 132
118 136
118 143
118 144
118 147
118 153
118 154
118 156
118 157
118 158
118 170
118 176
118 179
118 186
118 190
118 191
118 195
118 197
118 198
118 199
119 123
119 126
119 129
119 131
119 133
119 137
119 140
119 144
119 152
119 155
119 161
119 166
119 174
119 175
119 176
119 181
119 183
119 187
119 192
120 122
120 124
120 127
120 134
120 137
120 139
120 140
120 144
120 145
120 146
120 148
120 151
120 160
120 163
120 167
120 170
120 173
120 174
120 175
120 176
120 180
120 181
120 182
120 185
120 189
120 191
120 192
120 195
120 196
120 199
121 124
121 126
121 132
121 133
121 142
121 143
121 144
121 145
121 147
121 148
121 150
121 151
121 156
121 157
121 162
121 164
121 167
121 171
121 175
121 178
121 179
121 180
121 181
121 185
121 186
121 189
121 193
121 199
122 123
122 134
122 136
122 139
122 140
122 142
122 145
122 149
122 150
122 153
122 156
122 159
122 162
122 163
122 168
122 170
122 171
122 175
122 180
122 181
122 185
122 189
122 195
122 196
123 126
123 128
123 131
123 133
123 136
123 140
123 146
123 148
123 151
123 153
123 158
123 163
123 167
123 168
123 171
123 173
123 178
123 179
123 186
123 187
123 190
123 191
123 193
123 196
124 125
124 129
124 132
124 133
124 136
124 141
124 143
124 144
124 147
124 149
124 151
124 154
124 156
124 166
124 167
124 171
124 176
124 180
124 181
124 187
124 188
124 190
124 191
125 127
125 130
125 131
125 132
125 135
125 138
125 145
125 147
125 148
125 154
125 156
125 157
125 166
125 170
125 174
125 175
125 176
125 182
125 183
125 184
125 191
125 195
126 131
126 139
126 143
126 144
126 150
126 151
126 161
126 163
126 164
126 168
126 171
126 173
126 181
126 187
126 188
126 189
126 193
126 197
126 198
126 199
127 129
127 130
127 132
127 133
127 134
127 135
127 136
127 142
127 146
127 147
127 150
127 151
127 153
127 154
127 159
127 162
127 163
127 164
127 166
127 168
127 173
127 174
127 175
127 176
127 177
127 178
127 182
127 183
127 188
127 195
127 199
128 135
128 138
128 141
128 142
128 143
128 148
128 149
128 151
128 153
128 154
128 156
128 160
128 162
128 164
128 167
128 168
128 173
128 175
128 176
128 178
128 181
128 190
128 191
128 192
128 196
129 134
129 135
129 136
129 142
129 146
129 156
129 159
129 160
129 162
129 163
129 165
129 166
129 168
129 169
129 170
129 172
129 173
129 175
129 178
129 181
129 182
129 183
129 194
129 195
130 133
130 134
130 138
130 140
130 146
130 149
130 151
130 152
130 155
130 159
130 161
130 162
130 164
130 171
130 173
130 174
130 175
130 176
130 179
130 181
130 185
130 191
130 194
130 196
130 197
131 134
131 145
131 148
131 155
131 157
131 168
131 170
131 173
131 175
131 184
131 186
131 189
131 191
131 193
131 196
131 199
132 133
132 134
132 142
132 143
132 147
132 151
132 156
132 159
132 161
132 162
132 164
132 170
132 171
132 176
132 181
132 182
132 184
132 191
132 194
132 197
132 199
133 134
133 136
133 142
133 145
133 152
133 154
133 156
133 158
133 161
133 165
133 166
133 169
133 171
133 176
133 185
133 186
133 187
133 192
133 193
133 194
133 195
133 198
133 199
134 139
134 143
134 160
134 170
134 172
134 173
134 175
134 183
134 186
134 190
134 194
134 195
134 197
135 136
135 137
135 140
135 153
135 154
135 155
135 161
135 162
135 163
135 166
135 167
135 169
135 171
135 173
135 176
135 181
135 183
135 186
135 188
135 198
135 199
136 137
136 140
136 141
136 147
136 154
136 159
136 160
136 165
136 166
136 168
136 169
136 171
136 173
136 178
136 182
136 184
136 186
136 189
136 191
136 192
136 199
137 150
137 154
137 159
137 162
137 163
137 168
137 173
137 177
137 180
137 185
137 187
137 188
137 193
137 196
137 197
137 199
138 140
138 147
138 150
138 151
138 152
138 157
138 158
138 160
138 166
138 169
138 172
138 179
138 181
138 184
138 193
138 199
139 143
139 148
139 157
139 158
139 161
139 165
139 167
139 179
139 185
139 187
139 189
139 192
140 143
140 146
140 147
140 148
140 150
140 154
140 155
140 156
140 160
140 162
140 168
140 172
140 173
140 174
140 181
140 186
140 187
140 193
140 195
140 196
140 199
141 144
141 145
141 153
141 157
141 159
141 163
141 166
141 170
141 183
141 184
141 193
141 194
142 143
142 150
142 151
142 154
142 156
142 163
142 164
142 173
142 174
142 180
142 183
142 186
142 187
142 190
142 191
142 195
143 148
143 155
143 158
143 162
143 168
143 171
143 173
143 176
143 180
143 183
143 195
143 196
143 199
144 151
144 152
144 155
144 159
144 163
144 164
144 165
144 166
144 172
144 173
144 175
144 176
144 180
144 182
144 183
144 184
144 191
144 193
144 198
144 199
145 147
145 148
145 152
145 154
145 157
145 158
145 159
145 162
145 165
145 169
145 170
145 172
145 173
145 174
145 175
145 176
145 181
145 184
145 189
145 192
145 195
145 196
146 147
146 151
146 157
146 159
146 162
146 166
146 170
146 174
146 177
146 183
146 184
146 185
146 196
146 197
147 150
147 152
147 153
147 154
147 155
147 159
147 161
147 167
147 171
147 176
147 179
147 182
147 185
147 190
147 191
147 196
147 197
147 198
148 151
148 152
148 153
148 156
148 158
148 163
148 165
148 171
148 174
148 177
148 179
148 181
148 185
148 188
148 189
148 190
148 191
148 192
148 193
148 194
148 195
148 197
148 198
148 199
149 150
149 154
149 156
149 161
149 163
149 164
149 166
149 171
149 183
149 185
149 187
149 190
150 152
150 157
150 160
150 166
150 172
150 185
150 187
150 191
150 192
150 197
150 198
151 153
151 154
151 157
151 158
151 159
151 163
151 170
151 183
151 184
151 188
151 192
151 194
152 166
152 168
152 170
152 175
152 176
152 177
152 179
152 183
152 184
152 189
152 191
152 193
153 157
153 169
153 170
153 171
153 174
153 175
153 177
153 178
153 180
153 182
153 185
153 187
154 155
154 160
154 162
154 163
154 167
154 169
154 170
154 172
154 184
154 185
154 187
154 189
154 190
155 158
155 163
155 168
155 171
155 173
155 176
155 180
155 188
155 192
155 196
156 158
156 165
156 170
156 172
156 177
156 180
156 181
156 182
156 183
156 185
156 186
156 190
156 192
156 193
156 198
157 164
157 177
157 180
157 182
157 186
157 193
157 197
158 162
158 168
158 169
158 172
158 174
158 184
158 185
158 197
158 199
159 160
159 161
159 166
159 169
159 172
159 180
159 183
159 192
159 193
160 161
160 166
160 167
160 173
160 178
160 180
160 182
160 186
160 191
160 196
160 197
160 198
161 163
161 166
161 167
161 177
161 180
161 182
161 183
161 186
161 187
161 190
161 196
161 199
162 168
162 171
162 172
162 175
162 178
162 183
162 185
162 188
162 189
162 190
162 192
162 194
163 165
163 168
163 169
163 170
163 175
163 179
163 182
163 187
163 188
163 192
163 198
164 165
164 166
164 167
164 170
164 171
164 172
164 176
164 178
164 179
164 189
164 190
164 192
164 194
165 166
165 167
165 172
165 173
165 178
165 179
165 180
165 181
165 182
165 188
165 190
165 191
165 192
165 195
165 199
166 167
166 171
166 176
166 178
166 180
166 181
166 183
166 186
166 193
166 198
167 172
167 174
167 176
167 179
167 184
167 187
167 192
167 198
168 171
168 173
168 182
168 186
168 195
168 196
168 198
169 187
169 192
170 177
170 179
170 180
170 183
170 187
170 188
170 196
171 172
171 173
171 176
171 180
171 183
171 184
171 189
171 190
171 192
171 193
171 199
172 175
172 177
172 180
172 183
172 185
172 188
172 192
172 198
173 180
173 182
173 184
173 190
173 191
173 197
174 180
174 181
174 185
174 187
174 188
174 191
174 194
174 195
174 196
174 197
175 176
175 178
175 181
175 183
175 184
175 187
175 188
175 192
176 178
176 182
176 184
176 185
176 194
176 198
176 199
177 178
177 185
177 186
177 188
177 191
177 196
178 179
178 180
178 182
178 185
178 187
178 188
178 189
178 191
178 194
178 195
179 181
179 188
179 189
179 193
180 181
180 183
180 185
180 187
180 190
180 192
180 199
181 183
181 185
181 186
181 188
181 192
181 198
182 185
182 186
182 188
182 192
182 193
182 197
183 185
183 186
183 188
183 190
183 191
183 192
183 199
184 185
184 190
184 192
184 194
185 189
185 195
185 196
185 199
186 187
186 194
186 196
186 197
187 189
187 190
187 191
187 193
187 194
187 195
187 196
187 197
187 198
187 199
188 191
188 193
188 194
188 196
189 191
189 194
189 199
190 191
190 194
190 198
191 196
191 197
192 195
192 198
193 196
193 197
193 198
194 196
194 199
196 199
158 165 194 179 106 86 124 172 40 137 75 160 78 190 182 67 48 59 138 102 47 76 126 3 181 149 191 117 28 90 37 21 96 72 115 130 175 116 156 27
147 80 184 33 79 89 151 84 95 31 36 162 2 73 135 77 141 24 52 85 122 56 109 176 196 6 140 148 30 105 93 159 114 45 132 131 101 157 113 20
174 82 118 5 57 61 42 81 12 19 74 69 171 97 150 177 168 155 187 41 63 71 103 64 99 62 119 107 134 129 195 8 39 94 111 17 183 110 38 34
15 127 1 164 51 91 70 112 167 7 44 146 46 178 161 197 83 23 143 185 53 35 10 125 4 188 166 193 22 58 54 16 170 87 108 121 154 133 9 189
144 100 98 26 139 32 180 153 92 169 88 43 66 173 65 0 128 136 186 14 142 192 198 145 163 11 29 49 152 55 13 60 199 18 25 68 50 104 120 123
