200
3892
10
11
42
27
67
23
93
93
18
91
35
0 3
0 13
0 14
0 18
0 20
0 25
0 34
0 42
0 48
0 58
0 67
0 70
0 74
0 88
0 93
0 94
0 95
0 101
0 102
0 111
0 112
0 114
0 118
0 122
0 143
0 149
0 150
0 173
0 179
0 180
0 189
1 13
1 20
1 25
1 29
1 31
1 36
1 41
1 50
1 63
1 65
1 67
1 78
1 80
1 89
1 91
1 97
1 98
1 106
1 111
1 122
1 127
1 129
1 142
1 147
1 149
1 154
1 160
1 168
1 169
1 172
1 177
1 183
1 184
1 186
1 191
1 197
1 198
1 199
2 4
2 6
2 10
2 28
2 32
2 36
2 37
2 38
2 44
2 48
2 54
2 68
2 81
2 83
2 92
2 93
2 104
2 105
2 106
2 111
2 117
2 126
2 141
2 146
2 159
2 166
2 180
2 183
2 189
2 195
3 6
3 8
3 13
3 35
3 36
3 49
3 50
3 54
3 57
3 58
3 68
3 71
3 76
3 83
3 88
3 94
3 117
3 119
3 130
3 132
3 139
3 142
3 151
3 156
3 157
3 169
3 174
3 175
3 177
3 179
3 192
3 194
3 197
4 11
4 12
4 18
4 24
4 28
4 41
4 52
4 56
4 70
4 76
4 79
4 81
4 82
4 96
4 97
4 98
4 101
4 113
4 125
4 132
4 133
4 138
4 143
4 146
4 154
4 164
4 166
4 168
4 169
4 181
4 190
4 193
4 196
5 14
5 18
5 19
5 31
5 34
5 35
5 43
5 44
5 66
5 71
5 83
5 89
5 90
5 95
5 99
5 101
5 112
5 123
5 125
5 136
5 138
5 139
5 150
5 159
5 163
5 165
5 168
5 175
5 177
5 184
5 187
6 8
6 12
6 14
6 15
6 17
6 19
6 23
6 32
6 33
6 35
6 37
6 38
6 39
6 42
6 48
6 51
6 55
6 61
6 68
6 69
6 71
6 77
6 81
6 88
6 89
6 101
6 103
6 108
6 128
6 129
6 136
6 154
6 160
6 162
6 164
6 166
6 179
6 182
6 184
6 186
6 188
6 189
6 192
6 193
6 194
6 197
6 198
7 8
7 10
7 11
7 16
7 25
7 27
7 30
7 36
7 42
7 43
7 46
7 48
7 54
7 66
7 71
7 79
7 81
7 84
7 86
7 87
7 91
7 95
7 100
7 102
7 108
7 112
7 118
7 120
7 125
7 137
7 149
7 161
7 168
7 171
7 178
7 186
7 192
7 193
7 198
8 12
8 19
8 27
8 29
8 30
8 32
8 39
8 43
8 44
8 49
8 52
8 55
8 60
8 66
8 71
8 85
8 96
8 103
8 105
8 106
8 109
8 114
8 118
8 125
8 129
8 135
8 145
8 154
8 155
8 158
8 163
8 165
8 166
8 172
8 176
8 179
8 180
8 194
8 196
9 10
9 13
9 18
9 19
9 20
9 24
9 25
9 36
9 37
9 42
9 47
9 49
9 50
9 52
9 57
9 65
9 66
9 78
9 82
9 87
9 91
9 92
9 94
9 100
9 103
9 105
9 106
9 107
9 124
9 139
9 149
9 150
9 151
9 157
9 163
9 173
9 180
9 185
9 192
9 196
10 15
10 17
10 22
10 28
10 34
10 47
10 57
10 58
10 73
10 86
10 91
10 92
10 98
10 103
10 104
10 127
10 131
10 134
10 136
10 138
10 141
10 148
10 153
10 158
10 174
10 176
10 196
10 198
11 16
11 17
11 18
11 19
11 24
11 31
11 33
11 38
11 43
11 49
11 51
11 52
11 55
11 57
11 72
11 73
11 76
11 78
11 81
11 82
11 98
11 100
11 103
11 106
11 110
11 113
11 119
11 120
11 125
11 127
11 130
11 139
11 140
11 146
11 148
11 150
11 152
11 154
11 161
11 168
11 174
11 177
11 179
11 180
11 195
11 196
11 197
11 198
12 21
12 22
12 32
12 33
12 37
12 42
12 43
12 46
12 50
12 54
12 57
12 61
12 63
12 70
12 75
12 80
12 87
12 88
12 89
12 97
12 101
12 102
12 115
12 122
12 123
12 126
12 159
12 160
12 161
12 167
12 172
12 175
12 187
12 191
12 193
13 23
13 29
13 36
13 38
13 40
13 46
13 50
13 52
13 65
13 76
13 79
13 88
13 90
13 91
13 94
13 103
13 114
13 124
13 133
13 135
13 153
13 157
13 158
13 164
13 165
13 167
13 175
13 182
13 190
13 193
14 15
14 19
14 39
14 52
14 54
14 63
14 67
14 81
14 89
14 96
14 107
14 108
14 111
14 115
14 123
14 127
14 128
14 131
14 136
14 138
14 144
14 145
14 148
14 151
14 152
14 154
14 163
14 169
14 173
14 174
14 182
14 198
15 25
15 30
15 35
15 38
15 41
15 46
15 52
15 56
15 57
15 74
15 75
15 78
15 80
15 81
15 82
15 88
15 89
15 91
15 98
15 99
15 102
15 103
15 105
15 108
15 111
15 113
15 116
15 124
15 133
15 140
15 153
15 172
15 177
15 178
15 183
15 190
15 198
15 199
16 21
16 27
16 32
16 39
16 44
16 46
16 49
16 51
16 53
16 58
16 59
16 60
16 70
16 74
16 75
16 86
16 100
16 106
16 107
16 110
16 111
16 116
16 119
16 120
16 153
16 160
16 166
16 169
16 171
16 172
16 176
16 178
16 184
16 187
16 188
17 18
17 19
17 21
17 27
17 45
17 48
17 49
17 53
17 57
17 58
17 66
17 67
17 72
17 74
17 79
17 90
17 94
17 107
17 118
17 119
17 123
17 129
17 130
17 131
17 137
17 139
17 145
17 147
17 149
17 151
17 154
17 156
17 158
17 161
17 165
17 166
17 167
17 181
17 186
17 190
18 22
18 23
18 33
18 36
18 43
18 46
18 48
18 51
18 52
18 54
18 59
18 61
18 62
18 63
18 84
18 89
18 94
18 102
18 104
18 106
18 110
18 120
18 129
18 130
18 133
18 135
18 143
18 147
18 152
18 159
18 160
18 165
18 167
18 169
18 179
18 182
18 187
18 188
18 189
18 192
18 196
19 20
19 21
19 24
19 25
19 27
19 41
19 47
19 51
19 52
19 71
19 75
19 76
19 77
19 82
19 91
19 98
19 102
19 103
19 105
19 106
19 115
19 117
19 130
19 131
19 132
19 134
19 139
19 140
19 145
19 148
19 151
19 152
19 161
19 166
19 178
19 180
19 183
19 187
19 188
19 194
19 195
20 21
20 22
20 23
20 32
20 42
20 44
20 46
20 48
20 51
20 52
20 60
20 62
20 65
20 99
20 109
20 113
20 119
20 121
20 132
20 134
20 152
20 153
20 157
20 163
20 164
20 168
20 172
20 177
20 178
20 193
21 26
21 27
21 41
21 47
21 53
21 56
21 61
21 70
21 72
21 78
21 88
21 89
21 92
21 96
21 112
21 113
21 116
21 117
21 122
21 127
21 132
21 141
21 147
21 166
21 169
21 175
21 178
21 181
21 183
21 184
21 194
22 25
22 27
22 31
22 52
22 54
22 58
22 59
22 60
22 63
22 71
22 78
22 104
22 111
22 118
22 121
22 129
22 132
22 135
22 147
22 159
22 163
22 165
22 171
22 177
22 179
22 187
22 189
23 30
23 36
23 38
23 39
23 41
23 46
23 59
23 64
23 65
23 67
23 68
23 72
23 78
23 85
23 93
23 100
23 105
23 107
23 108
23 112
23 119
23 123
23 124
23 129
23 132
23 133
23 148
23 150
23 152
23 158
23 165
23 168
23 177
23 189
23 194
23 199
24 25
24 27
24 29
24 32
24 55
24 59
24 63
24 64
24 67
24 76
24 79
24 84
24 86
24 88
24 90
24 92
24 96
24 111
24 119
24 122
24 132
24 135
24 136
24 148
24 149
24 165
24 171
24 175
24 180
24 188
24 190
25 26
25 27
25 36
25 38
25 58
25 74
25 75
25 78
25 82
25 87
25 88
25 92
25 94
25 98
25 102
25 106
25 114
25 116
25 122
25 124
25 144
25 149
25 153
25 158
25 163
25 181
25 184
25 191
25 193
25 194
26 32
26 41
26 51
26 53
26 57
26 60
26 65
26 78
26 83
26 92
26 97
26 107
26 114
26 118
26 125
26 129
26 131
26 132
26 143
26 148
26 149
26 152
26 153
26 166
26 173
26 176
26 186
26 189
26 191
26 195
26 199
27 33
27 34
27 35
27 42
27 43
27 46
27 48
27 50
27 52
27 54
27 61
27 64
27 69
27 73
27 82
27 83
27 84
27 88
27 89
27 91
27 93
27 97
27 101
27 110
27 113
27 114
27 115
27 119
27 123
27 126
27 128
27 133
27 136
27 153
27 154
27 159
27 160
27 169
27 173
27 189
27 192
27 197
28 42
28 47
28 54
28 60
28 65
28 67
28 69
28 80
28 81
28 87
28 98
28 107
28 110
28 122
28 125
28 146
28 147
28 148
28 152
28 178
28 179
29 34
29 36
29 40
29 45
29 48
29 52
29 55
29 56
29 64
29 65
29 66
29 71
29 80
29 84
29 88
29 89
29 92
29 96
29 97
29 107
29 112
29 113
29 122
29 128
29 130
29 131
29 135
29 136
29 144
29 148
29 151
29 158
29 162
29 165
29 169
29 182
29 186
29 190
29 193
29 197
30 32
30 37
30 40
30 41
30 42
30 60
30 67
30 69
30 70
30 73
30 76
30 80
30 83
30 91
30 92
30 95
30 111
30 119
30 121
30 129
30 134
30 144
30 146
30 150
30 154
30 163
30 166
30 167
30 169
30 172
30 173
30 178
30 194
30 197
30 198
30 199
31 39
31 44
31 48
31 51
31 52
31 55
31 57
31 61
31 65
31 73
31 77
31 78
31 82
31 83
31 84
31 85
31 101
31 110
31 113
31 114
31 120
31 122
31 124
31 126
31 133
31 135
31 136
31 138
31 147
31 151
31 159
31 160
31 161
31 166
31 176
31 191
31 192
31 196
32 36
32 38
32 51
32 53
32 57
32 58
32 59
32 64
32 69
32 71
32 80
32 85
32 87
32 88
32 90
32 91
32 94
32 95
32 101
32 102
32 107
32 108
32 112
32 113
32 118
32 136
32 141
32 144
32 148
32 149
32 153
32 157
32 158
32 160
32 167
32 188
32 197
33 35
33 45
33 46
33 53
33 55
33 58
33 63
33 64
33 69
33 76
33 79
33 81
33 82
33 87
33 88
33 93
33 97
33 100
33 105
33 107
33 108
33 113
33 116
33 126
33 127
33 130
33 131
33 133
33 149
33 150
33 154
33 157
33 160
33 166
33 174
33 175
33 176
33 178
33 184
33 197
33 198
33 199
34 40
34 66
34 72
34 73
34 77
34 78
34 81
34 95
34 108
34 111
34 112
34 117
34 132
34 134
34 139
34 140
34 143
34 148
34 149
34 151
34 152
34 157
34 165
34 174
34 176
34 179
34 180
34 181
34 183
34 187
34 193
34 195
35 39
35 52
35 53
35 54
35 55
35 62
35 67
35 73
35 77
35 79
35 95
35 97
35 101
35 107
35 112
35 124
35 133
35 136
35 138
35 139
35 140
35 155
35 159
35 160
35 162
35 163
35 171
35 172
35 174
35 177
35 179
35 180
35 182
35 185
35 191
35 195
36 45
36 46
36 48
36 58
36 59
36 60
36 65
36 68
36 69
36 79
36 82
36 94
36 97
36 98
36 99
36 108
36 123
36 127
36 135
36 149
36 150
36 156
36 159
36 166
36 192
36 195
36 197
37 44
37 49
37 51
37 57
37 66
37 67
37 69
37 70
37 72
37 78
37 94
37 104
37 109
37 116
37 117
37 119
37 128
37 130
37 133
37 146
37 156
37 158
37 159
37 162
37 165
37 176
37 177
37 178
37 188
37 195
37 198
38 40
38 46
38 50
38 62
38 64
38 71
38 76
38 79
38 81
38 83
38 85
38 90
38 96
38 97
38 98
38 103
38 110
38 117
38 124
38 128
38 138
38 145
38 146
38 157
38 160
38 163
38 169
38 170
38 171
38 172
38 177
38 180
38 181
38 183
38 184
38 193
38 197
38 198
39 41
39 52
39 56
39 73
39 76
39 82
39 88
39 90
39 91
39 93
39 95
39 104
39 107
39 108
39 113
39 131
39 132
39 137
39 140
39 144
39 157
39 161
39 172
39 174
39 179
39 185
39 186
39 198
39 199
40 44
40 53
40 55
40 62
40 66
40 77
40 96
40 98
40 100
40 110
40 122
40 142
40 143
40 146
40 163
40 164
40 166
40 168
40 173
40 177
40 179
40 181
40 187
40 188
40 195
40 199
41 46
41 49
41 63
41 67
41 73
41 80
41 86
41 90
41 94
41 96
41 100
41 102
41 117
41 125
41 134
41 144
41 147
41 151
41 152
41 178
41 181
41 184
41 192
41 197
42 46
42 53
42 56
42 64
42 68
42 74
42 82
42 89
42 92
42 97
42 98
42 105
42 108
42 112
42 115
42 121
42 122
42 131
42 133
42 134
42 139
42 143
42 144
42 146
42 156
42 161
42 168
42 175
42 179
42 188
42 191
42 193
42 194
43 56
43 60
43 63
43 65
43 69
43 72
43 73
43 76
43 78
43 81
43 91
43 92
43 93
43 97
43 98
43 99
43 109
43 112
43 114
43 116
43 117
43 120
43 124
43 125
43 128
43 133
43 134
43 141
43 148
43 149
43 150
43 167
43 170
43 180
43 182
43 184
43 185
43 192
43 198
44 53
44 56
44 67
44 70
44 72
44 77
44 85
44 90
44 97
44 98
44 102
44 117
44 122
44 129
44 137
44 139
44 141
44 145
44 146
44 151
44 158
44 165
44 173
44 178
44 179
44 186
44 197
44 198
45 49
45 58
45 64
45 68
45 69
45 77
45 84
45 91
45 96
45 99
45 101
45 119
45 131
45 139
45 140
45 141
45 149
45 150
45 158
45 161
45 174
45 178
45 182
45 185
45 188
45 189
45 194
45 198
46 48
46 52
46 69
46 75
46 76
46 77
46 82
46 85
46 97
46 99
46 103
46 105
46 108
46 124
46 131
46 138
46 142
46 153
46 162
46 164
46 168
46 178
46 183
46 188
46 191
46 197
47 50
47 55
47 56
47 57
47 59
47 60
47 65
47 73
47 75
47 82
47 83
47 91
47 105
47 106
47 121
47 123
47 143
47 146
47 151
47 153
47 165
47 166
47 169
47 175
47 178
47 189
47 196
47 198
48 59
48 61
48 63
48 69
48 73
48 74
48 87
48 90
48 95
48 96
48 100
48 107
48 108
48 111
48 112
48 114
48 120
48 123
48 129
48 140
48 148
48 157
48 165
48 177
48 184
48 189
48 191
48 193
48 196
49 57
49 59
49 62
49 70
49 78
49 87
49 93
49 95
49 102
49 103
49 108
49 113
49 115
49 120
49 134
49 139
49 167
49 179
49 189
50 52
50 65
50 68
50 74
50 76
50 95
50 101
50 102
50 103
50 105
50 106
50 108
50 111
50 122
50 128
50 155
50 156
50 163
50 164
50 165
50 169
50 177
50 182
50 185
50 188
50 190
51 53
51 58
51 66
51 71
51 75
51 94
51 96
51 98
51 103
51 104
51 106
51 108
51 109
51 111
51 121
51 141
51 155
51 160
51 166
51 168
51 180
51 183
51 184
51 188
51 193
51 195
52 54
52 57
52 60
52 64
52 66
52 68
52 69
52 70
52 74
52 77
52 82
52 95
52 96
52 98
52 103
52 104
52 106
52 110
52 113
52 115
52 118
52 123
52 125
52 132
52 137
52 149
52 154
52 155
52 172
52 174
52 182
52 183
52 184
52 186
52 196
52 198
53 58
53 61
53 63
53 83
53 87
53 92
53 95
53 104
53 119
53 120
53 123
53 126
53 132
53 135
53 141
53 149
53 156
53 160
53 161
53 164
53 165
53 167
53 179
53 180
53 181
53 184
53 186
53 188
53 193
53 197
53 199
54 57
54 64
54 65
54 67
54 70
54 72
54 74
54 78
54 81
54 85
54 86
54 87
54 90
54 91
54 92
54 95
54 100
54 107
54 112
54 124
54 128
54 132
54 141
54 143
54 145
54 147
54 165
54 166
54 169
54 171
54 183
54 184
54 188
54 191
54 193
54 195
54 197
54 198
55 75
55 83
55 90
55 96
55 110
55 115
55 119
55 127
55 131
55 137
55 144
55 149
55 150
55 151
55 152
55 153
55 155
55 159
55 161
55 167
55 173
55 189
55 195
56 61
56 70
56 76
56 80
56 82
56 88
56 90
56 91
56 95
56 101
56 105
56 109
56 111
56 115
56 117
56 120
56 131
56 133
56 163
56 165
56 170
56 179
56 181
56 183
56 184
57 63
57 67
57 70
57 76
57 77
57 87
57 93
57 95
57 96
57 105
57 107
57 125
57 127
57 133
57 145
57 147
57 149
57 150
57 159
57 160
57 163
57 164
57 166
57 169
57 178
57 179
57 192
57 194
57 197
58 59
58 61
58 68
58 75
58 79
58 86
58 89
58 93
58 94
58 98
58 100
58 105
58 109
58 114
58 117
58 118
58 122
58 124
58 127
58 131
58 140
58 142
58 143
58 145
58 147
58 150
58 152
58 157
58 158
58 164
58 174
58 180
58 186
58 187
58 191
58 192
58 199
59 62
59 64
59 71
59 82
59 95
59 104
59 115
59 124
59 126
59 129
59 147
59 153
59 162
59 170
59 182
59 184
59 186
59 189
59 194
59 198
60 61
60 62
60 63
60 65
60 77
60 89
60 96
60 98
60 108
60 112
60 117
60 120
60 125
60 133
60 138
60 141
60 143
60 145
60 147
60 153
60 154
60 156
60 166
60 169
60 173
60 174
60 178
60 184
60 187
60 193
60 194
61 63
61 64
61 67
61 78
61 84
61 85
61 87
61 88
61 90
61 100
61 111
61 114
61 117
61 120
61 137
61 138
61 147
61 154
61 156
61 162
61 168
61 169
61 171
61 184
61 185
61 187
61 190
61 191
61 194
61 196
62 63
62 64
62 65
62 66
62 70
62 71
62 75
62 77
62 93
62 95
62 96
62 97
62 98
62 101
62 106
62 110
62 113
62 120
62 132
62 137
62 138
62 143
62 145
62 149
62 150
62 166
62 177
62 181
62 192
62 197
63 84
63 85
63 90
63 91
63 97
63 102
63 104
63 108
63 127
63 138
63 140
63 142
63 146
63 151
63 152
63 181
63 186
63 196
63 197
64 69
64 73
64 75
64 78
64 80
64 84
64 85
64 104
64 108
64 119
64 124
64 125
64 133
64 138
64 139
64 143
64 144
64 146
64 148
64 151
64 153
64 156
64 157
64 164
64 179
64 181
64 190
64 192
65 66
65 76
65 101
65 103
65 110
65 111
65 115
65 132
65 133
65 135
65 140
65 148
65 150
65 156
65 160
65 164
65 172
65 185
65 186
65 187
65 190
65 193
66 68
66 78
66 82
66 85
66 91
66 94
66 95
66 97
66 101
66 104
66 116
66 118
66 121
66 129
66 131
66 139
66 153
66 158
66 160
66 164
66 172
66 174
66 177
66 180
66 183
66 190
66 197
67 70
67 78
67 81
67 84
67 86
67 93
67 111
67 131
67 136
67 137
67 140
67 150
67 162
67 190
67 193
68 81
68 83
68 87
68 89
68 98
68 100
68 101
68 112
68 128
68 142
68 144
68 147
68 148
68 151
68 157
68 163
68 176
68 182
68 192
68 193
68 195
68 197
69 72
69 74
69 81
69 83
69 88
69 89
69 94
69 96
69 99
69 109
69 117
69 119
69 120
69 121
69 122
69 127
69 138
69 145
69 147
69 151
69 152
69 153
69 157
69 160
69 181
69 183
69 192
69 194
70 79
70 80
70 84
70 85
70 87
70 89
70 90
70 91
70 97
70 100
70 102
70 103
70 104
70 106
70 109
70 113
70 120
70 131
70 137
70 138
70 140
70 142
70 143
70 145
70 147
70 148
70 152
70 161
70 166
70 177
70 179
70 187
70 192
71 72
71 74
71 75
71 77
71 78
71 83
71 88
71 91
71 95
71 99
71 102
71 106
71 113
71 119
71 121
71 124
71 127
71 128
71 139
71 146
71 156
71 163
71 167
71 171
71 176
71 178
71 182
71 185
71 187
71 192
71 194
71 195
72 78
72 79
72 84
72 85
72 90
72 91
72 93
72 99
72 109
72 112
72 129
72 139
72 147
72 152
72 160
72 164
72 167
72 169
72 190
72 195
72 198
73 92
73 94
73 95
73 98
73 99
73 102
73 105
73 106
73 107
73 116
73 122
73 127
73 128
73 129
73 131
73 133
73 137
73 141
73 142
73 143
73 147
73 152
73 154
73 162
73 163
73 167
73 175
73 177
73 178
73 179
73 180
73 187
73 193
74 77
74 90
74 94
74 98
74 102
74 115
74 116
74 123
74 129
74 133
74 142
74 147
74 150
74 153
74 165
74 174
74 175
74 177
74 191
74 193
74 195
74 197
74 198
75 86
75 93
75 96
75 132
75 134
75 135
75 137
75 143
75 146
75 150
75 151
75 152
75 153
75 166
75 174
75 180
75 185
75 186
75 189
75 191
75 193
75 198
76 85
76 90
76 91
76 96
76 99
76 102
76 104
76 105
76 111
76 113
76 120
76 131
76 132
76 136
76 147
76 153
76 156
76 161
76 162
76 165
76 167
76 170
76 178
76 187
76 189
76 194
76 195
76 197
77 85
77 86
77 105
77 109
77 111
77 116
77 117
77 118
77 130
77 132
77 135
77 139
77 140
77 149
77 150
77 170
77 182
77 183
77 185
77 186
77 187
77 189
77 198
78 100
78 109
78 115
78 116
78 119
78 120
78 131
78 135
78 137
78 139
78 140
78 141
78 150
78 153
78 157
78 163
78 165
78 170
78 173
78 176
78 178
78 179
78 187
78 188
78 193
78 197
79 92
79 94
79 97
79 99
79 101
79 102
79 103
79 106
79 108
79 116
79 117
79 122
79 131
79 132
79 136
79 141
79 145
79 146
79 147
79 148
79 158
79 163
79 166
79 173
79 175
79 193
79 197
79 198
80 90
80 94
80 98
80 102
80 104
80 123
80 127
80 133
80 146
80 155
80 164
80 166
80 171
80 174
80 175
80 187
80 190
80 192
80 194
80 198
81 92
81 93
81 99
81 100
81 103
81 104
81 105
81 106
81 109
81 112
81 121
81 124
81 125
81 126
81 131
81 134
81 135
81 143
81 144
81 146
81 153
81 160
81 162
81 165
81 171
81 178
81 190
81 195
82 85
82 87
82 89
82 97
82 102
82 115
82 119
82 121
82 124
82 132
82 136
82 144
82 151
82 155
82 172
82 184
82 188
82 192
82 193
82 196
83 88
83 100
83 109
83 115
83 117
83 121
83 122
83 132
83 135
83 141
83 143
83 144
83 154
83 155
83 156
83 158
83 159
83 162
83 175
83 177
83 178
83 185
83 191
83 193
83 194
83 196
84 94
84 96
84 97
84 103
84 104
84 108
84 121
84 135
84 140
84 146
84 147
84 150
84 154
84 156
84 160
84 161
84 164
84 165
84 171
84 175
84 177
84 179
84 184
84 189
84 194
84 197
85 89
85 100
85 102
85 108
85 109
85 117
85 120
85 121
85 129
85 134
85 144
85 146
85 148
85 151
85 152
85 153
85 154
85 155
85 171
85 172
85 174
85 183
86 89
86 94
86 100
86 101
86 102
86 110
86 115
86 117
86 118
86 120
86 124
86 128
86 136
86 141
86 147
86 150
86 152
86 172
86 180
86 192
86 199
87 89
87 91
87 94
87 97
87 99
87 113
87 116
87 124
87 125
87 126
87 127
87 128
87 133
87 134
87 142
87 143
87 147
87 151
87 154
87 157
87 158
87 165
87 170
87 192
88 98
88 100
88 103
88 107
88 109
88 111
88 114
88 116
88 119
88 128
88 129
88 133
88 134
88 140
88 154
88 156
88 157
88 165
88 171
88 174
88 175
88 183
88 186
88 189
88 195
88 199
89 91
89 95
89 97
89 99
89 103
89 104
89 106
89 121
89 122
89 130
89 141
89 142
89 144
89 150
89 151
89 155
89 159
89 167
89 169
89 173
89 181
89 183
89 185
89 197
90 112
90 113
90 123
90 127
90 129
90 132
90 136
90 141
90 142
90 150
90 159
90 164
90 166
90 170
90 171
90 177
90 182
90 185
90 187
90 197
91 96
91 98
91 103
91 111
91 124
91 127
91 129
91 134
91 155
91 158
91 161
91 164
91 168
91 169
91 176
91 183
91 188
91 190
91 196
92 96
92 97
92 99
92 111
92 116
92 121
92 124
92 125
92 132
92 133
92 146
92 147
92 153
92 154
92 162
92 164
92 165
92 166
92 171
92 172
92 174
92 176
92 182
92 184
92 193
93 97
93 102
93 106
93 110
93 124
93 132
93 135
93 158
93 159
93 162
93 170
93 193
93 195
93 199
94 98
94 102
94 107
94 109
94 113
94 115
94 116
94 121
94 123
94 127
94 139
94 140
94 158
94 160
94 169
94 194
95 100
95 107
95 113
95 115
95 135
95 156
95 164
95 168
95 171
95 182
95 193
95 196
96 104
96 110
96 114
96 123
96 124
96 125
96 127
96 128
96 132
96 137
96 142
96 158
96 160
96 162
96 172
96 176
96 179
96 187
96 191
96 194
96 195
96 198
96 199
97 101
97 102
97 117
97 120
97 137
97 141
97 142
97 145
97 146
97 149
97 158
97 159
97 170
97 176
97 178
97 189
97 194
98 103
98 106
98 109
98 115
98 122
98 128
98 136
98 138
98 139
98 142
98 145
98 149
98 164
98 167
98 177
98 186
98 190
98 193
98 199
99 107
99 109
99 111
99 124
99 129
99 135
99 139
99 146
99 148
99 158
99 161
99 166
99 168
99 172
99 173
99 176
99 177
99 191
99 192
99 193
99 196
99 199
100 103
100 105
100 121
100 123
100 127
100 128
100 140
100 141
100 144
100 150
100 153
100 162
100 164
100 168
100 180
100 187
100 188
100 193
100 195
100 197
101 102
101 106
101 113
101 115
101 121
101 123
101 131
101 132
101 136
101 141
101 149
101 151
101 155
101 161
101 163
101 167
101 170
101 171
101 175
101 181
101 183
101 188
101 191
101 193
101 197
102 115
102 119
102 127
102 130
102 134
102 136
102 138
102 139
102 140
102 142
102 144
102 145
102 146
102 156
102 160
102 167
102 169
102 184
102 186
102 191
102 192
102 195
102 197
102 199
103 104
103 105
103 110
103 113
103 122
103 125
103 129
103 148
103 150
103 155
104 107
104 108
104 110
104 116
104 118
104 120
104 124
104 126
104 127
104 131
104 137
104 138
104 140
104 148
104 158
104 162
104 185
104 189
104 190
104 191
104 195
105 107
105 118
105 129
105 132
105 134
105 141
105 144
105 145
105 151
105 155
105 158
105 163
105 169
105 176
105 180
105 183
105 184
105 197
106 117
106 122
106 124
106 127
106 135
106 136
106 139
106 140
106 145
106 148
106 154
106 158
106 162
106 167
106 169
106 172
106 174
106 182
106 184
106 186
106 193
106 197
106 199
107 114
107 128
107 134
107 141
107 155
107 156
107 158
107 159
107 160
107 166
107 171
107 181
107 187
107 198
107 199
108 109
108 113
108 114
108 117
108 130
108 137
108 138
108 139
108 142
108 143
108 151
108 158
108 159
108 167
108 171
108 175
108 181
108 182
108 192
109 111
109 114
109 115
109 128
109 133
109 134
109 146
109 150
109 151
109 155
109 157
109 158
109 164
109 165
109 173
109 177
109 178
109 179
109 180
109 181
109 189
110 119
110 122
110 124
110 125
110 143
110 144
110 158
110 164
110 169
110 180
110 182
110 183
110 191
110 193
110 195
110 197
111 118
111 127
111 134
111 135
111 140
111 144
111 152
111 156
111 159
111 160
111 162
111 168
111 169
111 192
111 193
111 195
112 113
112 128
112 132
112 137
112 142
112 145
112 153
112 157
112 160
112 169
112 178
112 187
112 195
113 122
113 124
113 127
113 128
113 129
113 134
113 136
113 140
113 146
113 153
113 179
113 183
113 186
113 187
113 192
113 198
114 126
114 127
114 133
114 144
114 160
114 169
114 170
114 173
114 181
114 182
114 190
114 196
114 197
115 121
115 123
115 127
115 134
115 139
115 141
115 147
115 149
115 154
115 162
115 179
115 183
115 184
115 189
115 195
116 123
116 128
116 129
116 131
116 135
116 137
116 141
116 144
116 145
116 150
116 151
116 159
116 162
116 163
116 173
116 175
116 180
116 188
116 198
117 129
117 137
117 141
117 149
117 161
117 162
117 163
117 165
117 173
117 174
117 195
117 198
117 199
118 133
118 145
118 149
118 153
118 155
118 160
118 167
118 172
118 175
118 180
118 184
118 191
118 194
118 197
119 127
119 134
119 144
119 147
119 151
119 155
119 156
119 158
119 160
119 172
119 174
119 182
119 183
119 188
119 189
119 195
119 196
120 124
120 127
120 134
120 139
120 154
120 158
120 160
120 161
120 167
120 169
120 181
120 190
120 198
121 124
121 125
121 126
121 133
121 134
121 135
121 136
121 137
121 156
121 159
121 160
121 167
121 172
121 174
121 181
121 182
121 188
121 193
121 195
122 123
122 129
122 140
122 144
122 146
122 147
122 156
122 162
122 164
122 172
122 177
122 183
122 186
122 187
122 194
123 124
123 128
123 132
123 133
123 134
123 135
123 138
123 139
123 140
123 147
123 163
123 164
123 168
123 170
123 178
123 182
123 188
123 196
124 125
124 130
124 135
124 160
124 171
124 174
124 179
124 189
124 190
124 191
125 128
125 129
125 141
125 144
125 146
125 155
125 161
125 162
125 164
125 165
125 176
125 178
125 181
125 183
125 188
125 190
125 192
126 128
126 129
126 137
126 138
126 140
126 141
126 146
126 157
126 166
126 169
126 178
126 183
126 184
126 190
126 192
127 139
127 144
127 147
127 152
127 157
127 164
127 165
127 174
127 177
127 180
127 184
127 185
127 186
127 188
127 189
127 190
127 193
128 129
128 130
128 134
128 139
128 142
128 151
128 156
128 157
128 166
128 171
128 174
128 178
128 179
128 180
128 181
128 182
128 185
128 187
128 189
128 194
128 195
128 197
129 132
129 133
129 134
129 136
129 140
129 141
129 144
129 146
129 151
129 153
129 154
129 156
129 172
129 178
129 189
129 191
129 192
129 197
129 198
130 133
130 150
130 161
130 162
130 164
130 165
130 166
130 178
130 179
130 184
130 192
130 197
130 199
131 135
131 136
131 137
131 141
131 143
131 157
131 162
131 163
131 164
131 172
131 173
131 175
131 179
131 185
131 191
131 192
131 195
132 134
132 136
132 165
132 175
132 179
132 196
133 135
133 137
133 139
133 148
133 151
133 154
133 157
133 158
133 174
133 176
133 177
133 183
133 188
133 189
133 193
133 196
133 199
134 139
134 144
134 147
134 160
134 162
134 163
134 164
134 170
134 174
134 178
134 184
134 191
134 192
134 193
134 199
135 143
135 158
135 161
135 164
135 166
135 189
135 192
136 137
136 139
136 145
136 150
136 159
136 160
136 174
136 175
136 180
136 181
136 184
136 194
136 195
137 150
137 159
137 161
137 174
137 175
137 176
137 184
137 188
137 194
137 198
138 141
138 150
138 152
138 157
138 159
138 165
138 168
138 176
138 178
138 180
138 192
138 194
139 146
139 150
139 151
139 159
139 160
139 163
139 173
139 180
139 184
139 186
139 191
139 198
139 199
140 151
140 153
140 156
140 160
140 167
140 168
140 173
140 175
140 180
140 183
140 186
140 192
140 194
140 198
141 152
141 160
141 169
141 172
141 182
141 185
141 191
141 192
141 199
142 145
142 147
142 148
142 149
142 150
142 151
142 156
142 161
142 162
142 165
142 166
142 179
142 185
142 188
142 193
142 194
142 198
143 144
143 145
143 150
143 169
143 175
143 177
143 185
144 157
144 159
144 161
144 168
144 169
145 148
145 150
145 153
145 178
145 185
145 186
145 190
145 191
145 195
145 199
146 155
146 156
146 157
146 159
146 165
146 177
146 184
146 189
146 192
146 197
146 199
147 152
147 166
147 170
147 178
147 179
147 187
147 188
147 190
147 194
148 153
148 154
148 166
148 175
148 181
148 183
148 198
148 199
149 150
149 155
149 159
149 166
149 184
149 187
149 190
149 195
150 153
150 154
150 156
150 162
150 165
150 166
150 168
150 179
150 186
150 189
150 190
150 197
150 198
151 159
151 161
151 172
151 179
151 187
151 191
151 195
152 155
152 157
152 161
152 170
152 175
152 179
152 180
152 182
152 186
153 156
153 158
153 160
153 162
153 164
153 167
153 168
153 171
153 180
153 186
153 193
153 195
154 155
154 157
154 160
154 161
154 163
154 167
154 179
154 182
154 185
154 187
155 171
155 173
155 175
155 177
155 183
155 187
155 189
155 192
156 162
156 163
156 167
156 179
156 188
156 189
156 197
156 198
157 164
157 165
157 166
157 183
157 192
158 173
158 176
158 181
158 187
158 193
159 162
159 167
159 175
159 188
159 189
159 192
160 170
160 182
160 183
160 186
160 190
160 193
160 197
161 169
161 176
161 178
161 180
161 187
161 192
161 193
161 194
162 166
162 173
162 174
162 193
162 199
163 164
163 178
163 179
163 183
163 186
163 192
163 196
163 198
163 199
164 165
164 167
164 187
164 190
164 191
164 197
165 166
165 169
165 171
165 175
165 176
165 183
165 187
165 190
165 193
165 194
166 167
166 170
166 171
166 174
166 182
166 184
166 185
166 188
166 191
166 195
166 197
167 169
167 173
167 174
167 184
167 188
168 174
168 176
168 186
168 191
168 192
168 196
169 173
169 185
169 190
169 195
169 198
170 178
170 181
170 189
170 191
170 193
170 196
171 178
171 180
171 184
171 188
171 192
171 194
171 196
172 176
172 177
172 182
172 185
172 189
172 192
172 195
173 176
173 177
173 178
173 181
173 183
173 195
174 190
175 180
175 185
175 188
175 191
175 194
175 196
176 180
176 185
176 187
176 190
176 192
177 179
177 182
177 191
177 192
178 181
178 183
178 186
178 188
179 183
179 184
179 187
179 191
180 182
180 185
180 186
180 188
180 189
180 193
180 194
180 198
181 185
181 186
181 189
181 193
182 184
182 185
182 198
183 186
183 191
183 195
183 199
184 188
184 195
184 198
184 199
185 191
185 194
185 196
187 190
187 192
187 199
188 195
188 197
189 192
189 193
189 194
189 199
190 193
192 195
192 197
192 198
194 199
195 199
196 199
197 199
120 79 97 47 140 125 17 83 126 86 46 182 161 170 60 33 58 75 14 61
50 111 137 179 49 192 52 172 138 59 178 162 163 135 122 112 24 144 108 109
169 55 168 196 67 93 189 123 12 195 110 22 51 80 145 166 160 26 10 142
149 154 181 28 130 150 121 96 134 147 37 174 159 54 11 25 133 32 90 141
119 132 173 100 4 23 117 81 3 56 77 36 89 84 114 74 15 70 31 190
71 6 5 124 68 48 105 153 99 199 197 1 62 87 21 65 118 34 165 101
72 38 88 35 94 116 157 143 148 131 63 91 151 193 76 187 164 29 18 73
113 78 171 27 146 175 45 158 194 198 155 186 64 20 177 103 107 57 188 128
41 104 180 39 9 183 30 13 66 136 156 43 152 53 191 16 139 184 8 106
85 129 44 42 98 69 82 185 40 167 0 92 176 102 2 7 19 115 127 95
