200
7886
7
66
48
11
61
44
34
39
0 1
0 2
0 3
0 4
0 8
0 11
0 15
0 17
0 18
0 22
0 23
0 25
0 26
0 28
0 30
0 34
0 35
0 37
0 44
0 45
0 51
0 53
0 57
0 58
0 60
0 61
0 62
0 63
0 66
0 67
0 69
0 72
0 74
0 75
0 81
0 85
0 86
0 89
0 91
0 92
0 99
0 100
0 102
0 105
0 107
0 108
0 109
0 112
0 113
0 114
0 116
0 120
0 122
0 126
0 127
0 128
0 131
0 132
0 134
0 137
0 142
0 145
0 147
0 149
0 151
0 153
0 156
0 158
0 164
0 167
0 170
0 177
0 181
0 186
0 192
0 193
0 197
0 198
1 2
1 4
1 6
1 10
1 11
1 12
1 15
1 17
1 21
1 22
1 24
1 26
1 29
1 31
1 38
1 39
1 40
1 43
1 44
1 45
1 50
1 52
1 56
1 57
1 60
1 61
1 63
1 65
1 75
1 76
1 84
1 85
1 88
1 89
1 90
1 94
1 98
1 100
1 107
1 114
1 116
1 119
1 123
1 124
1 126
1 127
1 128
1 129
1 133
1 135
1 136
1 139
1 143
1 145
1 146
1 147
1 149
1 151
1 156
1 157
1 159
1 160
1 164
1 166
1 167
1 172
1 175
1 176
1 177
1 183
1 184
1 187
1 189
1 191
1 192
1 193
1 194
1 196
1 197
1 199
2 5
2 6
2 11
2 12
2 16
2 17
2 21
2 25
2 26
2 28
2 31
2 32
2 33
2 34
2 36
2 41
2 49
2 51
2 52
2 54
2 56
2 59
2 60
2 63
2 65
2 70
2 71
2 75
2 76
2 77
2 84
2 88
2 89
2 94
2 96
2 97
2 99
2 100
2 105
2 109
2 110
2 111
2 112
2 113
2 118
2 119
2 121
2 126
2 127
2 130
2 139
2 141
2 147
2 148
2 149
2 150
2 151
2 152
2 160
2 161
2 162
2 166
2 169
2 171
2 172
2 174
2 177
2 178
2 179
2 182
2 184
2 186
2 187
2 188
2 189
2 190
2 191
2 192
2 195
2 198
3 4
3 6
3 8
3 11
3 12
3 13
3 14
3 19
3 20
3 23
3 24
3 26
3 27
3 28
3 29
3 31
3 32
3 34
3 35
3 36
3 38
3 39
3 40
3 41
3 42
3 44
3 46
3 47
3 50
3 53
3 54
3 55
3 58
3 64
3 69
3 71
3 72
3 75
3 76
3 77
3 79
3 84
3 86
3 88
3 91
3 97
3 98
3 100
3 102
3 103
3 105
3 107
3 108
3 112
3 116
3 118
3 122
3 124
3 131
3 132
3 133
3 134
3 136
3 139
3 141
3 149
3 150
3 156
3 157
3 158
3 159
3 160
3 163
3 167
3 169
3 170
3 172
3 173
3 175
3 182
3 187
3 191
3 193
3 194
3 195
3 196
3 199
4 7
4 8
4 9
4 10
4 14
4 15
4 20
4 21
4 23
4 25
4 27
4 28
4 30
4 34
4 41
4 49
4 51
4 54
4 58
4 60
4 64
4 65
4 67
4 70
4 72
4 74
4 75
4 79
4 82
4 83
4 91
4 95
4 96
4 98
4 100
4 101
4 103
4 104
4 106
4 108
4 109
4 110
4 111
4 112
4 113
4 115
4 122
4 125
4 129
4 135
4 136
4 138
4 140
4 142
4 143
4 146
4 147
4 148
4 149
4 150
4 151
4 152
4 154
4 156
4 159
4 164
4 169
4 172
4 176
4 180
4 184
4 185
4 190
4 191
4 192
4 193
4 194
4 195
4 196
4 197
5 12
5 15
5 17
5 19
5 20
5 24
5 25
5 28
5 29
5 31
5 35
5 43
5 46
5 48
5 49
5 53
5 54
5 55
5 56
5 58
5 59
5 60
5 62
5 63
5 64
5 66
5 69
5 73
5 78
5 82
5 83
5 84
5 85
5 88
5 89
5 92
5 98
5 99
5 103
5 104
5 106
5 109
5 111
5 116
5 117
5 119
5 121
5 123
5 125
5 126
5 127
5 132
5 135
5 137
5 139
5 146
5 150
5 154
5 155
5 157
5 158
5 159
5 160
5 161
5 162
5 164
5 165
5 166
5 169
5 174
5 176
5 178
5 181
5 185
5 186
5 194
5 195
5 196
5 197
5 198
6 8
6 9
6 13
6 16
6 17
6 18
6 19
6 22
6 23
6 24
6 27
6 32
6 33
6 35
6 37
6 41
6 46
6 48
6 50
6 52
6 55
6 57
6 63
6 65
6 67
6 68
6 69
6 71
6 75
6 80
6 81
6 82
6 84
6 85
6 88
6 90
6 91
6 93
6 95
6 101
6 102
6 104
6 105
6 106
6 107
6 109
6 110
6 111
6 113
6 114
6 115
6 119
6 120
6 123
6 126
6 129
6 132
6 134
6 137
6 138
6 141
6 143
6 144
6 147
6 148
6 152
6 153
6 156
6 158
6 161
6 163
6 164
6 165
6 168
6 169
6 171
6 173
6 179
6 180
6 183
6 185
6 186
6 194
6 196
6 198
6 199
7 9
7 13
7 15
7 16
7 19
7 21
7 27
7 31
7 33
7 34
7 36
7 38
7 39
7 40
7 41
7 42
7 43
7 47
7 48
7 49
7 50
7 51
7 52
7 54
7 55
7 56
7 64
7 66
7 71
7 72
7 75
7 80
7 84
7 86
7 89
7 94
7 96
7 112
7 114
7 115
7 118
7 121
7 122
7 123
7 126
7 128
7 129
7 133
7 134
7 135
7 136
7 139
7 140
7 142
7 143
7 150
7 152
7 157
7 164
7 165
7 166
7 170
7 171
7 172
7 173
7 174
7 176
7 177
7 178
7 179
7 184
7 185
7 187
7 188
7 192
7 198
7 199
8 9
8 10
8 12
8 13
8 16
8 19
8 24
8 26
8 30
8 34
8 36
8 40
8 42
8 44
8 49
8 52
8 53
8 54
8 56
8 57
8 62
8 66
8 67
8 69
8 72
8 77
8 79
8 82
8 83
8 86
8 91
8 92
8 93
8 94
8 97
8 99
8 100
8 103
8 105
8 108
8 111
8 114
8 117
8 122
8 124
8 126
8 129
8 133
8 134
8 135
8 138
8 139
8 141
8 143
8 150
8 151
8 152
8 154
8 159
8 160
8 162
8 165
8 166
8 169
8 172
8 173
8 174
8 179
8 184
8 185
8 189
8 190
8 193
8 194
8 195
8 198
9 12
9 13
9 21
9 22
9 23
9 25
9 27
9 30
9 32
9 38
9 40
9 41
9 43
9 44
9 50
9 52
9 53
9 58
9 62
9 63
9 65
9 68
9 69
9 70
9 72
9 73
9 75
9 76
9 77
9 87
9 89
9 90
9 91
9 93
9 94
9 95
9 104
9 105
9 110
9 113
9 114
9 116
9 117
9 119
9 120
9 123
9 124
9 126
9 128
9 129
9 130
9 134
9 136
9 138
9 139
9 141
9 143
9 146
9 147
9 148
9 149
9 152
9 153
9 154
9 155
9 156
9 162
9 166
9 168
9 172
9 174
9 178
9 182
9 186
9 189
9 195
9 196
9 199
10 14
10 18
10 19
10 25
10 27
10 29
10 34
10 39
10 41
10 42
10 43
10 47
10 49
10 50
10 53
10 55
10 57
10 60
10 61
10 62
10 64
10 66
10 69
10 75
10 76
10 78
10 80
10 84
10 89
10 90
10 91
10 100
10 101
10 102
10 103
10 104
10 105
10 109
10 110
10 112
10 114
10 116
10 119
10 121
10 122
10 123
10 125
10 126
10 127
10 128
10 132
10 133
10 134
10 135
10 138
10 141
10 146
10 147
10 149
10 152
10 156
10 159
10 161
10 164
10 165
10 166
10 169
10 171
10 172
10 173
10 176
10 179
10 182
10 184
10 186
10 188
10 192
10 196
11 13
11 17
11 18
11 20
11 23
11 27
11 28
11 34
11 35
11 36
11 44
11 45
11 54
11 57
11 58
11 60
11 67
11 70
11 71
11 74
11 75
11 76
11 77
11 78
11 84
11 89
11 90
11 93
11 99
11 100
11 101
11 103
11 104
11 106
11 109
11 110
11 111
11 114
11 115
11 116
11 118
11 119
11 121
11 122
11 123
11 124
11 127
11 128
11 129
11 130
11 132
11 138
11 141
11 142
11 143
11 144
11 145
11 147
11 153
11 159
11 162
11 164
11 167
11 170
11 171
11 172
11 175
11 178
11 180
11 186
11 188
11 191
11 194
11 196
11 197
11 199
12 13
12 15
12 16
12 20
12 21
12 22
12 24
12 27
12 39
12 40
12 45
12 47
12 50
12 54
12 57
12 59
12 62
12 66
12 68
12 71
12 72
12 73
12 75
12 81
12 87
12 90
12 92
12 96
12 97
12 98
12 100
12 105
12 111
12 120
12 122
12 125
12 127
12 129
12 132
12 133
12 135
12 137
12 138
12 140
12 144
12 145
12 146
12 149
12 150
12 152
12 155
12 158
12 163
12 165
12 167
12 171
12 172
12 176
12 180
12 186
12 190
12 192
12 196
12 197
12 199
13 16
13 18
13 21
13 25
13 28
13 29
13 30
13 31
13 32
13 36
13 37
13 38
13 39
13 41
13 43
13 46
13 47
13 48
13 50
13 52
13 53
13 60
13 61
13 65
13 67
13 68
13 69
13 71
13 72
13 78
13 79
13 89
13 90
13 92
13 95
13 98
13 99
13 100
13 102
13 103
13 106
13 107
13 111
13 113
13 117
13 126
13 127
13 128
13 129
13 130
13 138
13 139
13 142
13 144
13 146
13 148
13 149
13 156
13 159
13 161
13 162
13 163
13 164
13 165
13 166
13 167
13 169
13 174
13 175
13 176
13 179
13 180
13 181
13 183
13 188
13 189
13 194
13 195
13 197
14 18
14 24
14 33
14 34
14 36
14 38
14 39
14 44
14 49
14 50
14 51
14 57
14 58
14 59
14 61
14 62
14 64
14 69
14 74
14 76
14 77
14 79
14 84
14 85
14 86
14 87
14 92
14 93
14 94
14 96
14 98
14 102
14 103
14 104
14 107
14 108
14 110
14 111
14 112
14 113
14 115
14 116
14 117
14 119
14 122
14 123
14 124
14 130
14 132
14 135
14 137
14 138
14 139
14 141
14 148
14 149
14 151
14 153
14 154
14 156
14 159
14 163
14 166
14 171
14 175
14 177
14 179
14 181
14 189
14 190
14 191
14 193
14 194
14 197
14 198
15 17
15 18
15 25
15 27
15 35
15 37
15 40
15 41
15 44
15 52
15 65
15 66
15 69
15 71
15 72
15 73
15 77
15 78
15 80
15 81
15 82
15 83
15 86
15 88
15 92
15 93
15 95
15 104
15 105
15 106
15 107
15 115
15 116
15 118
15 122
15 131
15 133
15 134
15 136
15 138
15 139
15 141
15 150
15 151
15 156
15 160
15 163
15 168
15 171
15 172
15 173
15 179
15 181
15 182
15 185
15 188
15 191
15 192
15 198
15 199
16 17
16 18
16 21
16 23
16 24
16 28
16 31
16 32
16 40
16 42
16 44
16 45
16 46
16 47
16 50
16 51
16 53
16 54
16 64
16 65
16 75
16 77
16 81
16 84
16 86
16 88
16 91
16 92
16 95
16 96
16 104
16 105
16 106
16 110
16 114
16 116
16 119
16 120
16 122
16 124
16 125
16 127
16 128
16 130
16 131
16 134
16 135
16 138
16 139
16 142
16 144
16 145
16 146
16 149
16 151
16 153
16 159
16 160
16 162
16 165
16 168
16 169
16 172
16 173
16 176
16 178
16 179
16 184
16 187
16 188
16 189
16 193
16 195
16 197
16 198
16 199
17 18
17 20
17 21
17 23
17 24
17 28
17 30
17 36
17 38
17 44
17 46
17 47
17 50
17 51
17 52
17 56
17 60
17 61
17 64
17 69
17 70
17 73
17 76
17 77
17 79
17 80
17 81
17 83
17 84
17 86
17 89
17 92
17 93
17 96
17 98
17 102
17 104
17 108
17 109
17 110
17 114
17 116
17 117
17 124
17 125
17 128
17 130
17 132
17 134
17 135
17 138
17 139
17 141
17 143
17 147
17 149
17 154
17 155
17 156
17 159
17 161
17 163
17 165
17 180
17 184
17 193
17 195
17 198
17 199
18 30
18 37
18 38
18 40
18 44
18 49
18 55
18 56
18 58
18 63
18 64
18 66
18 69
18 70
18 75
18 76
18 80
18 90
18 91
18 93
18 95
18 99
18 100
18 102
18 104
18 106
18 107
18 108
18 110
18 115
18 116
18 120
18 121
18 122
18 125
18 133
18 134
18 136
18 139
18 148
18 149
18 152
18 155
18 157
18 161
18 168
18 169
18 174
18 175
18 179
18 181
18 185
18 189
18 192
18 196
18 197
18 199
19 20
19 24
19 27
19 28
19 29
19 34
19 41
19 43
19 45
19 50
19 52
19 53
19 58
19 59
19 61
19 62
19 64
19 66
19 67
19 70
19 72
19 73
19 74
19 75
19 78
19 79
19 85
19 88
19 89
19 90
19 103
19 104
19 105
19 108
19 117
19 119
19 120
19 122
19 124
19 127
19 129
19 134
19 136
19 139
19 141
19 142
19 143
19 145
19 149
19 150
19 151
19 154
19 157
19 158
19 159
19 161
19 162
19 164
19 165
19 167
19 169
19 170
19 172
19 177
19 179
19 181
19 184
19 185
19 188
19 191
19 194
19 197
20 21
20 24
20 25
20 27
20 28
20 34
20 41
20 44
20 45
20 46
20 48
20 49
20 50
20 52
20 53
20 54
20 56
20 57
20 60
20 67
20 70
20 75
20 76
20 78
20 79
20 82
20 86
20 87
20 89
20 90
20 92
20 93
20 104
20 107
20 108
20 109
20 110
20 112
20 114
20 116
20 118
20 120
20 121
20 122
20 132
20 134
20 137
20 138
20 139
20 140
20 142
20 144
20 147
20 148
20 150
20 163
20 164
20 169
20 170
20 171
20 172
20 175
20 176
20 178
20 179
20 181
20 182
20 183
20 184
20 187
20 188
20 191
20 198
20 199
21 24
21 25
21 26
21 29
21 31
21 33
21 34
21 36
21 38
21 41
21 43
21 45
21 49
21 50
21 51
21 56
21 57
21 64
21 65
21 66
21 67
21 68
21 69
21 74
21 76
21 84
21 85
21 90
21 91
21 93
21 95
21 98
21 99
21 102
21 108
21 109
21 111
21 115
21 116
21 117
21 121
21 129
21 130
21 131
21 135
21 136
21 139
21 144
21 147
21 149
21 150
21 152
21 153
21 156
21 159
21 160
21 161
21 164
21 165
21 166
21 167
21 168
21 169
21 177
21 178
21 179
21 181
21 183
21 185
21 187
21 188
21 193
21 195
21 197
21 199
22 25
22 29
22 30
22 34
22 37
22 39
22 41
22 42
22 44
22 46
22 51
22 52
22 53
22 54
22 56
22 58
22 59
22 63
22 64
22 71
22 72
22 74
22 81
22 82
22 84
22 85
22 88
22 90
22 91
22 97
22 104
22 106
22 107
22 109
22 110
22 115
22 116
22 117
22 119
22 123
22 125
22 126
22 127
22 129
22 130
22 132
22 133
22 135
22 137
22 141
22 142
22 143
22 146
22 147
22 150
22 151
22 155
22 157
22 160
22 163
22 164
22 165
22 168
22 169
22 172
22 179
22 184
22 185
22 189
22 190
22 191
22 192
22 193
22 194
22 195
23 26
23 29
23 33
23 34
23 35
23 36
23 39
23 40
23 42
23 43
23 46
23 48
23 49
23 51
23 60
23 66
23 68
23 72
23 76
23 77
23 78
23 80
23 82
23 87
23 89
23 91
23 94
23 100
23 101
23 104
23 106
23 107
23 108
23 110
23 111
23 113
23 117
23 119
23 122
23 123
23 132
23 135
23 137
23 138
23 141
23 146
23 147
23 148
23 153
23 155
23 156
23 158
23 164
23 165
23 169
23 171
23 173
23 174
23 181
23 182
23 183
23 184
23 187
23 188
23 192
23 195
24 25
24 28
24 30
24 35
24 36
24 38
24 39
24 40
24 41
24 45
24 46
24 48
24 49
24 52
24 53
24 55
24 58
24 60
24 61
24 62
24 64
24 67
24 70
24 71
24 72
24 73
24 74
24 80
24 81
24 85
24 86
24 87
24 89
24 91
24 93
24 97
24 99
24 103
24 106
24 108
24 109
24 113
24 121
24 122
24 124
24 125
24 130
24 137
24 138
24 143
24 144
24 147
24 148
24 150
24 154
24 155
24 160
24 161
24 162
24 163
24 165
24 169
24 170
24 174
24 176
24 181
24 185
24 186
24 188
24 193
25 31
25 38
25 40
25 43
25 44
25 45
25 46
25 47
25 48
25 52
25 53
25 55
25 57
25 58
25 60
25 61
25 62
25 64
25 65
25 66
25 67
25 68
25 75
25 77
25 79
25 84
25 85
25 87
25 90
25 92
25 94
25 98
25 100
25 101
25 103
25 105
25 107
25 114
25 117
25 126
25 127
25 128
25 133
25 136
25 138
25 144
25 150
25 152
25 153
25 155
25 156
25 158
25 161
25 166
25 168
25 177
25 180
25 181
25 185
25 186
25 187
25 188
25 190
25 191
25 194
25 195
25 197
26 28
26 31
26 38
26 40
26 42
26 46
26 47
26 48
26 51
26 54
26 56
26 57
26 59
26 61
26 63
26 64
26 66
26 68
26 69
26 72
26 74
26 75
26 80
26 83
26 85
26 86
26 87
26 90
26 91
26 93
26 96
26 97
26 102
26 105
26 107
26 109
26 111
26 112
26 114
26 115
26 117
26 118
26 120
26 121
26 125
26 128
26 129
26 130
26 133
26 140
26 141
26 144
26 146
26 147
26 157
26 161
26 162
26 164
26 170
26 172
26 173
26 181
26 183
26 185
26 186
26 188
26 189
26 191
26 194
26 195
27 29
27 31
27 33
27 36
27 39
27 44
27 45
27 46
27 48
27 51
27 54
27 59
27 60
27 61
27 69
27 70
27 71
27 72
27 75
27 81
27 82
27 83
27 88
27 91
27 92
27 96
27 97
27 98
27 99
27 103
27 106
27 108
27 110
27 111
27 114
27 115
27 116
27 117
27 118
27 120
27 121
27 127
27 128
27 129
27 130
27 131
27 132
27 133
27 134
27 142
27 144
27 145
27 148
27 149
27 150
27 151
27 152
27 154
27 156
27 157
27 159
27 160
27 162
27 163
27 168
27 177
27 179
27 181
27 184
27 190
27 191
27 192
27 193
27 195
27 196
28 30
28 31
28 33
28 37
28 42
28 43
28 46
28 47
28 53
28 62
28 63
28 64
28 67
28 68
28 69
28 71
28 74
28 77
28 81
28 86
28 88
28 89
28 93
28 97
28 99
28 104
28 105
28 107
28 109
28 110
28 111
28 115
28 117
28 119
28 121
28 124
28 129
28 132
28 133
28 134
28 135
28 137
28 139
28 141
28 142
28 145
28 147
28 148
28 149
28 150
28 151
28 152
28 153
28 155
28 158
28 161
28 165
28 166
28 170
28 171
28 175
28 176
28 177
28 178
28 182
28 183
28 184
28 186
28 188
28 189
28 190
28 192
28 194
28 197
28 198
29 30
29 31
29 35
29 36
29 38
29 41
29 42
29 44
29 48
29 51
29 52
29 54
29 55
29 56
29 58
29 60
29 62
29 67
29 68
29 73
29 74
29 81
29 85
29 88
29 89
29 90
29 92
29 97
29 99
29 101
29 102
29 106
29 108
29 109
29 112
29 114
29 115
29 118
29 119
29 122
29 123
29 126
29 127
29 129
29 130
29 131
29 132
29 134
29 135
29 136
29 140
29 143
29 146
29 148
29 151
29 153
29 155
29 156
29 157
29 158
29 159
29 164
29 169
29 171
29 173
29 174
29 176
29 177
29 180
29 181
29 184
29 189
29 199
30 32
30 36
30 37
30 39
30 46
30 47
30 48
30 51
30 52
30 54
30 59
30 64
30 65
30 67
30 69
30 72
30 74
30 76
30 77
30 79
30 81
30 86
30 87
30 90
30 98
30 104
30 108
30 109
30 111
30 113
30 115
30 116
30 119
30 124
30 126
30 127
30 130
30 134
30 135
30 136
30 140
30 141
30 147
30 149
30 152
30 153
30 156
30 163
30 168
30 169
30 176
30 185
30 190
30 193
30 195
30 198
30 199
31 35
31 38
31 43
31 44
31 45
31 46
31 47
31 48
31 49
31 52
31 55
31 57
31 58
31 62
31 65
31 68
31 69
31 70
31 72
31 74
31 80
31 90
31 92
31 96
31 101
31 103
31 104
31 105
31 106
31 108
31 109
31 112
31 114
31 115
31 116
31 121
31 127
31 130
31 132
31 133
31 134
31 136
31 139
31 141
31 142
31 146
31 147
31 153
31 154
31 158
31 161
31 167
31 168
31 169
31 170
31 173
31 174
31 175
31 177
31 180
31 182
31 183
31 185
31 187
31 191
31 193
31 196
31 198
31 199
32 33
32 38
32 40
32 42
32 45
32 47
32 48
32 49
32 50
32 51
32 54
32 55
32 59
32 67
32 72
32 75
32 76
32 78
32 79
32 82
32 85
32 90
32 94
32 96
32 99
32 108
32 109
32 111
32 112
32 114
32 115
32 116
32 117
32 118
32 119
32 120
32 122
32 124
32 127
32 133
32 134
32 135
32 140
32 141
32 144
32 146
32 147
32 153
32 154
32 156
32 159
32 161
32 162
32 163
32 165
32 166
32 168
32 170
32 171
32 172
32 174
32 175
32 179
32 181
32 182
32 184
32 185
32 186
32 189
32 190
32 191
32 194
32 195
32 196
33 34
33 38
33 39
33 40
33 42
33 44
33 45
33 47
33 55
33 58
33 61
33 66
33 67
33 68
33 70
33 72
33 74
33 75
33 77
33 78
33 79
33 81
33 83
33 86
33 87
33 88
33 91
33 93
33 95
33 105
33 106
33 110
33 112
33 114
33 123
33 126
33 128
33 131
33 138
33 141
33 145
33 154
33 156
33 157
33 159
33 162
33 163
33 167
33 168
33 169
33 171
33 174
33 176
33 179
33 180
33 184
33 186
33 187
33 192
33 193
33 194
33 196
34 36
34 40
34 41
34 42
34 44
34 45
34 47
34 48
34 49
34 50
34 53
34 56
34 57
34 61
34 64
34 65
34 67
34 70
34 74
34 78
34 79
34 81
34 83
34 84
34 87
34 89
34 91
34 92
34 95
34 96
34 100
34 103
34 107
34 110
34 112
34 117
34 121
34 122
34 124
34 125
34 132
34 138
34 139
34 147
34 148
34 149
34 152
34 154
34 157
34 158
34 159
34 161
34 162
34 163
34 164
34 168
34 169
34 172
34 175
34 178
34 187
34 192
34 193
34 196
34 197
35 38
35 39
35 42
35 43
35 44
35 47
35 48
35 50
35 64
35 65
35 66
35 67
35 68
35 69
35 73
35 79
35 83
35 87
35 88
35 92
35 93
35 94
35 95
35 99
35 100
35 102
35 103
35 107
35 108
35 109
35 111
35 112
35 113
35 114
35 115
35 119
35 121
35 122
35 124
35 126
35 130
35 133
35 140
35 141
35 142
35 144
35 145
35 148
35 150
35 151
35 154
35 155
35 156
35 161
35 163
35 166
35 167
35 168
35 169
35 171
35 173
35 175
35 177
35 178
35 180
35 182
35 189
35 193
36 45
36 46
36 48
36 49
36 53
36 54
36 57
36 61
36 62
36 64
36 65
36 67
36 68
36 69
36 70
36 74
36 76
36 77
36 80
36 82
36 84
36 85
36 89
36 91
36 93
36 96
36 98
36 100
36 104
36 105
36 107
36 108
36 109
36 111
36 115
36 120
36 121
36 122
36 123
36 126
36 130
36 133
36 136
36 137
36 139
36 141
36 143
36 144
36 145
36 146
36 147
36 152
36 158
36 164
36 165
36 174
36 177
36 179
36 182
36 184
36 186
36 187
36 189
36 190
36 193
36 195
37 39
37 40
37 48
37 49
37 52
37 60
37 62
37 65
37 66
37 73
37 76
37 83
37 86
37 88
37 89
37 93
37 95
37 98
37 100
37 101
37 104
37 106
37 107
37 109
37 111
37 112
37 114
37 120
37 121
37 122
37 124
37 130
37 134
37 135
37 136
37 140
37 141
37 142
37 150
37 152
37 155
37 157
37 158
37 160
37 163
37 167
37 170
37 182
37 190
37 193
37 194
37 195
37 198
38 39
38 41
38 43
38 44
38 46
38 53
38 56
38 57
38 59
38 61
38 62
38 63
38 64
38 66
38 67
38 68
38 72
38 73
38 76
38 78
38 82
38 85
38 88
38 92
38 94
38 97
38 98
38 102
38 104
38 106
38 111
38 116
38 117
38 119
38 123
38 125
38 126
38 127
38 129
38 130
38 131
38 133
38 143
38 144
38 147
38 148
38 149
38 152
38 154
38 155
38 157
38 159
38 160
38 165
38 170
38 171
38 176
38 179
38 180
38 184
38 185
38 186
38 189
38 190
38 191
38 195
38 199
39 40
39 42
39 46
39 48
39 56
39 60
39 61
39 62
39 63
39 64
39 67
39 69
39 78
39 79
39 84
39 85
39 86
39 87
39 89
39 90
39 94
39 96
39 98
39 100
39 102
39 109
39 112
39 117
39 120
39 121
39 123
39 125
39 127
39 131
39 133
39 139
39 153
39 158
39 159
39 161
39 162
39 164
39 165
39 166
39 167
39 171
39 175
39 180
39 182
39 184
39 186
39 187
39 195
39 196
39 198
40 49
40 53
40 54
40 56
40 57
40 61
40 66
40 67
40 68
40 72
40 73
40 75
40 78
40 79
40 81
40 82
40 83
40 85
40 86
40 88
40 89
40 90
40 92
40 94
40 95
40 96
40 97
40 99
40 100
40 101
40 102
40 104
40 108
40 110
40 111
40 112
40 113
40 114
40 119
40 122
40 124
40 127
40 130
40 132
40 139
40 141
40 146
40 147
40 148
40 150
40 154
40 156
40 157
40 158
40 159
40 160
40 161
40 166
40 167
40 174
40 176
40 179
40 180
40 186
40 187
40 188
40 191
40 195
41 42
41 45
41 46
41 48
41 54
41 55
41 56
41 57
41 58
41 64
41 66
41 70
41 71
41 74
41 76
41 77
41 79
41 80
41 82
41 83
41 85
41 88
41 90
41 91
41 97
41 101
41 104
41 105
41 110
41 111
41 115
41 118
41 122
41 127
41 129
41 130
41 132
41 135
41 139
41 143
41 145
41 146
41 147
41 154
41 161
41 162
41 163
41 168
41 170
41 171
41 172
41 178
41 184
41 185
41 194
41 198
42 44
42 45
42 47
42 48
42 52
42 53
42 54
42 60
42 64
42 67
42 68
42 74
42 76
42 77
42 78
42 79
42 80
42 82
42 84
42 85
42 88
42 89
42 94
42 106
42 112
42 117
42 118
42 119
42 125
42 127
42 130
42 131
42 132
42 134
42 137
42 138
42 141
42 146
42 151
42 154
42 160
42 164
42 169
42 171
42 172
42 178
42 179
42 180
42 181
42 183
42 184
42 188
42 191
42 194
42 195
43 46
43 49
43 53
43 56
43 57
43 59
43 62
43 63
43 64
43 65
43 66
43 73
43 75
43 77
43 78
43 79
43 80
43 81
43 82
43 84
43 85
43 87
43 88
43 90
43 91
43 95
43 101
43 103
43 104
43 110
43 111
43 114
43 120
43 121
43 123
43 124
43 126
43 127
43 128
43 129
43 133
43 138
43 140
43 141
43 146
43 147
43 151
43 153
43 155
43 156
43 157
43 158
43 159
43 162
43 165
43 166
43 167
43 169
43 171
43 172
43 177
43 181
43 184
43 185
43 192
43 193
43 195
43 199
44 46
44 50
44 55
44 56
44 58
44 62
44 64
44 65
44 67
44 69
44 72
44 78
44 90
44 91
44 97
44 101
44 102
44 106
44 107
44 112
44 115
44 116
44 118
44 127
44 128
44 129
44 132
44 136
44 143
44 145
44 146
44 147
44 148
44 153
44 154
44 156
44 157
44 160
44 161
44 162
44 163
44 165
44 168
44 169
44 179
44 180
44 183
44 185
44 189
44 190
44 191
44 193
44 195
44 196
44 197
45 50
45 52
45 55
45 60
45 63
45 64
45 66
45 67
45 68
45 69
45 70
45 80
45 82
45 83
45 85
45 87
45 89
45 91
45 94
45 96
45 98
45 100
45 101
45 102
45 105
45 106
45 107
45 113
45 114
45 115
45 116
45 117
45 122
45 123
45 125
45 129
45 134
45 135
45 139
45 140
45 142
45 146
45 151
45 154
45 160
45 161
45 164
45 169
45 172
45 174
45 180
45 181
45 185
45 186
45 189
45 190
45 191
45 197
45 198
46 47
46 48
46 55
46 61
46 63
46 82
46 86
46 90
46 92
46 95
46 99
46 101
46 103
46 105
46 109
46 112
46 114
46 117
46 124
46 125
46 126
46 130
46 131
46 133
46 136
46 137
46 139
46 141
46 150
46 151
46 155
46 156
46 157
46 159
46 161
46 163
46 164
46 168
46 169
46 171
46 172
46 174
46 175
46 179
46 180
46 183
46 185
46 186
46 190
46 192
46 194
46 197
46 199
47 49
47 51
47 53
47 54
47 58
47 59
47 65
47 66
47 69
47 70
47 71
47 73
47 74
47 76
47 77
47 79
47 82
47 83
47 86
47 87
47 88
47 90
47 91
47 94
47 95
47 96
47 97
47 98
47 99
47 102
47 110
47 111
47 113
47 115
47 116
47 117
47 120
47 127
47 132
47 133
47 138
47 145
47 148
47 157
47 158
47 159
47 161
47 162
47 164
47 165
47 168
47 173
47 174
47 176
47 177
47 179
47 181
47 182
47 185
47 187
47 188
47 192
47 195
48 55
48 56
48 58
48 68
48 72
48 77
48 79
48 80
48 82
48 83
48 85
48 88
48 89
48 90
48 91
48 92
48 94
48 95
48 96
48 98
48 99
48 100
48 102
48 106
48 107
48 109
48 110
48 111
48 112
48 114
48 115
48 116
48 117
48 120
48 121
48 125
48 126
48 130
48 135
48 136
48 138
48 141
48 143
48 144
48 145
48 147
48 149
48 151
48 152
48 154
48 155
48 163
48 165
48 167
48 168
48 170
48 172
48 173
48 175
48 177
48 181
48 187
48 189
48 193
48 194
48 199
49 50
49 53
49 54
49 59
49 61
49 63
49 65
49 71
49 72
49 76
49 79
49 85
49 96
49 102
49 105
49 112
49 113
49 115
49 118
49 125
49 129
49 130
49 131
49 132
49 133
49 136
49 137
49 138
49 139
49 140
49 141
49 142
49 144
49 148
49 151
49 152
49 154
49 158
49 159
49 165
49 167
49 171
49 175
49 176
49 177
49 179
49 180
49 184
49 185
49 186
49 187
49 188
49 190
49 191
49 194
49 195
49 197
49 198
49 199
50 52
50 55
50 56
50 63
50 64
50 71
50 73
50 74
50 75
50 77
50 79
50 81
50 83
50 87
50 89
50 93
50 94
50 100
50 101
50 103
50 107
50 109
50 112
50 116
50 118
50 121
50 124
50 125
50 127
50 129
50 130
50 139
50 141
50 142
50 144
50 146
50 154
50 156
50 157
50 161
50 162
50 166
50 167
50 168
50 169
50 170
50 171
50 176
50 177
50 182
50 184
50 185
50 187
50 188
50 189
50 190
50 191
50 192
50 194
50 196
51 54
51 58
51 59
51 61
51 66
51 68
51 69
51 70
51 72
51 75
51 76
51 78
51 79
51 89
51 93
51 95
51 102
51 104
51 107
51 114
51 118
51 119
51 120
51 122
51 123
51 125
51 126
51 127
51 128
51 132
51 135
51 138
51 139
51 140
51 141
51 143
51 144
51 148
51 149
51 150
51 151
51 152
51 153
51 154
51 155
51 158
51 159
51 165
51 166
51 167
51 169
51 170
51 172
51 176
51 178
51 179
51 180
51 185
51 186
51 190
51 193
52 55
52 58
52 60
52 61
52 62
52 65
52 68
52 73
52 78
52 79
52 80
52 84
52 91
52 95
52 96
52 97
52 99
52 100
52 103
52 104
52 110
52 113
52 114
52 123
52 127
52 129
52 130
52 131
52 133
52 134
52 138
52 140
52 142
52 143
52 149
52 153
52 154
52 155
52 157
52 158
52 160
52 162
52 164
52 165
52 172
52 173
52 174
52 176
52 179
52 180
52 181
52 182
52 183
52 184
52 186
52 188
52 190
52 191
52 192
52 193
52 196
53 55
53 57
53 58
53 59
53 60
53 62
53 65
53 67
53 70
53 72
53 73
53 74
53 82
53 83
53 85
53 86
53 90
53 95
53 103
53 108
53 111
53 112
53 115
53 116
53 118
53 119
53 120
53 125
53 127
53 130
53 132
53 133
53 136
53 139
53 140
53 144
53 146
53 148
53 151
53 155
53 156
53 161
53 162
53 163
53 168
53 169
53 170
53 172
53 173
53 176
53 180
53 181
53 182
53 183
53 184
53 186
53 188
53 189
53 194
53 195
53 196
53 197
54 65
54 67
54 70
54 71
54 79
54 81
54 91
54 92
54 93
54 94
54 97
54 98
54 99
54 100
54 102
54 110
54 116
54 120
54 124
54 125
54 128
54 129
54 131
54 133
54 138
54 139
54 147
54 150
54 151
54 154
54 156
54 157
54 158
54 159
54 167
54 168
54 170
54 171
54 172
54 177
54 178
54 181
54 184
54 185
54 187
54 191
54 192
54 194
54 199
55 58
55 60
55 62
55 64
55 65
55 68
55 69
55 71
55 72
55 76
55 80
55 85
55 86
55 87
55 88
55 93
55 96
55 98
55 100
55 102
55 107
55 108
55 114
55 117
55 130
55 133
55 134
55 136
55 138
55 140
55 141
55 146
55 147
55 152
55 156
55 160
55 161
55 165
55 170
55 172
55 173
55 178
55 182
55 183
55 184
55 185
55 186
55 187
55 191
55 192
55 193
55 194
55 195
55 198
56 61
56 62
56 63
56 64
56 67
56 72
56 73
56 74
56 75
56 76
56 78
56 81
56 84
56 85
56 86
56 91
56 95
56 96
56 102
56 103
56 106
56 107
56 108
56 109
56 112
56 114
56 119
56 121
56 122
56 125
56 127
56 130
56 131
56 139
56 140
56 144
56 145
56 146
56 150
56 151
56 153
56 157
56 159
56 164
56 167
56 169
56 170
56 171
56 173
56 174
56 176
56 177
56 179
56 181
56 183
56 189
56 195
57 59
57 61
57 63
57 67
57 69
57 72
57 73
57 74
57 75
57 83
57 84
57 90
57 92
57 95
57 100
57 101
57 103
57 104
57 105
57 106
57 108
57 109
57 110
57 112
57 115
57 117
57 118
57 124
57 130
57 131
57 132
57 134
57 135
57 136
57 137
57 139
57 140
57 149
57 151
57 156
57 159
57 164
57 165
57 166
57 167
57 168
57 172
57 174
57 180
57 181
57 182
57 183
57 184
57 190
57 191
57 192
58 60
58 63
58 66
58 67
58 68
58 82
58 84
58 86
58 90
58 95
58 97
58 99
58 101
58 102
58 103
58 108
58 109
58 112
58 118
58 119
58 121
58 122
58 123
58 130
58 131
58 135
58 137
58 140
58 142
58 143
58 144
58 145
58 148
58 153
58 157
58 160
58 161
58 163
58 164
58 166
58 168
58 175
58 177
58 178
58 180
58 183
58 189
58 190
58 192
58 194
58 197
59 61
59 63
59 65
59 69
59 77
59 79
59 82
59 84
59 88
59 91
59 95
59 96
59 104
59 106
59 107
59 109
59 113
59 119
59 124
59 126
59 127
59 134
59 136
59 137
59 144
59 145
59 147
59 149
59 151
59 152
59 153
59 160
59 162
59 165
59 166
59 168
59 170
59 171
59 173
59 177
59 178
59 182
59 189
59 191
59 194
59 195
60 61
60 67
60 68
60 73
60 75
60 76
60 82
60 83
60 84
60 87
60 91
60 92
60 94
60 97
60 102
60 105
60 108
60 109
60 115
60 116
60 117
60 118
60 120
60 126
60 129
60 135
60 136
60 137
60 141
60 145
60 147
60 148
60 151
60 154
60 155
60 156
60 158
60 160
60 161
60 163
60 171
60 175
60 178
60 180
60 181
60 182
60 183
60 184
60 185
60 188
60 190
60 191
60 192
60 195
60 196
60 199
61 63
61 65
61 68
61 72
61 73
61 74
61 76
61 77
61 85
61 86
61 87
61 88
61 91
61 92
61 93
61 96
61 98
61 100
61 102
61 105
61 106
61 110
61 117
61 121
61 126
61 128
61 129
61 131
61 132
61 136
61 138
61 139
61 140
61 143
61 144
61 149
61 151
61 154
61 157
61 158
61 162
61 166
61 168
61 169
61 172
61 174
61 182
61 185
61 191
61 195
61 196
61 199
62 63
62 65
62 66
62 67
62 70
62 73
62 75
62 76
62 80
62 81
62 82
62 87
62 88
62 94
62 101
62 105
62 106
62 108
62 109
62 110
62 115
62 117
62 118
62 120
62 121
62 123
62 129
62 130
62 133
62 134
62 135
62 136
62 137
62 139
62 140
62 141
62 142
62 144
62 145
62 148
62 149
62 152
62 157
62 159
62 160
62 161
62 164
62 167
62 169
62 171
62 174
62 175
62 177
62 186
62 188
62 190
62 194
63 64
63 66
63 67
63 68
63 73
63 74
63 75
63 77
63 81
63 83
63 84
63 88
63 90
63 91
63 98
63 99
63 108
63 109
63 110
63 111
63 114
63 116
63 117
63 119
63 121
63 124
63 128
63 129
63 133
63 134
63 136
63 139
63 142
63 143
63 146
63 155
63 156
63 162
63 165
63 166
63 167
63 169
63 170
63 173
63 176
63 178
63 181
63 184
63 186
63 188
63 191
63 195
63 197
64 65
64 66
64 68
64 71
64 73
64 76
64 77
64 78
64 79
64 83
64 84
64 86
64 89
64 93
64 94
64 95
64 97
64 98
64 100
64 102
64 106
64 107
64 110
64 111
64 112
64 113
64 114
64 115
64 120
64 123
64 124
64 127
64 129
64 136
64 137
64 138
64 139
64 140
64 142
64 147
64 148
64 153
64 155
64 158
64 159
64 161
64 162
64 164
64 166
64 167
64 170
64 171
64 173
64 175
64 176
64 177
64 181
64 182
64 185
64 187
64 188
64 192
64 198
65 68
65 69
65 71
65 73
65 88
65 89
65 91
65 92
65 96
65 100
65 102
65 103
65 104
65 110
65 113
65 114
65 115
65 116
65 123
65 125
65 128
65 129
65 130
65 131
65 132
65 144
65 151
65 152
65 154
65 155
65 156
65 157
65 159
65 166
65 169
65 174
65 175
65 176
65 178
65 179
65 182
65 185
65 186
65 188
65 189
65 191
65 192
65 193
65 194
65 195
65 196
65 198
65 199
66 67
66 68
66 70
66 71
66 72
66 74
66 76
66 80
66 83
66 85
66 87
66 91
66 99
66 105
66 108
66 111
66 113
66 114
66 123
66 125
66 128
66 133
66 135
66 137
66 140
66 143
66 145
66 146
66 147
66 148
66 155
66 162
66 163
66 164
66 165
66 167
66 168
66 169
66 174
66 175
66 179
66 181
66 182
66 185
66 194
66 195
66 196
66 199
67 70
67 71
67 72
67 77
67 79
67 80
67 82
67 83
67 95
67 97
67 99
67 103
67 104
67 105
67 109
67 110
67 114
67 115
67 120
67 124
67 125
67 131
67 133
67 136
67 137
67 139
67 142
67 145
67 146
67 147
67 150
67 161
67 162
67 163
67 166
67 167
67 170
67 177
67 179
67 184
67 185
67 187
67 188
67 189
67 190
67 192
67 194
67 196
67 197
67 199
68 72
68 74
68 75
68 84
68 85
68 90
68 91
68 92
68 95
68 110
68 111
68 114
68 115
68 117
68 118
68 123
68 125
68 126
68 138
68 139
68 146
68 148
68 156
68 158
68 161
68 162
68 167
68 168
68 169
68 175
68 177
68 182
68 183
68 184
68 187
68 188
68 189
68 192
68 194
68 196
68 197
68 198
69 70
69 71
69 73
69 75
69 76
69 77
69 78
69 81
69 82
69 86
69 91
69 92
69 94
69 95
69 101
69 110
69 115
69 116
69 118
69 123
69 124
69 125
69 126
69 134
69 135
69 136
69 138
69 141
69 143
69 146
69 149
69 156
69 158
69 159
69 161
69 170
69 173
69 174
69 177
69 178
69 180
69 181
69 182
69 185
69 187
69 188
69 189
69 190
69 192
69 194
69 195
69 197
69 198
70 73
70 75
70 79
70 83
70 85
70 89
70 90
70 92
70 93
70 95
70 100
70 101
70 102
70 105
70 106
70 108
70 109
70 116
70 117
70 121
70 122
70 124
70 125
70 126
70 131
70 140
70 142
70 145
70 149
70 150
70 155
70 159
70 160
70 161
70 162
70 164
70 166
70 167
70 168
70 174
70 175
70 176
70 180
70 182
70 187
70 192
70 195
70 196
71 73
71 74
71 75
71 77
71 81
71 86
71 88
71 90
71 93
71 100
71 102
71 103
71 104
71 105
71 111
71 112
71 114
71 117
71 120
71 123
71 136
71 138
71 139
71 145
71 147
71 151
71 152
71 153
71 156
71 158
71 159
71 165
71 166
71 167
71 169
71 171
71 173
71 174
71 177
71 178
71 182
71 184
71 186
71 188
71 189
71 190
71 192
71 193
71 195
71 196
71 199
72 78
72 80
72 82
72 84
72 86
72 91
72 93
72 94
72 95
72 97
72 99
72 101
72 107
72 109
72 112
72 115
72 116
72 118
72 119
72 120
72 121
72 122
72 123
72 124
72 125
72 128
72 132
72 133
72 135
72 136
72 137
72 141
72 143
72 144
72 150
72 152
72 162
72 163
72 166
72 175
72 176
72 182
72 187
72 191
72 192
72 193
72 195
72 198
72 199
73 74
73 76
73 81
73 82
73 85
73 86
73 89
73 91
73 95
73 97
73 98
73 100
73 101
73 104
73 106
73 107
73 111
73 114
73 115
73 118
73 119
73 121
73 124
73 126
73 127
73 128
73 129
73 130
73 135
73 136
73 137
73 141
73 143
73 145
73 147
73 150
73 151
73 152
73 158
73 163
73 165
73 169
73 175
73 178
73 180
73 182
73 183
73 184
73 185
73 187
73 189
73 192
73 196
73 199
74 78
74 79
74 80
74 81
74 89
74 93
74 96
74 100
74 101
74 102
74 103
74 104
74 106
74 111
74 113
74 115
74 121
74 122
74 123
74 126
74 127
74 133
74 136
74 137
74 140
74 141
74 142
74 144
74 148
74 149
74 150
74 155
74 156
74 162
74 165
74 170
74 174
74 175
74 179
74 186
74 187
74 191
74 192
74 195
74 199
75 76
75 78
75 79
75 80
75 81
75 84
75 85
75 89
75 91
75 92
75 98
75 99
75 101
75 103
75 104
75 110
75 119
75 120
75 124
75 125
75 127
75 130
75 131
75 139
75 140
75 142
75 146
75 148
75 150
75 153
75 154
75 155
75 157
75 168
75 169
75 170
75 172
75 173
75 174
75 176
75 177
75 180
75 181
75 183
75 184
75 186
75 187
75 188
75 191
75 193
75 194
75 198
76 83
76 85
76 86
76 87
76 90
76 91
76 92
76 97
76 102
76 103
76 109
76 111
76 112
76 113
76 116
76 117
76 123
76 124
76 130
76 131
76 134
76 136
76 140
76 143
76 151
76 154
76 157
76 159
76 160
76 161
76 163
76 164
76 166
76 168
76 169
76 170
76 172
76 174
76 177
76 178
76 180
76 182
76 183
76 184
76 185
76 188
76 189
76 191
76 193
76 194
76 195
77 79
77 81
77 82
77 83
77 85
77 88
77 89
77 94
77 95
77 96
77 98
77 100
77 102
77 103
77 104
77 105
77 106
77 108
77 111
77 114
77 119
77 123
77 131
77 135
77 137
77 138
77 139
77 142
77 143
77 145
77 146
77 148
77 149
77 150
77 152
77 155
77 159
77 167
77 168
77 169
77 170
77 171
77 172
77 173
77 178
77 179
77 180
77 185
77 186
77 191
77 192
77 199
78 83
78 84
78 89
78 90
78 91
78 92
78 98
78 100
78 101
78 105
78 108
78 109
78 116
78 117
78 118
78 122
78 127
78 128
78 129
78 136
78 137
78 139
78 141
78 143
78 144
78 145
78 146
78 152
78 153
78 154
78 160
78 162
78 165
78 166
78 167
78 168
78 169
78 174
78 175
78 180
78 181
78 182
78 183
78 184
78 185
78 190
78 194
78 195
78 196
79 81
79 83
79 86
79 87
79 88
79 99
79 103
79 106
79 109
79 110
79 111
79 114
79 115
79 118
79 123
79 124
79 125
79 127
79 132
79 134
79 135
79 140
79 142
79 146
79 149
79 151
79 153
79 154
79 161
79 163
79 166
79 168
79 171
79 173
79 174
79 178
79 181
79 183
79 184
79 189
79 190
79 193
79 194
79 197
79 198
80 82
80 84
80 89
80 90
80 93
80 94
80 98
80 101
80 104
80 108
80 110
80 115
80 117
80 118
80 124
80 133
80 134
80 135
80 136
80 137
80 141
80 143
80 145
80 148
80 149
80 150
80 151
80 154
80 157
80 168
80 169
80 170
80 176
80 181
80 182
80 185
80 186
80 190
80 193
80 194
80 197
80 198
80 199
81 82
81 83
81 86
81 87
81 88
81 89
81 91
81 92
81 93
81 97
81 101
81 102
81 104
81 109
81 110
81 113
81 115
81 116
81 121
81 122
81 123
81 125
81 126
81 127
81 128
81 131
81 135
81 137
81 138
81 143
81 145
81 149
81 151
81 152
81 153
81 156
81 157
81 159
81 161
81 163
81 166
81 171
81 173
81 176
81 178
81 179
81 180
81 181
81 182
81 183
81 185
81 187
81 189
81 194
82 83
82 86
82 87
82 91
82 97
82 98
82 99
82 101
82 103
82 104
82 111
82 113
82 121
82 127
82 131
82 132
82 142
82 143
82 146
82 148
82 149
82 151
82 152
82 153
82 157
82 158
82 161
82 163
82 167
82 171
82 173
82 174
82 176
82 177
82 178
82 184
82 185
82 186
82 189
82 192
82 193
82 194
82 195
82 196
82 199
83 85
83 89
83 94
83 95
83 100
83 101
83 102
83 107
83 110
83 114
83 116
83 118
83 119
83 128
83 129
83 134
83 135
83 136
83 137
83 138
83 144
83 148
83 150
83 151
83 155
83 156
83 158
83 159
83 164
83 169
83 171
83 176
83 177
83 178
83 184
83 185
83 187
83 188
83 189
83 191
83 192
83 194
83 195
83 196
83 197
83 198
84 86
84 87
84 92
84 93
84 98
84 99
84 105
84 106
84 107
84 113
84 117
84 121
84 125
84 126
84 130
84 135
84 147
84 148
84 149
84 157
84 159
84 160
84 161
84 162
84 165
84 169
84 171
84 176
84 178
84 182
84 183
84 188
84 191
84 193
84 196
84 197
85 88
85 89
85 92
85 97
85 102
85 103
85 105
85 107
85 108
85 112
85 114
85 120
85 121
85 123
85 125
85 126
85 127
85 129
85 135
85 136
85 137
85 138
85 140
85 141
85 145
85 149
85 151
85 152
85 153
85 155
85 158
85 163
85 164
85 165
85 166
85 169
85 170
85 173
85 175
85 180
85 185
85 194
85 195
85 196
86 87
86 88
86 93
86 96
86 97
86 98
86 100
86 101
86 104
86 106
86 107
86 111
86 112
86 113
86 116
86 117
86 119
86 120
86 122
86 124
86 126
86 128
86 131
86 132
86 133
86 135
86 137
86 139
86 147
86 148
86 149
86 150
86 156
86 163
86 164
86 172
86 174
86 177
86 178
86 179
86 181
86 183
86 188
86 190
86 191
86 197
86 198
87 89
87 91
87 94
87 97
87 99
87 100
87 105
87 107
87 116
87 118
87 119
87 122
87 123
87 124
87 125
87 126
87 128
87 137
87 138
87 140
87 141
87 144
87 148
87 149
87 156
87 163
87 164
87 165
87 167
87 169
87 171
87 173
87 175
87 184
87 186
87 187
87 189
87 190
87 195
87 197
88 89
88 90
88 91
88 93
88 95
88 97
88 98
88 100
88 101
88 103
88 104
88 107
88 108
88 110
88 111
88 114
88 115
88 118
88 119
88 122
88 125
88 126
88 138
88 140
88 141
88 142
88 147
88 154
88 156
88 157
88 161
88 162
88 163
88 167
88 168
88 170
88 171
88 175
88 176
88 178
88 183
88 184
88 187
88 188
88 189
88 192
88 193
88 197
88 198
88 199
89 96
89 97
89 98
89 99
89 101
89 107
89 108
89 112
89 115
89 117
89 118
89 119
89 122
89 124
89 126
89 127
89 130
89 131
89 136
89 141
89 148
89 149
89 152
89 155
89 156
89 157
89 159
89 161
89 162
89 163
89 164
89 166
89 167
89 168
89 170
89 175
89 177
89 183
89 184
89 190
89 192
89 194
89 196
89 198
90 95
90 96
90 97
90 98
90 104
90 106
90 107
90 110
90 114
90 116
90 117
90 120
90 124
90 130
90 133
90 134
90 139
90 142
90 147
90 148
90 149
90 150
90 152
90 153
90 155
90 158
90 163
90 165
90 168
90 172
90 173
90 174
90 177
90 178
90 179
90 180
90 181
90 184
90 186
90 187
90 188
90 189
90 190
90 193
90 197
91 94
91 95
91 96
91 97
91 98
91 101
91 102
91 104
91 107
91 108
91 110
91 113
91 114
91 115
91 116
91 119
91 125
91 126
91 127
91 129
91 130
91 132
91 138
91 140
91 144
91 148
91 152
91 153
91 155
91 157
91 160
91 167
91 168
91 169
91 171
91 172
91 173
91 175
91 177
91 178
91 179
91 180
91 181
91 183
91 185
91 188
91 192
91 195
91 198
92 105
92 114
92 118
92 121
92 123
92 125
92 129
92 134
92 138
92 140
92 141
92 142
92 144
92 150
92 153
92 154
92 155
92 161
92 162
92 166
92 167
92 168
92 172
92 177
92 181
92 184
92 186
92 187
92 192
92 193
92 195
92 197
93 96
93 100
93 101
93 102
93 104
93 106
93 109
93 112
93 123
93 126
93 127
93 128
93 129
93 131
93 132
93 135
93 137
93 140
93 142
93 144
93 146
93 149
93 152
93 154
93 156
93 166
93 167
93 169
93 177
93 178
93 181
93 189
93 190
93 192
93 199
94 95
94 98
94 99
94 100
94 104
94 107
94 110
94 111
94 117
94 118
94 120
94 123
94 127
94 131
94 132
94 135
94 138
94 139
94 141
94 142
94 145
94 147
94 151
94 153
94 158
94 159
94 163
94 165
94 167
94 170
94 172
94 175
94 177
94 178
94 179
94 182
94 184
94 185
94 186
94 191
94 192
94 197
95 97
95 99
95 100
95 101
95 102
95 105
95 108
95 118
95 121
95 130
95 131
95 132
95 137
95 139
95 140
95 143
95 144
95 150
95 151
95 152
95 154
95 155
95 156
95 158
95 160
95 162
95 165
95 166
95 169
95 172
95 173
95 176
95 181
95 182
95 185
95 188
95 189
95 190
95 196
96 101
96 102
96 103
96 105
96 108
96 109
96 110
96 111
96 114
96 116
96 118
96 124
96 126
96 128
96 130
96 134
96 136
96 140
96 144
96 146
96 150
96 155
96 162
96 164
96 166
96 168
96 175
96 177
96 179
96 182
96 183
96 186
96 189
96 190
96 198
97 101
97 103
97 104
97 106
97 111
97 112
97 114
97 117
97 119
97 120
97 122
97 123
97 124
97 125
97 126
97 128
97 130
97 132
97 134
97 137
97 138
97 141
97 146
97 147
97 148
97 151
97 152
97 153
97 157
97 159
97 161
97 162
97 163
97 166
97 167
97 170
97 172
97 174
97 175
97 178
97 181
97 183
97 184
97 186
97 187
97 193
97 197
98 99
98 101
98 105
98 107
98 110
98 111
98 113
98 117
98 120
98 121
98 124
98 127
98 128
98 130
98 134
98 143
98 144
98 148
98 149
98 151
98 153
98 155
98 158
98 162
98 164
98 165
98 166
98 167
98 168
98 169
98 172
98 175
98 176
98 178
98 179
98 180
98 185
98 191
98 196
98 197
99 100
99 105
99 107
99 108
99 110
99 111
99 113
99 116
99 119
99 125
99 127
99 130
99 131
99 132
99 134
99 138
99 142
99 143
99 146
99 147
99 150
99 152
99 153
99 154
99 156
99 162
99 166
99 169
99 171
99 173
99 174
99 180
99 182
99 183
99 185
99 187
99 192
99 194
100 101
100 102
100 103
100 104
100 106
100 107
100 108
100 111
100 112
100 113
100 115
100 116
100 119
100 121
100 122
100 127
100 128
100 131
100 136
100 140
100 144
100 145
100 150
100 152
100 153
100 158
100 160
100 161
100 170
100 175
100 177
100 178
100 179
100 184
100 185
100 186
100 187
100 188
100 190
100 191
100 193
100 198
101 104
101 107
101 114
101 118
101 120
101 121
101 123
101 127
101 128
101 133
101 136
101 138
101 139
101 140
101 141
101 143
101 148
101 152
101 156
101 159
101 161
101 162
101 163
101 165
101 170
101 176
101 179
101 181
101 182
101 183
101 186
101 187
101 190
101 191
101 193
101 195
101 197
101 198
102 107
102 111
102 112
102 113
102 114
102 117
102 118
102 119
102 120
102 121
102 123
102 124
102 131
102 137
102 138
102 145
102 147
102 148
102 151
102 152
102 156
102 161
102 162
102 163
102 164
102 166
102 170
102 171
102 174
102 180
102 182
102 183
102 184
102 191
102 199
103 104
103 105
103 110
103 112
103 113
103 115
103 117
103 121
103 122
103 127
103 128
103 129
103 134
103 136
103 141
103 142
103 145
103 146
103 148
103 149
103 151
103 154
103 156
103 162
103 163
103 164
103 166
103 174
103 176
103 180
103 184
103 187
103 190
103 192
103 194
103 198
104 105
104 106
104 108
104 110
104 114
104 120
104 122
104 124
104 126
104 131
104 137
104 139
104 141
104 142
104 143
104 144
104 148
104 152
104 154
104 158
104 163
104 166
104 168
104 169
104 170
104 171
104 173
104 180
104 181
104 184
104 187
104 188
104 189
104 190
104 191
104 193
104 195
104 199
105 108
105 113
105 114
105 116
105 117
105 118
105 121
105 125
105 127
105 128
105 129
105 130
105 131
105 135
105 139
105 141
105 143
105 149
105 150
105 157
105 159
105 160
105 161
105 163
105 165
105 169
105 174
105 176
105 180
105 184
105 187
105 190
105 195
106 107
106 109
106 112
106 113
106 116
106 119
106 120
106 122
106 125
106 126
106 127
106 130
106 132
106 133
106 136
106 137
106 141
106 146
106 147
106 148
106 149
106 150
106 152
106 153
106 156
106 157
106 162
106 163
106 164
106 165
106 166
106 167
106 169
106 172
106 173
106 175
106 176
106 178
106 180
106 182
106 184
106 186
106 191
106 192
106 199
107 108
107 110
107 111
107 114
107 116
107 117
107 118
107 120
107 125
107 128
107 130
107 134
107 135
107 136
107 137
107 139
107 140
107 141
107 142
107 144
107 145
107 146
107 147
107 148
107 149
107 150
107 154
107 161
107 163
107 167
107 171
107 172
107 178
107 180
107 182
107 188
107 195
107 196
107 198
107 199
108 109
108 110
108 114
108 116
108 119
108 121
108 124
108 125
108 127
108 129
108 132
108 135
108 137
108 139
108 144
108 146
108 147
108 148
108 151
108 152
108 153
108 155
108 156
108 158
108 160
108 162
108 163
108 165
108 166
108 167
108 172
108 173
108 174
108 176
108 184
108 185
108 188
108 190
108 192
108 194
109 111
109 114
109 117
109 118
109 119
109 128
109 129
109 130
109 133
109 136
109 138
109 139
109 141
109 143
109 144
109 145
109 147
109 153
109 155
109 156
109 157
109 164
109 168
109 174
109 181
109 182
109 185
109 188
109 190
109 191
109 193
109 196
109 197
110 111
110 113
110 114
110 120
110 123
110 124
110 128
110 129
110 131
110 132
110 135
110 137
110 140
110 142
110 146
110 153
110 156
110 160
110 162
110 165
110 166
110 167
110 168
110 169
110 172
110 173
110 175
110 177
110 178
110 179
110 180
110 183
110 185
110 187
110 188
110 190
110 192
110 193
110 195
110 197
110 198
110 199
111 114
111 115
111 117
111 123
111 125
111 127
111 131
111 132
111 141
111 146
111 147
111 148
111 154
111 155
111 156
111 161
111 162
111 166
111 169
111 174
111 178
111 188
111 189
112 114
112 116
112 118
112 122
112 125
112 128
112 129
112 134
112 135
112 140
112 142
112 147
112 148
112 149
112 156
112 157
112 159
112 160
112 165
112 168
112 169
112 174
112 177
112 179
112 180
112 184
112 185
112 192
112 197
112 199
113 114
113 115
113 118
113 119
113 122
113 123
113 127
113 130
113 134
113 136
113 137
113 139
113 146
113 147
113 148
113 154
113 155
113 156
113 158
113 160
113 163
113 165
113 166
113 167
113 169
113 170
113 172
113 175
113 176
113 178
113 179
113 181
113 188
113 191
113 193
113 194
114 118
114 123
114 127
114 130
114 132
114 137
114 140
114 142
114 148
114 150
114 151
114 154
114 157
114 158
114 159
114 160
114 165
114 168
114 170
114 171
114 174
114 175
114 177
114 179
114 181
114 183
114 186
114 187
114 188
114 190
114 194
114 196
114 197
115 116
115 117
115 119
115 120
115 121
115 124
115 127
115 128
115 131
115 132
115 133
115 135
115 138
115 142
115 147
115 148
115 149
115 154
115 156
115 157
115 158
115 159
115 163
115 165
115 167
115 170
115 171
115 175
115 178
115 179
115 180
115 183
115 184
115 185
115 186
115 188
115 190
115 192
115 194
115 196
115 197
115 198
116 119
116 121
116 122
116 123
116 128
116 131
116 132
116 135
116 136
116 138
116 144
116 145
116 146
116 156
116 157
116 158
116 161
116 163
116 164
116 165
116 166
116 167
116 168
116 169
116 170
116 171
116 172
116 173
116 176
116 180
116 183
116 193
116 194
116 195
116 196
116 198
117 119
117 121
117 122
117 124
117 127
117 131
117 132
117 134
117 138
117 142
117 145
117 147
117 149
117 152
117 157
117 158
117 160
117 162
117 165
117 166
117 172
117 179
117 180
117 184
117 188
117 190
117 193
117 194
117 199
118 119
118 120
118 121
118 124
118 125
118 127
118 132
118 134
118 135
118 138
118 139
118 140
118 141
118 144
118 147
118 150
118 152
118 155
118 156
118 158
118 160
118 161
118 162
118 164
118 173
118 176
118 177
118 178
118 179
118 184
118 188
118 190
118 191
118 196
119 122
119 123
119 124
119 125
119 126
119 127
119 128
119 134
119 135
119 140
119 142
119 144
119 148
119 152
119 153
119 155
119 162
119 166
119 167
119 168
119 172
119 173
119 176
119 177
119 178
119 180
119 181
119 183
119 187
119 188
119 189
119 191
119 192
119 195
119 196
119 198
119 199
120 127
120 129
120 132
120 133
120 136
120 139
120 142
120 144
120 146
120 149
120 151
120 153
120 154
120 155
120 161
120 162
120 163
120 166
120 168
120 169
120 170
120 171
120 174
120 176
120 183
120 184
120 189
120 193
120 195
120 198
121 124
121 126
121 127
121 133
121 135
121 137
121 139
121 140
121 141
121 146
121 149
121 150
121 153
121 155
121 156
121 157
121 162
121 163
121 168
121 176
121 179
121 180
121 181
121 186
121 194
121 198
122 123
122 128
122 129
122 130
122 131
122 137
122 138
122 142
122 144
122 145
122 146
122 147
122 149
122 150
122 151
122 152
122 153
122 155
122 166
122 167
122 168
122 169
122 170
122 176
122 177
122 179
122 182
122 184
122 185
122 187
122 189
122 190
122 191
122 192
122 194
122 195
123 126
123 130
123 132
123 135
123 138
123 146
123 147
123 148
123 149
123 154
123 155
123 159
123 164
123 165
123 166
123 168
123 171
123 172
123 174
123 176
123 177
123 178
123 181
123 182
123 183
123 184
123 185
123 187
123 194
123 197
124 125
124 127
124 129
124 132
124 133
124 135
124 139
124 142
124 144
124 152
124 153
124 157
124 158
124 159
124 161
124 163
124 167
124 170
124 174
124 175
124 180
124 182
124 183
124 188
124 189
124 192
124 194
124 196
124 199
125 126
125 130
125 131
125 134
125 135
125 138
125 144
125 147
125 148
125 151
125 155
125 156
125 158
125 159
125 162
125 165
125 166
125 167
125 169
125 172
125 176
125 177
125 179
125 181
125 182
125 185
125 190
125 191
125 193
125 194
125 198
126 127
126 130
126 131
126 133
126 136
126 138
126 139
126 147
126 148
126 149
126 150
126 158
126 160
126 164
126 166
126 169
126 171
126 173
126 175
126 177
126 180
126 182
126 184
126 188
126 190
126 191
126 193
126 194
126 195
126 198
127 128
127 129
127 135
127 139
127 144
127 148
127 149
127 150
127 156
127 162
127 166
127 167
127 170
127 171
127 172
127 174
127 177
127 181
127 182
127 183
127 189
127 190
127 191
127 195
127 196
127 197
127 198
128 130
128 133
128 134
128 136
128 139
128 140
128 141
128 142
128 145
128 146
128 149
128 153
128 156
128 161
128 167
128 170
128 171
128 172
128 173
128 174
128 177
128 178
128 179
128 181
128 182
128 183
128 185
128 189
128 194
128 196
129 131
129 133
129 136
129 139
129 145
129 160
129 161
129 166
129 168
129 170
129 171
129 173
129 175
129 178
129 179
129 180
129 186
129 187
129 189
129 191
129 192
129 193
129 196
130 135
130 138
130 139
130 142
130 143
130 147
130 148
130 149
130 151
130 153
130 154
130 155
130 156
130 159
130 161
130 162
130 163
130 166
130 168
130 169
130 171
130 172
130 173
130 176
130 178
130 182
130 183
130 184
130 186
130 187
130 194
130 196
130 197
130 198
131 134
131 136
131 137
131 138
131 140
131 143
131 145
131 147
131 150
131 155
131 156
131 158
131 161
131 163
131 166
131 169
131 170
131 174
131 175
131 177
131 178
131 181
131 183
131 189
131 191
131 194
131 198
132 135
132 137
132 139
132 140
132 141
132 143
132 144
132 145
132 146
132 152
132 156
132 167
132 168
132 170
132 172
132 174
132 175
132 177
132 178
132 181
132 182
132 183
132 184
132 186
132 187
132 190
132 197
132 198
133 136
133 138
133 140
133 147
133 153
133 160
133 162
133 163
133 164
133 165
133 169
133 175
133 177
133 178
133 179
133 183
133 187
133 188
133 192
133 195
133 196
133 197
133 198
134 137
134 139
134 142
134 144
134 147
134 148
134 151
134 154
134 155
134 156
134 158
134 159
134 160
134 168
134 169
134 171
134 173
134 175
134 176
134 177
134 178
134 181
134 183
134 184
134 188
134 190
134 193
134 195
134 199
135 138
135 142
135 147
135 148
135 149
135 152
135 153
135 155
135 156
135 158
135 159
135 161
135 162
135 164
135 165
135 169
135 171
135 172
135 177
135 180
135 183
135 185
135 186
135 190
135 191
135 193
135 196
136 137
136 138
136 140
136 142
136 144
136 145
136 149
136 153
136 155
136 161
136 164
136 166
136 168
136 169
136 170
136 171
136 172
136 173
136 175
136 177
136 182
136 183
136 185
136 188
136 189
136 193
136 197
136 198
137 140
137 141
137 142
137 143
137 148
137 149
137 151
137 153
137 156
137 158
137 162
137 166
137 173
137 175
137 177
137 178
137 179
137 180
137 181
137 182
137 183
137 189
137 192
137 195
137 196
137 198
137 199
138 140
138 143
138 145
138 147
138 149
138 153
138 154
138 162
138 165
138 167
138 168
138 170
138 174
138 175
138 176
138 181
138 186
138 189
138 192
138 198
139 141
139 143
139 145
139 149
139 151
139 155
139 156
139 161
139 162
139 165
139 166
139 168
139 172
139 175
139 180
139 181
139 186
139 187
139 193
139 195
139 196
139 197
139 199
140 143
140 145
140 146
140 147
140 148
140 151
140 154
140 155
140 156
140 157
140 160
140 162
140 163
140 165
140 169
140 173
140 174
140 175
140 178
140 180
140 182
140 186
140 187
140 188
140 190
140 191
140 192
140 194
140 195
140 196
140 198
141 143
141 146
141 148
141 154
141 156
141 158
141 163
141 166
141 168
141 173
141 175
141 177
141 179
141 181
141 183
141 185
141 188
141 192
141 199
142 144
142 148
142 149
142 152
142 153
142 154
142 155
142 156
142 157
142 158
142 160
142 165
142 167
142 168
142 174
142 176
142 178
142 179
142 183
142 184
142 186
142 187
142 188
142 189
142 198
142 199
143 148
143 149
143 150
143 151
143 152
143 154
143 160
143 161
143 162
143 163
143 176
143 179
143 181
143 183
143 187
143 189
143 192
143 193
143 194
143 195
143 196
144 145
144 152
144 155
144 156
144 157
144 158
144 159
144 160
144 161
144 162
144 163
144 168
144 170
144 172
144 174
144 176
144 178
144 179
144 184
144 190
144 191
144 192
144 195
144 196
144 199
145 146
145 150
145 157
145 158
145 159
145 161
145 162
145 163
145 164
145 165
145 175
145 178
145 180
145 181
145 186
145 187
145 188
145 190
145 197
145 198
145 199
146 148
146 151
146 152
146 155
146 158
146 159
146 160
146 161
146 163
146 169
146 175
146 176
146 177
146 178
146 179
146 182
146 183
146 185
146 186
146 187
146 188
146 189
146 191
146 192
146 194
146 195
146 196
146 197
146 199
147 150
147 152
147 155
147 159
147 162
147 163
147 164
147 168
147 170
147 171
147 173
147 178
147 179
147 183
147 185
147 186
147 189
147 190
148 150
148 154
148 161
148 163
148 173
148 176
148 177
148 178
148 180
148 182
148 183
148 190
148 192
148 193
148 196
149 151
149 152
149 155
149 157
149 158
149 161
149 162
149 164
149 168
149 169
149 174
149 177
149 179
149 181
149 182
149 186
149 197
150 151
150 152
150 156
150 157
150 158
150 162
150 164
150 166
150 168
150 173
150 174
150 180
150 182
150 183
150 185
150 187
150 188
150 189
150 192
150 193
150 197
151 156
151 162
151 167
151 168
151 172
151 173
151 176
151 177
151 179
151 180
151 181
151 184
151 185
151 187
151 195
152 159
152 162
152 163
152 165
152 169
152 170
152 173
152 175
152 180
152 181
152 184
152 185
152 188
152 191
152 193
152 195
152 197
152 199
153 154
153 155
153 156
153 162
153 164
153 165
153 169
153 171
153 176
153 177
153 179
153 181
153 183
153 184
153 185
153 186
153 188
153 191
153 193
153 194
153 196
154 155
154 161
154 162
154 163
154 164
154 165
154 174
154 175
154 183
154 186
154 188
154 191
154 197
154 198
154 199
155 159
155 163
155 170
155 174
155 177
155 179
155 180
155 182
155 187
155 189
155 192
155 194
155 195
155 196
155 197
155 198
155 199
156 157
156 161
156 168
156 169
156 170
156 172
156 174
156 177
156 180
156 181
156 186
156 187
156 188
156 192
156 193
156 195
156 196
156 197
156 199
157 160
157 163
157 165
157 167
157 172
157 173
157 175
157 178
157 179
157 182
157 184
157 185
157 190
157 191
157 192
157 193
157 196
157 198
157 199
158 159
158 161
158 164
158 166
158 168
158 169
158 172
158 178
158 179
158 182
158 183
158 184
158 186
158 187
158 188
158 190
158 193
159 160
159 164
159 165
159 166
159 167
159 170
159 173
159 176
159 177
159 179
159 181
159 183
159 184
159 185
159 189
159 197
160 161
160 162
160 163
160 164
160 165
160 166
160 168
160 169
160 171
160 173
160 174
160 178
160 182
160 183
160 185
160 186
160 189
160 191
160 194
160 195
160 198
160 199
161 162
161 163
161 167
161 170
161 173
161 184
161 189
161 190
161 191
161 192
161 193
161 199
162 163
162 168
162 171
162 173
162 174
162 175
162 179
162 180
162 181
162 184
162 189
162 190
162 196
162 199
163 165
163 170
163 171
163 172
163 173
163 175
163 177
163 180
163 181
163 186
163 189
163 190
163 191
163 193
163 194
163 197
164 167
164 168
164 169
164 170
164 172
164 174
164 175
164 185
164 187
164 189
164 193
164 195
165 171
165 173
165 174
165 176
165 178
165 179
165 180
165 181
165 183
165 187
165 188
165 190
165 191
165 194
165 199
166 170
166 174
166 175
166 179
166 186
166 188
166 195
166 196
166 197
167 168
167 169
167 172
167 173
167 177
167 180
167 181
167 185
167 186
167 189
167 190
167 191
167 193
167 194
167 195
167 197
167 198
168 170
168 176
168 178
168 179
168 180
168 184
168 187
168 190
168 193
168 195
169 170
169 172
169 173
169 174
169 181
169 183
169 184
169 187
169 189
169 191
169 192
169 193
169 194
169 195
169 196
169 197
169 198
169 199
170 173
170 175
170 178
170 179
170 180
170 182
170 186
170 187
170 190
170 191
170 194
170 198
171 172
171 174
171 177
171 178
171 179
171 181
171 185
171 187
171 193
171 195
172 177
172 178
172 185
172 187
172 189
172 195
172 196
172 198
172 199
173 175
173 178
173 180
173 183
173 185
173 186
173 189
173 192
173 197
174 175
174 176
174 177
174 178
174 180
174 183
174 184
174 185
174 186
174 187
174 189
174 191
174 192
174 193
174 195
174 197
174 198
175 176
175 185
175 187
175 188
175 189
175 190
175 195
175 197
176 177
176 180
176 191
177 182
177 183
177 184
177 185
177 192
177 195
177 196
178 180
178 183
178 186
178 188
178 189
178 194
178 196
179 185
179 188
179 190
179 198
180 184
180 185
180 187
180 188
180 191
180 193
180 195
180 199
181 182
181 184
181 186
181 190
181 191
181 194
181 196
181 199
182 185
182 187
182 189
182 190
182 196
182 197
183 184
183 185
183 190
183 191
183 193
183 194
183 195
183 198
184 185
184 188
184 189
184 196
184 199
185 187
185 189
185 193
185 197
185 198
186 190
186 193
186 194
187 188
187 189
187 190
187 196
187 199
188 189
188 192
188 194
188 195
188 196
189 190
189 191
189 194
189 195
189 198
190 196
190 198
191 194
191 195
191 196
191 197
192 195
192 196
192 197
192 199
193 194
194 195
194 196
194 199
195 197
195 198
196 197
197 199
198 199
101 170 175 136 126 122 25 44 193 3 125 154 167 75 149 77 191 100 81 42 115 166 163 179 70 13 93 89 172 169
56 46 67 127 151 80 92 51 109 71 4 110 143 104 68 59 22 10 153 43 31 130 107 61 6 38 19 168 197 11
97 53 47 41 131 196 103 23 157 40 98 29 96 49 76 114 91 0 95 58 176 16 137 174 162 186 195 66 182 116
63 140 133 45 87 24 183 198 84 54 147 86 90 69 74 165 152 20 102 141 194 73 155 144 161 117 72 55 94 35
27 17 65 108 173 33 187 7 124 119 181 123 146 160 62 37 52 9 118 34 15 5 12 189 145 28 139 180 60 8
14 142 1 135 121 128 138 148 184 188 30 88 82 18 99 171 32 111 199 36 85 120 50 129 177 105 64 2 79 156
57 48 78 132 113 26 192 112 159 185 150 83 134 158 190 178 21 39 106 164
