20
121
10
65
65
32
2
90
0
64
64
45
31
0 1
0 2
0 3
0 5
0 9
0 10
0 11
0 13
0 16
0 17
1 2
1 4
1 5
1 6
1 9
1 13
1 14
1 15
1 16
1 17
1 18
2 3
2 7
2 8
2 9
2 10
2 11
2 12
2 13
2 16
2 17
2 18
2 19
3 6
3 7
3 8
3 9
3 11
3 12
3 16
3 17
3 19
4 5
4 6
4 9
4 10
4 11
4 12
4 13
4 16
4 17
4 18
5 6
5 7
5 9
5 13
5 14
5 15
5 17
5 18
5 19
6 7
6 9
6 10
6 11
6 12
6 15
6 16
6 17
6 18
7 8
7 9
7 10
7 11
7 13
7 14
7 17
8 9
8 10
8 11
8 12
8 14
8 15
8 16
8 17
8 18
8 19
9 12
9 13
9 15
9 16
9 18
9 19
10 11
10 14
10 17
10 18
11 15
11 16
11 18
11 19
12 13
12 16
12 17
12 18
12 19
13 14
13 15
13 18
14 15
14 16
14 17
14 19
15 16
15 17
15 19
16 18
16 19
17 18
17 19
18 19
5 10
1 3
16 7
4 14
17 8
0 18
9 12
13 15
19 11
2 6
