200
10026
20
91
85
27
39
23
77
32
72
28
31
79
2
49
21
35
61
43
31
83
85
0 3
0 4
0 6
0 7
0 13
0 17
0 19
0 20
0 21
0 22
0 23
0 25
0 27
0 28
0 29
0 33
0 34
0 38
0 40
0 41
0 42
0 43
0 44
0 45
0 46
0 48
0 49
0 50
0 51
0 53
0 54
0 55
0 58
0 59
0 60
0 63
0 67
0 68
0 69
0 70
0 71
0 72
0 73
0 75
0 76
0 79
0 82
0 83
0 84
0 87
0 90
0 91
0 92
0 95
0 96
0 97
0 98
0 99
0 100
0 103
0 105
0 106
0 112
0 114
0 115
0 117
0 119
0 120
0 122
0 123
0 125
0 126
0 127
0 129
0 132
0 138
0 140
0 142
0 146
0 148
0 149
0 154
0 157
0 158
0 159
0 160
0 161
0 162
0 163
0 164
0 165
0 169
0 172
0 176
0 177
0 178
0 182
0 183
0 184
0 186
0 189
0 192
0 194
0 196
1 4
1 11
1 12
1 13
1 16
1 17
1 18
1 23
1 26
1 27
1 28
1 29
1 30
1 32
1 34
1 36
1 40
1 42
1 46
1 47
1 48
1 52
1 53
1 60
1 63
1 65
1 66
1 67
1 68
1 69
1 71
1 75
1 76
1 78
1 80
1 82
1 83
1 84
1 85
1 87
1 88
1 89
1 93
1 95
1 98
1 100
1 101
1 104
1 105
1 108
1 110
1 111
1 112
1 113
1 114
1 118
1 119
1 120
1 122
1 123
1 124
1 125
1 128
1 131
1 132
1 133
1 137
1 138
1 139
1 141
1 142
1 144
1 145
1 150
1 152
1 155
1 157
1 158
1 159
1 160
1 161
1 162
1 169
1 170
1 173
1 174
1 175
1 177
1 178
1 179
1 180
1 181
1 184
1 186
1 188
1 190
1 191
1 193
1 194
1 195
1 196
1 197
1 198
1 199
2 8
2 9
2 12
2 13
2 14
2 15
2 16
2 20
2 22
2 24
2 26
2 28
2 31
2 32
2 33
2 34
2 35
2 39
2 41
2 42
2 43
2 44
2 45
2 46
2 49
2 56
2 57
2 61
2 64
2 65
2 66
2 70
2 71
2 73
2 74
2 75
2 78
2 82
2 85
2 92
2 93
2 98
2 99
2 103
2 104
2 107
2 109
2 111
2 113
2 114
2 118
2 119
2 121
2 125
2 126
2 127
2 128
2 130
2 132
2 134
2 136
2 137
2 141
2 142
2 143
2 145
2 146
2 147
2 148
2 149
2 151
2 154
2 155
2 156
2 157
2 158
2 159
2 162
2 163
2 164
2 165
2 166
2 167
2 168
2 169
2 170
2 173
2 176
2 177
2 178
2 180
2 182
2 184
2 185
2 186
2 187
2 188
2 190
2 191
2 193
2 194
2 196
2 197
3 8
3 9
3 10
3 11
3 15
3 16
3 18
3 19
3 21
3 25
3 26
3 27
3 29
3 31
3 33
3 34
3 35
3 36
3 37
3 38
3 44
3 49
3 50
3 51
3 52
3 60
3 62
3 63
3 65
3 67
3 72
3 75
3 82
3 83
3 84
3 85
3 87
3 88
3 89
3 90
3 91
3 92
3 93
3 94
3 96
3 102
3 104
3 107
3 108
3 110
3 116
3 117
3 118
3 121
3 125
3 128
3 129
3 130
3 133
3 137
3 138
3 139
3 140
3 144
3 145
3 146
3 147
3 148
3 149
3 151
3 153
3 154
3 158
3 159
3 161
3 164
3 165
3 166
3 167
3 169
3 172
3 174
3 176
3 178
3 182
3 183
3 184
3 186
3 188
3 190
3 191
3 193
3 194
3 195
3 197
3 199
4 5
4 7
4 8
4 9
4 10
4 11
4 14
4 15
4 16
4 22
4 23
4 24
4 26
4 28
4 29
4 30
4 32
4 33
4 36
4 39
4 41
4 43
4 45
4 50
4 51
4 54
4 57
4 59
4 61
4 62
4 63
4 64
4 65
4 66
4 67
4 68
4 70
4 71
4 72
4 73
4 74
4 75
4 76
4 79
4 80
4 81
4 82
4 83
4 84
4 87
4 88
4 89
4 91
4 92
4 93
4 103
4 104
4 106
4 108
4 111
4 113
4 114
4 115
4 116
4 117
4 118
4 119
4 123
4 124
4 125
4 128
4 129
4 132
4 134
4 135
4 136
4 144
4 146
4 147
4 148
4 149
4 152
4 155
4 157
4 158
4 162
4 163
4 167
4 169
4 170
4 171
4 173
4 175
4 176
4 178
4 180
4 181
4 182
4 185
4 189
4 190
4 192
4 194
4 195
4 196
4 197
5 6
5 7
5 10
5 12
5 14
5 16
5 18
5 19
5 21
5 22
5 25
5 26
5 29
5 30
5 31
5 33
5 37
5 39
5 43
5 44
5 47
5 52
5 53
5 55
5 58
5 62
5 65
5 66
5 67
5 69
5 70
5 71
5 74
5 75
5 77
5 78
5 79
5 83
5 84
5 85
5 91
5 93
5 96
5 98
5 99
5 102
5 103
5 104
5 106
5 107
5 111
5 112
5 113
5 114
5 115
5 116
5 117
5 118
5 119
5 123
5 124
5 127
5 129
5 131
5 133
5 134
5 135
5 136
5 140
5 143
5 145
5 148
5 149
5 152
5 154
5 156
5 158
5 159
5 161
5 165
5 166
5 169
5 170
5 171
5 173
5 174
5 175
5 178
5 180
5 181
5 182
5 185
5 186
5 191
5 193
5 196
5 198
6 9
6 10
6 11
6 13
6 14
6 15
6 19
6 20
6 21
6 22
6 25
6 27
6 28
6 30
6 31
6 33
6 34
6 35
6 37
6 38
6 39
6 40
6 45
6 47
6 51
6 54
6 55
6 59
6 60
6 61
6 62
6 63
6 65
6 66
6 67
6 69
6 70
6 72
6 75
6 76
6 78
6 79
6 81
6 82
6 83
6 84
6 85
6 90
6 91
6 93
6 98
6 101
6 102
6 103
6 105
6 106
6 107
6 111
6 118
6 120
6 122
6 123
6 124
6 128
6 129
6 130
6 133
6 139
6 140
6 143
6 144
6 145
6 146
6 147
6 148
6 149
6 150
6 151
6 154
6 157
6 168
6 172
6 173
6 183
6 184
6 185
6 187
6 188
6 192
6 193
6 197
6 199
7 8
7 10
7 11
7 12
7 16
7 18
7 19
7 21
7 22
7 26
7 28
7 30
7 31
7 32
7 34
7 37
7 42
7 43
7 49
7 51
7 52
7 54
7 59
7 60
7 61
7 62
7 63
7 65
7 69
7 70
7 71
7 72
7 73
7 74
7 75
7 78
7 80
7 82
7 83
7 84
7 90
7 91
7 93
7 94
7 95
7 98
7 99
7 102
7 103
7 104
7 105
7 106
7 107
7 110
7 112
7 115
7 117
7 118
7 119
7 121
7 122
7 123
7 125
7 126
7 127
7 128
7 129
7 130
7 131
7 132
7 133
7 134
7 136
7 139
7 140
7 143
7 144
7 145
7 150
7 154
7 155
7 156
7 161
7 163
7 164
7 166
7 170
7 171
7 172
7 174
7 175
7 177
7 178
7 179
7 180
7 182
7 183
7 184
7 190
7 191
7 193
7 194
7 196
8 9
8 11
8 13
8 14
8 15
8 16
8 17
8 18
8 21
8 23
8 29
8 33
8 34
8 38
8 43
8 46
8 47
8 48
8 49
8 50
8 51
8 54
8 55
8 56
8 58
8 59
8 65
8 66
8 67
8 68
8 70
8 73
8 77
8 80
8 83
8 89
8 91
8 94
8 96
8 107
8 109
8 110
8 114
8 115
8 119
8 120
8 124
8 126
8 131
8 133
8 135
8 136
8 138
8 139
8 144
8 145
8 147
8 149
8 150
8 151
8 154
8 156
8 157
8 160
8 161
8 162
8 163
8 164
8 165
8 167
8 168
8 171
8 173
8 174
8 176
8 179
8 181
8 184
8 185
8 188
8 189
8 190
8 192
8 193
8 194
8 196
8 197
8 198
9 10
9 13
9 14
9 15
9 16
9 19
9 23
9 24
9 26
9 28
9 29
9 31
9 34
9 36
9 37
9 40
9 41
9 42
9 43
9 47
9 50
9 51
9 52
9 53
9 56
9 62
9 64
9 66
9 67
9 68
9 74
9 76
9 81
9 87
9 88
9 89
9 91
9 92
9 93
9 94
9 96
9 97
9 99
9 100
9 102
9 103
9 104
9 105
9 107
9 108
9 112
9 116
9 117
9 121
9 122
9 123
9 124
9 126
9 127
9 128
9 129
9 130
9 133
9 134
9 139
9 141
9 142
9 143
9 144
9 145
9 147
9 151
9 152
9 153
9 154
9 155
9 156
9 157
9 162
9 164
9 165
9 168
9 169
9 173
9 174
9 178
9 179
9 180
9 184
9 185
9 186
9 193
9 194
9 197
9 198
9 199
10 11
10 12
10 15
10 16
10 18
10 20
10 21
10 22
10 23
10 24
10 27
10 32
10 33
10 34
10 36
10 38
10 39
10 40
10 41
10 42
10 46
10 52
10 53
10 57
10 58
10 61
10 66
10 67
10 68
10 69
10 71
10 76
10 77
10 78
10 79
10 83
10 84
10 85
10 86
10 88
10 89
10 90
10 92
10 96
10 97
10 98
10 101
10 102
10 104
10 105
10 106
10 108
10 109
10 111
10 112
10 113
10 115
10 118
10 119
10 120
10 121
10 122
10 123
10 127
10 128
10 129
10 131
10 132
10 133
10 134
10 135
10 136
10 139
10 141
10 143
10 145
10 146
10 149
10 152
10 153
10 154
10 155
10 156
10 158
10 162
10 163
10 164
10 168
10 170
10 172
10 173
10 175
10 178
10 187
10 189
10 191
10 192
10 194
10 195
10 196
10 198
10 199
11 14
11 15
11 18
11 19
11 20
11 21
11 22
11 23
11 26
11 27
11 30
11 31
11 33
11 34
11 35
11 37
11 38
11 41
11 44
11 45
11 47
11 48
11 50
11 51
11 53
11 54
11 55
11 57
11 58
11 59
11 61
11 63
11 64
11 65
11 67
11 68
11 70
11 71
11 73
11 75
11 77
11 81
11 82
11 83
11 84
11 85
11 86
11 87
11 89
11 92
11 93
11 97
11 98
11 99
11 100
11 102
11 104
11 105
11 107
11 108
11 109
11 110
11 112
11 113
11 115
11 117
11 119
11 121
11 122
11 123
11 125
11 126
11 127
11 128
11 129
11 130
11 133
11 134
11 139
11 141
11 143
11 145
11 147
11 148
11 151
11 152
11 155
11 156
11 157
11 159
11 163
11 165
11 166
11 168
11 169
11 170
11 171
11 175
11 178
11 181
11 182
11 183
11 184
11 185
11 189
11 190
11 191
11 192
11 193
11 195
11 196
12 14
12 16
12 17
12 21
12 22
12 24
12 26
12 28
12 29
12 36
12 37
12 41
12 45
12 46
12 47
12 49
12 50
12 53
12 55
12 59
12 60
12 65
12 68
12 73
12 74
12 76
12 77
12 78
12 82
12 84
12 87
12 88
12 93
12 95
12 96
12 97
12 101
12 103
12 106
12 107
12 108
12 109
12 111
12 113
12 114
12 115
12 118
12 119
12 120
12 121
12 122
12 123
12 124
12 125
12 128
12 130
12 135
12 141
12 142
12 144
12 146
12 147
12 148
12 152
12 158
12 159
12 162
12 163
12 164
12 165
12 166
12 167
12 171
12 172
12 173
12 174
12 177
12 179
12 180
12 181
12 183
12 186
12 188
12 189
12 195
12 196
12 198
12 199
13 14
13 16
13 17
13 18
13 20
13 21
13 25
13 26
13 29
13 30
13 31
13 33
13 37
13 38
13 39
13 40
13 42
13 43
13 45
13 46
13 49
13 52
13 55
13 57
13 60
13 67
13 68
13 70
13 71
13 72
13 73
13 74
13 75
13 76
13 79
13 82
13 86
13 88
13 90
13 92
13 93
13 95
13 96
13 100
13 101
13 102
13 105
13 106
13 107
13 108
13 109
13 112
13 114
13 115
13 117
13 118
13 120
13 124
13 128
13 129
13 130
13 131
13 132
13 134
13 136
13 139
13 141
13 145
13 146
13 147
13 150
13 151
13 152
13 153
13 155
13 156
13 163
13 164
13 165
13 168
13 170
13 171
13 173
13 177
13 181
13 184
13 185
13 186
13 187
13 190
13 191
13 193
13 194
13 195
13 196
13 198
14 15
14 17
14 18
14 22
14 23
14 25
14 26
14 28
14 30
14 33
14 35
14 36
14 38
14 39
14 45
14 46
14 47
14 49
14 50
14 53
14 55
14 56
14 57
14 59
14 60
14 62
14 63
14 64
14 65
14 66
14 67
14 69
14 70
14 72
14 73
14 75
14 79
14 80
14 82
14 83
14 84
14 87
14 89
14 90
14 94
14 95
14 96
14 98
14 99
14 101
14 102
14 106
14 109
14 110
14 112
14 113
14 115
14 116
14 117
14 118
14 123
14 124
14 127
14 130
14 131
14 132
14 134
14 136
14 137
14 138
14 139
14 144
14 148
14 149
14 150
14 151
14 153
14 155
14 156
14 159
14 161
14 164
14 165
14 167
14 168
14 169
14 170
14 173
14 177
14 179
14 180
14 181
14 184
14 185
14 186
14 189
14 191
14 193
14 195
14 196
14 197
14 198
14 199
15 16
15 17
15 18
15 19
15 20
15 23
15 24
15 25
15 26
15 29
15 30
15 31
15 32
15 34
15 35
15 37
15 41
15 42
15 46
15 47
15 50
15 51
15 52
15 53
15 54
15 57
15 58
15 61
15 62
15 63
15 64
15 66
15 68
15 70
15 73
15 75
15 76
15 79
15 80
15 82
15 83
15 84
15 85
15 86
15 87
15 88
15 90
15 96
15 97
15 101
15 104
15 105
15 106
15 108
15 109
15 114
15 116
15 117
15 118
15 119
15 122
15 123
15 128
15 129
15 131
15 132
15 135
15 136
15 138
15 140
15 144
15 146
15 147
15 149
15 152
15 154
15 158
15 160
15 161
15 165
15 170
15 172
15 173
15 175
15 176
15 181
15 182
15 183
15 184
15 185
15 187
15 188
15 190
15 192
15 194
15 195
15 196
15 197
15 199
16 17
16 23
16 24
16 28
16 30
16 31
16 32
16 33
16 34
16 39
16 42
16 43
16 44
16 52
16 55
16 58
16 60
16 62
16 66
16 71
16 74
16 75
16 76
16 77
16 80
16 81
16 82
16 84
16 86
16 89
16 92
16 93
16 96
16 97
16 99
16 102
16 103
16 104
16 106
16 107
16 108
16 110
16 113
16 117
16 118
16 120
16 122
16 125
16 126
16 127
16 129
16 131
16 132
16 133
16 139
16 141
16 143
16 144
16 146
16 147
16 148
16 150
16 151
16 153
16 155
16 156
16 157
16 160
16 162
16 163
16 166
16 167
16 169
16 172
16 176
16 179
16 180
16 181
16 186
16 187
16 192
16 194
16 197
16 199
17 19
17 20
17 21
17 23
17 24
17 25
17 27
17 31
17 32
17 33
17 34
17 35
17 36
17 37
17 38
17 40
17 42
17 43
17 45
17 47
17 48
17 50
17 51
17 52
17 53
17 56
17 60
17 64
17 68
17 70
17 71
17 74
17 76
17 77
17 82
17 88
17 89
17 90
17 91
17 93
17 96
17 101
17 102
17 103
17 106
17 108
17 109
17 110
17 115
17 116
17 117
17 118
17 119
17 120
17 123
17 124
17 125
17 127
17 130
17 132
17 137
17 141
17 142
17 144
17 145
17 149
17 150
17 151
17 152
17 157
17 158
17 160
17 161
17 164
17 165
17 168
17 170
17 171
17 172
17 174
17 176
17 177
17 178
17 181
17 183
17 184
17 185
17 189
17 194
17 197
17 198
17 199
18 19
18 20
18 22
18 23
18 30
18 33
18 37
18 40
18 41
18 42
18 43
18 45
18 47
18 49
18 51
18 52
18 53
18 55
18 56
18 57
18 59
18 63
18 64
18 65
18 67
18 70
18 73
18 74
18 75
18 76
18 78
18 79
18 84
18 87
18 89
18 90
18 91
18 92
18 93
18 94
18 95
18 97
18 99
18 102
18 103
18 104
18 107
18 108
18 109
18 112
18 113
18 115
18 117
18 119
18 120
18 124
18 125
18 127
18 132
18 133
18 134
18 135
18 137
18 138
18 140
18 145
18 147
18 154
18 156
18 157
18 158
18 159
18 160
18 161
18 164
18 165
18 169
18 171
18 172
18 174
18 175
18 176
18 178
18 182
18 183
18 184
18 185
18 187
18 191
18 192
18 193
18 194
18 197
18 198
19 20
19 21
19 22
19 25
19 29
19 32
19 33
19 37
19 38
19 39
19 40
19 41
19 42
19 44
19 48
19 53
19 56
19 57
19 58
19 62
19 66
19 67
19 72
19 73
19 74
19 78
19 80
19 81
19 83
19 86
19 87
19 88
19 90
19 91
19 93
19 94
19 95
19 96
19 98
19 99
19 101
19 106
19 108
19 110
19 111
19 113
19 115
19 119
19 120
19 121
19 122
19 124
19 126
19 127
19 129
19 131
19 137
19 138
19 143
19 145
19 146
19 148
19 150
19 154
19 155
19 156
19 157
19 159
19 160
19 163
19 165
19 166
19 167
19 168
19 169
19 170
19 172
19 173
19 174
19 178
19 179
19 180
19 181
19 183
19 185
19 188
19 192
19 194
19 198
20 23
20 25
20 26
20 28
20 31
20 32
20 35
20 36
20 38
20 39
20 40
20 42
20 44
20 45
20 50
20 51
20 52
20 56
20 57
20 58
20 62
20 64
20 66
20 70
20 71
20 72
20 78
20 79
20 80
20 84
20 85
20 86
20 87
20 88
20 89
20 92
20 93
20 94
20 96
20 97
20 100
20 101
20 102
20 104
20 106
20 107
20 114
20 116
20 117
20 118
20 120
20 122
20 125
20 127
20 130
20 138
20 139
20 141
20 142
20 145
20 149
20 150
20 151
20 152
20 153
20 157
20 158
20 159
20 161
20 162
20 163
20 166
20 167
20 170
20 171
20 173
20 174
20 175
20 180
20 187
20 190
20 192
20 193
20 194
20 195
20 196
20 197
20 199
21 22
21 26
21 27
21 28
21 29
21 30
21 33
21 35
21 36
21 38
21 39
21 41
21 42
21 43
21 46
21 47
21 48
21 54
21 56
21 58
21 60
21 67
21 68
21 69
21 71
21 73
21 76
21 77
21 80
21 87
21 88
21 90
21 91
21 94
21 96
21 97
21 98
21 99
21 100
21 101
21 106
21 107
21 109
21 115
21 118
21 119
21 122
21 123
21 131
21 134
21 135
21 138
21 140
21 141
21 142
21 143
21 145
21 148
21 152
21 158
21 159
21 161
21 167
21 168
21 169
21 172
21 174
21 177
21 181
21 183
21 190
21 191
21 192
21 193
21 195
21 197
21 198
22 25
22 26
22 31
22 32
22 34
22 38
22 40
22 43
22 46
22 47
22 49
22 51
22 53
22 54
22 57
22 59
22 60
22 63
22 64
22 66
22 67
22 69
22 73
22 74
22 75
22 78
22 79
22 83
22 84
22 88
22 89
22 90
22 92
22 96
22 97
22 99
22 102
22 103
22 104
22 105
22 106
22 108
22 109
22 110
22 113
22 116
22 118
22 119
22 120
22 121
22 122
22 127
22 129
22 132
22 133
22 134
22 138
22 139
22 141
22 146
22 147
22 149
22 151
22 152
22 153
22 155
22 156
22 157
22 159
22 160
22 161
22 162
22 163
22 164
22 165
22 166
22 167
22 168
22 170
22 172
22 173
22 174
22 177
22 180
22 181
22 184
22 185
22 186
22 187
22 190
22 191
22 192
22 193
22 194
22 195
22 197
22 199
23 24
23 26
23 28
23 32
23 33
23 39
23 40
23 41
23 43
23 46
23 48
23 49
23 50
23 52
23 53
23 54
23 55
23 56
23 58
23 59
23 64
23 67
23 68
23 70
23 71
23 74
23 76
23 77
23 78
23 79
23 81
23 82
23 84
23 85
23 86
23 87
23 88
23 89
23 98
23 99
23 100
23 101
23 102
23 109
23 111
23 114
23 117
23 118
23 119
23 123
23 127
23 128
23 129
23 131
23 133
23 135
23 138
23 139
23 140
23 142
23 143
23 145
23 146
23 148
23 149
23 150
23 151
23 153
23 155
23 157
23 158
23 160
23 161
23 163
23 166
23 167
23 169
23 172
23 174
23 177
23 178
23 180
23 181
23 182
23 183
23 184
23 185
23 187
23 188
23 189
23 190
23 193
23 195
24 25
24 26
24 28
24 31
24 33
24 35
24 38
24 40
24 41
24 42
24 43
24 44
24 47
24 48
24 53
24 57
24 59
24 60
24 61
24 62
24 63
24 64
24 71
24 74
24 75
24 76
24 77
24 80
24 81
24 83
24 86
24 88
24 89
24 92
24 93
24 94
24 95
24 97
24 98
24 104
24 105
24 106
24 110
24 111
24 114
24 122
24 125
24 130
24 131
24 132
24 133
24 134
24 136
24 139
24 141
24 143
24 145
24 146
24 148
24 149
24 151
24 153
24 154
24 156
24 157
24 158
24 160
24 161
24 166
24 167
24 168
24 169
24 171
24 172
24 173
24 178
24 182
24 184
24 188
24 192
24 193
24 194
24 196
24 197
24 198
25 27
25 29
25 30
25 31
25 33
25 36
25 38
25 42
25 43
25 45
25 47
25 48
25 52
25 53
25 56
25 60
25 61
25 65
25 67
25 69
25 70
25 71
25 77
25 80
25 82
25 84
25 88
25 89
25 90
25 91
25 92
25 93
25 95
25 96
25 100
25 102
25 103
25 104
25 106
25 107
25 108
25 110
25 111
25 113
25 114
25 117
25 119
25 120
25 127
25 128
25 130
25 131
25 132
25 133
25 137
25 142
25 144
25 146
25 148
25 150
25 151
25 153
25 155
25 156
25 157
25 158
25 159
25 160
25 162
25 167
25 169
25 170
25 172
25 175
25 177
25 179
25 180
25 181
25 184
25 185
25 190
25 191
25 192
25 194
25 196
25 198
25 199
26 27
26 32
26 33
26 36
26 37
26 38
26 42
26 43
26 44
26 46
26 47
26 50
26 51
26 55
26 57
26 59
26 60
26 61
26 62
26 63
26 64
26 65
26 67
26 68
26 72
26 75
26 76
26 77
26 78
26 79
26 80
26 82
26 83
26 84
26 90
26 92
26 94
26 95
26 98
26 99
26 100
26 101
26 103
26 104
26 107
26 108
26 109
26 112
26 113
26 114
26 118
26 119
26 121
26 125
26 129
26 131
26 132
26 134
26 135
26 138
26 140
26 141
26 143
26 147
26 149
26 150
26 157
26 158
26 160
26 161
26 165
26 166
26 167
26 170
26 173
26 174
26 175
26 176
26 178
26 180
26 181
26 183
26 184
26 185
26 186
26 187
26 189
26 193
26 194
26 195
26 197
26 199
27 29
27 31
27 32
27 33
27 36
27 39
27 41
27 44
27 45
27 47
27 48
27 53
27 55
27 57
27 58
27 60
27 63
27 66
27 67
27 73
27 76
27 77
27 78
27 79
27 80
27 83
27 86
27 87
27 92
27 94
27 95
27 99
27 100
27 107
27 108
27 109
27 110
27 114
27 117
27 119
27 121
27 122
27 123
27 128
27 131
27 132
27 134
27 137
27 139
27 140
27 141
27 142
27 152
27 153
27 154
27 155
27 156
27 157
27 158
27 164
27 167
27 168
27 169
27 171
27 173
27 174
27 175
27 176
27 177
27 178
27 181
27 184
27 188
27 191
27 192
27 194
27 195
27 197
27 198
27 199
28 29
28 30
28 31
28 35
28 36
28 38
28 40
28 42
28 45
28 46
28 48
28 52
28 54
28 55
28 56
28 59
28 60
28 62
28 65
28 66
28 69
28 71
28 72
28 74
28 75
28 76
28 77
28 78
28 81
28 84
28 85
28 86
28 87
28 88
28 89
28 90
28 91
28 93
28 96
28 98
28 99
28 101
28 104
28 105
28 108
28 109
28 112
28 113
28 114
28 118
28 119
28 120
28 124
28 126
28 127
28 128
28 133
28 134
28 136
28 139
28 140
28 142
28 152
28 157
28 159
28 162
28 163
28 165
28 166
28 167
28 171
28 172
28 173
28 175
28 179
28 182
28 183
28 187
28 188
28 189
28 190
28 191
28 194
28 197
28 199
29 30
29 31
29 33
29 34
29 35
29 36
29 37
29 38
29 40
29 41
29 42
29 44
29 45
29 47
29 48
29 49
29 50
29 52
29 53
29 54
29 55
29 57
29 59
29 62
29 63
29 64
29 65
29 66
29 67
29 69
29 70
29 74
29 75
29 76
29 79
29 80
29 84
29 86
29 87
29 90
29 91
29 92
29 96
29 97
29 100
29 103
29 106
29 109
29 111
29 112
29 115
29 117
29 119
29 120
29 124
29 125
29 126
29 127
29 128
29 130
29 131
29 133
29 136
29 137
29 138
29 141
29 142
29 144
29 145
29 146
29 148
29 149
29 150
29 153
29 154
29 157
29 160
29 161
29 163
29 167
29 169
29 173
29 176
29 177
29 178
29 179
29 180
29 183
29 184
29 186
29 188
29 192
29 195
29 196
30 32
30 34
30 37
30 38
30 40
30 42
30 43
30 46
30 50
30 51
30 55
30 57
30 59
30 61
30 62
30 63
30 65
30 66
30 67
30 69
30 70
30 72
30 75
30 78
30 81
30 85
30 86
30 87
30 88
30 89
30 92
30 94
30 95
30 96
30 97
30 98
30 99
30 101
30 102
30 104
30 108
30 110
30 111
30 112
30 113
30 119
30 121
30 122
30 123
30 128
30 129
30 132
30 133
30 134
30 135
30 137
30 139
30 140
30 142
30 143
30 151
30 152
30 154
30 155
30 157
30 159
30 162
30 169
30 170
30 171
30 173
30 174
30 175
30 179
30 180
30 181
30 191
30 192
30 193
30 194
30 195
30 196
30 197
30 198
30 199
31 32
31 33
31 34
31 39
31 40
31 41
31 46
31 48
31 51
31 53
31 55
31 56
31 59
31 61
31 65
31 66
31 67
31 68
31 69
31 71
31 72
31 76
31 77
31 80
31 81
31 83
31 86
31 87
31 89
31 92
31 93
31 94
31 97
31 100
31 104
31 107
31 109
31 110
31 113
31 115
31 116
31 120
31 123
31 124
31 125
31 128
31 130
31 132
31 135
31 136
31 137
31 138
31 139
31 140
31 144
31 146
31 148
31 150
31 151
31 152
31 153
31 155
31 156
31 162
31 166
31 168
31 172
31 173
31 175
31 176
31 177
31 179
31 183
31 184
31 187
31 188
31 189
31 190
31 193
31 194
31 199
32 33
32 35
32 37
32 38
32 39
32 40
32 45
32 46
32 48
32 49
32 51
32 53
32 55
32 57
32 58
32 59
32 60
32 67
32 71
32 73
32 75
32 76
32 77
32 79
32 81
32 84
32 85
32 87
32 89
32 92
32 94
32 95
32 96
32 98
32 104
32 105
32 106
32 107
32 109
32 115
32 117
32 118
32 121
32 122
32 123
32 125
32 128
32 131
32 132
32 134
32 135
32 137
32 138
32 140
32 141
32 142
32 143
32 146
32 147
32 149
32 153
32 157
32 163
32 164
32 166
32 168
32 172
32 177
32 178
32 180
32 181
32 182
32 184
32 185
32 186
32 187
32 188
32 189
32 191
32 192
32 196
32 198
32 199
33 34
33 38
33 39
33 41
33 43
33 44
33 48
33 50
33 52
33 53
33 56
33 57
33 58
33 60
33 61
33 63
33 65
33 66
33 69
33 72
33 74
33 75
33 76
33 77
33 78
33 81
33 82
33 85
33 88
33 89
33 94
33 100
33 102
33 106
33 111
33 112
33 113
33 117
33 119
33 121
33 122
33 124
33 125
33 126
33 128
33 129
33 130
33 132
33 133
33 134
33 140
33 142
33 145
33 146
33 147
33 148
33 150
33 161
33 162
33 163
33 167
33 168
33 170
33 174
33 175
33 176
33 179
33 180
33 181
33 185
33 186
33 189
33 190
33 193
33 194
33 195
33 196
33 198
34 36
34 37
34 38
34 41
34 43
34 44
34 46
34 54
34 66
34 67
34 68
34 69
34 72
34 73
34 74
34 79
34 81
34 83
34 84
34 86
34 88
34 89
34 90
34 92
34 93
34 95
34 98
34 99
34 100
34 101
34 102
34 105
34 107
34 109
34 112
34 114
34 117
34 122
34 123
34 124
34 126
34 131
34 132
34 134
34 137
34 138
34 140
34 142
34 144
34 145
34 149
34 152
34 154
34 158
34 168
34 169
34 171
34 172
34 174
34 177
34 178
34 179
34 182
34 183
34 184
34 185
34 188
34 190
34 195
34 196
34 197
34 198
34 199
35 39
35 41
35 42
35 44
35 45
35 48
35 53
35 57
35 60
35 61
35 63
35 66
35 67
35 68
35 71
35 72
35 77
35 78
35 80
35 82
35 83
35 85
35 93
35 99
35 101
35 102
35 104
35 105
35 106
35 108
35 109
35 110
35 111
35 114
35 116
35 117
35 119
35 120
35 122
35 126
35 131
35 132
35 133
35 135
35 136
35 140
35 142
35 144
35 145
35 147
35 149
35 151
35 152
35 154
35 156
35 157
35 158
35 160
35 162
35 167
35 170
35 172
35 174
35 177
35 178
35 180
35 182
35 186
35 187
35 192
35 194
35 195
36 39
36 41
36 42
36 44
36 45
36 46
36 47
36 50
36 54
36 55
36 56
36 57
36 61
36 65
36 72
36 73
36 74
36 75
36 77
36 78
36 79
36 81
36 82
36 83
36 86
36 87
36 88
36 91
36 92
36 93
36 94
36 95
36 100
36 101
36 105
36 111
36 113
36 115
36 117
36 118
36 120
36 121
36 122
36 123
36 124
36 127
36 129
36 133
36 134
36 135
36 138
36 144
36 146
36 147
36 150
36 151
36 152
36 153
36 154
36 155
36 156
36 157
36 158
36 160
36 161
36 162
36 163
36 165
36 166
36 176
36 177
36 180
36 184
36 185
36 187
36 188
36 189
36 191
36 193
36 194
36 195
36 197
36 198
36 199
37 39
37 41
37 43
37 45
37 47
37 48
37 49
37 53
37 56
37 57
37 59
37 61
37 69
37 70
37 71
37 72
37 73
37 75
37 76
37 77
37 79
37 80
37 83
37 90
37 93
37 95
37 100
37 102
37 103
37 104
37 105
37 108
37 109
37 111
37 112
37 114
37 115
37 117
37 118
37 119
37 120
37 122
37 124
37 125
37 129
37 131
37 132
37 133
37 134
37 135
37 136
37 138
37 139
37 140
37 141
37 143
37 144
37 146
37 148
37 150
37 151
37 152
37 154
37 155
37 157
37 158
37 160
37 161
37 162
37 163
37 165
37 167
37 168
37 169
37 175
37 176
37 178
37 180
37 183
37 184
37 185
37 188
37 189
37 192
37 193
37 194
37 196
38 39
38 40
38 41
38 42
38 43
38 45
38 47
38 50
38 51
38 53
38 54
38 55
38 60
38 63
38 64
38 66
38 70
38 73
38 74
38 75
38 78
38 83
38 84
38 85
38 93
38 98
38 104
38 105
38 107
38 108
38 109
38 112
38 113
38 114
38 115
38 116
38 117
38 123
38 124
38 126
38 127
38 129
38 130
38 133
38 134
38 135
38 136
38 138
38 139
38 140
38 141
38 142
38 147
38 149
38 151
38 153
38 155
38 157
38 160
38 161
38 162
38 163
38 165
38 168
38 170
38 171
38 173
38 178
38 179
38 184
38 187
38 188
38 189
38 190
38 192
38 196
38 198
39 40
39 41
39 52
39 53
39 56
39 58
39 60
39 61
39 63
39 65
39 66
39 67
39 68
39 71
39 72
39 73
39 74
39 77
39 78
39 84
39 85
39 86
39 87
39 88
39 89
39 91
39 92
39 94
39 95
39 96
39 97
39 98
39 99
39 100
39 101
39 102
39 108
39 112
39 115
39 116
39 118
39 120
39 122
39 125
39 126
39 128
39 129
39 131
39 133
39 134
39 135
39 136
39 139
39 140
39 142
39 143
39 144
39 145
39 147
39 150
39 151
39 152
39 154
39 156
39 157
39 158
39 159
39 160
39 163
39 164
39 166
39 168
39 170
39 171
39 172
39 175
39 178
39 183
39 184
39 186
39 187
39 188
39 193
39 195
39 197
39 198
39 199
40 41
40 43
40 44
40 45
40 46
40 47
40 48
40 49
40 51
40 54
40 55
40 58
40 59
40 61
40 64
40 67
40 68
40 70
40 73
40 76
40 78
40 82
40 84
40 85
40 89
40 90
40 93
40 94
40 95
40 96
40 97
40 100
40 102
40 103
40 105
40 106
40 109
40 110
40 112
40 114
40 115
40 118
40 119
40 122
40 124
40 125
40 126
40 131
40 132
40 134
40 136
40 137
40 138
40 139
40 141
40 143
40 147
40 149
40 150
40 151
40 159
40 160
40 162
40 163
40 164
40 168
40 172
40 173
40 174
40 176
40 177
40 180
40 181
40 183
40 185
40 187
40 188
40 191
40 193
40 194
40 198
41 42
41 43
41 45
41 46
41 47
41 50
41 55
41 56
41 59
41 63
41 66
41 67
41 68
41 70
41 71
41 72
41 75
41 78
41 82
41 83
41 85
41 87
41 88
41 89
41 90
41 92
41 94
41 97
41 98
41 99
41 100
41 102
41 103
41 104
41 106
41 107
41 108
41 110
41 115
41 116
41 117
41 122
41 124
41 126
41 127
41 132
41 135
41 137
41 140
41 141
41 142
41 143
41 144
41 145
41 148
41 149
41 150
41 151
41 156
41 158
41 159
41 164
41 171
41 173
41 174
41 185
41 186
41 189
41 190
41 195
41 197
41 198
42 43
42 44
42 45
42 46
42 49
42 53
42 55
42 56
42 59
42 60
42 61
42 63
42 66
42 73
42 74
42 75
42 76
42 79
42 81
42 84
42 85
42 88
42 89
42 90
42 91
42 92
42 94
42 95
42 96
42 97
42 101
42 106
42 109
42 112
42 114
42 115
42 116
42 118
42 119
42 120
42 121
42 123
42 126
42 129
42 132
42 134
42 135
42 137
42 138
42 139
42 140
42 141
42 142
42 143
42 144
42 145
42 146
42 147
42 151
42 154
42 155
42 156
42 157
42 160
42 162
42 163
42 165
42 166
42 168
42 169
42 171
42 174
42 176
42 182
42 184
42 185
42 187
42 189
42 191
42 192
42 194
42 196
42 197
42 198
42 199
43 46
43 47
43 49
43 53
43 55
43 57
43 58
43 59
43 60
43 62
43 63
43 64
43 67
43 68
43 69
43 70
43 72
43 73
43 74
43 75
43 76
43 78
43 80
43 82
43 83
43 84
43 88
43 93
43 95
43 98
43 100
43 102
43 103
43 104
43 107
43 108
43 109
43 111
43 113
43 117
43 118
43 120
43 121
43 123
43 124
43 125
43 126
43 128
43 130
43 132
43 134
43 135
43 137
43 138
43 140
43 144
43 145
43 147
43 149
43 150
43 151
43 152
43 155
43 158
43 159
43 160
43 162
43 163
43 165
43 167
43 168
43 169
43 171
43 174
43 177
43 178
43 179
43 182
43 184
43 185
43 186
43 187
43 188
43 190
43 191
43 192
43 193
43 199
44 45
44 47
44 52
44 53
44 56
44 57
44 58
44 59
44 60
44 61
44 63
44 64
44 65
44 66
44 67
44 69
44 70
44 71
44 80
44 82
44 84
44 85
44 89
44 90
44 96
44 98
44 99
44 102
44 104
44 108
44 109
44 110
44 111
44 113
44 115
44 117
44 119
44 121
44 122
44 123
44 125
44 127
44 129
44 130
44 132
44 133
44 134
44 136
44 137
44 139
44 140
44 141
44 144
44 145
44 146
44 149
44 152
44 154
44 157
44 158
44 160
44 161
44 163
44 166
44 168
44 169
44 172
44 173
44 175
44 184
44 185
44 188
44 190
44 191
44 192
44 193
44 194
44 195
45 47
45 48
45 53
45 57
45 58
45 60
45 62
45 64
45 67
45 68
45 70
45 71
45 73
45 74
45 75
45 76
45 78
45 79
45 81
45 84
45 85
45 88
45 89
45 91
45 92
45 94
45 96
45 98
45 99
45 101
45 104
45 107
45 111
45 113
45 115
45 117
45 120
45 124
45 127
45 128
45 130
45 136
45 140
45 141
45 142
45 143
45 144
45 145
45 146
45 150
45 152
45 153
45 154
45 157
45 158
45 161
45 162
45 165
45 171
45 172
45 173
45 175
45 176
45 177
45 179
45 186
45 190
45 191
45 192
45 196
45 199
46 48
46 49
46 50
46 51
46 52
46 54
46 55
46 56
46 58
46 59
46 61
46 64
46 65
46 67
46 69
46 71
46 73
46 77
46 78
46 82
46 83
46 89
46 90
46 92
46 95
46 97
46 98
46 99
46 101
46 103
46 107
46 109
46 112
46 114
46 115
46 117
46 118
46 121
46 125
46 128
46 130
46 132
46 136
46 138
46 142
46 143
46 145
46 146
46 147
46 151
46 152
46 153
46 154
46 155
46 156
46 157
46 158
46 159
46 163
46 164
46 165
46 166
46 167
46 174
46 176
46 179
46 181
46 182
46 184
46 185
46 186
46 187
46 189
46 190
46 191
46 193
46 194
46 196
47 49
47 51
47 52
47 53
47 54
47 55
47 58
47 61
47 62
47 63
47 66
47 68
47 70
47 71
47 72
47 74
47 75
47 77
47 78
47 79
47 80
47 82
47 83
47 85
47 86
47 87
47 89
47 91
47 93
47 97
47 98
47 100
47 105
47 106
47 107
47 108
47 109
47 110
47 113
47 114
47 116
47 117
47 118
47 120
47 121
47 126
47 130
47 134
47 135
47 138
47 141
47 144
47 145
47 146
47 149
47 150
47 151
47 154
47 155
47 156
47 157
47 159
47 160
47 162
47 163
47 165
47 168
47 172
47 173
47 174
47 175
47 177
47 179
47 180
47 187
47 189
47 192
47 193
47 194
47 195
47 197
47 199
48 50
48 52
48 55
48 56
48 57
48 58
48 61
48 62
48 64
48 65
48 67
48 68
48 72
48 76
48 77
48 78
48 80
48 83
48 84
48 86
48 87
48 88
48 89
48 90
48 91
48 92
48 94
48 95
48 97
48 99
48 102
48 103
48 104
48 109
48 111
48 117
48 121
48 122
48 123
48 124
48 126
48 127
48 130
48 132
48 133
48 136
48 137
48 138
48 140
48 142
48 144
48 146
48 147
48 148
48 150
48 152
48 153
48 155
48 156
48 157
48 159
48 165
48 166
48 167
48 169
48 170
48 174
48 178
48 179
48 180
48 182
48 185
48 186
48 187
48 188
48 189
48 190
48 194
48 197
49 53
49 55
49 56
49 57
49 59
49 65
49 66
49 67
49 70
49 71
49 72
49 74
49 75
49 76
49 77
49 78
49 79
49 80
49 81
49 82
49 83
49 84
49 88
49 90
49 92
49 93
49 94
49 96
49 97
49 98
49 101
49 102
49 103
49 104
49 105
49 106
49 107
49 108
49 109
49 110
49 111
49 112
49 114
49 115
49 117
49 118
49 119
49 121
49 123
49 125
49 126
49 127
49 130
49 134
49 136
49 137
49 138
49 139
49 140
49 141
49 143
49 147
49 148
49 149
49 152
49 153
49 154
49 156
49 158
49 159
49 161
49 162
49 172
49 174
49 178
49 180
49 182
49 183
49 184
49 186
49 187
49 191
49 192
49 193
49 194
49 196
49 197
49 198
50 52
50 54
50 55
50 56
50 59
50 60
50 62
50 63
50 64
50 66
50 67
50 68
50 70
50 72
50 73
50 75
50 77
50 78
50 85
50 86
50 90
50 91
50 92
50 94
50 95
50 96
50 97
50 99
50 101
50 102
50 103
50 105
50 106
50 109
50 110
50 112
50 113
50 114
50 117
50 120
50 122
50 124
50 128
50 132
50 133
50 136
50 137
50 139
50 141
50 142
50 143
50 144
50 146
50 148
50 149
50 150
50 152
50 153
50 155
50 158
50 159
50 160
50 161
50 164
50 165
50 171
50 173
50 174
50 175
50 176
50 178
50 182
50 183
50 186
50 188
50 190
50 192
50 193
50 194
50 196
51 52
51 53
51 54
51 56
51 59
51 63
51 67
51 71
51 72
51 74
51 75
51 76
51 79
51 81
51 86
51 88
51 89
51 90
51 92
51 94
51 95
51 96
51 97
51 100
51 104
51 105
51 106
51 107
51 108
51 110
51 112
51 118
51 120
51 121
51 122
51 123
51 124
51 125
51 127
51 128
51 129
51 130
51 131
51 133
51 136
51 137
51 139
51 142
51 145
51 147
51 148
51 149
51 150
51 152
51 156
51 158
51 159
51 160
51 161
51 162
51 163
51 166
51 167
51 168
51 169
51 170
51 173
51 174
51 177
51 179
51 180
51 181
51 185
51 187
51 189
51 192
51 193
51 198
52 54
52 55
52 56
52 58
52 61
52 62
52 64
52 65
52 67
52 69
52 70
52 71
52 75
52 76
52 77
52 81
52 91
52 92
52 95
52 96
52 98
52 100
52 101
52 105
52 107
52 110
52 111
52 113
52 115
52 116
52 117
52 120
52 125
52 126
52 127
52 129
52 130
52 131
52 134
52 135
52 137
52 138
52 139
52 140
52 141
52 145
52 147
52 148
52 149
52 155
52 156
52 158
52 162
52 163
52 165
52 167
52 169
52 170
52 173
52 177
52 180
52 182
52 185
52 191
52 192
52 193
52 195
52 196
52 197
52 198
53 62
53 63
53 64
53 66
53 68
53 71
53 76
53 79
53 80
53 82
53 83
53 84
53 85
53 87
53 90
53 94
53 96
53 103
53 104
53 105
53 106
53 107
53 112
53 113
53 116
53 117
53 118
53 122
53 127
53 128
53 129
53 130
53 131
53 132
53 134
53 136
53 137
53 138
53 144
53 146
53 147
53 153
53 156
53 160
53 162
53 163
53 164
53 166
53 167
53 169
53 171
53 173
53 174
53 175
53 178
53 180
53 182
53 185
53 188
53 191
53 192
53 195
53 196
53 197
53 199
54 55
54 57
54 59
54 60
54 64
54 66
54 67
54 70
54 71
54 74
54 75
54 76
54 78
54 79
54 85
54 87
54 88
54 90
54 91
54 94
54 97
54 100
54 101
54 102
54 105
54 107
54 108
54 110
54 111
54 116
54 117
54 121
54 122
54 126
54 128
54 129
54 130
54 135
54 136
54 137
54 141
54 142
54 144
54 145
54 146
54 148
54 157
54 160
54 162
54 166
54 167
54 168
54 170
54 171
54 173
54 175
54 181
54 187
54 188
54 190
54 191
54 192
54 195
54 199
55 57
55 62
55 65
55 66
55 68
55 71
55 73
55 75
55 76
55 77
55 83
55 84
55 85
55 88
55 91
55 92
55 93
55 106
55 107
55 109
55 111
55 113
55 115
55 116
55 119
55 120
55 121
55 123
55 126
55 127
55 128
55 130
55 132
55 133
55 134
55 135
55 136
55 137
55 138
55 140
55 142
55 143
55 145
55 146
55 147
55 148
55 149
55 151
55 153
55 154
55 155
55 157
55 158
55 161
55 162
55 164
55 167
55 168
55 169
55 172
55 173
55 174
55 175
55 178
55 179
55 181
55 183
55 188
55 193
55 194
55 197
55 198
55 199
56 57
56 58
56 64
56 65
56 71
56 72
56 73
56 75
56 81
56 85
56 86
56 90
56 92
56 94
56 96
56 99
56 100
56 102
56 103
56 104
56 105
56 106
56 107
56 109
56 111
56 113
56 114
56 115
56 116
56 120
56 121
56 124
56 125
56 128
56 130
56 131
56 132
56 135
56 138
56 141
56 142
56 143
56 144
56 145
56 146
56 147
56 149
56 150
56 152
56 153
56 154
56 156
56 157
56 161
56 163
56 165
56 166
56 167
56 169
56 171
56 172
56 175
56 176
56 177
56 178
56 179
56 182
56 183
56 184
56 187
56 189
56 190
56 191
56 192
56 193
56 194
56 195
56 196
56 198
56 199
57 59
57 63
57 71
57 72
57 73
57 74
57 75
57 76
57 77
57 78
57 79
57 81
57 84
57 87
57 89
57 95
57 97
57 99
57 102
57 103
57 104
57 106
57 107
57 110
57 111
57 114
57 115
57 116
57 117
57 119
57 122
57 123
57 124
57 125
57 128
57 129
57 130
57 131
57 132
57 134
57 136
57 137
57 139
57 142
57 145
57 146
57 148
57 149
57 150
57 153
57 154
57 155
57 156
57 158
57 159
57 160
57 162
57 163
57 164
57 165
57 168
57 169
57 170
57 171
57 173
57 175
57 178
57 179
57 181
57 185
57 188
57 190
57 191
57 193
57 194
57 195
57 196
57 197
58 59
58 60
58 63
58 64
58 67
58 68
58 70
58 76
58 80
58 84
58 85
58 88
58 89
58 90
58 91
58 93
58 96
58 97
58 98
58 99
58 102
58 103
58 104
58 106
58 107
58 108
58 109
58 112
58 113
58 114
58 115
58 116
58 118
58 122
58 123
58 124
58 126
58 127
58 128
58 130
58 131
58 132
58 134
58 137
58 138
58 141
58 143
58 147
58 149
58 151
58 152
58 154
58 155
58 158
58 162
58 163
58 164
58 165
58 169
58 170
58 171
58 173
58 178
58 180
58 181
58 182
58 183
58 185
58 186
58 187
58 188
58 189
58 190
58 191
58 193
58 194
58 195
58 196
58 198
59 60
59 62
59 63
59 64
59 66
59 67
59 68
59 69
59 70
59 71
59 72
59 74
59 75
59 76
59 80
59 81
59 86
59 87
59 88
59 89
59 92
59 96
59 98
59 99
59 103
59 104
59 107
59 108
59 109
59 112
59 115
59 116
59 117
59 118
59 120
59 121
59 122
59 123
59 124
59 128
59 129
59 133
59 135
59 140
59 143
59 144
59 145
59 146
59 147
59 148
59 149
59 150
59 152
59 158
59 159
59 161
59 162
59 163
59 166
59 169
59 178
59 180
59 182
59 183
59 184
59 186
59 187
59 189
59 191
59 192
59 193
59 195
59 197
60 62
60 63
60 64
60 67
60 68
60 70
60 72
60 73
60 74
60 76
60 77
60 78
60 79
60 86
60 87
60 88
60 91
60 94
60 95
60 97
60 99
60 100
60 106
60 108
60 115
60 117
60 119
60 120
60 124
60 126
60 128
60 129
60 130
60 132
60 134
60 141
60 143
60 144
60 147
60 148
60 149
60 150
60 151
60 153
60 155
60 156
60 161
60 163
60 164
60 165
60 167
60 168
60 169
60 171
60 173
60 177
60 178
60 180
60 182
60 183
60 184
60 186
60 187
60 188
60 189
60 193
60 195
60 196
60 197
60 198
61 65
61 66
61 67
61 69
61 70
61 71
61 72
61 73
61 76
61 77
61 79
61 82
61 83
61 84
61 86
61 89
61 92
61 93
61 94
61 96
61 98
61 99
61 100
61 101
61 102
61 103
61 104
61 110
61 111
61 116
61 123
61 124
61 127
61 129
61 131
61 134
61 136
61 138
61 141
61 142
61 145
61 148
61 149
61 150
61 151
61 153
61 155
61 157
61 159
61 160
61 163
61 165
61 168
61 171
61 173
61 177
61 178
61 180
61 182
61 184
61 185
61 188
61 189
61 192
61 197
61 198
62 63
62 64
62 65
62 68
62 69
62 71
62 72
62 73
62 74
62 75
62 76
62 78
62 79
62 81
62 82
62 84
62 85
62 86
62 87
62 89
62 91
62 95
62 96
62 97
62 99
62 100
62 101
62 103
62 105
62 110
62 111
62 113
62 115
62 116
62 118
62 120
62 122
62 123
62 126
62 128
62 131
62 136
62 138
62 140
62 142
62 144
62 145
62 146
62 147
62 148
62 154
62 155
62 156
62 158
62 161
62 162
62 164
62 165
62 169
62 170
62 173
62 174
62 175
62 178
62 181
62 182
62 183
62 186
62 187
62 188
62 192
62 198
62 199
63 67
63 68
63 69
63 70
63 71
63 73
63 74
63 75
63 77
63 78
63 80
63 83
63 86
63 87
63 94
63 96
63 97
63 98
63 99
63 100
63 102
63 104
63 108
63 110
63 111
63 112
63 114
63 118
63 122
63 125
63 126
63 128
63 129
63 131
63 135
63 137
63 140
63 141
63 142
63 144
63 145
63 147
63 149
63 150
63 151
63 152
63 154
63 155
63 157
63 158
63 162
63 163
63 165
63 167
63 172
63 173
63 176
63 177
63 183
63 185
63 186
63 187
63 188
63 191
63 192
63 193
63 195
63 196
63 197
63 198
63 199
64 65
64 67
64 69
64 72
64 76
64 80
64 81
64 82
64 84
64 86
64 90
64 92
64 94
64 95
64 97
64 98
64 101
64 105
64 106
64 107
64 109
64 110
64 112
64 113
64 114
64 115
64 117
64 118
64 119
64 124
64 125
64 128
64 129
64 130
64 131
64 132
64 133
64 134
64 135
64 136
64 144
64 145
64 146
64 148
64 151
64 153
64 154
64 155
64 156
64 160
64 163
64 166
64 167
64 168
64 169
64 170
64 171
64 172
64 173
64 176
64 177
64 179
64 180
64 183
64 189
64 193
64 195
64 196
64 199
65 67
65 69
65 73
65 74
65 79
65 80
65 81
65 83
65 84
65 85
65 89
65 90
65 91
65 92
65 93
65 101
65 102
65 104
65 106
65 107
65 108
65 109
65 110
65 111
65 113
65 114
65 115
65 116
65 117
65 118
65 120
65 122
65 124
65 125
65 127
65 128
65 133
65 135
65 136
65 142
65 143
65 144
65 149
65 151
65 152
65 153
65 157
65 159
65 160
65 163
65 168
65 169
65 170
65 171
65 172
65 174
65 176
65 178
65 180
65 182
65 183
65 184
65 186
65 190
65 192
65 193
65 195
65 196
65 199
66 67
66 69
66 70
66 73
66 74
66 75
66 79
66 80
66 82
66 84
66 87
66 88
66 90
66 91
66 92
66 93
66 96
66 98
66 99
66 101
66 102
66 105
66 106
66 107
66 111
66 112
66 115
66 117
66 119
66 124
66 125
66 129
66 131
66 133
66 135
66 136
66 140
66 143
66 145
66 147
66 148
66 149
66 152
66 153
66 155
66 156
66 157
66 159
66 160
66 162
66 163
66 165
66 166
66 168
66 169
66 170
66 171
66 174
66 177
66 178
66 179
66 182
66 185
66 186
66 187
66 191
66 192
66 193
66 196
66 199
67 68
67 70
67 74
67 75
67 76
67 77
67 78
67 80
67 81
67 83
67 85
67 86
67 87
67 90
67 91
67 96
67 97
67 102
67 106
67 109
67 110
67 113
67 114
67 119
67 122
67 123
67 124
67 127
67 129
67 131
67 133
67 134
67 137
67 139
67 142
67 145
67 148
67 151
67 152
67 153
67 154
67 158
67 159
67 160
67 161
67 164
67 167
67 170
67 171
67 172
67 173
67 174
67 177
67 179
67 181
67 183
67 184
67 185
67 186
67 188
67 190
67 191
67 192
67 197
68 69
68 71
68 73
68 74
68 75
68 77
68 79
68 81
68 82
68 85
68 87
68 88
68 90
68 92
68 95
68 96
68 99
68 102
68 103
68 106
68 107
68 109
68 112
68 113
68 114
68 115
68 116
68 117
68 118
68 120
68 123
68 125
68 127
68 129
68 131
68 134
68 135
68 136
68 137
68 138
68 139
68 141
68 142
68 145
68 149
68 150
68 151
68 153
68 154
68 155
68 157
68 158
68 160
68 161
68 162
68 163
68 164
68 165
68 167
68 168
68 169
68 170
68 171
68 172
68 174
68 176
68 178
68 180
68 181
68 183
68 184
68 186
68 189
68 191
68 193
68 194
68 196
68 197
69 70
69 71
69 73
69 74
69 76
69 77
69 78
69 82
69 84
69 85
69 87
69 88
69 90
69 91
69 99
69 101
69 105
69 106
69 107
69 108
69 110
69 111
69 112
69 113
69 116
69 117
69 119
69 120
69 123
69 127
69 129
69 130
69 133
69 135
69 136
69 137
69 138
69 145
69 147
69 148
69 149
69 150
69 151
69 154
69 155
69 157
69 160
69 161
69 163
69 164
69 165
69 166
69 170
69 174
69 175
69 178
69 179
69 180
69 182
69 183
69 185
69 186
69 187
69 189
69 190
69 193
69 195
69 197
70 73
70 74
70 75
70 76
70 77
70 80
70 81
70 88
70 89
70 91
70 95
70 96
70 99
70 100
70 103
70 104
70 106
70 107
70 109
70 110
70 112
70 113
70 114
70 116
70 120
70 122
70 129
70 130
70 131
70 135
70 136
70 139
70 144
70 145
70 146
70 147
70 149
70 150
70 153
70 154
70 156
70 157
70 160
70 163
70 166
70 167
70 168
70 173
70 177
70 178
70 179
70 180
70 181
70 182
70 184
70 185
70 188
70 189
70 192
70 193
70 194
70 195
70 196
70 197
71 73
71 74
71 75
71 76
71 77
71 79
71 83
71 84
71 85
71 88
71 89
71 91
71 92
71 93
71 96
71 100
71 101
71 102
71 103
71 104
71 106
71 107
71 108
71 110
71 117
71 119
71 120
71 122
71 123
71 124
71 127
71 131
71 133
71 138
71 139
71 142
71 144
71 150
71 151
71 154
71 156
71 157
71 162
71 165
71 167
71 169
71 170
71 174
71 180
71 183
71 186
71 189
71 193
71 195
71 196
71 198
71 199
72 75
72 77
72 78
72 80
72 81
72 85
72 86
72 87
72 88
72 89
72 90
72 92
72 93
72 95
72 96
72 97
72 98
72 99
72 100
72 101
72 103
72 105
72 110
72 111
72 112
72 117
72 119
72 122
72 125
72 126
72 127
72 129
72 132
72 134
72 137
72 141
72 145
72 147
72 151
72 152
72 153
72 154
72 157
72 159
72 164
72 167
72 170
72 171
72 172
72 175
72 176
72 180
72 182
72 185
72 187
72 188
72 190
72 191
72 193
72 196
72 197
73 75
73 76
73 77
73 79
73 80
73 81
73 82
73 83
73 84
73 85
73 86
73 92
73 93
73 96
73 97
73 99
73 101
73 102
73 104
73 105
73 107
73 111
73 115
73 119
73 121
73 122
73 124
73 130
73 132
73 133
73 136
73 142
73 143
73 144
73 145
73 147
73 152
73 155
73 157
73 158
73 160
73 163
73 164
73 165
73 166
73 167
73 168
73 169
73 170
73 173
73 174
73 176
73 177
73 178
73 179
73 181
73 183
73 184
73 186
73 188
73 189
73 191
73 193
73 195
73 197
73 198
73 199
74 75
74 76
74 77
74 79
74 80
74 84
74 88
74 89
74 95
74 96
74 98
74 99
74 106
74 107
74 108
74 109
74 110
74 111
74 112
74 116
74 117
74 119
74 124
74 132
74 133
74 134
74 135
74 140
74 141
74 143
74 144
74 149
74 156
74 158
74 159
74 163
74 167
74 170
74 171
74 174
74 176
74 178
74 179
74 180
74 181
74 183
74 184
74 185
74 186
74 188
74 193
74 195
74 197
75 76
75 77
75 78
75 86
75 92
75 96
75 97
75 99
75 102
75 105
75 112
75 114
75 116
75 118
75 120
75 121
75 122
75 123
75 124
75 125
75 127
75 128
75 130
75 132
75 133
75 135
75 136
75 139
75 143
75 144
75 146
75 147
75 148
75 149
75 151
75 152
75 155
75 156
75 159
75 160
75 161
75 162
75 164
75 167
75 170
75 172
75 177
75 181
75 183
75 185
75 186
75 187
75 193
75 197
76 77
76 79
76 80
76 82
76 83
76 84
76 87
76 88
76 90
76 91
76 94
76 96
76 101
76 103
76 105
76 113
76 116
76 118
76 120
76 121
76 123
76 124
76 129
76 131
76 133
76 137
76 138
76 140
76 141
76 146
76 147
76 149
76 150
76 151
76 154
76 155
76 156
76 159
76 164
76 166
76 169
76 171
76 173
76 174
76 175
76 176
76 178
76 182
76 184
76 185
76 187
76 190
76 191
76 192
76 197
76 199
77 80
77 82
77 85
77 86
77 88
77 89
77 90
77 91
77 94
77 96
77 97
77 98
77 101
77 104
77 106
77 107
77 108
77 109
77 111
77 112
77 113
77 116
77 119
77 122
77 123
77 126
77 129
77 130
77 133
77 134
77 136
77 138
77 140
77 141
77 142
77 143
77 144
77 146
77 147
77 148
77 150
77 151
77 152
77 154
77 155
77 156
77 159
77 161
77 162
77 164
77 165
77 168
77 169
77 170
77 171
77 174
77 175
77 176
77 177
77 178
77 181
77 185
77 186
77 188
77 191
77 194
77 195
77 197
78 79
78 81
78 83
78 84
78 85
78 86
78 87
78 88
78 93
78 94
78 95
78 96
78 97
78 100
78 102
78 103
78 104
78 109
78 113
78 114
78 115
78 117
78 118
78 119
78 120
78 121
78 122
78 124
78 125
78 126
78 127
78 128
78 131
78 133
78 135
78 136
78 139
78 140
78 141
78 142
78 146
78 148
78 151
78 158
78 162
78 164
78 167
78 171
78 173
78 174
78 176
78 177
78 178
78 181
78 184
78 185
78 188
78 189
78 190
78 194
78 196
78 197
79 80
79 84
79 85
79 86
79 87
79 88
79 92
79 95
79 96
79 97
79 101
79 106
79 107
79 108
79 109
79 111
79 112
79 114
79 115
79 117
79 119
79 122
79 123
79 124
79 125
79 127
79 132
79 133
79 136
79 141
79 142
79 143
79 147
79 150
79 151
79 152
79 153
79 155
79 158
79 163
79 164
79 166
79 169
79 170
79 171
79 172
79 174
79 178
79 179
79 182
79 184
79 185
79 187
79 188
79 189
79 190
79 191
79 192
79 195
79 196
79 198
79 199
80 82
80 84
80 86
80 89
80 91
80 93
80 95
80 96
80 98
80 103
80 105
80 106
80 107
80 108
80 110
80 111
80 114
80 116
80 121
80 124
80 125
80 126
80 129
80 132
80 135
80 136
80 139
80 144
80 145
80 147
80 148
80 150
80 151
80 152
80 153
80 157
80 159
80 162
80 170
80 171
80 172
80 174
80 175
80 176
80 181
80 184
80 187
80 191
80 192
80 193
80 195
80 198
81 82
81 83
81 85
81 87
81 88
81 90
81 91
81 92
81 95
81 96
81 97
81 98
81 99
81 101
81 104
81 106
81 108
81 109
81 111
81 113
81 115
81 116
81 117
81 118
81 120
81 123
81 124
81 127
81 128
81 130
81 131
81 137
81 139
81 140
81 141
81 142
81 145
81 147
81 149
81 150
81 151
81 152
81 154
81 157
81 159
81 160
81 162
81 164
81 165
81 166
81 171
81 172
81 173
81 176
81 177
81 182
81 183
81 187
81 188
81 191
81 193
82 83
82 85
82 87
82 88
82 89
82 90
82 91
82 92
82 94
82 96
82 97
82 102
82 104
82 106
82 107
82 108
82 110
82 111
82 112
82 118
82 119
82 122
82 123
82 124
82 128
82 130
82 131
82 132
82 134
82 140
82 141
82 143
82 145
82 146
82 151
82 152
82 154
82 155
82 156
82 157
82 158
82 160
82 161
82 168
82 169
82 170
82 172
82 173
82 176
82 177
82 178
82 179
82 180
82 182
82 186
82 188
82 189
82 193
82 195
82 196
82 197
82 198
82 199
83 87
83 88
83 90
83 91
83 93
83 95
83 96
83 105
83 107
83 110
83 113
83 115
83 118
83 119
83 121
83 123
83 124
83 125
83 126
83 127
83 128
83 129
83 138
83 140
83 142
83 143
83 144
83 147
83 151
83 152
83 153
83 154
83 156
83 158
83 159
83 161
83 162
83 166
83 168
83 169
83 172
83 173
83 175
83 177
83 179
83 184
83 185
83 190
83 191
83 192
83 194
83 195
83 199
84 85
84 86
84 87
84 88
84 91
84 93
84 96
84 99
84 101
84 102
84 104
84 106
84 109
84 113
84 114
84 115
84 117
84 119
84 121
84 122
84 125
84 127
84 131
84 134
84 135
84 139
84 141
84 142
84 143
84 144
84 147
84 148
84 151
84 154
84 155
84 157
84 160
84 161
84 162
84 165
84 169
84 173
84 175
84 177
84 178
84 187
84 188
84 189
84 191
84 196
84 197
84 198
85 87
85 89
85 90
85 93
85 95
85 97
85 99
85 100
85 103
85 104
85 105
85 106
85 107
85 110
85 113
85 114
85 117
85 122
85 126
85 127
85 128
85 129
85 131
85 132
85 136
85 139
85 140
85 141
85 142
85 145
85 147
85 149
85 150
85 151
85 152
85 155
85 158
85 159
85 160
85 162
85 163
85 165
85 167
85 172
85 176
85 178
85 179
85 181
85 182
85 185
85 188
85 189
85 191
85 193
85 194
85 196
85 198
85 199
86 87
86 90
86 91
86 93
86 95
86 98
86 101
86 102
86 103
86 104
86 106
86 107
86 109
86 110
86 111
86 113
86 114
86 115
86 119
86 124
86 125
86 127
86 128
86 130
86 133
86 134
86 137
86 138
86 140
86 141
86 142
86 144
86 145
86 149
86 151
86 152
86 156
86 160
86 162
86 164
86 166
86 170
86 171
86 172
86 174
86 176
86 177
86 180
86 184
86 185
86 186
86 190
86 192
86 199
87 89
87 92
87 95
87 96
87 97
87 98
87 99
87 100
87 101
87 103
87 104
87 108
87 109
87 110
87 111
87 112
87 114
87 116
87 117
87 118
87 119
87 121
87 123
87 124
87 125
87 127
87 129
87 131
87 132
87 133
87 134
87 135
87 136
87 138
87 141
87 146
87 147
87 149
87 150
87 152
87 153
87 154
87 156
87 158
87 159
87 162
87 163
87 164
87 165
87 167
87 168
87 169
87 173
87 174
87 176
87 177
87 179
87 181
87 184
87 186
87 196
88 93
88 94
88 95
88 96
88 97
88 100
88 102
88 103
88 105
88 106
88 108
88 109
88 110
88 113
88 114
88 118
88 119
88 122
88 129
88 130
88 131
88 132
88 135
88 136
88 138
88 139
88 143
88 145
88 147
88 149
88 157
88 158
88 162
88 163
88 166
88 167
88 168
88 169
88 170
88 172
88 173
88 175
88 179
88 180
88 181
88 182
88 183
88 187
88 188
88 189
88 190
88 191
88 192
88 197
89 90
89 93
89 95
89 96
89 97
89 103
89 105
89 106
89 107
89 108
89 110
89 112
89 115
89 117
89 118
89 119
89 122
89 123
89 124
89 129
89 130
89 131
89 132
89 134
89 142
89 144
89 146
89 147
89 151
89 153
89 154
89 155
89 157
89 161
89 162
89 163
89 164
89 166
89 170
89 171
89 180
89 182
89 183
89 185
89 188
89 194
89 195
89 196
89 198
90 92
90 96
90 97
90 105
90 106
90 109
90 111
90 113
90 114
90 115
90 116
90 118
90 121
90 122
90 125
90 128
90 129
90 131
90 132
90 133
90 134
90 139
90 140
90 141
90 145
90 149
90 151
90 152
90 154
90 156
90 157
90 159
90 161
90 162
90 163
90 166
90 167
90 170
90 172
90 177
90 178
90 180
90 181
90 182
90 183
90 185
90 186
90 187
90 188
90 189
90 190
90 193
90 196
90 198
90 199
91 95
91 107
91 108
91 112
91 113
91 115
91 118
91 122
91 123
91 125
91 126
91 127
91 130
91 133
91 134
91 137
91 139
91 140
91 144
91 146
91 147
91 149
91 151
91 152
91 153
91 154
91 155
91 156
91 159
91 160
91 162
91 164
91 165
91 166
91 170
91 178
91 179
91 180
91 186
91 187
91 188
91 189
91 190
91 191
91 192
91 193
91 196
91 197
92 93
92 94
92 97
92 99
92 100
92 101
92 105
92 106
92 107
92 111
92 112
92 117
92 120
92 121
92 122
92 125
92 126
92 127
92 128
92 130
92 131
92 132
92 135
92 136
92 142
92 143
92 144
92 145
92 147
92 149
92 152
92 153
92 154
92 158
92 163
92 164
92 168
92 169
92 171
92 173
92 174
92 176
92 177
92 178
92 180
92 183
92 188
92 189
92 191
92 193
92 195
92 197
92 199
93 95
93 97
93 100
93 103
93 104
93 106
93 108
93 109
93 111
93 113
93 115
93 116
93 121
93 126
93 127
93 131
93 133
93 134
93 139
93 141
93 145
93 147
93 149
93 153
93 155
93 158
93 159
93 160
93 162
93 165
93 166
93 167
93 168
93 169
93 174
93 177
93 180
93 182
93 186
93 188
93 189
93 194
93 197
93 198
94 95
94 97
94 98
94 100
94 102
94 103
94 104
94 105
94 107
94 110
94 111
94 113
94 115
94 118
94 121
94 122
94 123
94 126
94 127
94 132
94 135
94 137
94 141
94 142
94 147
94 148
94 156
94 158
94 161
94 162
94 163
94 166
94 167
94 170
94 171
94 173
94 174
94 175
94 177
94 178
94 179
94 181
94 184
94 189
94 191
94 192
94 194
94 198
95 96
95 97
95 98
95 99
95 102
95 103
95 104
95 106
95 108
95 110
95 111
95 112
95 114
95 116
95 117
95 118
95 119
95 129
95 130
95 135
95 138
95 140
95 141
95 142
95 144
95 146
95 147
95 149
95 154
95 156
95 157
95 160
95 162
95 167
95 170
95 176
95 180
95 183
95 185
95 186
95 187
95 188
95 189
95 193
95 195
95 196
96 98
96 100
96 101
96 102
96 103
96 104
96 109
96 114
96 115
96 118
96 119
96 120
96 122
96 123
96 124
96 125
96 128
96 133
96 134
96 135
96 138
96 141
96 142
96 143
96 144
96 146
96 147
96 148
96 150
96 151
96 156
96 161
96 162
96 163
96 166
96 167
96 168
96 169
96 171
96 172
96 174
96 175
96 176
96 177
96 179
96 182
96 183
96 187
96 189
96 190
96 193
96 194
96 199
97 98
97 99
97 102
97 104
97 110
97 111
97 112
97 114
97 115
97 116
97 120
97 121
97 124
97 126
97 127
97 128
97 129
97 132
97 134
97 135
97 136
97 138
97 139
97 140
97 144
97 145
97 147
97 148
97 149
97 150
97 152
97 156
97 158
97 160
97 162
97 163
97 166
97 168
97 172
97 173
97 174
97 175
97 176
97 177
97 180
97 182
97 188
97 189
97 190
97 191
97 195
97 197
97 199
98 100
98 101
98 104
98 111
98 113
98 114
98 115
98 119
98 120
98 125
98 126
98 128
98 129
98 131
98 132
98 134
98 138
98 140
98 141
98 145
98 146
98 147
98 148
98 149
98 152
98 155
98 156
98 158
98 159
98 162
98 163
98 164
98 165
98 166
98 167
98 170
98 171
98 172
98 174
98 175
98 179
98 180
98 182
98 183
98 184
98 186
98 187
98 190
98 191
98 195
98 196
98 198
99 101
99 106
99 109
99 111
99 114
99 116
99 117
99 120
99 126
99 127
99 133
99 138
99 139
99 140
99 141
99 142
99 144
99 145
99 149
99 153
99 154
99 155
99 159
99 161
99 163
99 166
99 168
99 172
99 175
99 176
99 180
99 187
99 189
99 191
99 193
99 194
99 195
99 196
99 198
99 199
100 101
100 102
100 103
100 107
100 110
100 111
100 112
100 113
100 115
100 117
100 118
100 119
100 122
100 131
100 137
100 140
100 141
100 143
100 146
100 147
100 150
100 152
100 153
100 154
100 155
100 156
100 157
100 159
100 160
100 163
100 168
100 175
100 176
100 179
100 181
100 182
100 183
100 185
100 186
100 187
100 188
100 189
100 190
100 192
100 197
100 199
101 102
101 105
101 107
101 108
101 109
101 110
101 114
101 115
101 116
101 118
101 123
101 124
101 125
101 127
101 129
101 130
101 134
101 135
101 145
101 150
101 151
101 152
101 153
101 155
101 156
101 157
101 158
101 162
101 165
101 167
101 168
101 169
101 170
101 171
101 172
101 175
101 176
101 177
101 178
101 179
101 180
101 181
101 184
101 185
101 186
101 189
101 191
101 193
101 195
101 196
101 197
101 199
102 103
102 105
102 109
102 110
102 112
102 113
102 117
102 119
102 120
102 123
102 124
102 125
102 126
102 127
102 129
102 130
102 131
102 132
102 135
102 136
102 138
102 139
102 142
102 146
102 148
102 151
102 153
102 154
102 155
102 160
102 161
102 165
102 166
102 167
102 168
102 169
102 173
102 175
102 176
102 177
102 178
102 179
102 180
102 184
102 185
102 188
102 189
102 191
102 193
102 196
103 105
103 107
103 108
103 110
103 111
103 112
103 113
103 114
103 116
103 119
103 124
103 127
103 129
103 130
103 132
103 134
103 135
103 137
103 138
103 141
103 142
103 143
103 144
103 145
103 146
103 148
103 150
103 153
103 154
103 156
103 157
103 158
103 159
103 163
103 164
103 167
103 174
103 176
103 182
103 183
103 184
103 185
103 188
103 198
104 106
104 108
104 109
104 110
104 113
104 115
104 117
104 118
104 122
104 123
104 125
104 126
104 128
104 131
104 140
104 141
104 142
104 144
104 147
104 150
104 151
104 153
104 155
104 157
104 158
104 160
104 165
104 166
104 170
104 171
104 172
104 173
104 174
104 175
104 177
104 182
104 183
104 185
104 186
104 187
104 188
104 192
104 194
104 195
104 197
104 198
105 106
105 110
105 114
105 115
105 116
105 117
105 118
105 120
105 121
105 124
105 126
105 127
105 128
105 129
105 130
105 131
105 133
105 134
105 136
105 139
105 141
105 144
105 146
105 148
105 150
105 151
105 154
105 155
105 156
105 157
105 161
105 163
105 164
105 167
105 169
105 172
105 173
105 174
105 176
105 178
105 179
105 180
105 184
105 185
105 187
105 190
105 193
105 197
106 107
106 108
106 109
106 111
106 112
106 113
106 116
106 117
106 119
106 120
106 121
106 124
106 126
106 127
106 131
106 132
106 134
106 136
106 141
106 142
106 146
106 147
106 151
106 154
106 155
106 159
106 160
106 164
106 165
106 167
106 172
106 173
106 174
106 175
106 179
106 180
106 183
106 184
106 186
106 187
106 190
106 191
106 194
106 195
106 196
106 198
107 108
107 109
107 110
107 111
107 112
107 113
107 114
107 117
107 118
107 120
107 124
107 125
107 126
107 131
107 132
107 134
107 136
107 141
107 142
107 145
107 146
107 151
107 152
107 153
107 155
107 158
107 159
107 161
107 163
107 164
107 167
107 168
107 171
107 172
107 173
107 175
107 178
107 179
107 180
107 182
107 187
107 188
107 193
107 194
107 195
107 197
107 199
108 110
108 111
108 112
108 113
108 114
108 115
108 116
108 119
108 120
108 122
108 125
108 126
108 127
108 128
108 129
108 130
108 132
108 133
108 135
108 138
108 139
108 141
108 145
108 146
108 148
108 149
108 150
108 154
108 155
108 157
108 162
108 163
108 166
108 168
108 172
108 173
108 176
108 178
108 179
108 181
108 182
108 184
108 187
108 189
108 190
108 192
108 193
108 194
108 195
108 199
109 110
109 111
109 112
109 113
109 117
109 118
109 119
109 123
109 124
109 128
109 130
109 131
109 136
109 137
109 138
109 139
109 140
109 143
109 144
109 145
109 147
109 149
109 150
109 151
109 152
109 154
109 156
109 159
109 160
109 162
109 164
109 165
109 169
109 171
109 172
109 173
109 175
109 178
109 180
109 182
109 183
109 185
109 187
109 188
109 190
109 191
109 193
109 194
109 197
109 198
109 199
110 111
110 112
110 116
110 117
110 118
110 122
110 126
110 130
110 132
110 133
110 134
110 136
110 137
110 140
110 142
110 145
110 150
110 151
110 152
110 153
110 155
110 156
110 158
110 159
110 163
110 164
110 166
110 168
110 170
110 171
110 173
110 174
110 176
110 182
110 185
110 186
110 187
110 188
110 192
110 193
110 196
111 113
111 116
111 117
111 120
111 122
111 126
111 127
111 128
111 129
111 130
111 131
111 133
111 134
111 135
111 137
111 138
111 139
111 141
111 143
111 144
111 150
111 151
111 154
111 155
111 160
111 164
111 165
111 166
111 167
111 169
111 170
111 172
111 174
111 178
111 180
111 182
111 184
111 187
111 189
111 190
111 191
111 192
111 194
111 195
111 196
112 113
112 114
112 115
112 116
112 117
112 118
112 119
112 120
112 121
112 122
112 127
112 129
112 130
112 131
112 132
112 135
112 136
112 138
112 140
112 141
112 147
112 148
112 149
112 150
112 151
112 152
112 154
112 162
112 165
112 166
112 167
112 170
112 171
112 172
112 173
112 177
112 179
112 181
112 182
112 184
112 186
112 187
112 191
112 192
112 194
112 196
112 198
113 116
113 117
113 118
113 119
113 120
113 121
113 122
113 129
113 131
113 133
113 134
113 139
113 140
113 141
113 142
113 144
113 148
113 149
113 150
113 153
113 154
113 156
113 164
113 167
113 170
113 171
113 172
113 176
113 180
113 183
113 186
113 187
113 190
113 192
113 194
113 195
113 196
114 115
114 116
114 118
114 119
114 121
114 124
114 126
114 127
114 131
114 133
114 134
114 135
114 139
114 141
114 144
114 145
114 146
114 148
114 149
114 150
114 152
114 153
114 154
114 159
114 160
114 161
114 162
114 165
114 166
114 168
114 169
114 170
114 173
114 174
114 177
114 178
114 179
114 185
114 188
114 189
114 190
114 194
114 195
114 196
114 197
114 198
115 116
115 118
115 119
115 121
115 125
115 127
115 128
115 129
115 131
115 132
115 133
115 137
115 139
115 140
115 144
115 145
115 146
115 147
115 148
115 149
115 151
115 155
115 156
115 160
115 161
115 163
115 164
115 165
115 167
115 171
115 177
115 178
115 179
115 180
115 182
115 186
115 187
115 188
115 189
115 191
115 193
115 194
115 196
115 198
115 199
116 119
116 120
116 122
116 123
116 126
116 127
116 128
116 131
116 132
116 135
116 136
116 137
116 139
116 142
116 144
116 146
116 157
116 162
116 163
116 167
116 170
116 171
116 172
116 173
116 175
116 176
116 181
116 183
116 184
116 185
116 186
116 187
116 188
116 193
116 194
116 195
116 198
116 199
117 118
117 120
117 121
117 124
117 126
117 133
117 135
117 137
117 141
117 142
117 143
117 145
117 146
117 147
117 149
117 151
117 153
117 156
117 157
117 159
117 160
117 161
117 162
117 165
117 168
117 171
117 173
117 174
117 176
117 177
117 178
117 183
117 186
117 188
117 189
117 190
117 192
117 193
117 196
118 121
118 122
118 123
118 124
118 126
118 128
118 132
118 134
118 135
118 136
118 137
118 138
118 141
118 143
118 144
118 146
118 149
118 150
118 151
118 153
118 154
118 155
118 157
118 158
118 159
118 162
118 165
118 166
118 167
118 171
118 172
118 173
118 175
118 176
118 177
118 178
118 179
118 181
118 183
118 184
118 188
118 189
118 190
118 192
118 193
118 195
118 198
118 199
119 123
119 124
119 125
119 126
119 129
119 131
119 134
119 137
119 140
119 142
119 146
119 147
119 148
119 151
119 153
119 154
119 155
119 156
119 157
119 159
119 160
119 162
119 163
119 164
119 165
119 168
119 170
119 172
119 174
119 175
119 176
119 177
119 178
119 181
119 182
119 183
119 184
119 185
119 187
119 191
119 192
119 193
119 194
119 196
120 121
120 122
120 123
120 127
120 128
120 129
120 130
120 131
120 132
120 133
120 136
120 140
120 141
120 143
120 144
120 145
120 149
120 150
120 152
120 159
120 162
120 163
120 164
120 171
120 172
120 173
120 174
120 176
120 177
120 179
120 180
120 183
120 184
120 193
120 194
120 195
120 197
120 199
121 124
121 126
121 131
121 134
121 135
121 137
121 138
121 139
121 140
121 141
121 142
121 148
121 149
121 151
121 152
121 153
121 156
121 159
121 160
121 161
121 167
121 168
121 171
121 173
121 174
121 177
121 179
121 182
121 183
121 185
121 186
121 189
121 192
121 194
121 195
121 196
121 197
122 125
122 126
122 128
122 130
122 131
122 132
122 133
122 139
122 140
122 141
122 142
122 143
122 147
122 150
122 151
122 155
122 156
122 157
122 158
122 159
122 161
122 162
122 163
122 164
122 166
122 167
122 169
122 171
122 175
122 176
122 177
122 179
122 181
122 183
122 184
122 186
122 187
122 188
122 193
122 194
122 195
122 196
123 124
123 127
123 128
123 129
123 131
123 132
123 133
123 136
123 137
123 143
123 144
123 147
123 148
123 149
123 153
123 156
123 157
123 158
123 159
123 164
123 165
123 167
123 168
123 169
123 170
123 171
123 172
123 173
123 175
123 177
123 178
123 181
123 182
123 183
123 184
123 189
123 190
123 192
123 196
123 197
123 198
124 125
124 127
124 128
124 134
124 135
124 136
124 139
124 141
124 142
124 143
124 145
124 148
124 150
124 152
124 154
124 155
124 156
124 158
124 162
124 163
124 164
124 167
124 170
124 171
124 173
124 179
124 180
124 181
124 184
124 189
124 190
124 192
124 194
124 195
124 197
124 198
125 132
125 136
125 137
125 138
125 140
125 142
125 143
125 144
125 147
125 148
125 149
125 150
125 151
125 152
125 155
125 158
125 159
125 160
125 161
125 168
125 170
125 171
125 173
125 174
125 175
125 177
125 179
125 180
125 183
125 185
125 187
125 192
125 193
125 195
125 197
125 199
126 128
126 131
126 132
126 134
126 135
126 137
126 139
126 142
126 143
126 144
126 145
126 150
126 151
126 153
126 154
126 156
126 157
126 160
126 161
126 164
126 165
126 166
126 170
126 171
126 172
126 174
126 175
126 176
126 177
126 180
126 181
126 185
126 186
126 187
126 188
126 189
126 192
126 194
126 195
126 196
126 198
127 128
127 129
127 131
127 134
127 135
127 136
127 139
127 142
127 143
127 150
127 152
127 153
127 156
127 159
127 161
127 163
127 166
127 167
127 168
127 169
127 170
127 172
127 173
127 174
127 176
127 177
127 178
127 180
127 181
127 187
127 188
127 190
127 191
127 192
127 193
127 194
127 197
127 198
127 199
128 130
128 131
128 133
128 141
128 142
128 143
128 151
128 152
128 153
128 154
128 159
128 160
128 164
128 165
128 166
128 169
128 170
128 175
128 177
128 181
128 183
128 184
128 187
128 188
128 190
128 191
128 192
128 193
128 194
129 130
129 133
129 138
129 140
129 142
129 143
129 144
129 148
129 149
129 150
129 151
129 152
129 153
129 156
129 157
129 158
129 162
129 166
129 168
129 169
129 170
129 174
129 178
129 180
129 182
129 185
129 186
129 187
129 188
129 189
129 190
129 191
129 192
129 193
129 195
129 196
129 197
130 132
130 136
130 138
130 140
130 143
130 145
130 147
130 148
130 154
130 156
130 157
130 158
130 159
130 160
130 161
130 162
130 164
130 167
130 168
130 170
130 172
130 177
130 179
130 180
130 181
130 182
130 183
130 186
130 187
130 188
130 190
130 192
130 193
130 195
130 197
130 199
131 133
131 135
131 136
131 137
131 140
131 142
131 145
131 148
131 155
131 157
131 158
131 160
131 161
131 165
131 166
131 167
131 168
131 169
131 170
131 171
131 172
131 173
131 176
131 177
131 179
131 185
131 186
131 187
131 188
131 190
131 191
131 193
131 194
131 195
131 196
131 197
132 133
132 134
132 135
132 137
132 138
132 139
132 140
132 141
132 146
132 148
132 149
132 150
132 151
132 152
132 155
132 156
132 161
132 164
132 166
132 168
132 173
132 177
132 179
132 180
132 181
132 182
132 184
132 186
132 187
132 188
132 189
132 192
132 195
132 197
133 138
133 139
133 142
133 145
133 146
133 148
133 152
133 154
133 156
133 158
133 159
133 161
133 163
133 165
133 169
133 173
133 174
133 175
133 176
133 177
133 178
133 180
133 182
133 183
133 184
133 190
133 191
133 193
133 197
134 137
134 139
134 145
134 146
134 147
134 148
134 149
134 154
134 155
134 156
134 160
134 161
134 162
134 163
134 165
134 166
134 167
134 168
134 170
134 171
134 173
134 174
134 176
134 178
134 179
134 180
134 182
134 183
134 184
134 185
134 186
134 189
134 190
134 192
134 194
134 195
134 196
134 198
135 136
135 137
135 139
135 140
135 141
135 143
135 145
135 146
135 147
135 148
135 149
135 150
135 152
135 153
135 154
135 155
135 156
135 158
135 161
135 162
135 165
135 166
135 167
135 175
135 176
135 179
135 182
135 183
135 187
135 189
135 190
135 192
135 194
135 197
135 198
136 137
136 141
136 142
136 148
136 149
136 151
136 152
136 155
136 156
136 157
136 161
136 162
136 163
136 165
136 170
136 171
136 172
136 173
136 174
136 177
136 178
136 180
136 182
136 189
136 191
136 196
136 197
136 199
137 138
137 139
137 141
137 144
137 147
137 148
137 149
137 153
137 155
137 165
137 168
137 169
137 171
137 172
137 174
137 175
137 177
137 178
137 182
137 183
137 184
137 185
137 187
137 189
137 190
137 195
137 196
137 197
137 198
137 199
138 139
138 140
138 146
138 148
138 149
138 155
138 158
138 163
138 164
138 165
138 167
138 168
138 170
138 171
138 172
138 173
138 178
138 181
138 182
138 184
138 186
138 187
138 190
138 191
138 194
138 195
138 198
138 199
139 140
139 144
139 145
139 146
139 147
139 148
139 149
139 150
139 153
139 154
139 155
139 157
139 160
139 162
139 164
139 167
139 168
139 171
139 172
139 173
139 175
139 177
139 178
139 180
139 181
139 182
139 183
139 185
139 188
139 190
139 192
139 194
139 195
139 197
139 198
139 199
140 141
140 145
140 148
140 149
140 151
140 153
140 154
140 155
140 158
140 162
140 163
140 165
140 166
140 168
140 170
140 178
140 179
140 185
140 186
140 189
140 192
140 193
140 194
140 196
140 197
141 142
141 143
141 148
141 152
141 154
141 161
141 162
141 165
141 166
141 167
141 169
141 170
141 172
141 173
141 174
141 179
141 180
141 183
141 187
141 189
141 191
141 196
141 199
142 145
142 146
142 147
142 149
142 150
142 151
142 152
142 153
142 155
142 156
142 159
142 161
142 163
142 164
142 168
142 169
142 171
142 172
142 174
142 175
142 176
142 178
142 180
142 181
142 182
142 184
142 187
142 188
142 189
142 190
142 191
142 192
142 194
142 196
142 199
143 144
143 145
143 148
143 149
143 150
143 153
143 154
143 157
143 159
143 160
143 162
143 164
143 165
143 169
143 170
143 171
143 174
143 177
143 178
143 179
143 181
143 186
143 187
143 189
143 190
143 191
143 195
143 196
143 197
144 145
144 150
144 153
144 154
144 155
144 157
144 159
144 160
144 163
144 164
144 165
144 166
144 167
144 168
144 169
144 170
144 173
144 174
144 177
144 178
144 179
144 180
144 184
144 185
144 188
144 189
144 190
144 192
144 194
144 195
145 146
145 147
145 148
145 149
145 150
145 152
145 153
145 156
145 159
145 162
145 163
145 164
145 165
145 166
145 167
145 169
145 172
145 173
145 174
145 177
145 178
145 180
145 182
145 184
145 188
145 189
145 191
145 193
145 195
145 199
146 147
146 148
146 152
146 153
146 154
146 156
146 158
146 163
146 164
146 165
146 167
146 169
146 171
146 179
146 180
146 184
146 187
146 188
146 191
146 192
146 193
146 195
146 198
147 149
147 158
147 159
147 166
147 172
147 173
147 178
147 179
147 184
147 186
147 189
147 190
147 194
147 197
147 198
147 199
148 149
148 150
148 158
148 165
148 166
148 170
148 171
148 173
148 174
148 175
148 178
148 179
148 182
148 183
148 184
148 188
148 190
148 193
148 194
148 195
148 196
148 197
149 153
149 156
149 159
149 160
149 163
149 166
149 168
149 169
149 170
149 171
149 172
149 174
149 175
149 176
149 178
149 180
149 181
149 182
149 185
149 189
149 191
149 192
149 194
149 198
149 199
150 151
150 152
150 154
150 155
150 156
150 157
150 158
150 160
150 162
150 163
150 164
150 171
150 173
150 174
150 178
150 182
150 185
150 187
150 188
150 195
150 197
151 153
151 155
151 156
151 157
151 158
151 163
151 166
151 167
151 168
151 173
151 175
151 178
151 179
151 180
151 181
151 183
151 185
151 186
151 187
151 188
151 190
151 192
151 193
151 195
151 196
151 199
152 153
152 154
152 158
152 160
152 161
152 163
152 164
152 169
152 170
152 171
152 172
152 173
152 175
152 176
152 177
152 178
152 179
152 180
152 182
152 183
152 184
152 185
152 188
152 189
152 191
152 192
152 198
152 199
153 154
153 155
153 156
153 158
153 161
153 163
153 164
153 165
153 167
153 168
153 170
153 175
153 176
153 177
153 178
153 181
153 184
153 187
153 190
153 191
153 192
153 194
153 198
153 199
154 161
154 164
154 166
154 167
154 168
154 169
154 170
154 171
154 172
154 173
154 175
154 177
154 178
154 179
154 180
154 181
154 182
154 183
154 186
154 189
154 190
154 191
154 192
154 194
154 198
154 199
155 156
155 159
155 160
155 161
155 165
155 168
155 169
155 171
155 172
155 173
155 175
155 176
155 179
155 181
155 182
155 183
155 184
155 185
155 186
155 187
155 188
155 195
155 196
155 197
155 199
156 157
156 160
156 161
156 162
156 165
156 167
156 168
156 173
156 175
156 177
156 178
156 179
156 186
156 188
156 192
156 196
156 197
156 198
156 199
157 158
157 161
157 164
157 165
157 167
157 168
157 171
157 173
157 177
157 182
157 183
157 184
157 185
157 187
157 190
157 192
157 193
157 195
157 198
157 199
158 159
158 160
158 162
158 165
158 166
158 167
158 171
158 172
158 173
158 176
158 177
158 180
158 181
158 187
158 188
158 189
158 190
158 191
158 192
158 194
158 196
159 162
159 163
159 165
159 168
159 172
159 173
159 174
159 176
159 187
159 191
159 192
159 195
159 198
159 199
160 161
160 163
160 164
160 165
160 166
160 168
160 174
160 175
160 177
160 178
160 180
160 182
160 183
160 185
160 189
160 190
160 191
160 193
160 197
160 198
160 199
161 167
161 168
161 173
161 177
161 182
161 183
161 184
161 186
161 188
161 190
161 195
161 196
161 197
161 198
162 163
162 165
162 167
162 168
162 169
162 170
162 171
162 172
162 174
162 175
162 176
162 177
162 178
162 183
162 185
162 187
162 188
162 189
162 192
162 193
162 194
162 196
162 197
162 198
163 164
163 165
163 166
163 168
163 169
163 171
163 173
163 177
163 180
163 181
163 182
163 183
163 185
163 186
163 188
163 189
163 190
163 195
163 196
163 199
164 165
164 166
164 168
164 170
164 172
164 175
164 177
164 178
164 179
164 180
164 181
164 182
164 183
164 184
164 185
164 186
164 187
164 188
164 189
164 192
164 193
164 198
165 166
165 167
165 170
165 171
165 174
165 175
165 176
165 178
165 180
165 184
165 185
165 186
165 187
165 188
165 189
165 192
165 194
165 196
165 197
166 167
166 169
166 171
166 174
166 175
166 177
166 178
166 179
166 180
166 181
166 183
166 184
166 185
166 186
166 187
166 188
166 190
166 192
166 193
166 194
166 195
166 196
167 168
167 169
167 172
167 173
167 174
167 184
167 187
167 192
167 193
167 194
167 199
168 174
168 175
168 178
168 183
168 184
168 185
168 187
168 193
168 194
168 195
169 171
169 173
169 174
169 179
169 181
169 184
169 185
169 189
169 191
169 192
169 193
169 194
169 196
169 197
169 198
169 199
170 172
170 174
170 175
170 176
170 177
170 178
170 180
170 181
170 186
170 189
170 190
170 191
170 193
170 194
170 195
171 175
171 177
171 178
171 179
171 181
171 184
171 185
171 187
171 189
171 193
171 194
171 195
171 196
171 199
172 175
172 176
172 177
172 179
172 180
172 181
172 185
172 186
172 187
172 188
172 189
172 190
172 191
172 192
172 193
172 195
172 196
172 197
173 174
173 176
173 178
173 179
173 181
173 183
173 185
173 186
173 190
173 191
173 193
173 194
173 195
173 196
173 197
173 198
174 176
174 177
174 178
174 180
174 181
174 182
174 186
174 187
174 190
174 196
174 199
175 176
175 180
175 182
175 183
175 185
175 189
175 190
175 194
175 195
176 178
176 180
176 184
176 185
176 186
176 190
176 192
176 193
176 197
177 178
177 181
177 183
177 185
177 190
177 191
177 192
177 193
177 194
178 179
178 180
178 183
178 184
178 185
178 187
178 191
178 193
178 194
178 196
178 197
178 198
179 182
179 188
179 191
179 194
179 197
179 198
180 181
180 182
180 183
180 184
180 185
180 187
180 188
180 193
180 194
180 195
180 196
180 198
181 182
181 184
181 185
181 186
181 187
181 188
182 184
182 185
182 186
182 187
182 188
182 189
182 190
182 193
182 194
182 195
182 197
182 199
183 185
183 186
183 187
183 188
183 189
183 192
183 193
183 197
184 190
184 191
184 192
184 193
184 194
184 195
184 196
184 197
184 198
185 186
185 188
185 190
185 192
185 194
185 198
185 199
186 189
186 190
186 192
186 193
186 195
186 198
186 199
187 189
187 192
187 193
187 194
187 196
187 199
188 189
188 190
188 195
188 197
188 199
189 191
189 192
189 193
189 194
189 195
189 197
189 199
190 191
190 193
190 194
190 196
191 192
191 194
191 195
191 196
191 198
191 199
192 193
192 194
192 195
192 196
192 198
193 194
193 196
193 198
194 195
194 197
194 198
194 199
195 197
195 199
196 198
197 199
52 60 72 184 84 105 58 157 88 136
168 31 96 10 0 160 104 56 75 1
79 119 89 29 68 99 65 183 144 33
189 80 87 173 138 114 185 121 94 85
51 193 30 13 42 24 27 190 125 110
171 77 155 150 116 109 108 192 128 179
21 59 163 48 139 26 71 46 39 98
196 74 142 57 16 146 7 134 12 64
135 191 93 23 95 3 164 78 6 162
169 25 63 198 137 14 123 149 153 20
195 32 127 5 34 86 182 122 67 81
140 131 158 188 61 178 69 97 107 35
151 129 111 132 54 120 55 176 8 165
124 161 172 154 133 145 38 113 199 15
49 45 28 40 90 126 41 181 11 102
36 50 130 167 91 4 197 53 70 62
112 17 148 76 117 147 166 186 92 18
37 180 19 101 100 103 143 194 44 170
2 174 115 66 118 43 156 175 47 177
141 152 22 82 73 83 9 159 106 187
