200
11822
20
89
35
71
71
2
11
77
52
92
37
14
55
29
19
99
41
17
44
38
27
0 1
0 6
0 10
0 11
0 13
0 15
0 16
0 19
0 20
0 21
0 24
0 25
0 26
0 28
0 29
0 32
0 33
0 36
0 37
0 38
0 40
0 41
0 42
0 44
0 48
0 49
0 52
0 54
0 55
0 56
0 58
0 59
0 60
0 61
0 62
0 63
0 64
0 66
0 67
0 70
0 71
0 75
0 76
0 77
0 80
0 83
0 84
0 85
0 86
0 89
0 92
0 96
0 97
0 98
0 99
0 100
0 101
0 102
0 105
0 106
0 109
0 110
0 113
0 119
0 120
0 122
0 123
0 129
0 132
0 133
0 134
0 135
0 137
0 139
0 141
0 145
0 146
0 150
0 151
0 152
0 153
0 154
0 156
0 158
0 163
0 164
0 165
0 166
0 167
0 168
0 170
0 171
0 172
0 173
0 174
0 177
0 179
0 180
0 183
0 184
0 191
0 193
0 196
0 197
0 198
0 199
1 2
1 3
1 4
1 5
1 7
1 8
1 10
1 11
1 12
1 13
1 14
1 16
1 17
1 18
1 20
1 23
1 24
1 25
1 26
1 27
1 28
1 31
1 32
1 34
1 35
1 36
1 38
1 39
1 40
1 42
1 43
1 44
1 45
1 46
1 47
1 48
1 50
1 52
1 54
1 56
1 59
1 60
1 61
1 67
1 68
1 70
1 72
1 73
1 74
1 76
1 77
1 80
1 81
1 82
1 83
1 85
1 86
1 87
1 88
1 91
1 92
1 95
1 98
1 100
1 101
1 102
1 103
1 104
1 105
1 106
1 107
1 108
1 109
1 110
1 111
1 112
1 115
1 117
1 118
1 120
1 121
1 123
1 124
1 126
1 128
1 129
1 130
1 131
1 133
1 134
1 138
1 139
1 140
1 141
1 142
1 143
1 144
1 150
1 151
1 152
1 154
1 155
1 156
1 158
1 159
1 160
1 163
1 164
1 167
1 168
1 169
1 170
1 171
1 172
1 173
1 174
1 175
1 176
1 177
1 178
1 180
1 181
1 183
1 184
1 185
1 186
1 187
1 190
1 192
1 193
1 194
1 196
1 197
1 198
1 199
2 4
2 5
2 6
2 7
2 8
2 9
2 10
2 11
2 12
2 13
2 14
2 15
2 16
2 18
2 19
2 23
2 27
2 28
2 29
2 31
2 32
2 33
2 34
2 38
2 39
2 41
2 42
2 43
2 48
2 51
2 52
2 53
2 56
2 57
2 58
2 59
2 63
2 66
2 71
2 72
2 75
2 78
2 79
2 80
2 82
2 83
2 84
2 86
2 87
2 88
2 89
2 90
2 92
2 94
2 95
2 96
2 99
2 100
2 101
2 102
2 104
2 105
2 106
2 107
2 108
2 109
2 114
2 115
2 116
2 118
2 121
2 122
2 123
2 127
2 128
2 133
2 134
2 137
2 138
2 139
2 140
2 142
2 143
2 144
2 145
2 149
2 150
2 151
2 159
2 160
2 162
2 163
2 166
2 167
2 168
2 172
2 173
2 175
2 176
2 177
2 178
2 179
2 180
2 181
2 182
2 183
2 184
2 185
2 186
2 187
2 188
2 191
2 192
2 194
2 195
2 196
2 197
2 198
3 4
3 5
3 6
3 8
3 9
3 10
3 14
3 16
3 18
3 19
3 20
3 23
3 25
3 26
3 28
3 29
3 30
3 32
3 36
3 37
3 38
3 39
3 40
3 41
3 42
3 43
3 45
3 47
3 48
3 50
3 52
3 53
3 54
3 55
3 56
3 58
3 60
3 62
3 63
3 65
3 67
3 69
3 71
3 74
3 75
3 77
3 79
3 80
3 82
3 83
3 84
3 86
3 87
3 89
3 92
3 93
3 94
3 95
3 97
3 98
3 99
3 100
3 101
3 102
3 105
3 106
3 107
3 109
3 111
3 112
3 114
3 115
3 121
3 122
3 125
3 126
3 128
3 129
3 130
3 132
3 133
3 134
3 136
3 137
3 138
3 139
3 140
3 143
3 144
3 146
3 147
3 148
3 150
3 151
3 152
3 153
3 154
3 155
3 157
3 159
3 160
3 161
3 162
3 163
3 164
3 165
3 167
3 169
3 176
3 177
3 178
3 179
3 182
3 186
3 187
3 189
3 190
3 192
3 194
3 195
3 197
4 5
4 6
4 7
4 9
4 10
4 11
4 13
4 14
4 15
4 16
4 17
4 18
4 19
4 21
4 22
4 25
4 27
4 28
4 31
4 32
4 33
4 34
4 36
4 37
4 38
4 39
4 42
4 43
4 45
4 47
4 49
4 51
4 52
4 53
4 54
4 55
4 57
4 58
4 59
4 60
4 62
4 63
4 64
4 65
4 66
4 71
4 73
4 74
4 75
4 76
4 78
4 79
4 80
4 81
4 82
4 83
4 84
4 86
4 87
4 88
4 89
4 90
4 91
4 92
4 93
4 94
4 97
4 98
4 99
4 101
4 104
4 106
4 107
4 108
4 110
4 111
4 112
4 114
4 115
4 118
4 119
4 120
4 121
4 122
4 123
4 124
4 126
4 132
4 133
4 134
4 136
4 139
4 143
4 146
4 147
4 149
4 150
4 152
4 153
4 154
4 155
4 156
4 158
4 159
4 162
4 164
4 166
4 168
4 169
4 171
4 172
4 174
4 175
4 177
4 179
4 180
4 181
4 182
4 183
4 184
4 186
4 194
4 195
4 197
5 7
5 9
5 10
5 11
5 14
5 18
5 19
5 20
5 24
5 25
5 26
5 28
5 29
5 30
5 32
5 33
5 38
5 39
5 40
5 41
5 44
5 47
5 48
5 51
5 53
5 54
5 55
5 57
5 59
5 61
5 64
5 66
5 67
5 68
5 69
5 70
5 71
5 72
5 73
5 74
5 75
5 79
5 83
5 84
5 85
5 86
5 88
5 94
5 97
5 98
5 99
5 101
5 102
5 105
5 106
5 107
5 108
5 109
5 110
5 111
5 112
5 114
5 115
5 118
5 119
5 120
5 121
5 123
5 125
5 126
5 129
5 130
5 133
5 134
5 136
5 137
5 138
5 139
5 140
5 142
5 143
5 144
5 145
5 146
5 147
5 148
5 149
5 150
5 152
5 153
5 154
5 156
5 159
5 161
5 163
5 165
5 166
5 168
5 171
5 173
5 175
5 176
5 179
5 180
5 181
5 183
5 185
5 187
5 188
5 189
5 192
5 194
5 195
5 197
6 7
6 11
6 12
6 13
6 14
6 17
6 18
6 21
6 22
6 23
6 24
6 25
6 28
6 30
6 33
6 35
6 40
6 42
6 43
6 44
6 45
6 46
6 47
6 49
6 50
6 52
6 53
6 55
6 56
6 58
6 59
6 64
6 67
6 68
6 69
6 71
6 73
6 74
6 76
6 77
6 81
6 82
6 83
6 84
6 87
6 88
6 89
6 90
6 91
6 94
6 97
6 99
6 100
6 101
6 102
6 103
6 104
6 105
6 107
6 108
6 111
6 113
6 116
6 118
6 119
6 120
6 121
6 127
6 128
6 129
6 130
6 132
6 134
6 135
6 140
6 141
6 142
6 144
6 146
6 147
6 148
6 151
6 153
6 154
6 155
6 156
6 159
6 160
6 161
6 162
6 163
6 164
6 167
6 169
6 173
6 174
6 176
6 177
6 180
6 183
6 185
6 190
6 192
6 193
6 194
6 196
6 197
6 198
7 8
7 9
7 10
7 12
7 14
7 15
7 18
7 22
7 25
7 27
7 28
7 30
7 31
7 36
7 37
7 38
7 40
7 41
7 42
7 43
7 45
7 48
7 53
7 55
7 56
7 57
7 58
7 59
7 60
7 61
7 62
7 63
7 64
7 66
7 67
7 68
7 69
7 70
7 71
7 74
7 75
7 77
7 78
7 79
7 80
7 81
7 82
7 85
7 87
7 88
7 91
7 92
7 97
7 101
7 103
7 105
7 107
7 108
7 111
7 113
7 114
7 115
7 116
7 118
7 119
7 121
7 122
7 123
7 124
7 125
7 127
7 129
7 130
7 131
7 132
7 133
7 135
7 140
7 141
7 142
7 144
7 145
7 146
7 150
7 151
7 152
7 153
7 154
7 155
7 156
7 157
7 161
7 163
7 164
7 165
7 168
7 169
7 174
7 177
7 180
7 181
7 182
7 185
7 186
7 187
7 192
7 193
7 194
7 195
7 196
7 197
7 198
8 12
8 14
8 16
8 17
8 26
8 27
8 30
8 31
8 33
8 35
8 36
8 37
8 38
8 40
8 44
8 47
8 50
8 51
8 52
8 53
8 54
8 55
8 56
8 61
8 62
8 64
8 65
8 66
8 67
8 70
8 71
8 72
8 74
8 80
8 83
8 87
8 89
8 91
8 92
8 95
8 96
8 98
8 99
8 101
8 106
8 107
8 108
8 109
8 110
8 111
8 113
8 114
8 117
8 118
8 119
8 120
8 121
8 123
8 127
8 132
8 133
8 135
8 137
8 139
8 140
8 141
8 142
8 144
8 146
8 147
8 148
8 151
8 155
8 156
8 157
8 158
8 160
8 162
8 164
8 171
8 172
8 173
8 174
8 175
8 178
8 182
8 184
8 186
8 188
8 189
8 190
8 191
8 192
8 193
8 194
8 196
8 198
8 199
9 10
9 12
9 13
9 14
9 16
9 17
9 19
9 20
9 21
9 25
9 27
9 28
9 29
9 31
9 33
9 34
9 35
9 38
9 39
9 42
9 45
9 47
9 48
9 49
9 51
9 52
9 57
9 58
9 61
9 63
9 64
9 66
9 67
9 69
9 71
9 72
9 73
9 76
9 78
9 79
9 80
9 81
9 82
9 83
9 85
9 86
9 87
9 88
9 89
9 90
9 91
9 92
9 93
9 95
9 99
9 100
9 101
9 102
9 103
9 104
9 105
9 106
9 107
9 109
9 110
9 112
9 114
9 115
9 116
9 117
9 118
9 119
9 122
9 123
9 124
9 130
9 132
9 133
9 135
9 137
9 139
9 140
9 141
9 142
9 143
9 144
9 145
9 147
9 148
9 152
9 154
9 156
9 157
9 158
9 161
9 162
9 163
9 164
9 166
9 169
9 170
9 172
9 173
9 174
9 175
9 176
9 178
9 182
9 184
9 189
9 191
9 193
9 196
9 197
9 198
10 11
10 12
10 13
10 14
10 15
10 17
10 18
10 19
10 20
10 21
10 26
10 28
10 30
10 31
10 32
10 35
10 38
10 39
10 40
10 41
10 42
10 43
10 44
10 45
10 54
10 55
10 56
10 58
10 59
10 60
10 61
10 62
10 63
10 64
10 69
10 70
10 71
10 72
10 73
10 74
10 76
10 77
10 78
10 79
10 81
10 83
10 84
10 85
10 88
10 89
10 90
10 91
10 92
10 93
10 94
10 96
10 100
10 102
10 103
10 104
10 105
10 106
10 113
10 114
10 116
10 117
10 119
10 123
10 125
10 130
10 131
10 132
10 133
10 134
10 135
10 136
10 137
10 139
10 142
10 143
10 144
10 145
10 146
10 147
10 148
10 149
10 150
10 152
10 153
10 154
10 155
10 156
10 157
10 159
10 160
10 162
10 167
10 168
10 170
10 171
10 172
10 173
10 179
10 180
10 181
10 183
10 184
10 186
10 190
10 192
10 194
10 195
10 196
10 197
10 199
11 12
11 13
11 14
11 15
11 16
11 17
11 18
11 21
11 23
11 25
11 27
11 28
11 29
11 31
11 33
11 34
11 35
11 37
11 38
11 39
11 43
11 44
11 45
11 46
11 48
11 51
11 52
11 54
11 55
11 56
11 57
11 61
11 63
11 65
11 66
11 73
11 74
11 75
11 77
11 79
11 82
11 83
11 84
11 86
11 87
11 90
11 92
11 97
11 100
11 102
11 105
11 106
11 107
11 108
11 109
11 110
11 112
11 113
11 115
11 116
11 120
11 122
11 123
11 126
11 127
11 129
11 130
11 132
11 133
11 135
11 138
11 139
11 142
11 143
11 144
11 145
11 146
11 148
11 149
11 150
11 151
11 154
11 156
11 158
11 159
11 162
11 164
11 166
11 167
11 168
11 170
11 171
11 172
11 173
11 174
11 176
11 177
11 180
11 186
11 187
11 191
11 194
11 198
11 199
12 14
12 17
12 20
12 21
12 22
12 23
12 24
12 25
12 26
12 27
12 28
12 30
12 31
12 32
12 33
12 34
12 35
12 36
12 37
12 38
12 39
12 41
12 42
12 43
12 45
12 46
12 47
12 50
12 51
12 53
12 55
12 56
12 61
12 62
12 63
12 64
12 65
12 67
12 68
12 70
12 72
12 73
12 74
12 75
12 78
12 81
12 82
12 84
12 85
12 86
12 87
12 88
12 92
12 93
12 94
12 96
12 97
12 101
12 102
12 103
12 106
12 107
12 108
12 109
12 112
12 115
12 118
12 119
12 120
12 121
12 122
12 125
12 128
12 129
12 133
12 134
12 135
12 137
12 138
12 139
12 141
12 143
12 145
12 146
12 147
12 148
12 149
12 150
12 151
12 152
12 153
12 154
12 156
12 158
12 160
12 161
12 164
12 165
12 168
12 171
12 172
12 174
12 175
12 176
12 179
12 180
12 181
12 183
12 186
12 193
12 195
12 196
12 197
12 198
13 17
13 18
13 20
13 21
13 22
13 23
13 24
13 25
13 27
13 29
13 31
13 33
13 34
13 35
13 37
13 38
13 39
13 40
13 41
13 44
13 48
13 49
13 50
13 51
13 52
13 56
13 59
13 60
13 61
13 63
13 64
13 65
13 66
13 68
13 69
13 71
13 72
13 73
13 75
13 76
13 78
13 79
13 81
13 82
13 83
13 85
13 88
13 89
13 90
13 91
13 93
13 94
13 97
13 98
13 99
13 101
13 105
13 106
13 109
13 111
13 113
13 114
13 115
13 116
13 119
13 120
13 121
13 122
13 125
13 126
13 129
13 130
13 132
13 134
13 135
13 136
13 137
13 140
13 141
13 143
13 147
13 149
13 150
13 151
13 152
13 154
13 155
13 156
13 157
13 158
13 163
13 164
13 167
13 170
13 175
13 177
13 180
13 181
13 183
13 184
13 185
13 186
13 187
13 188
13 191
13 192
13 193
13 194
13 196
13 197
13 198
14 15
14 18
14 20
14 23
14 25
14 26
14 27
14 28
14 29
14 30
14 31
14 32
14 34
14 35
14 36
14 37
14 38
14 40
14 41
14 43
14 44
14 45
14 48
14 50
14 53
14 54
14 55
14 56
14 58
14 61
14 62
14 63
14 66
14 68
14 69
14 71
14 73
14 74
14 75
14 77
14 79
14 81
14 82
14 83
14 84
14 85
14 86
14 88
14 90
14 91
14 92
14 95
14 96
14 97
14 99
14 100
14 101
14 102
14 105
14 106
14 108
14 109
14 110
14 111
14 112
14 114
14 118
14 120
14 121
14 123
14 124
14 127
14 129
14 133
14 134
14 135
14 138
14 140
14 143
14 144
14 145
14 146
14 147
14 149
14 151
14 152
14 153
14 156
14 157
14 158
14 159
14 163
14 164
14 166
14 169
14 170
14 171
14 172
14 174
14 177
14 178
14 179
14 181
14 182
14 183
14 184
14 185
14 187
14 188
14 189
14 191
14 192
14 193
14 194
14 195
14 197
14 198
14 199
15 18
15 19
15 20
15 21
15 22
15 23
15 26
15 27
15 30
15 31
15 34
15 35
15 37
15 38
15 39
15 41
15 42
15 43
15 44
15 45
15 47
15 48
15 50
15 52
15 53
15 54
15 56
15 58
15 59
15 60
15 61
15 63
15 64
15 65
15 66
15 67
15 68
15 69
15 70
15 73
15 74
15 78
15 79
15 81
15 84
15 86
15 88
15 89
15 90
15 91
15 92
15 93
15 94
15 97
15 99
15 101
15 102
15 105
15 106
15 107
15 109
15 112
15 113
15 114
15 115
15 118
15 119
15 120
15 121
15 123
15 125
15 128
15 133
15 135
15 136
15 137
15 138
15 139
15 141
15 142
15 143
15 145
15 149
15 150
15 152
15 160
15 161
15 164
15 166
15 167
15 168
15 171
15 173
15 174
15 176
15 178
15 179
15 180
15 181
15 182
15 184
15 188
15 189
15 190
15 191
15 192
15 193
15 195
15 198
15 199
16 17
16 18
16 20
16 22
16 25
16 27
16 28
16 29
16 31
16 33
16 35
16 37
16 38
16 40
16 41
16 45
16 46
16 47
16 50
16 54
16 55
16 56
16 57
16 59
16 60
16 61
16 62
16 63
16 64
16 65
16 69
16 70
16 73
16 74
16 75
16 77
16 78
16 79
16 80
16 81
16 82
16 83
16 84
16 87
16 94
16 95
16 96
16 97
16 101
16 103
16 105
16 106
16 109
16 113
16 114
16 115
16 116
16 118
16 120
16 121
16 124
16 126
16 127
16 128
16 130
16 131
16 132
16 133
16 134
16 135
16 137
16 138
16 139
16 140
16 141
16 143
16 145
16 146
16 147
16 148
16 149
16 151
16 152
16 154
16 155
16 157
16 158
16 159
16 160
16 165
16 167
16 168
16 169
16 170
16 171
16 172
16 173
16 174
16 176
16 179
16 182
16 186
16 187
16 193
16 195
16 196
16 197
16 198
17 18
17 19
17 21
17 24
17 26
17 28
17 29
17 31
17 34
17 35
17 36
17 37
17 38
17 41
17 43
17 45
17 47
17 48
17 49
17 51
17 52
17 53
17 56
17 57
17 58
17 60
17 61
17 62
17 63
17 64
17 67
17 68
17 69
17 74
17 80
17 83
17 90
17 91
17 92
17 93
17 94
17 96
17 98
17 99
17 100
17 101
17 102
17 103
17 104
17 105
17 107
17 109
17 110
17 112
17 113
17 114
17 115
17 116
17 118
17 121
17 122
17 123
17 125
17 126
17 127
17 128
17 129
17 130
17 132
17 134
17 135
17 136
17 140
17 141
17 142
17 143
17 146
17 147
17 151
17 152
17 153
17 155
17 157
17 161
17 162
17 163
17 165
17 168
17 169
17 174
17 175
17 176
17 177
17 180
17 182
17 187
17 188
17 190
17 191
17 192
17 193
17 194
17 195
17 196
17 198
17 199
18 19
18 20
18 24
18 25
18 28
18 30
18 31
18 32
18 35
18 36
18 38
18 39
18 42
18 45
18 46
18 47
18 48
18 49
18 50
18 53
18 54
18 55
18 57
18 58
18 59
18 60
18 64
18 65
18 66
18 67
18 68
18 70
18 71
18 72
18 73
18 74
18 75
18 76
18 77
18 78
18 80
18 81
18 82
18 89
18 91
18 95
18 101
18 103
18 104
18 106
18 108
18 110
18 113
18 114
18 115
18 116
18 117
18 118
18 122
18 123
18 124
18 125
18 127
18 128
18 130
18 131
18 132
18 133
18 134
18 137
18 139
18 141
18 143
18 144
18 145
18 148
18 149
18 151
18 152
18 157
18 159
18 162
18 163
18 164
18 166
18 168
18 169
18 172
18 173
18 176
18 178
18 179
18 182
18 183
18 185
18 186
18 187
18 188
18 189
18 190
18 192
18 193
18 194
18 195
18 197
18 198
18 199
19 21
19 24
19 25
19 27
19 30
19 34
19 35
19 36
19 40
19 42
19 44
19 45
19 46
19 47
19 50
19 51
19 53
19 54
19 56
19 57
19 58
19 60
19 61
19 62
19 64
19 65
19 66
19 67
19 71
19 72
19 74
19 75
19 77
19 78
19 80
19 81
19 82
19 84
19 88
19 91
19 93
19 94
19 97
19 98
19 99
19 100
19 101
19 108
19 109
19 110
19 111
19 114
19 115
19 116
19 117
19 120
19 121
19 122
19 124
19 125
19 128
19 131
19 133
19 134
19 135
19 137
19 140
19 141
19 142
19 143
19 144
19 145
19 153
19 154
19 155
19 157
19 158
19 159
19 160
19 161
19 162
19 163
19 167
19 169
19 170
19 171
19 172
19 176
19 178
19 179
19 180
19 181
19 182
19 183
19 184
19 188
19 189
19 190
19 191
19 192
19 197
19 198
19 199
20 21
20 25
20 27
20 28
20 29
20 30
20 31
20 32
20 34
20 35
20 36
20 37
20 40
20 42
20 44
20 46
20 47
20 48
20 50
20 53
20 54
20 59
20 60
20 63
20 64
20 65
20 66
20 67
20 68
20 69
20 70
20 72
20 74
20 77
20 78
20 79
20 80
20 81
20 83
20 85
20 86
20 88
20 89
20 91
20 93
20 94
20 96
20 99
20 103
20 104
20 106
20 108
20 109
20 112
20 117
20 122
20 126
20 128
20 131
20 132
20 134
20 135
20 141
20 142
20 143
20 144
20 145
20 147
20 148
20 149
20 151
20 153
20 154
20 156
20 157
20 159
20 160
20 161
20 162
20 163
20 166
20 167
20 171
20 173
20 174
20 175
20 177
20 179
20 180
20 181
20 183
20 184
20 185
20 187
20 189
20 190
20 191
20 192
20 193
20 194
20 195
20 196
20 199
21 22
21 23
21 24
21 26
21 27
21 28
21 30
21 31
21 32
21 34
21 35
21 38
21 42
21 46
21 47
21 48
21 49
21 52
21 53
21 57
21 59
21 61
21 62
21 65
21 67
21 68
21 69
21 70
21 71
21 73
21 75
21 78
21 81
21 83
21 84
21 85
21 86
21 87
21 89
21 92
21 94
21 95
21 96
21 97
21 99
21 100
21 103
21 104
21 106
21 108
21 109
21 111
21 112
21 115
21 116
21 117
21 119
21 122
21 123
21 125
21 128
21 129
21 130
21 131
21 132
21 133
21 137
21 140
21 141
21 143
21 145
21 147
21 148
21 149
21 150
21 151
21 153
21 157
21 158
21 160
21 162
21 163
21 165
21 166
21 168
21 169
21 170
21 171
21 174
21 176
21 178
21 179
21 180
21 181
21 183
21 184
21 185
21 187
21 188
21 190
21 191
21 192
21 193
21 194
21 197
21 198
22 23
22 25
22 27
22 29
22 31
22 35
22 36
22 37
22 40
22 45
22 46
22 48
22 49
22 50
22 51
22 54
22 55
22 59
22 63
22 64
22 65
22 66
22 67
22 68
22 69
22 70
22 73
22 74
22 76
22 81
22 82
22 84
22 85
22 86
22 90
22 91
22 92
22 93
22 95
22 97
22 98
22 100
22 103
22 106
22 108
22 111
22 112
22 115
22 116
22 117
22 118
22 122
22 123
22 124
22 125
22 126
22 127
22 130
22 131
22 132
22 133
22 134
22 136
22 138
22 140
22 141
22 142
22 143
22 146
22 147
22 148
22 150
22 151
22 154
22 155
22 156
22 157
22 160
22 161
22 162
22 164
22 166
22 168
22 169
22 175
22 177
22 178
22 179
22 180
22 182
22 183
22 186
22 187
22 188
22 189
22 190
22 191
22 192
22 197
22 198
23 25
23 30
23 31
23 32
23 33
23 34
23 35
23 37
23 38
23 39
23 43
23 46
23 47
23 48
23 50
23 53
23 55
23 56
23 57
23 58
23 59
23 60
23 62
23 63
23 64
23 65
23 66
23 67
23 68
23 69
23 71
23 72
23 77
23 78
23 79
23 80
23 81
23 82
23 83
23 84
23 85
23 86
23 90
23 92
23 93
23 95
23 96
23 98
23 99
23 100
23 101
23 103
23 104
23 106
23 112
23 115
23 116
23 117
23 119
23 120
23 121
23 122
23 126
23 127
23 129
23 130
23 131
23 133
23 136
23 137
23 139
23 142
23 145
23 148
23 149
23 151
23 152
23 153
23 154
23 155
23 156
23 157
23 159
23 160
23 163
23 166
23 167
23 169
23 170
23 172
23 173
23 174
23 175
23 177
23 180
23 181
23 182
23 184
23 187
23 188
23 189
23 190
23 191
23 192
23 193
23 196
23 198
23 199
24 25
24 27
24 28
24 32
24 33
24 35
24 37
24 39
24 40
24 41
24 42
24 46
24 47
24 48
24 49
24 54
24 56
24 57
24 58
24 60
24 61
24 62
24 63
24 64
24 67
24 71
24 73
24 74
24 78
24 81
24 83
24 85
24 86
24 87
24 88
24 90
24 91
24 94
24 95
24 99
24 100
24 103
24 105
24 106
24 107
24 108
24 109
24 110
24 112
24 114
24 115
24 118
24 119
24 120
24 121
24 124
24 125
24 126
24 128
24 131
24 132
24 133
24 134
24 135
24 137
24 139
24 140
24 141
24 142
24 143
24 144
24 148
24 149
24 150
24 152
24 154
24 155
24 156
24 158
24 159
24 160
24 161
24 164
24 166
24 168
24 170
24 173
24 174
24 175
24 176
24 177
24 178
24 179
24 181
24 182
24 183
24 189
24 190
24 199
25 26
25 28
25 29
25 30
25 31
25 32
25 33
25 36
25 37
25 38
25 39
25 40
25 41
25 42
25 43
25 44
25 45
25 46
25 47
25 50
25 51
25 54
25 55
25 56
25 57
25 59
25 60
25 62
25 64
25 66
25 68
25 70
25 73
25 74
25 75
25 82
25 83
25 88
25 90
25 91
25 92
25 93
25 94
25 95
25 96
25 97
25 98
25 99
25 100
25 101
25 102
25 103
25 104
25 105
25 107
25 110
25 111
25 112
25 114
25 115
25 116
25 120
25 123
25 124
25 127
25 128
25 130
25 131
25 132
25 133
25 135
25 136
25 139
25 144
25 146
25 148
25 149
25 150
25 151
25 152
25 153
25 154
25 155
25 159
25 161
25 163
25 167
25 168
25 169
25 170
25 172
25 173
25 174
25 175
25 176
25 177
25 178
25 179
25 180
25 181
25 182
25 183
25 184
25 186
25 189
25 191
25 192
25 193
25 195
25 196
25 197
25 199
26 27
26 29
26 31
26 32
26 34
26 37
26 40
26 42
26 44
26 45
26 49
26 50
26 53
26 54
26 56
26 59
26 60
26 61
26 62
26 63
26 64
26 65
26 67
26 69
26 71
26 73
26 75
26 76
26 77
26 78
26 79
26 80
26 81
26 82
26 83
26 84
26 88
26 91
26 93
26 94
26 95
26 96
26 99
26 101
26 102
26 104
26 105
26 108
26 110
26 113
26 114
26 115
26 116
26 119
26 120
26 121
26 123
26 125
26 128
26 129
26 130
26 132
26 133
26 135
26 136
26 138
26 139
26 143
26 144
26 146
26 150
26 151
26 152
26 153
26 156
26 157
26 158
26 159
26 160
26 162
26 163
26 165
26 168
26 169
26 174
26 175
26 176
26 177
26 180
26 181
26 184
26 185
26 186
26 187
26 188
26 189
26 190
26 192
26 193
26 194
26 195
26 196
26 198
26 199
27 28
27 30
27 32
27 33
27 34
27 35
27 38
27 39
27 40
27 41
27 48
27 49
27 50
27 52
27 53
27 54
27 55
27 56
27 57
27 60
27 65
27 66
27 69
27 72
27 73
27 74
27 75
27 76
27 79
27 80
27 83
27 86
27 90
27 91
27 92
27 95
27 96
27 98
27 99
27 102
27 105
27 106
27 108
27 111
27 113
27 114
27 115
27 116
27 117
27 120
27 121
27 123
27 124
27 125
27 126
27 128
27 131
27 132
27 133
27 135
27 136
27 138
27 139
27 142
27 143
27 144
27 145
27 146
27 147
27 148
27 149
27 150
27 151
27 152
27 153
27 155
27 156
27 157
27 161
27 162
27 163
27 167
27 168
27 169
27 171
27 174
27 175
27 178
27 180
27 181
27 182
27 183
27 184
27 185
27 186
27 187
27 188
27 189
27 190
27 192
27 194
27 196
27 198
28 29
28 30
28 35
28 36
28 37
28 38
28 39
28 41
28 44
28 47
28 48
28 49
28 50
28 53
28 54
28 57
28 59
28 63
28 64
28 68
28 69
28 71
28 73
28 75
28 77
28 78
28 79
28 80
28 81
28 83
28 84
28 87
28 88
28 89
28 92
28 94
28 95
28 96
28 98
28 100
28 101
28 102
28 103
28 104
28 106
28 107
28 108
28 109
28 110
28 111
28 112
28 114
28 115
28 116
28 117
28 119
28 122
28 127
28 128
28 130
28 132
28 134
28 135
28 136
28 137
28 138
28 139
28 141
28 144
28 148
28 152
28 153
28 154
28 155
28 156
28 157
28 159
28 160
28 161
28 165
28 167
28 168
28 172
28 173
28 178
28 179
28 180
28 182
28 183
28 184
28 186
28 187
28 190
28 191
28 192
28 193
28 194
28 196
29 30
29 32
29 35
29 36
29 38
29 39
29 40
29 42
29 43
29 46
29 47
29 50
29 51
29 52
29 54
29 55
29 56
29 58
29 60
29 66
29 67
29 68
29 70
29 71
29 73
29 74
29 83
29 85
29 86
29 87
29 91
29 98
29 100
29 101
29 102
29 106
29 107
29 112
29 113
29 117
29 118
29 119
29 122
29 123
29 124
29 125
29 127
29 133
29 136
29 137
29 138
29 139
29 140
29 141
29 143
29 144
29 145
29 146
29 147
29 148
29 151
29 154
29 155
29 158
29 159
29 160
29 161
29 163
29 167
29 172
29 173
29 174
29 175
29 177
29 178
29 179
29 180
29 181
29 182
29 184
29 185
29 186
29 187
29 192
29 194
29 195
29 196
29 197
29 198
29 199
30 31
30 33
30 34
30 35
30 39
30 40
30 41
30 42
30 44
30 46
30 47
30 48
30 52
30 53
30 55
30 58
30 62
30 63
30 64
30 65
30 67
30 68
30 69
30 70
30 71
30 72
30 74
30 78
30 79
30 81
30 84
30 86
30 87
30 89
30 91
30 93
30 94
30 95
30 97
30 98
30 99
30 100
30 101
30 102
30 103
30 104
30 105
30 107
30 108
30 109
30 111
30 113
30 114
30 116
30 117
30 118
30 119
30 120
30 121
30 123
30 124
30 125
30 126
30 127
30 130
30 132
30 133
30 134
30 135
30 138
30 139
30 140
30 141
30 143
30 144
30 145
30 146
30 149
30 152
30 153
30 154
30 155
30 159
30 161
30 162
30 163
30 165
30 166
30 167
30 169
30 174
30 176
30 178
30 179
30 181
30 182
30 184
30 185
30 186
30 187
30 188
30 190
30 191
30 194
30 197
31 33
31 34
31 37
31 38
31 39
31 43
31 44
31 46
31 48
31 50
31 51
31 53
31 54
31 57
31 58
31 59
31 61
31 64
31 65
31 66
31 67
31 69
31 71
31 72
31 74
31 75
31 76
31 77
31 79
31 80
31 84
31 85
31 86
31 87
31 88
31 89
31 91
31 96
31 97
31 103
31 105
31 106
31 107
31 111
31 112
31 114
31 115
31 118
31 119
31 120
31 121
31 122
31 123
31 126
31 127
31 128
31 130
31 131
31 133
31 134
31 136
31 137
31 139
31 140
31 141
31 144
31 147
31 150
31 151
31 153
31 156
31 157
31 158
31 163
31 165
31 167
31 168
31 170
31 171
31 173
31 179
31 181
31 182
31 183
31 185
31 187
31 188
31 189
31 192
31 193
31 194
31 196
31 197
32 34
32 35
32 37
32 40
32 43
32 44
32 48
32 49
32 50
32 51
32 54
32 55
32 57
32 59
32 60
32 62
32 63
32 64
32 65
32 66
32 67
32 68
32 69
32 70
32 72
32 74
32 76
32 77
32 79
32 80
32 81
32 82
32 85
32 86
32 87
32 88
32 91
32 93
32 94
32 95
32 97
32 98
32 99
32 100
32 102
32 104
32 107
32 111
32 113
32 117
32 118
32 119
32 120
32 121
32 122
32 123
32 126
32 128
32 132
32 133
32 134
32 136
32 137
32 138
32 140
32 141
32 142
32 143
32 145
32 146
32 147
32 150
32 151
32 152
32 153
32 154
32 155
32 156
32 157
32 160
32 165
32 168
32 173
32 176
32 177
32 181
32 183
32 184
32 185
32 186
32 188
32 189
32 191
32 193
32 194
32 195
32 196
32 197
32 198
32 199
33 34
33 35
33 37
33 39
33 40
33 41
33 42
33 43
33 44
33 46
33 48
33 51
33 52
33 53
33 54
33 55
33 56
33 57
33 58
33 61
33 64
33 66
33 67
33 68
33 70
33 71
33 72
33 73
33 77
33 78
33 79
33 81
33 82
33 85
33 86
33 87
33 89
33 90
33 93
33 94
33 95
33 96
33 98
33 99
33 100
33 101
33 102
33 104
33 105
33 106
33 108
33 112
33 113
33 114
33 115
33 116
33 117
33 118
33 121
33 122
33 124
33 126
33 127
33 128
33 129
33 130
33 131
33 132
33 133
33 136
33 138
33 141
33 142
33 144
33 147
33 151
33 152
33 154
33 155
33 156
33 157
33 160
33 161
33 166
33 167
33 170
33 172
33 173
33 174
33 175
33 177
33 179
33 180
33 181
33 182
33 183
33 187
33 188
33 190
33 191
33 192
33 193
33 194
33 197
33 198
34 37
34 38
34 40
34 41
34 42
34 43
34 44
34 45
34 47
34 48
34 50
34 51
34 53
34 54
34 58
34 60
34 61
34 62
34 65
34 66
34 70
34 72
34 75
34 79
34 80
34 81
34 84
34 85
34 86
34 88
34 90
34 94
34 98
34 100
34 101
34 102
34 103
34 104
34 105
34 106
34 107
34 108
34 112
34 113
34 114
34 116
34 117
34 119
34 120
34 121
34 122
34 124
34 126
34 128
34 129
34 132
34 135
34 137
34 138
34 140
34 143
34 145
34 146
34 148
34 149
34 154
34 157
34 158
34 159
34 160
34 161
34 162
34 164
34 168
34 169
34 170
34 171
34 172
34 174
34 175
34 177
34 178
34 179
34 181
34 185
34 186
34 187
34 189
34 190
34 193
35 41
35 44
35 46
35 47
35 48
35 49
35 50
35 51
35 52
35 53
35 54
35 55
35 56
35 58
35 59
35 64
35 69
35 70
35 73
35 76
35 77
35 78
35 79
35 80
35 85
35 87
35 90
35 91
35 92
35 94
35 95
35 96
35 97
35 98
35 99
35 101
35 102
35 104
35 110
35 112
35 113
35 114
35 116
35 119
35 120
35 121
35 122
35 125
35 126
35 128
35 129
35 130
35 132
35 133
35 138
35 141
35 143
35 144
35 145
35 147
35 151
35 153
35 155
35 163
35 164
35 165
35 167
35 168
35 169
35 170
35 171
35 174
35 175
35 176
35 177
35 179
35 181
35 183
35 187
35 190
35 191
35 192
35 193
35 194
35 195
35 196
35 199
36 38
36 40
36 41
36 42
36 43
36 44
36 47
36 48
36 50
36 53
36 55
36 56
36 58
36 59
36 60
36 62
36 65
36 67
36 68
36 69
36 70
36 73
36 75
36 78
36 79
36 81
36 84
36 86
36 90
36 91
36 92
36 94
36 95
36 96
36 97
36 101
36 102
36 103
36 106
36 109
36 110
36 111
36 113
36 114
36 117
36 118
36 121
36 122
36 123
36 125
36 126
36 127
36 129
36 131
36 132
36 133
36 136
36 137
36 140
36 141
36 142
36 143
36 144
36 145
36 146
36 147
36 149
36 150
36 151
36 153
36 154
36 159
36 160
36 163
36 164
36 165
36 167
36 168
36 169
36 170
36 174
36 177
36 178
36 180
36 183
36 185
36 186
36 187
36 188
36 189
36 190
36 192
36 193
36 195
36 196
36 198
37 38
37 39
37 41
37 44
37 45
37 46
37 48
37 49
37 50
37 52
37 53
37 54
37 56
37 57
37 58
37 60
37 61
37 63
37 64
37 65
37 67
37 68
37 69
37 70
37 73
37 74
37 77
37 79
37 80
37 82
37 87
37 89
37 90
37 92
37 93
37 95
37 96
37 98
37 99
37 101
37 103
37 104
37 106
37 108
37 110
37 112
37 113
37 115
37 116
37 117
37 120
37 123
37 124
37 129
37 131
37 132
37 133
37 135
37 136
37 137
37 142
37 143
37 145
37 146
37 148
37 152
37 154
37 156
37 158
37 159
37 160
37 161
37 164
37 166
37 167
37 168
37 170
37 173
37 174
37 175
37 176
37 178
37 180
37 181
37 182
37 186
37 189
37 190
37 192
37 195
37 197
37 198
37 199
38 39
38 40
38 41
38 42
38 43
38 46
38 48
38 51
38 53
38 54
38 56
38 57
38 58
38 59
38 60
38 61
38 62
38 65
38 66
38 67
38 69
38 70
38 71
38 72
38 74
38 75
38 76
38 77
38 78
38 79
38 83
38 84
38 85
38 87
38 88
38 90
38 91
38 92
38 95
38 96
38 97
38 98
38 99
38 100
38 103
38 104
38 105
38 106
38 107
38 108
38 109
38 110
38 111
38 115
38 116
38 121
38 123
38 125
38 127
38 128
38 129
38 130
38 131
38 132
38 133
38 134
38 135
38 138
38 139
38 140
38 141
38 142
38 143
38 144
38 145
38 146
38 147
38 148
38 149
38 151
38 152
38 153
38 158
38 159
38 160
38 161
38 165
38 166
38 168
38 170
38 171
38 174
38 175
38 177
38 178
38 181
38 182
38 184
38 185
38 188
38 190
38 191
38 193
38 195
38 196
38 197
38 198
38 199
39 40
39 42
39 43
39 44
39 45
39 47
39 48
39 49
39 53
39 55
39 56
39 58
39 60
39 61
39 63
39 64
39 65
39 66
39 69
39 70
39 71
39 72
39 75
39 76
39 79
39 81
39 82
39 86
39 87
39 88
39 89
39 90
39 91
39 93
39 94
39 97
39 98
39 100
39 101
39 104
39 109
39 110
39 111
39 114
39 116
39 118
39 120
39 123
39 124
39 128
39 129
39 130
39 131
39 133
39 135
39 136
39 138
39 139
39 140
39 141
39 143
39 144
39 145
39 150
39 153
39 158
39 161
39 162
39 163
39 167
39 170
39 171
39 172
39 174
39 175
39 177
39 178
39 182
39 184
39 186
39 189
39 190
39 191
39 192
39 194
39 197
40 41
40 43
40 45
40 47
40 48
40 49
40 55
40 56
40 57
40 58
40 60
40 62
40 63
40 65
40 66
40 67
40 68
40 69
40 71
40 74
40 75
40 77
40 79
40 80
40 82
40 85
40 86
40 87
40 88
40 89
40 91
40 92
40 93
40 94
40 96
40 98
40 100
40 101
40 102
40 103
40 105
40 108
40 114
40 116
40 120
40 122
40 124
40 127
40 129
40 132
40 133
40 134
40 135
40 138
40 139
40 142
40 143
40 145
40 146
40 149
40 151
40 154
40 155
40 156
40 157
40 158
40 159
40 162
40 163
40 167
40 168
40 170
40 171
40 175
40 176
40 178
40 179
40 181
40 182
40 183
40 184
40 185
40 189
40 190
40 191
40 192
40 193
40 194
40 195
40 196
40 197
40 198
40 199
41 45
41 48
41 50
41 51
41 52
41 53
41 54
41 56
41 58
41 59
41 61
41 63
41 64
41 65
41 69
41 71
41 72
41 74
41 75
41 77
41 82
41 83
41 85
41 88
41 89
41 92
41 94
41 95
41 96
41 98
41 100
41 101
41 104
41 105
41 106
41 108
41 109
41 112
41 114
41 115
41 116
41 117
41 118
41 119
41 120
41 121
41 123
41 124
41 125
41 127
41 129
41 130
41 132
41 134
41 136
41 137
41 138
41 139
41 140
41 141
41 142
41 143
41 144
41 145
41 147
41 149
41 150
41 151
41 152
41 156
41 158
41 159
41 160
41 161
41 162
41 165
41 167
41 168
41 169
41 172
41 173
41 174
41 177
41 178
41 179
41 181
41 183
41 186
41 187
41 188
41 189
41 192
41 193
41 194
41 198
42 43
42 44
42 45
42 47
42 49
42 53
42 54
42 57
42 60
42 62
42 63
42 64
42 65
42 66
42 68
42 69
42 71
42 72
42 73
42 75
42 76
42 77
42 79
42 81
42 82
42 84
42 86
42 87
42 88
42 89
42 90
42 91
42 92
42 93
42 94
42 96
42 97
42 99
42 100
42 101
42 102
42 104
42 105
42 106
42 107
42 108
42 112
42 113
42 117
42 121
42 122
42 123
42 124
42 125
42 126
42 128
42 132
42 133
42 136
42 138
42 140
42 142
42 144
42 145
42 146
42 147
42 149
42 150
42 151
42 152
42 153
42 154
42 155
42 160
42 163
42 164
42 166
42 169
42 170
42 171
42 172
42 173
42 174
42 176
42 177
42 178
42 179
42 183
42 185
42 188
42 193
42 194
42 196
43 50
43 51
43 56
43 57
43 58
43 60
43 61
43 62
43 65
43 67
43 68
43 69
43 70
43 72
43 73
43 74
43 75
43 76
43 77
43 78
43 79
43 81
43 82
43 83
43 85
43 86
43 87
43 88
43 93
43 94
43 95
43 97
43 98
43 99
43 100
43 101
43 102
43 103
43 104
43 105
43 108
43 109
43 110
43 111
43 113
43 118
43 119
43 120
43 121
43 122
43 124
43 126
43 127
43 128
43 132
43 133
43 135
43 136
43 138
43 140
43 141
43 145
43 146
43 147
43 148
43 150
43 151
43 155
43 156
43 157
43 159
43 160
43 163
43 164
43 166
43 167
43 169
43 170
43 172
43 173
43 174
43 176
43 178
43 180
43 182
43 183
43 184
43 187
43 191
43 193
43 194
43 195
43 196
43 197
43 198
44 45
44 46
44 47
44 49
44 50
44 52
44 54
44 55
44 56
44 57
44 59
44 61
44 63
44 64
44 65
44 66
44 69
44 71
44 72
44 75
44 76
44 77
44 81
44 82
44 83
44 84
44 86
44 87
44 89
44 91
44 94
44 95
44 97
44 99
44 100
44 101
44 103
44 104
44 105
44 106
44 107
44 108
44 109
44 110
44 114
44 115
44 116
44 117
44 118
44 119
44 122
44 123
44 124
44 127
44 128
44 129
44 132
44 136
44 137
44 138
44 139
44 141
44 145
44 146
44 150
44 153
44 154
44 155
44 156
44 158
44 160
44 162
44 163
44 164
44 165
44 166
44 167
44 169
44 172
44 173
44 175
44 176
44 177
44 179
44 180
44 182
44 184
44 190
44 191
44 194
44 195
44 196
44 197
44 198
45 46
45 47
45 49
45 54
45 57
45 58
45 59
45 60
45 63
45 66
45 67
45 68
45 69
45 70
45 71
45 73
45 74
45 75
45 78
45 79
45 80
45 81
45 82
45 84
45 87
45 89
45 90
45 91
45 92
45 93
45 99
45 104
45 105
45 109
45 110
45 112
45 114
45 116
45 117
45 118
45 119
45 120
45 122
45 123
45 130
45 132
45 137
45 138
45 142
45 145
45 146
45 147
45 148
45 149
45 150
45 151
45 155
45 156
45 157
45 158
45 159
45 161
45 163
45 165
45 166
45 167
45 168
45 169
45 170
45 173
45 174
45 175
45 176
45 178
45 179
45 180
45 181
45 182
45 183
45 184
45 185
45 186
45 187
45 189
45 193
45 194
45 197
45 199
46 47
46 50
46 52
46 55
46 56
46 57
46 60
46 61
46 62
46 63
46 64
46 66
46 67
46 68
46 70
46 71
46 74
46 75
46 76
46 79
46 80
46 81
46 82
46 83
46 85
46 87
46 88
46 90
46 92
46 94
46 96
46 97
46 98
46 102
46 103
46 108
46 109
46 111
46 112
46 113
46 114
46 117
46 119
46 120
46 121
46 122
46 123
46 125
46 129
46 131
46 132
46 133
46 134
46 135
46 137
46 138
46 139
46 140
46 142
46 143
46 144
46 145
46 146
46 147
46 149
46 150
46 151
46 153
46 154
46 156
46 157
46 158
46 160
46 162
46 163
46 164
46 165
46 166
46 167
46 168
46 169
46 172
46 173
46 174
46 175
46 176
46 177
46 182
46 183
46 186
46 187
46 188
46 194
46 195
46 197
46 198
46 199
47 48
47 49
47 50
47 51
47 53
47 54
47 55
47 57
47 59
47 61
47 62
47 65
47 66
47 67
47 68
47 71
47 72
47 73
47 74
47 75
47 76
47 78
47 81
47 82
47 83
47 85
47 87
47 88
47 89
47 91
47 93
47 94
47 97
47 98
47 100
47 102
47 103
47 104
47 105
47 106
47 108
47 113
47 115
47 117
47 119
47 120
47 121
47 123
47 126
47 127
47 128
47 132
47 134
47 136
47 139
47 141
47 145
47 148
47 149
47 150
47 152
47 153
47 154
47 156
47 157
47 160
47 161
47 162
47 163
47 165
47 166
47 167
47 168
47 169
47 170
47 174
47 177
47 178
47 179
47 180
47 181
47 182
47 184
47 185
47 186
47 189
47 190
47 191
47 192
47 193
47 195
47 196
47 197
47 198
47 199
48 50
48 52
48 54
48 55
48 57
48 59
48 60
48 63
48 66
48 67
48 68
48 69
48 71
48 73
48 74
48 76
48 77
48 80
48 81
48 83
48 85
48 86
48 88
48 90
48 94
48 95
48 98
48 99
48 100
48 101
48 102
48 103
48 107
48 108
48 110
48 111
48 112
48 113
48 114
48 115
48 116
48 118
48 120
48 121
48 122
48 123
48 124
48 125
48 127
48 128
48 130
48 132
48 134
48 135
48 136
48 138
48 139
48 140
48 142
48 146
48 149
48 153
48 154
48 156
48 158
48 160
48 164
48 165
48 168
48 170
48 171
48 172
48 174
48 175
48 176
48 179
48 182
48 183
48 184
48 189
48 194
48 195
48 196
48 197
48 198
49 50
49 51
49 53
49 55
49 56
49 58
49 60
49 61
49 64
49 65
49 66
49 67
49 70
49 73
49 75
49 76
49 77
49 78
49 79
49 80
49 81
49 83
49 84
49 85
49 89
49 91
49 92
49 93
49 94
49 95
49 97
49 98
49 99
49 100
49 102
49 104
49 106
49 107
49 108
49 109
49 111
49 115
49 119
49 120
49 123
49 125
49 129
49 130
49 131
49 133
49 134
49 135
49 140
49 141
49 142
49 144
49 146
49 148
49 149
49 151
49 152
49 154
49 155
49 156
49 157
49 158
49 160
49 162
49 163
49 164
49 165
49 166
49 167
49 169
49 170
49 171
49 174
49 175
49 176
49 177
49 178
49 179
49 182
49 184
49 185
49 188
49 189
49 191
49 196
50 51
50 52
50 54
50 57
50 59
50 60
50 61
50 63
50 65
50 67
50 68
50 69
50 71
50 72
50 73
50 74
50 76
50 80
50 82
50 83
50 85
50 86
50 87
50 88
50 89
50 90
50 94
50 103
50 104
50 105
50 106
50 108
50 109
50 110
50 111
50 112
50 114
50 115
50 116
50 120
50 121
50 122
50 123
50 124
50 125
50 126
50 127
50 130
50 131
50 133
50 134
50 136
50 138
50 140
50 142
50 145
50 146
50 149
50 152
50 158
50 159
50 160
50 161
50 162
50 163
50 167
50 168
50 171
50 172
50 174
50 175
50 176
50 177
50 178
50 180
50 181
50 182
50 185
50 186
50 187
50 190
50 191
50 192
50 194
50 195
50 196
50 197
50 198
51 52
51 54
51 55
51 56
51 58
51 60
51 61
51 62
51 63
51 64
51 66
51 69
51 72
51 75
51 76
51 77
51 78
51 79
51 82
51 84
51 85
51 90
51 91
51 100
51 102
51 103
51 104
51 105
51 106
51 109
51 110
51 111
51 115
51 116
51 119
51 120
51 122
51 124
51 125
51 126
51 127
51 131
51 132
51 133
51 134
51 138
51 139
51 140
51 141
51 142
51 143
51 144
51 145
51 146
51 148
51 150
51 151
51 152
51 153
51 154
51 155
51 157
51 158
51 160
51 163
51 165
51 168
51 169
51 171
51 172
51 173
51 179
51 182
51 183
51 184
51 185
51 186
51 190
51 192
51 193
51 196
51 197
51 198
51 199
52 55
52 57
52 58
52 59
52 60
52 62
52 63
52 64
52 65
52 66
52 68
52 70
52 71
52 72
52 73
52 75
52 76
52 77
52 78
52 79
52 82
52 83
52 84
52 86
52 87
52 88
52 90
52 92
52 93
52 94
52 95
52 97
52 98
52 99
52 100
52 101
52 102
52 110
52 111
52 112
52 113
52 114
52 118
52 120
52 121
52 122
52 126
52 127
52 130
52 133
52 137
52 141
52 142
52 143
52 144
52 147
52 148
52 149
52 150
52 151
52 152
52 154
52 155
52 156
52 158
52 162
52 163
52 164
52 168
52 169
52 171
52 172
52 173
52 174
52 175
52 176
52 177
52 181
52 183
52 184
52 185
52 186
52 188
52 189
52 190
52 193
52 194
52 195
52 196
52 197
52 199
53 54
53 57
53 58
53 59
53 60
53 63
53 66
53 67
53 68
53 71
53 72
53 73
53 76
53 77
53 78
53 79
53 80
53 81
53 84
53 86
53 87
53 89
53 90
53 91
53 92
53 93
53 95
53 96
53 97
53 98
53 99
53 101
53 103
53 104
53 105
53 106
53 107
53 109
53 110
53 111
53 112
53 113
53 114
53 115
53 116
53 117
53 118
53 119
53 121
53 123
53 126
53 128
53 129
53 131
53 133
53 135
53 138
53 140
53 141
53 144
53 146
53 148
53 149
53 151
53 152
53 155
53 156
53 157
53 158
53 159
53 161
53 162
53 165
53 167
53 168
53 171
53 173
53 174
53 175
53 178
53 179
53 180
53 181
53 183
53 184
53 186
53 187
53 188
53 190
53 191
53 192
53 194
53 195
54 55
54 56
54 58
54 59
54 60
54 64
54 65
54 66
54 67
54 69
54 72
54 73
54 74
54 75
54 76
54 79
54 80
54 84
54 85
54 86
54 87
54 88
54 89
54 93
54 102
54 103
54 104
54 107
54 108
54 110
54 113
54 114
54 116
54 119
54 121
54 126
54 127
54 130
54 131
54 133
54 134
54 136
54 139
54 140
54 141
54 142
54 143
54 146
54 147
54 148
54 151
54 152
54 153
54 154
54 155
54 156
54 157
54 159
54 161
54 162
54 163
54 164
54 165
54 166
54 168
54 169
54 170
54 171
54 173
54 174
54 175
54 177
54 178
54 179
54 182
54 184
54 185
54 188
54 190
54 191
54 192
54 195
54 196
54 198
55 56
55 57
55 59
55 62
55 65
55 67
55 68
55 69
55 70
55 72
55 74
55 75
55 76
55 78
55 79
55 83
55 87
55 88
55 89
55 90
55 91
55 92
55 93
55 94
55 96
55 97
55 98
55 100
55 103
55 104
55 105
55 111
55 112
55 113
55 115
55 116
55 117
55 118
55 119
55 123
55 125
55 126
55 127
55 129
55 132
55 133
55 134
55 135
55 138
55 139
55 141
55 143
55 144
55 145
55 146
55 147
55 148
55 149
55 150
55 151
55 152
55 153
55 157
55 159
55 161
55 163
55 164
55 168
55 169
55 170
55 171
55 172
55 173
55 174
55 175
55 176
55 177
55 179
55 181
55 182
55 184
55 185
55 186
55 187
55 188
55 192
55 194
55 197
55 199
56 58
56 59
56 60
56 64
56 66
56 67
56 68
56 69
56 70
56 71
56 72
56 73
56 74
56 75
56 79
56 80
56 81
56 83
56 85
56 87
56 89
56 91
56 92
56 95
56 96
56 97
56 99
56 100
56 102
56 105
56 107
56 108
56 110
56 111
56 112
56 114
56 115
56 116
56 118
56 121
56 122
56 124
56 127
56 131
56 133
56 137
56 138
56 139
56 140
56 141
56 142
56 143
56 146
56 152
56 153
56 154
56 155
56 156
56 158
56 162
56 163
56 166
56 167
56 168
56 169
56 173
56 174
56 175
56 177
56 178
56 181
56 182
56 183
56 184
56 186
56 188
56 192
56 193
56 194
56 195
56 199
57 58
57 59
57 60
57 62
57 63
57 64
57 65
57 66
57 68
57 69
57 71
57 72
57 73
57 74
57 75
57 76
57 77
57 78
57 79
57 81
57 83
57 84
57 85
57 87
57 88
57 89
57 90
57 92
57 93
57 94
57 95
57 98
57 99
57 100
57 101
57 102
57 105
57 108
57 111
57 112
57 113
57 116
57 117
57 118
57 119
57 120
57 121
57 123
57 126
57 130
57 131
57 132
57 133
57 135
57 136
57 137
57 139
57 140
57 141
57 143
57 144
57 146
57 151
57 152
57 153
57 154
57 155
57 156
57 160
57 161
57 162
57 163
57 164
57 167
57 168
57 174
57 176
57 178
57 179
57 180
57 181
57 182
57 186
57 188
57 190
57 191
57 192
57 193
57 196
57 198
58 59
58 60
58 61
58 62
58 64
58 66
58 67
58 68
58 69
58 70
58 71
58 72
58 75
58 76
58 77
58 78
58 81
58 83
58 87
58 88
58 89
58 90
58 91
58 92
58 94
58 96
58 97
58 98
58 99
58 100
58 101
58 102
58 105
58 106
58 109
58 111
58 112
58 113
58 114
58 116
58 118
58 119
58 120
58 124
58 125
58 126
58 128
58 129
58 130
58 132
58 133
58 134
58 135
58 136
58 138
58 139
58 140
58 141
58 143
58 144
58 145
58 148
58 149
58 150
58 151
58 152
58 156
58 157
58 158
58 159
58 161
58 162
58 164
58 165
58 166
58 167
58 168
58 171
58 173
58 174
58 175
58 179
58 180
58 181
58 182
58 183
58 185
58 188
58 189
58 190
58 191
58 193
58 194
58 195
59 60
59 61
59 66
59 67
59 68
59 69
59 71
59 72
59 74
59 76
59 77
59 78
59 80
59 82
59 86
59 87
59 88
59 89
59 94
59 95
59 97
59 98
59 99
59 101
59 104
59 107
59 109
59 110
59 115
59 118
59 119
59 122
59 123
59 127
59 133
59 134
59 135
59 137
59 139
59 140
59 141
59 142
59 144
59 147
59 156
59 157
59 159
59 160
59 161
59 162
59 163
59 167
59 169
59 171
59 172
59 173
59 175
59 176
59 177
59 179
59 180
59 181
59 185
59 186
59 189
59 190
59 191
59 194
59 197
59 198
60 61
60 62
60 65
60 67
60 68
60 69
60 70
60 71
60 72
60 81
60 86
60 87
60 90
60 91
60 93
60 94
60 95
60 99
60 101
60 105
60 106
60 107
60 108
60 109
60 110
60 111
60 112
60 114
60 117
60 124
60 125
60 126
60 127
60 129
60 130
60 136
60 138
60 139
60 141
60 142
60 143
60 145
60 147
60 148
60 150
60 153
60 154
60 157
60 158
60 159
60 161
60 163
60 164
60 165
60 166
60 168
60 170
60 172
60 173
60 174
60 176
60 177
60 178
60 181
60 183
60 184
60 186
60 187
60 188
60 189
60 190
60 191
60 193
60 194
60 195
60 197
60 198
60 199
61 62
61 66
61 67
61 68
61 69
61 72
61 73
61 74
61 75
61 78
61 79
61 80
61 81
61 83
61 84
61 85
61 91
61 94
61 95
61 98
61 100
61 101
61 102
61 103
61 107
61 108
61 110
61 111
61 114
61 115
61 116
61 117
61 118
61 120
61 123
61 124
61 126
61 127
61 128
61 129
61 132
61 135
61 136
61 138
61 140
61 141
61 142
61 143
61 145
61 146
61 147
61 151
61 152
61 153
61 154
61 156
61 158
61 160
61 162
61 163
61 164
61 165
61 166
61 167
61 168
61 169
61 170
61 172
61 175
61 176
61 179
61 183
61 186
61 187
61 189
61 190
61 191
61 196
61 198
62 64
62 66
62 67
62 69
62 70
62 72
62 73
62 74
62 75
62 76
62 77
62 82
62 83
62 85
62 86
62 87
62 88
62 89
62 90
62 91
62 92
62 94
62 95
62 97
62 98
62 99
62 101
62 103
62 105
62 106
62 107
62 111
62 112
62 114
62 115
62 116
62 117
62 118
62 119
62 122
62 123
62 125
62 126
62 128
62 129
62 130
62 132
62 133
62 134
62 135
62 137
62 139
62 140
62 142
62 144
62 147
62 149
62 150
62 152
62 154
62 155
62 157
62 158
62 160
62 161
62 162
62 163
62 164
62 165
62 166
62 169
62 170
62 171
62 172
62 173
62 174
62 176
62 177
62 179
62 180
62 181
62 183
62 184
62 185
62 186
62 187
62 188
62 189
62 192
62 193
62 196
62 197
62 198
62 199
63 64
63 67
63 68
63 69
63 70
63 71
63 72
63 76
63 81
63 82
63 83
63 86
63 87
63 89
63 90
63 94
63 99
63 101
63 104
63 105
63 106
63 107
63 108
63 110
63 111
63 112
63 113
63 115
63 116
63 117
63 118
63 121
63 122
63 123
63 125
63 126
63 129
63 130
63 131
63 133
63 136
63 139
63 140
63 141
63 143
63 145
63 146
63 147
63 148
63 149
63 150
63 154
63 160
63 161
63 162
63 163
63 166
63 167
63 172
63 175
63 178
63 179
63 181
63 182
63 186
63 189
63 191
63 197
63 198
64 65
64 66
64 67
64 68
64 70
64 71
64 72
64 73
64 74
64 75
64 76
64 77
64 78
64 79
64 81
64 82
64 86
64 92
64 93
64 94
64 95
64 96
64 98
64 100
64 101
64 102
64 103
64 105
64 106
64 107
64 109
64 110
64 111
64 113
64 114
64 116
64 118
64 119
64 120
64 121
64 122
64 123
64 124
64 125
64 126
64 128
64 129
64 130
64 133
64 134
64 135
64 136
64 137
64 138
64 139
64 143
64 145
64 146
64 147
64 150
64 152
64 155
64 156
64 157
64 158
64 160
64 161
64 162
64 163
64 168
64 169
64 170
64 171
64 172
64 173
64 174
64 176
64 179
64 181
64 182
64 184
64 185
64 186
64 191
64 193
64 194
64 196
64 198
65 67
65 70
65 71
65 74
65 75
65 77
65 78
65 79
65 80
65 81
65 82
65 85
65 88
65 89
65 90
65 93
65 94
65 95
65 98
65 99
65 103
65 104
65 105
65 107
65 108
65 109
65 110
65 112
65 113
65 114
65 115
65 116
65 117
65 118
65 119
65 120
65 121
65 124
65 125
65 128
65 129
65 130
65 131
65 132
65 133
65 134
65 138
65 139
65 140
65 143
65 146
65 148
65 149
65 150
65 151
65 154
65 155
65 156
65 158
65 160
65 161
65 163
65 164
65 165
65 166
65 167
65 169
65 171
65 172
65 173
65 176
65 178
65 180
65 181
65 182
65 185
65 186
65 188
65 190
65 191
65 192
65 193
65 195
66 68
66 69
66 70
66 71
66 72
66 74
66 75
66 76
66 78
66 79
66 80
66 81
66 82
66 84
66 85
66 86
66 87
66 89
66 91
66 92
66 94
66 95
66 96
66 98
66 100
66 101
66 104
66 105
66 109
66 111
66 114
66 115
66 116
66 117
66 119
66 120
66 123
66 125
66 126
66 128
66 130
66 132
66 135
66 136
66 138
66 140
66 141
66 142
66 145
66 147
66 150
66 152
66 153
66 154
66 155
66 156
66 157
66 158
66 159
66 161
66 163
66 167
66 168
66 169
66 170
66 171
66 172
66 175
66 176
66 180
66 182
66 183
66 185
66 186
66 192
66 193
66 194
66 196
66 199
67 69
67 70
67 71
67 72
67 73
67 76
67 80
67 81
67 83
67 85
67 87
67 92
67 95
67 96
67 97
67 101
67 102
67 104
67 106
67 107
67 110
67 113
67 115
67 117
67 118
67 120
67 122
67 124
67 125
67 127
67 129
67 136
67 138
67 139
67 141
67 143
67 144
67 145
67 146
67 148
67 150
67 151
67 152
67 154
67 155
67 157
67 158
67 161
67 162
67 165
67 166
67 167
67 169
67 171
67 172
67 173
67 174
67 176
67 178
67 179
67 180
67 181
67 183
67 184
67 185
67 186
67 187
67 190
67 195
67 196
67 197
67 198
67 199
68 69
68 70
68 71
68 73
68 75
68 76
68 77
68 78
68 79
68 81
68 83
68 85
68 86
68 88
68 89
68 91
68 97
68 98
68 99
68 101
68 103
68 104
68 112
68 113
68 114
68 116
68 118
68 119
68 120
68 122
68 123
68 124
68 125
68 127
68 129
68 130
68 131
68 133
68 134
68 135
68 136
68 137
68 138
68 139
68 140
68 141
68 142
68 143
68 144
68 145
68 146
68 148
68 149
68 152
68 153
68 156
68 157
68 159
68 160
68 162
68 165
68 166
68 167
68 169
68 170
68 171
68 173
68 174
68 175
68 179
68 180
68 184
68 185
68 186
68 189
68 191
68 192
68 193
68 194
68 195
68 197
68 199
69 70
69 71
69 75
69 76
69 77
69 78
69 79
69 80
69 82
69 84
69 85
69 86
69 87
69 88
69 89
69 90
69 92
69 98
69 99
69 100
69 104
69 105
69 107
69 110
69 111
69 114
69 116
69 117
69 119
69 120
69 122
69 125
69 126
69 127
69 128
69 129
69 130
69 131
69 133
69 134
69 136
69 137
69 138
69 139
69 140
69 141
69 142
69 144
69 145
69 146
69 147
69 150
69 152
69 157
69 159
69 162
69 163
69 165
69 167
69 172
69 173
69 174
69 175
69 177
69 181
69 182
69 184
69 186
69 188
69 190
69 191
69 192
69 195
69 196
69 197
69 198
70 71
70 74
70 76
70 78
70 79
70 81
70 82
70 83
70 85
70 89
70 91
70 92
70 94
70 98
70 99
70 101
70 102
70 104
70 105
70 106
70 110
70 112
70 114
70 115
70 116
70 118
70 119
70 120
70 121
70 122
70 125
70 126
70 127
70 128
70 130
70 132
70 133
70 134
70 135
70 137
70 140
70 141
70 142
70 143
70 144
70 145
70 146
70 147
70 153
70 154
70 155
70 157
70 159
70 160
70 161
70 163
70 166
70 170
70 172
70 175
70 177
70 178
70 179
70 180
70 181
70 182
70 183
70 185
70 186
70 187
70 191
70 192
70 193
70 195
70 197
70 198
70 199
71 72
71 73
71 77
71 78
71 83
71 85
71 87
71 90
71 91
71 92
71 96
71 97
71 98
71 100
71 101
71 103
71 104
71 106
71 107
71 108
71 109
71 110
71 117
71 119
71 120
71 121
71 122
71 123
71 124
71 129
71 131
71 133
71 134
71 136
71 138
71 140
71 141
71 143
71 145
71 146
71 147
71 150
71 151
71 152
71 154
71 157
71 158
71 162
71 163
71 164
71 166
71 167
71 168
71 169
71 171
71 173
71 175
71 176
71 177
71 180
71 182
71 183
71 185
71 186
71 187
71 188
71 190
71 191
71 193
71 194
71 195
71 196
71 197
71 198
72 73
72 74
72 75
72 76
72 79
72 80
72 83
72 84
72 86
72 87
72 88
72 91
72 92
72 94
72 95
72 97
72 98
72 100
72 102
72 106
72 107
72 108
72 109
72 110
72 113
72 114
72 115
72 116
72 118
72 121
72 123
72 125
72 127
72 129
72 130
72 131
72 132
72 133
72 135
72 136
72 137
72 138
72 139
72 142
72 143
72 144
72 145
72 146
72 147
72 148
72 152
72 154
72 156
72 157
72 158
72 159
72 160
72 161
72 164
72 166
72 167
72 168
72 169
72 170
72 172
72 174
72 176
72 177
72 178
72 180
72 181
72 182
72 183
72 184
72 185
72 188
72 189
72 190
72 192
72 193
72 194
72 197
72 198
72 199
73 74
73 75
73 76
73 77
73 81
73 82
73 84
73 85
73 87
73 90
73 92
73 93
73 95
73 96
73 97
73 98
73 100
73 102
73 103
73 104
73 105
73 107
73 108
73 110
73 111
73 112
73 116
73 117
73 118
73 119
73 121
73 122
73 124
73 126
73 129
73 132
73 135
73 136
73 137
73 138
73 139
73 140
73 141
73 142
73 143
73 146
73 148
73 149
73 150
73 153
73 154
73 155
73 156
73 157
73 158
73 159
73 160
73 161
73 162
73 164
73 165
73 166
73 169
73 173
73 174
73 175
73 176
73 177
73 180
73 182
73 185
73 186
73 187
73 188
73 190
73 193
73 195
73 198
74 76
74 78
74 79
74 81
74 82
74 84
74 85
74 86
74 87
74 88
74 89
74 92
74 94
74 95
74 98
74 99
74 100
74 101
74 105
74 106
74 107
74 108
74 109
74 110
74 114
74 115
74 116
74 117
74 118
74 125
74 127
74 128
74 129
74 130
74 131
74 132
74 134
74 137
74 139
74 142
74 144
74 145
74 146
74 151
74 153
74 154
74 155
74 159
74 160
74 162
74 164
74 169
74 170
74 172
74 174
74 175
74 180
74 181
74 182
74 183
74 184
74 185
74 186
74 188
74 189
74 190
74 192
74 193
74 194
74 195
74 198
75 76
75 77
75 78
75 79
75 80
75 82
75 83
75 85
75 86
75 87
75 88
75 89
75 91
75 93
75 94
75 97
75 99
75 100
75 102
75 103
75 106
75 108
75 112
75 115
75 117
75 119
75 120
75 121
75 122
75 124
75 126
75 127
75 131
75 133
75 134
75 135
75 140
75 142
75 144
75 146
75 148
75 150
75 152
75 153
75 156
75 158
75 160
75 166
75 167
75 169
75 170
75 171
75 173
75 174
75 175
75 179
75 181
75 183
75 184
75 185
75 186
75 189
75 190
75 191
75 192
75 193
75 195
75 197
75 198
75 199
76 77
76 79
76 80
76 81
76 82
76 83
76 86
76 89
76 91
76 93
76 94
76 95
76 96
76 97
76 98
76 99
76 101
76 102
76 104
76 105
76 106
76 107
76 108
76 110
76 115
76 118
76 119
76 120
76 121
76 122
76 126
76 128
76 130
76 134
76 137
76 139
76 140
76 142
76 143
76 144
76 145
76 146
76 147
76 148
76 149
76 151
76 152
76 154
76 155
76 156
76 159
76 160
76 161
76 163
76 167
76 168
76 169
76 170
76 172
76 173
76 174
76 176
76 179
76 180
76 182
76 186
76 188
76 190
76 191
76 192
76 193
76 194
76 198
76 199
77 78
77 80
77 82
77 83
77 85
77 86
77 87
77 89
77 91
77 92
77 93
77 96
77 97
77 100
77 102
77 104
77 105
77 106
77 107
77 108
77 110
77 113
77 114
77 117
77 118
77 121
77 123
77 125
77 126
77 127
77 128
77 129
77 132
77 133
77 134
77 135
77 136
77 137
77 138
77 139
77 140
77 141
77 143
77 144
77 146
77 148
77 151
77 152
77 153
77 154
77 155
77 157
77 158
77 159
77 160
77 162
77 163
77 164
77 165
77 168
77 170
77 175
77 178
77 179
77 180
77 181
77 182
77 184
77 185
77 186
77 187
77 188
77 190
77 191
77 194
77 195
77 196
77 199
78 79
78 80
78 81
78 82
78 84
78 85
78 88
78 89
78 90
78 91
78 92
78 93
78 94
78 96
78 97
78 101
78 102
78 104
78 105
78 106
78 109
78 113
78 114
78 116
78 117
78 119
78 121
78 122
78 123
78 126
78 127
78 130
78 133
78 137
78 138
78 140
78 141
78 142
78 144
78 145
78 146
78 147
78 151
78 153
78 154
78 155
78 157
78 158
78 160
78 162
78 163
78 164
78 169
78 170
78 171
78 172
78 173
78 175
78 177
78 178
78 179
78 180
78 182
78 185
78 186
78 187
78 188
78 189
78 190
78 193
78 196
78 197
78 198
78 199
79 80
79 81
79 82
79 83
79 84
79 85
79 86
79 87
79 90
79 93
79 95
79 96
79 97
79 98
79 99
79 100
79 104
79 105
79 106
79 107
79 108
79 109
79 110
79 111
79 112
79 114
79 116
79 117
79 118
79 119
79 120
79 121
79 122
79 123
79 126
79 128
79 129
79 130
79 133
79 134
79 138
79 140
79 141
79 142
79 144
79 146
79 151
79 152
79 153
79 156
79 157
79 158
79 159
79 160
79 161
79 164
79 165
79 167
79 169
79 170
79 171
79 172
79 174
79 175
79 177
79 178
79 179
79 180
79 181
79 182
79 183
79 184
79 186
79 187
79 188
79 190
79 193
79 196
79 199
80 81
80 83
80 84
80 86
80 91
80 92
80 93
80 94
80 96
80 97
80 98
80 99
80 100
80 102
80 103
80 104
80 105
80 107
80 110
80 111
80 116
80 118
80 119
80 120
80 121
80 122
80 123
80 124
80 127
80 129
80 130
80 131
80 135
80 136
80 137
80 142
80 145
80 146
80 148
80 149
80 150
80 151
80 152
80 154
80 158
80 159
80 160
80 161
80 162
80 164
80 165
80 167
80 168
80 170
80 171
80 172
80 173
80 175
80 176
80 179
80 181
80 182
80 184
80 186
80 187
80 194
80 196
80 197
81 84
81 85
81 87
81 88
81 89
81 91
81 94
81 97
81 99
81 101
81 105
81 106
81 107
81 108
81 109
81 110
81 112
81 113
81 114
81 115
81 117
81 121
81 125
81 127
81 128
81 129
81 130
81 132
81 133
81 136
81 137
81 139
81 140
81 141
81 142
81 143
81 146
81 147
81 148
81 149
81 150
81 151
81 152
81 153
81 155
81 157
81 159
81 160
81 161
81 162
81 163
81 164
81 167
81 168
81 169
81 171
81 174
81 176
81 178
81 179
81 180
81 181
81 182
81 183
81 184
81 185
81 186
81 191
81 192
81 194
81 195
81 197
81 199
82 84
82 87
82 88
82 90
82 93
82 97
82 98
82 100
82 101
82 104
82 106
82 108
82 111
82 116
82 117
82 118
82 119
82 121
82 122
82 123
82 125
82 126
82 127
82 128
82 130
82 131
82 132
82 133
82 138
82 139
82 140
82 144
82 145
82 146
82 147
82 150
82 151
82 152
82 153
82 154
82 155
82 156
82 157
82 158
82 159
82 160
82 161
82 162
82 163
82 166
82 167
82 168
82 169
82 170
82 172
82 174
82 175
82 177
82 178
82 179
82 180
82 181
82 185
82 186
82 188
82 189
82 190
82 193
82 194
82 195
82 196
82 198
83 84
83 86
83 87
83 88
83 89
83 91
83 92
83 93
83 94
83 95
83 96
83 97
83 98
83 99
83 100
83 104
83 105
83 106
83 107
83 108
83 109
83 110
83 111
83 114
83 115
83 117
83 119
83 123
83 125
83 127
83 128
83 131
83 133
83 134
83 136
83 137
83 138
83 139
83 140
83 143
83 144
83 147
83 149
83 150
83 151
83 153
83 155
83 158
83 159
83 160
83 161
83 162
83 163
83 164
83 165
83 167
83 168
83 169
83 170
83 174
83 175
83 177
83 179
83 180
83 181
83 184
83 185
83 188
83 189
83 192
83 193
83 195
83 198
83 199
84 85
84 86
84 88
84 89
84 90
84 91
84 94
84 95
84 97
84 98
84 101
84 102
84 105
84 106
84 107
84 108
84 110
84 112
84 115
84 117
84 118
84 119
84 120
84 122
84 124
84 125
84 126
84 127
84 131
84 132
84 137
84 138
84 139
84 141
84 143
84 144
84 145
84 147
84 148
84 149
84 150
84 151
84 152
84 153
84 155
84 156
84 159
84 161
84 163
84 165
84 167
84 168
84 172
84 174
84 177
84 178
84 179
84 181
84 185
84 186
84 187
84 189
84 190
84 191
84 192
84 196
84 197
84 198
84 199
85 90
85 92
85 93
85 94
85 95
85 96
85 97
85 98
85 102
85 103
85 104
85 106
85 108
85 110
85 111
85 112
85 114
85 116
85 117
85 119
85 120
85 121
85 122
85 123
85 125
85 126
85 129
85 130
85 131
85 132
85 133
85 134
85 137
85 138
85 139
85 141
85 143
85 145
85 149
85 150
85 156
85 157
85 162
85 163
85 165
85 166
85 169
85 170
85 171
85 172
85 174
85 176
85 177
85 178
85 179
85 181
85 182
85 183
85 185
85 189
85 193
85 194
85 195
85 197
85 199
86 91
86 92
86 93
86 95
86 98
86 100
86 101
86 102
86 103
86 104
86 107
86 109
86 110
86 111
86 112
86 113
86 115
86 116
86 117
86 118
86 123
86 125
86 126
86 128
86 130
86 131
86 132
86 133
86 136
86 137
86 139
86 140
86 141
86 143
86 145
86 146
86 148
86 153
86 154
86 156
86 157
86 159
86 160
86 163
86 164
86 166
86 167
86 168
86 171
86 173
86 174
86 175
86 176
86 178
86 180
86 181
86 184
86 185
86 186
86 188
86 190
86 192
86 193
86 195
86 196
86 197
87 88
87 89
87 90
87 92
87 94
87 95
87 96
87 97
87 98
87 99
87 100
87 101
87 102
87 103
87 106
87 107
87 110
87 111
87 113
87 114
87 115
87 116
87 117
87 119
87 120
87 121
87 122
87 123
87 124
87 125
87 127
87 128
87 129
87 131
87 133
87 134
87 136
87 137
87 139
87 140
87 141
87 142
87 143
87 144
87 146
87 148
87 149
87 153
87 154
87 159
87 163
87 164
87 165
87 168
87 169
87 170
87 171
87 172
87 173
87 175
87 178
87 179
87 183
87 185
87 186
87 187
87 188
87 189
87 190
87 191
87 192
87 193
87 194
87 195
87 196
87 197
87 198
87 199
88 89
88 90
88 91
88 92
88 93
88 95
88 97
88 98
88 101
88 103
88 105
88 106
88 109
88 110
88 111
88 112
88 113
88 118
88 120
88 121
88 122
88 123
88 124
88 125
88 126
88 127
88 128
88 131
88 132
88 133
88 136
88 137
88 140
88 143
88 144
88 145
88 147
88 148
88 150
88 151
88 153
88 154
88 157
88 162
88 164
88 165
88 166
88 169
88 170
88 171
88 173
88 174
88 176
88 179
88 181
88 182
88 186
88 188
88 189
88 190
88 192
88 193
88 195
88 196
88 198
88 199
89 92
89 93
89 94
89 96
89 100
89 102
89 103
89 104
89 105
89 106
89 107
89 109
89 110
89 113
89 115
89 118
89 122
89 123
89 124
89 125
89 127
89 129
89 130
89 131
89 132
89 133
89 134
89 135
89 137
89 140
89 141
89 143
89 145
89 147
89 149
89 153
89 154
89 155
89 156
89 157
89 158
89 160
89 161
89 162
89 163
89 165
89 166
89 167
89 168
89 169
89 173
89 174
89 175
89 176
89 177
89 178
89 179
89 181
89 182
89 183
89 184
89 186
89 188
89 189
89 191
89 193
89 195
89 196
89 197
89 198
89 199
90 91
90 94
90 95
90 96
90 97
90 100
90 101
90 103
90 104
90 106
90 108
90 109
90 110
90 111
90 112
90 113
90 114
90 116
90 117
90 121
90 127
90 130
90 133
90 134
90 135
90 136
90 137
90 138
90 142
90 143
90 144
90 146
90 147
90 148
90 149
90 151
90 152
90 154
90 155
90 156
90 160
90 162
90 163
90 164
90 166
90 167
90 168
90 169
90 170
90 171
90 172
90 173
90 174
90 175
90 177
90 180
90 181
90 182
90 183
90 184
90 185
90 186
90 187
90 188
90 189
90 190
90 191
90 192
90 193
90 194
90 195
90 198
91 95
91 96
91 97
91 98
91 99
91 100
91 101
91 103
91 105
91 107
91 109
91 111
91 112
91 113
91 116
91 119
91 122
91 123
91 125
91 127
91 128
91 131
91 133
91 134
91 136
91 140
91 144
91 146
91 147
91 152
91 154
91 155
91 159
91 163
91 168
91 172
91 173
91 174
91 178
91 179
91 180
91 182
91 183
91 184
91 186
91 188
91 192
91 193
91 195
91 196
91 197
92 93
92 94
92 95
92 96
92 97
92 99
92 100
92 101
92 103
92 104
92 106
92 108
92 113
92 114
92 115
92 116
92 117
92 120
92 121
92 124
92 125
92 126
92 128
92 129
92 130
92 132
92 134
92 135
92 136
92 137
92 138
92 140
92 143
92 144
92 146
92 149
92 150
92 153
92 157
92 158
92 159
92 163
92 165
92 167
92 169
92 171
92 172
92 173
92 177
92 178
92 180
92 181
92 183
92 184
92 186
92 187
92 190
92 193
92 194
92 197
92 198
93 98
93 101
93 105
93 112
93 118
93 119
93 121
93 124
93 127
93 132
93 134
93 136
93 137
93 138
93 140
93 141
93 143
93 145
93 146
93 147
93 148
93 153
93 154
93 157
93 158
93 161
93 162
93 165
93 167
93 169
93 172
93 173
93 174
93 175
93 177
93 179
93 180
93 181
93 183
93 184
93 186
93 189
93 191
93 192
93 193
93 196
93 197
93 198
93 199
94 98
94 99
94 100
94 102
94 103
94 107
94 108
94 109
94 111
94 116
94 117
94 118
94 120
94 122
94 123
94 125
94 126
94 127
94 128
94 131
94 132
94 133
94 136
94 137
94 138
94 139
94 145
94 146
94 149
94 150
94 151
94 152
94 153
94 154
94 155
94 158
94 161
94 162
94 163
94 164
94 165
94 171
94 173
94 178
94 180
94 183
94 184
94 186
94 187
94 188
94 190
94 191
94 193
94 195
94 196
94 197
95 97
95 99
95 100
95 101
95 105
95 107
95 110
95 111
95 114
95 115
95 116
95 117
95 118
95 119
95 120
95 123
95 124
95 126
95 127
95 128
95 130
95 131
95 132
95 135
95 136
95 138
95 139
95 141
95 142
95 144
95 145
95 148
95 149
95 150
95 151
95 152
95 153
95 154
95 155
95 157
95 159
95 160
95 162
95 164
95 165
95 166
95 167
95 168
95 169
95 170
95 171
95 172
95 173
95 175
95 176
95 177
95 178
95 179
95 181
95 182
95 183
95 184
95 188
95 189
95 190
95 193
95 194
95 196
95 197
95 198
95 199
96 97
96 98
96 99
96 102
96 103
96 104
96 106
96 107
96 108
96 109
96 110
96 111
96 116
96 119
96 120
96 121
96 122
96 124
96 125
96 128
96 129
96 130
96 132
96 137
96 138
96 139
96 141
96 142
96 143
96 144
96 145
96 146
96 149
96 150
96 152
96 155
96 156
96 158
96 161
96 162
96 169
96 171
96 175
96 176
96 177
96 178
96 179
96 181
96 183
96 184
96 186
96 189
96 190
96 192
96 194
96 195
96 198
97 98
97 100
97 101
97 102
97 103
97 104
97 106
97 108
97 109
97 112
97 113
97 114
97 115
97 116
97 117
97 121
97 122
97 123
97 124
97 127
97 129
97 131
97 132
97 133
97 135
97 138
97 140
97 141
97 142
97 143
97 147
97 148
97 149
97 150
97 151
97 154
97 155
97 156
97 158
97 159
97 161
97 162
97 164
97 165
97 166
97 168
97 169
97 173
97 174
97 180
97 181
97 183
97 188
97 189
97 192
97 193
97 195
97 197
98 99
98 100
98 101
98 102
98 104
98 106
98 107
98 108
98 110
98 111
98 112
98 113
98 114
98 116
98 117
98 118
98 119
98 121
98 124
98 126
98 130
98 131
98 135
98 139
98 142
98 143
98 144
98 145
98 146
98 148
98 153
98 154
98 156
98 158
98 160
98 161
98 164
98 166
98 167
98 168
98 169
98 171
98 175
98 176
98 178
98 179
98 180
98 181
98 185
98 187
98 189
98 191
98 193
98 194
98 195
98 196
99 100
99 103
99 105
99 107
99 108
99 109
99 112
99 114
99 115
99 117
99 118
99 119
99 120
99 121
99 122
99 123
99 124
99 125
99 127
99 128
99 129
99 130
99 131
99 132
99 134
99 135
99 136
99 137
99 138
99 139
99 140
99 141
99 143
99 144
99 145
99 148
99 149
99 150
99 151
99 152
99 153
99 155
99 156
99 158
99 159
99 160
99 161
99 162
99 163
99 164
99 168
99 170
99 174
99 176
99 177
99 178
99 180
99 181
99 183
99 185
99 188
99 189
99 190
99 191
99 192
99 194
99 195
99 196
99 197
99 199
100 102
100 103
100 104
100 105
100 108
100 110
100 111
100 112
100 115
100 116
100 117
100 118
100 120
100 124
100 125
100 127
100 128
100 129
100 132
100 133
100 134
100 135
100 138
100 139
100 141
100 142
100 145
100 147
100 148
100 149
100 150
100 151
100 152
100 156
100 157
100 158
100 161
100 162
100 164
100 168
100 169
100 170
100 172
100 174
100 175
100 179
100 184
100 185
100 186
100 189
100 190
100 191
100 195
100 196
100 197
100 199
101 105
101 106
101 107
101 109
101 112
101 113
101 114
101 115
101 116
101 117
101 122
101 123
101 126
101 127
101 128
101 129
101 130
101 131
101 132
101 139
101 140
101 141
101 142
101 143
101 144
101 146
101 150
101 151
101 154
101 155
101 156
101 158
101 159
101 162
101 163
101 164
101 165
101 166
101 168
101 169
101 171
101 173
101 175
101 177
101 178
101 179
101 181
101 184
101 185
101 186
101 188
101 189
101 190
101 193
101 198
102 103
102 104
102 107
102 108
102 109
102 111
102 112
102 114
102 115
102 116
102 117
102 118
102 123
102 127
102 128
102 130
102 132
102 133
102 134
102 135
102 136
102 139
102 141
102 142
102 143
102 144
102 145
102 148
102 150
102 151
102 153
102 154
102 159
102 161
102 162
102 163
102 167
102 168
102 169
102 172
102 175
102 176
102 177
102 178
102 179
102 180
102 181
102 182
102 184
102 185
102 187
102 189
102 191
102 192
102 193
102 194
102 195
103 104
103 105
103 107
103 110
103 111
103 112
103 114
103 115
103 117
103 118
103 120
103 124
103 127
103 128
103 129
103 130
103 132
103 133
103 135
103 136
103 138
103 140
103 142
103 143
103 144
103 145
103 147
103 151
103 152
103 154
103 155
103 157
103 159
103 162
103 163
103 164
103 165
103 167
103 168
103 170
103 171
103 172
103 173
103 174
103 175
103 176
103 177
103 178
103 179
103 180
103 182
103 183
103 185
103 186
103 187
103 189
103 190
103 192
103 193
103 194
103 195
103 198
103 199
104 105
104 106
104 107
104 108
104 110
104 112
104 113
104 114
104 117
104 118
104 121
104 123
104 124
104 126
104 130
104 131
104 132
104 135
104 136
104 138
104 139
104 140
104 141
104 143
104 144
104 145
104 146
104 148
104 149
104 151
104 152
104 153
104 154
104 155
104 156
104 158
104 159
104 160
104 162
104 164
104 165
104 166
104 168
104 169
104 170
104 171
104 173
104 177
104 182
104 183
104 185
104 186
104 187
104 188
104 190
104 193
104 194
104 195
104 196
104 197
104 198
104 199
105 107
105 108
105 109
105 110
105 111
105 112
105 113
105 114
105 115
105 117
105 121
105 123
105 124
105 125
105 126
105 127
105 128
105 129
105 130
105 131
105 133
105 134
105 135
105 136
105 145
105 147
105 148
105 149
105 154
105 159
105 161
105 162
105 164
105 166
105 167
105 168
105 171
105 172
105 175
105 177
105 179
105 180
105 181
105 186
105 188
105 190
105 191
105 192
105 193
105 195
105 198
105 199
106 107
106 109
106 111
106 112
106 113
106 114
106 115
106 117
106 119
106 120
106 121
106 122
106 124
106 125
106 126
106 127
106 129
106 130
106 133
106 134
106 135
106 137
106 140
106 142
106 143
106 145
106 147
106 149
106 150
106 151
106 152
106 153
106 156
106 158
106 160
106 161
106 162
106 163
106 166
106 168
106 169
106 170
106 172
106 173
106 174
106 177
106 179
106 181
106 182
106 184
106 185
106 188
106 190
106 192
106 194
106 195
106 196
106 198
107 110
107 112
107 113
107 114
107 115
107 116
107 117
107 118
107 119
107 122
107 123
107 124
107 127
107 130
107 131
107 134
107 135
107 137
107 140
107 141
107 142
107 146
107 148
107 150
107 154
107 155
107 158
107 159
107 160
107 161
107 162
107 163
107 164
107 165
107 169
107 170
107 171
107 172
107 173
107 174
107 175
107 176
107 179
107 181
107 182
107 183
107 184
107 185
107 186
107 188
107 189
107 190
107 191
107 193
107 194
107 195
107 197
107 198
107 199
108 109
108 110
108 111
108 112
108 113
108 116
108 118
108 119
108 120
108 121
108 124
108 125
108 126
108 127
108 128
108 129
108 131
108 132
108 134
108 137
108 139
108 141
108 142
108 146
108 147
108 149
108 150
108 152
108 154
108 157
108 160
108 161
108 164
108 166
108 169
108 170
108 175
108 176
108 177
108 178
108 179
108 181
108 182
108 183
108 184
108 185
108 188
108 190
108 192
108 194
108 197
109 110
109 111
109 113
109 115
109 116
109 117
109 118
109 119
109 120
109 121
109 122
109 123
109 124
109 126
109 129
109 131
109 134
109 136
109 137
109 139
109 140
109 141
109 143
109 144
109 145
109 146
109 147
109 148
109 149
109 151
109 153
109 155
109 156
109 158
109 160
109 163
109 164
109 165
109 166
109 168
109 169
109 172
109 173
109 175
109 176
109 177
109 178
109 179
109 180
109 181
109 184
109 185
109 186
109 187
109 188
109 191
109 193
109 194
109 195
110 111
110 112
110 114
110 115
110 116
110 117
110 118
110 119
110 122
110 123
110 124
110 125
110 127
110 129
110 130
110 131
110 133
110 138
110 139
110 141
110 144
110 145
110 146
110 147
110 148
110 149
110 150
110 152
110 153
110 155
110 159
110 160
110 161
110 162
110 163
110 166
110 168
110 171
110 172
110 175
110 178
110 181
110 184
110 186
110 187
110 189
110 191
110 192
110 194
110 195
110 198
110 199
111 112
111 114
111 115
111 118
111 119
111 120
111 121
111 123
111 125
111 126
111 127
111 129
111 131
111 132
111 133
111 134
111 140
111 141
111 143
111 147
111 149
111 151
111 153
111 154
111 155
111 156
111 159
111 161
111 162
111 163
111 165
111 166
111 167
111 168
111 169
111 170
111 172
111 173
111 174
111 175
111 176
111 177
111 178
111 179
111 180
111 181
111 183
111 185
111 188
111 189
111 190
111 191
111 192
111 193
111 195
111 198
112 117
112 118
112 119
112 121
112 122
112 123
112 125
112 126
112 128
112 129
112 130
112 131
112 132
112 133
112 134
112 135
112 136
112 138
112 139
112 141
112 142
112 143
112 144
112 146
112 147
112 148
112 154
112 156
112 157
112 158
112 160
112 163
112 165
112 167
112 168
112 171
112 172
112 174
112 175
112 177
112 178
112 179
112 180
112 182
112 185
112 186
112 188
112 190
112 192
112 195
112 196
112 198
112 199
113 115
113 118
113 120
113 121
113 122
113 127
113 128
113 129
113 130
113 131
113 132
113 133
113 137
113 139
113 141
113 143
113 144
113 145
113 148
113 149
113 150
113 151
113 152
113 153
113 154
113 156
113 162
113 163
113 166
113 167
113 172
113 173
113 174
113 175
113 176
113 177
113 178
113 179
113 180
113 182
113 183
113 184
113 187
113 191
113 195
113 196
113 197
113 198
113 199
114 116
114 117
114 119
114 125
114 126
114 127
114 128
114 130
114 133
114 135
114 140
114 143
114 148
114 150
114 152
114 153
114 155
114 156
114 160
114 162
114 164
114 168
114 169
114 170
114 171
114 172
114 173
114 174
114 176
114 180
114 181
114 184
114 185
114 188
114 191
114 192
114 193
115 116
115 117
115 118
115 120
115 121
115 124
115 126
115 127
115 129
115 131
115 133
115 135
115 136
115 137
115 138
115 139
115 141
115 142
115 143
115 146
115 149
115 150
115 153
115 156
115 157
115 163
115 165
115 166
115 167
115 169
115 171
115 172
115 173
115 175
115 176
115 178
115 182
115 183
115 184
115 185
115 186
115 187
115 190
115 191
115 192
115 193
115 195
115 196
115 198
115 199
116 117
116 122
116 123
116 124
116 125
116 127
116 129
116 133
116 134
116 136
116 137
116 138
116 140
116 143
116 145
116 149
116 150
116 151
116 153
116 154
116 155
116 156
116 158
116 159
116 160
116 161
116 162
116 163
116 164
116 166
116 167
116 169
116 180
116 181
116 182
116 187
116 188
116 189
116 193
116 194
116 195
116 198
117 118
117 119
117 122
117 123
117 126
117 128
117 130
117 131
117 132
117 133
117 134
117 135
117 137
117 138
117 139
117 141
117 143
117 144
117 145
117 146
117 151
117 152
117 154
117 155
117 157
117 159
117 160
117 161
117 162
117 164
117 165
117 166
117 167
117 168
117 169
117 172
117 173
117 174
117 175
117 177
117 178
117 180
117 182
117 186
117 188
117 189
117 192
117 193
117 194
117 195
117 196
117 197
118 119
118 120
118 122
118 123
118 129
118 132
118 134
118 139
118 140
118 141
118 143
118 146
118 148
118 152
118 153
118 155
118 156
118 158
118 159
118 160
118 161
118 162
118 163
118 165
118 167
118 168
118 170
118 173
118 174
118 175
118 177
118 178
118 180
118 181
118 182
118 183
118 185
118 187
118 189
118 191
118 192
118 194
118 198
119 120
119 123
119 127
119 128
119 129
119 131
119 132
119 133
119 135
119 137
119 138
119 140
119 141
119 142
119 143
119 145
119 146
119 150
119 154
119 156
119 157
119 158
119 159
119 161
119 164
119 165
119 166
119 167
119 170
119 171
119 172
119 175
119 176
119 177
119 178
119 180
119 181
119 182
119 183
119 184
119 186
119 190
119 194
119 195
119 197
119 198
119 199
120 121
120 122
120 124
120 125
120 126
120 127
120 128
120 129
120 130
120 131
120 132
120 135
120 136
120 137
120 139
120 141
120 144
120 145
120 146
120 150
120 151
120 152
120 154
120 155
120 158
120 159
120 160
120 161
120 162
120 163
120 164
120 165
120 167
120 169
120 171
120 172
120 173
120 174
120 175
120 176
120 178
120 179
120 181
120 183
120 184
120 185
120 186
120 188
120 193
120 195
120 198
120 199
121 123
121 124
121 125
121 127
121 128
121 130
121 131
121 132
121 133
121 134
121 135
121 137
121 138
121 139
121 141
121 142
121 143
121 144
121 145
121 147
121 148
121 151
121 152
121 153
121 155
121 156
121 157
121 161
121 162
121 163
121 164
121 166
121 167
121 168
121 169
121 170
121 171
121 172
121 173
121 175
121 177
121 178
121 179
121 181
121 183
121 184
121 191
121 192
121 194
121 199
122 123
122 124
122 126
122 127
122 130
122 132
122 133
122 134
122 135
122 136
122 138
122 139
122 140
122 141
122 144
122 145
122 147
122 150
122 151
122 152
122 153
122 155
122 156
122 158
122 159
122 162
122 163
122 165
122 167
122 168
122 170
122 171
122 173
122 174
122 175
122 179
122 180
122 181
122 183
122 185
122 186
122 188
122 189
122 191
122 192
122 193
122 194
122 196
122 198
122 199
123 124
123 125
123 127
123 129
123 130
123 131
123 133
123 134
123 136
123 137
123 139
123 141
123 142
123 143
123 145
123 146
123 148
123 150
123 152
123 153
123 154
123 155
123 158
123 161
123 162
123 165
123 166
123 168
123 169
123 171
123 172
123 175
123 176
123 177
123 178
123 179
123 180
123 181
123 182
123 183
123 185
123 186
123 187
123 188
123 193
123 196
123 198
123 199
124 125
124 127
124 130
124 133
124 136
124 138
124 139
124 140
124 141
124 142
124 143
124 144
124 146
124 147
124 148
124 150
124 151
124 153
124 155
124 156
124 158
124 160
124 161
124 162
124 164
124 165
124 167
124 168
124 169
124 170
124 171
124 172
124 173
124 175
124 178
124 179
124 181
124 182
124 183
124 185
124 187
124 188
124 190
124 192
124 193
124 194
124 198
125 126
125 128
125 130
125 131
125 132
125 133
125 135
125 137
125 139
125 140
125 143
125 147
125 149
125 150
125 154
125 156
125 158
125 159
125 162
125 164
125 165
125 166
125 171
125 172
125 173
125 174
125 175
125 177
125 179
125 180
125 181
125 182
125 194
125 196
125 197
126 128
126 130
126 131
126 137
126 139
126 140
126 141
126 142
126 143
126 144
126 147
126 149
126 150
126 151
126 152
126 153
126 154
126 155
126 158
126 159
126 160
126 162
126 163
126 165
126 168
126 169
126 170
126 171
126 173
126 174
126 175
126 177
126 179
126 182
126 183
126 185
126 186
126 187
126 189
126 192
126 193
126 196
126 197
126 199
127 136
127 139
127 145
127 146
127 147
127 148
127 150
127 151
127 152
127 155
127 159
127 160
127 163
127 165
127 169
127 170
127 171
127 172
127 174
127 177
127 181
127 182
127 184
127 185
127 186
127 188
127 189
127 191
127 192
127 196
127 197
127 198
127 199
128 129
128 130
128 131
128 132
128 133
128 138
128 140
128 145
128 146
128 147
128 148
128 150
128 151
128 153
128 154
128 155
128 156
128 158
128 161
128 162
128 164
128 165
128 166
128 167
128 168
128 170
128 172
128 174
128 177
128 179
128 182
128 184
128 187
128 188
128 189
128 190
128 191
128 192
128 194
128 195
128 196
128 197
128 198
128 199
129 130
129 131
129 133
129 134
129 135
129 136
129 137
129 138
129 139
129 140
129 141
129 144
129 146
129 149
129 150
129 151
129 154
129 155
129 156
129 157
129 160
129 161
129 162
129 165
129 166
129 167
129 168
129 170
129 171
129 173
129 175
129 176
129 177
129 178
129 179
129 183
129 184
129 185
129 188
129 189
129 190
129 191
129 193
129 194
129 195
129 199
130 131
130 132
130 133
130 134
130 137
130 138
130 139
130 141
130 142
130 143
130 144
130 145
130 149
130 155
130 156
130 160
130 161
130 162
130 164
130 165
130 166
130 167
130 168
130 169
130 170
130 172
130 174
130 175
130 176
130 180
130 181
130 182
130 183
130 184
130 186
130 187
130 188
130 189
130 190
130 191
130 192
130 193
130 195
130 197
130 199
131 133
131 134
131 138
131 139
131 140
131 141
131 145
131 148
131 150
131 151
131 153
131 156
131 157
131 158
131 160
131 161
131 162
131 163
131 166
131 167
131 168
131 169
131 170
131 172
131 173
131 176
131 177
131 178
131 181
131 182
131 183
131 184
131 185
131 187
131 188
131 190
131 191
131 192
131 193
131 194
131 195
131 198
132 133
132 134
132 138
132 139
132 140
132 143
132 144
132 146
132 147
132 149
132 150
132 151
132 152
132 154
132 155
132 159
132 160
132 161
132 162
132 164
132 165
132 167
132 168
132 170
132 175
132 176
132 178
132 179
132 180
132 181
132 182
132 183
132 185
132 186
132 187
132 188
132 189
132 191
132 194
132 195
132 196
132 198
132 199
133 134
133 139
133 143
133 146
133 148
133 149
133 150
133 151
133 152
133 153
133 156
133 157
133 159
133 160
133 161
133 164
133 165
133 166
133 167
133 170
133 171
133 174
133 176
133 177
133 178
133 179
133 182
133 185
133 186
133 189
133 193
133 194
133 195
133 196
133 197
133 199
134 136
134 137
134 138
134 139
134 140
134 142
134 144
134 146
134 147
134 149
134 152
134 153
134 154
134 158
134 159
134 161
134 162
134 163
134 164
134 167
134 169
134 174
134 178
134 179
134 181
134 182
134 185
134 188
134 191
134 193
134 194
134 195
134 196
135 137
135 138
135 139
135 141
135 144
135 145
135 148
135 149
135 150
135 151
135 153
135 154
135 155
135 156
135 157
135 158
135 159
135 161
135 162
135 164
135 165
135 166
135 168
135 169
135 172
135 173
135 178
135 180
135 181
135 182
135 184
135 185
135 186
135 187
135 191
135 192
135 194
135 196
136 138
136 139
136 140
136 141
136 142
136 143
136 144
136 145
136 147
136 148
136 150
136 151
136 153
136 154
136 159
136 160
136 161
136 164
136 169
136 170
136 171
136 174
136 175
136 176
136 181
136 183
136 184
136 185
136 188
136 189
136 190
136 191
136 193
136 194
136 195
136 197
137 138
137 142
137 144
137 145
137 147
137 148
137 149
137 150
137 151
137 152
137 153
137 154
137 156
137 159
137 160
137 161
137 162
137 164
137 165
137 166
137 167
137 168
137 169
137 170
137 175
137 177
137 179
137 181
137 183
137 185
137 186
137 189
137 190
137 192
137 193
137 196
137 197
137 198
138 139
138 142
138 143
138 145
138 147
138 149
138 150
138 151
138 152
138 154
138 155
138 158
138 160
138 161
138 163
138 164
138 166
138 170
138 171
138 172
138 174
138 177
138 179
138 180
138 182
138 183
138 185
138 186
138 187
138 188
138 192
138 193
138 195
138 196
138 197
138 198
139 140
139 141
139 144
139 145
139 147
139 151
139 153
139 154
139 155
139 158
139 161
139 162
139 163
139 165
139 167
139 170
139 171
139 175
139 177
139 179
139 180
139 181
139 183
139 184
139 186
139 188
139 190
139 194
139 195
139 196
139 198
140 141
140 142
140 146
140 147
140 149
140 150
140 152
140 155
140 157
140 158
140 160
140 161
140 163
140 164
140 166
140 167
140 170
140 174
140 175
140 176
140 177
140 178
140 181
140 182
140 183
140 184
140 186
140 188
140 190
140 191
140 193
140 194
140 195
140 197
140 198
141 144
141 145
141 146
141 147
141 148
141 152
141 153
141 156
141 157
141 160
141 164
141 165
141 166
141 167
141 168
141 169
141 170
141 173
141 174
141 176
141 180
141 181
141 184
141 187
141 190
141 194
141 195
141 196
141 197
142 144
142 146
142 147
142 148
142 149
142 153
142 154
142 156
142 157
142 158
142 159
142 160
142 162
142 163
142 165
142 166
142 168
142 170
142 172
142 176
142 177
142 179
142 180
142 181
142 185
142 186
142 188
142 189
142 190
142 193
142 195
142 198
143 144
143 145
143 146
143 147
143 149
143 150
143 151
143 152
143 153
143 157
143 160
143 161
143 162
143 163
143 164
143 165
143 166
143 167
143 172
143 173
143 174
143 175
143 177
143 178
143 179
143 180
143 182
143 183
143 184
143 185
143 186
143 188
143 189
143 192
143 196
143 197
143 198
143 199
144 145
144 146
144 147
144 150
144 151
144 153
144 154
144 155
144 157
144 160
144 161
144 163
144 164
144 165
144 166
144 168
144 170
144 173
144 174
144 176
144 179
144 180
144 181
144 182
144 183
144 187
144 188
144 189
144 190
144 191
144 192
144 193
144 194
144 195
144 198
145 148
145 149
145 150
145 152
145 153
145 155
145 156
145 157
145 158
145 164
145 166
145 167
145 169
145 171
145 172
145 175
145 176
145 177
145 179
145 182
145 183
145 186
145 187
145 190
145 191
145 192
145 193
145 195
145 196
145 198
145 199
146 148
146 149
146 150
146 151
146 153
146 155
146 157
146 158
146 159
146 160
146 161
146 162
146 164
146 166
146 168
146 169
146 170
146 171
146 173
146 174
146 175
146 176
146 179
146 180
146 181
146 182
146 184
146 186
146 187
146 189
146 190
146 193
146 194
146 196
147 148
147 152
147 153
147 154
147 155
147 156
147 157
147 159
147 160
147 161
147 163
147 164
147 165
147 166
147 167
147 168
147 169
147 173
147 175
147 176
147 177
147 180
147 182
147 184
147 185
147 186
147 188
147 191
147 193
147 194
147 196
147 198
148 150
148 154
148 157
148 158
148 160
148 161
148 164
148 166
148 169
148 170
148 171
148 172
148 173
148 174
148 175
148 176
148 177
148 179
148 182
148 184
148 185
148 186
148 188
148 189
148 191
148 192
148 194
148 195
148 199
149 151
149 152
149 153
149 154
149 155
149 159
149 160
149 161
149 162
149 163
149 165
149 166
149 167
149 168
149 173
149 178
149 180
149 181
149 184
149 185
149 186
149 189
149 191
149 192
149 193
149 195
149 197
149 198
149 199
150 151
150 152
150 153
150 154
150 155
150 156
150 158
150 161
150 163
150 164
150 166
150 168
150 175
150 178
150 181
150 182
150 184
150 185
150 188
150 190
150 191
150 192
150 194
150 195
150 197
150 198
151 154
151 155
151 156
151 157
151 161
151 163
151 164
151 165
151 167
151 170
151 171
151 172
151 173
151 174
151 175
151 177
151 178
151 180
151 183
151 184
151 186
151 187
151 191
151 192
151 193
151 194
151 196
151 197
151 198
151 199
152 153
152 154
152 156
152 158
152 159
152 160
152 161
152 163
152 173
152 175
152 177
152 178
152 180
152 182
152 183
152 185
152 186
152 190
152 191
152 194
152 195
152 198
153 154
153 155
153 158
153 159
153 160
153 161
153 164
153 166
153 171
153 172
153 174
153 175
153 176
153 177
153 179
153 181
153 183
153 184
153 186
153 187
153 188
153 189
153 190
153 193
153 195
153 198
153 199
154 155
154 156
154 157
154 160
154 162
154 163
154 166
154 167
154 168
154 169
154 171
154 172
154 173
154 175
154 177
154 182
154 184
154 185
154 186
154 188
154 192
154 194
154 195
154 197
154 198
154 199
155 156
155 157
155 164
155 165
155 166
155 167
155 168
155 170
155 173
155 176
155 177
155 179
155 181
155 182
155 185
155 186
155 187
155 190
155 193
155 198
156 159
156 163
156 164
156 166
156 168
156 169
156 170
156 171
156 172
156 174
156 176
156 177
156 178
156 181
156 183
156 184
156 186
156 188
156 189
156 190
156 192
156 193
156 194
156 195
156 196
156 199
157 158
157 161
157 162
157 164
157 165
157 166
157 167
157 168
157 170
157 171
157 173
157 175
157 176
157 179
157 181
157 182
157 183
157 184
157 185
157 187
157 188
157 189
157 190
157 191
157 193
157 194
157 195
157 196
157 197
157 198
157 199
158 159
158 160
158 161
158 162
158 168
158 169
158 170
158 171
158 172
158 173
158 174
158 175
158 179
158 182
158 184
158 185
158 186
158 188
158 189
158 190
158 192
158 195
158 196
158 199
159 160
159 162
159 164
159 168
159 169
159 171
159 174
159 177
159 178
159 179
159 180
159 182
159 184
159 187
159 188
159 189
159 190
159 191
159 192
159 193
159 194
159 195
159 196
159 197
160 161
160 168
160 169
160 170
160 171
160 173
160 174
160 175
160 177
160 180
160 181
160 184
160 191
160 192
160 196
161 162
161 163
161 164
161 165
161 167
161 168
161 172
161 173
161 174
161 176
161 177
161 178
161 180
161 181
161 182
161 183
161 184
161 185
161 186
161 187
161 188
161 189
161 190
161 191
161 192
161 193
161 194
161 197
161 199
162 163
162 164
162 165
162 166
162 167
162 170
162 171
162 173
162 174
162 178
162 179
162 182
162 184
162 186
162 188
162 190
162 191
162 192
162 194
162 195
163 165
163 166
163 167
163 168
163 169
163 173
163 174
163 175
163 176
163 177
163 178
163 180
163 181
163 183
163 184
163 187
163 189
163 192
163 193
163 195
163 199
164 165
164 167
164 169
164 173
164 175
164 176
164 180
164 183
164 186
164 187
164 188
164 189
164 190
164 193
164 194
164 195
164 196
164 197
164 198
164 199
165 168
165 169
165 170
165 171
165 173
165 174
165 175
165 176
165 181
165 183
165 184
165 185
165 187
165 189
165 191
165 192
165 193
165 194
165 196
165 199
166 169
166 170
166 172
166 173
166 174
166 175
166 176
166 177
166 178
166 180
166 181
166 182
166 187
166 189
166 190
166 192
166 193
167 169
167 170
167 171
167 173
167 176
167 177
167 181
167 182
167 183
167 184
167 186
167 188
167 189
167 191
167 192
167 193
167 194
167 195
167 196
167 197
168 170
168 174
168 175
168 176
168 177
168 178
168 180
168 183
168 185
168 186
168 187
168 188
168 189
168 191
168 192
168 193
168 194
168 195
168 196
168 199
169 170
169 172
169 173
169 174
169 177
169 178
169 179
169 181
169 182
169 183
169 184
169 186
169 188
169 189
169 190
169 191
169 192
169 193
169 194
169 195
169 196
169 198
169 199
170 171
170 174
170 175
170 177
170 179
170 180
170 181
170 183
170 185
170 186
170 188
170 190
170 191
170 192
170 195
170 196
170 197
170 198
170 199
171 172
171 174
171 175
171 177
171 179
171 180
171 181
171 184
171 186
171 187
171 188
171 190
171 191
171 192
171 193
171 194
171 195
171 196
171 197
171 198
171 199
172 173
172 175
172 179
172 180
172 181
172 182
172 183
172 185
172 186
172 188
172 189
172 190
172 191
172 195
172 196
172 197
172 198
172 199
173 174
173 176
173 180
173 181
173 182
173 184
173 186
173 189
173 190
173 194
173 195
173 197
173 198
173 199
174 175
174 176
174 178
174 179
174 180
174 182
174 183
174 184
174 185
174 187
174 192
174 194
174 195
174 196
174 197
174 198
174 199
175 176
175 178
175 179
175 181
175 182
175 183
175 184
175 185
175 186
175 189
175 193
175 194
175 198
175 199
176 177
176 178
176 179
176 180
176 184
176 185
176 188
176 189
176 191
176 192
176 193
176 194
176 199
177 178
177 180
177 181
177 184
177 185
177 186
177 187
177 189
177 192
177 193
177 196
177 197
177 198
177 199
178 181
178 182
178 183
178 185
178 191
178 192
178 194
178 196
178 198
179 182
179 183
179 185
179 186
179 187
179 188
179 189
179 190
179 192
179 193
179 194
179 197
179 198
180 182
180 183
180 184
180 186
180 187
180 190
180 192
180 195
180 196
180 197
180 198
180 199
181 186
181 187
181 188
181 189
181 190
181 193
181 194
181 198
181 199
182 183
182 184
182 185
182 188
182 191
182 192
182 193
182 194
182 195
182 196
182 197
182 199
183 185
183 187
183 188
183 190
183 191
183 193
183 194
183 196
183 197
184 187
184 188
184 189
184 191
184 193
184 195
184 197
184 199
185 187
185 188
185 191
185 192
185 194
185 195
185 196
185 199
186 187
186 188
186 189
186 190
186 192
186 194
186 195
186 196
186 198
186 199
187 188
187 189
187 190
187 191
187 195
187 196
187 198
187 199
188 189
188 191
188 192
188 193
188 194
188 196
188 197
188 199
189 190
189 192
189 193
189 194
189 195
189 196
189 197
189 198
190 192
190 194
190 196
190 197
190 198
191 193
191 195
191 197
191 198
191 199
192 193
192 196
192 197
192 198
192 199
193 194
193 196
193 198
193 199
194 195
194 196
194 198
194 199
195 196
195 197
195 198
196 198
197 199
198 199
133 129 171 3 158 48 27 85 28 77
174 183 120 24 109 87 167 91 118 83
198 180 135 187 17 13 11 184 62 7
10 139 82 153 142 194 25 69 47 54
124 80 43 38 88 72 65 99 149 199
32 70 186 2 15 161 197 189 68 86
125 121 179 107 195 151 36 148 78 144
173 39 35 136 37 191 64 154 134 122
155 76 58 126 41 89 96 9 20 163
60 73 141 51 164 66 131 147 94 14
21 98 168 119 115 8 19 84 116 166
79 172 182 75 113 95 114 178 123 81
177 137 44 55 101 18 128 140 49 185
100 103 188 45 117 176 157 34 150 6
138 196 74 71 192 159 5 143 162 165
108 102 152 1 26 22 50 132 106 59
145 181 31 0 67 63 110 52 146 46
56 156 169 53 40 112 30 175 57 23
12 127 97 61 29 33 93 90 16 190
111 105 193 160 4 92 170 42 104 130
