200
14014
5
10
69
69
44
68
0 1
0 3
0 4
0 5
0 6
0 7
0 8
0 9
0 16
0 17
0 18
0 19
0 20
0 21
0 23
0 27
0 28
0 30
0 31
0 32
0 33
0 34
0 36
0 37
0 38
0 39
0 40
0 41
0 42
0 44
0 45
0 46
0 47
0 48
0 49
0 50
0 51
0 53
0 54
0 55
0 56
0 57
0 59
0 61
0 62
0 64
0 66
0 68
0 71
0 72
0 73
0 75
0 77
0 78
0 79
0 80
0 81
0 82
0 83
0 84
0 85
0 86
0 88
0 90
0 92
0 94
0 96
0 97
0 98
0 99
0 100
0 101
0 102
0 103
0 104
0 105
0 106
0 107
0 108
0 109
0 110
0 111
0 112
0 114
0 115
0 118
0 121
0 122
0 123
0 126
0 127
0 129
0 130
0 132
0 135
0 136
0 138
0 140
0 141
0 143
0 144
0 145
0 146
0 147
0 148
0 154
0 155
0 156
0 158
0 159
0 161
0 162
0 163
0 164
0 165
0 166
0 167
0 168
0 172
0 174
0 175
0 176
0 177
0 178
0 179
0 180
0 181
0 182
0 183
0 188
0 189
0 191
0 195
0 196
0 197
1 2
1 3
1 4
1 5
1 6
1 8
1 9
1 11
1 12
1 14
1 15
1 16
1 17
1 19
1 21
1 23
1 24
1 25
1 26
1 28
1 29
1 30
1 31
1 32
1 34
1 35
1 36
1 39
1 40
1 41
1 42
1 43
1 45
1 46
1 47
1 51
1 52
1 53
1 55
1 56
1 57
1 58
1 60
1 61
1 62
1 64
1 66
1 67
1 68
1 69
1 71
1 74
1 75
1 77
1 78
1 79
1 80
1 81
1 83
1 84
1 85
1 86
1 87
1 88
1 89
1 91
1 92
1 93
1 94
1 95
1 96
1 97
1 99
1 100
1 101
1 102
1 103
1 104
1 105
1 106
1 107
1 108
1 109
1 110
1 111
1 112
1 113
1 114
1 117
1 118
1 121
1 122
1 123
1 124
1 126
1 128
1 132
1 134
1 135
1 139
1 140
1 141
1 142
1 144
1 147
1 148
1 149
1 150
1 151
1 152
1 153
1 154
1 156
1 158
1 159
1 160
1 161
1 162
1 163
1 164
1 165
1 166
1 167
1 168
1 169
1 170
1 171
1 172
1 173
1 175
1 176
1 177
1 179
1 180
1 181
1 182
1 183
1 184
1 185
1 186
1 187
1 189
1 190
1 191
1 192
1 193
1 194
1 195
1 196
1 197
1 198
1 199
2 3
2 4
2 5
2 9
2 10
2 11
2 12
2 14
2 15
2 17
2 18
2 19
2 20
2 22
2 23
2 24
2 26
2 27
2 28
2 29
2 30
2 31
2 33
2 34
2 35
2 36
2 38
2 39
2 41
2 42
2 44
2 45
2 46
2 47
2 48
2 49
2 51
2 52
2 53
2 56
2 58
2 59
2 60
2 61
2 62
2 63
2 65
2 67
2 68
2 69
2 70
2 72
2 73
2 74
2 75
2 76
2 77
2 79
2 80
2 82
2 83
2 84
2 85
2 86
2 87
2 90
2 91
2 92
2 93
2 94
2 96
2 97
2 98
2 99
2 101
2 103
2 104
2 105
2 107
2 108
2 109
2 110
2 111
2 114
2 116
2 117
2 118
2 123
2 125
2 126
2 127
2 128
2 129
2 130
2 131
2 133
2 134
2 136
2 137
2 138
2 139
2 140
2 141
2 142
2 144
2 145
2 146
2 147
2 148
2 151
2 152
2 156
2 157
2 158
2 159
2 161
2 162
2 163
2 164
2 165
2 166
2 167
2 168
2 169
2 170
2 171
2 172
2 173
2 174
2 175
2 176
2 177
2 178
2 179
2 180
2 181
2 182
2 183
2 188
2 189
2 191
2 194
2 195
2 196
2 197
2 198
2 199
3 8
3 9
3 10
3 12
3 13
3 14
3 15
3 17
3 18
3 19
3 20
3 21
3 22
3 23
3 24
3 25
3 26
3 27
3 30
3 31
3 32
3 33
3 34
3 35
3 36
3 38
3 39
3 41
3 43
3 44
3 47
3 48
3 49
3 51
3 52
3 53
3 56
3 57
3 58
3 60
3 62
3 63
3 64
3 65
3 67
3 68
3 69
3 70
3 72
3 73
3 74
3 75
3 76
3 79
3 80
3 81
3 85
3 86
3 89
3 91
3 92
3 93
3 94
3 95
3 96
3 97
3 98
3 99
3 101
3 105
3 108
3 110
3 113
3 114
3 115
3 116
3 119
3 120
3 122
3 123
3 125
3 128
3 129
3 130
3 131
3 135
3 136
3 137
3 139
3 141
3 142
3 143
3 144
3 145
3 146
3 147
3 149
3 150
3 151
3 152
3 155
3 156
3 158
3 159
3 160
3 161
3 162
3 163
3 164
3 165
3 166
3 167
3 168
3 169
3 170
3 172
3 173
3 174
3 176
3 178
3 179
3 180
3 181
3 184
3 185
3 187
3 189
3 190
3 191
3 192
3 193
3 194
3 195
3 196
3 197
3 198
3 199
4 5
4 6
4 8
4 9
4 11
4 12
4 13
4 15
4 16
4 17
4 18
4 19
4 20
4 21
4 22
4 23
4 24
4 25
4 27
4 28
4 29
4 30
4 31
4 33
4 34
4 35
4 36
4 37
4 38
4 39
4 40
4 41
4 42
4 44
4 45
4 47
4 51
4 52
4 53
4 54
4 55
4 57
4 58
4 61
4 62
4 63
4 64
4 65
4 66
4 68
4 69
4 74
4 75
4 76
4 78
4 79
4 80
4 83
4 85
4 86
4 87
4 89
4 90
4 91
4 93
4 94
4 98
4 101
4 102
4 104
4 106
4 109
4 110
4 111
4 112
4 113
4 114
4 115
4 116
4 117
4 118
4 121
4 123
4 124
4 125
4 127
4 128
4 131
4 134
4 135
4 136
4 137
4 138
4 139
4 140
4 142
4 143
4 147
4 148
4 149
4 150
4 153
4 154
4 156
4 158
4 161
4 165
4 167
4 168
4 169
4 170
4 171
4 173
4 174
4 175
4 176
4 177
4 178
4 179
4 180
4 182
4 183
4 184
4 185
4 187
4 188
4 189
4 190
4 191
4 194
4 195
4 197
4 198
4 199
5 8
5 10
5 12
5 13
5 15
5 16
5 17
5 19
5 20
5 21
5 24
5 28
5 29
5 30
5 32
5 33
5 35
5 37
5 38
5 39
5 40
5 41
5 43
5 44
5 45
5 46
5 47
5 49
5 50
5 51
5 52
5 53
5 54
5 55
5 56
5 57
5 58
5 61
5 62
5 63
5 64
5 65
5 67
5 68
5 69
5 70
5 71
5 72
5 74
5 75
5 76
5 77
5 78
5 80
5 82
5 83
5 84
5 85
5 86
5 87
5 88
5 89
5 90
5 93
5 95
5 96
5 97
5 99
5 100
5 101
5 103
5 104
5 105
5 107
5 109
5 110
5 111
5 112
5 113
5 114
5 116
5 117
5 120
5 121
5 122
5 123
5 124
5 125
5 126
5 128
5 129
5 131
5 133
5 134
5 135
5 136
5 137
5 138
5 139
5 140
5 141
5 143
5 145
5 146
5 147
5 148
5 150
5 151
5 153
5 154
5 155
5 156
5 157
5 159
5 160
5 162
5 163
5 164
5 169
5 170
5 172
5 174
5 175
5 176
5 177
5 178
5 179
5 180
5 184
5 185
5 186
5 187
5 188
5 190
5 192
5 195
5 196
5 197
5 198
6 7
6 8
6 9
6 11
6 13
6 15
6 16
6 17
6 18
6 19
6 20
6 21
6 22
6 23
6 25
6 26
6 27
6 28
6 29
6 30
6 31
6 33
6 34
6 35
6 37
6 38
6 40
6 41
6 43
6 44
6 45
6 46
6 47
6 52
6 53
6 54
6 55
6 56
6 58
6 59
6 60
6 61
6 62
6 63
6 64
6 65
6 66
6 68
6 69
6 72
6 73
6 74
6 76
6 78
6 79
6 80
6 82
6 84
6 85
6 86
6 87
6 88
6 89
6 90
6 92
6 93
6 94
6 95
6 97
6 101
6 105
6 107
6 108
6 109
6 110
6 112
6 113
6 114
6 117
6 118
6 119
6 122
6 124
6 127
6 128
6 130
6 131
6 132
6 133
6 134
6 137
6 138
6 139
6 140
6 141
6 142
6 143
6 144
6 145
6 147
6 148
6 149
6 151
6 152
6 153
6 154
6 155
6 157
6 158
6 159
6 160
6 161
6 162
6 163
6 164
6 166
6 167
6 169
6 171
6 174
6 175
6 178
6 179
6 181
6 182
6 183
6 184
6 185
6 186
6 187
6 188
6 189
6 190
6 191
6 192
6 193
6 194
6 195
6 198
6 199
7 9
7 11
7 12
7 13
7 17
7 19
7 20
7 21
7 22
7 23
7 24
7 26
7 27
7 28
7 29
7 30
7 31
7 33
7 34
7 35
7 36
7 37
7 39
7 40
7 42
7 43
7 44
7 45
7 46
7 47
7 49
7 50
7 52
7 53
7 55
7 57
7 58
7 59
7 60
7 61
7 63
7 65
7 66
7 67
7 69
7 73
7 74
7 75
7 76
7 77
7 78
7 79
7 80
7 81
7 82
7 85
7 86
7 87
7 88
7 90
7 91
7 92
7 93
7 94
7 95
7 96
7 97
7 98
7 99
7 101
7 104
7 105
7 106
7 107
7 108
7 111
7 113
7 115
7 116
7 117
7 118
7 119
7 120
7 122
7 123
7 124
7 126
7 132
7 133
7 134
7 135
7 138
7 139
7 142
7 143
7 144
7 145
7 146
7 148
7 149
7 150
7 151
7 152
7 153
7 155
7 156
7 157
7 158
7 159
7 160
7 161
7 162
7 163
7 164
7 166
7 167
7 168
7 169
7 170
7 171
7 172
7 173
7 174
7 175
7 176
7 177
7 179
7 180
7 182
7 184
7 185
7 186
7 187
7 189
7 190
7 191
7 192
7 194
7 195
7 196
7 197
7 198
8 9
8 11
8 12
8 15
8 16
8 18
8 19
8 22
8 25
8 28
8 29
8 31
8 32
8 33
8 34
8 39
8 40
8 41
8 42
8 43
8 44
8 45
8 47
8 48
8 49
8 50
8 51
8 52
8 53
8 55
8 58
8 59
8 63
8 64
8 65
8 67
8 68
8 69
8 70
8 71
8 72
8 73
8 74
8 75
8 76
8 77
8 78
8 79
8 80
8 81
8 83
8 86
8 87
8 89
8 90
8 92
8 93
8 94
8 95
8 98
8 99
8 100
8 101
8 102
8 103
8 104
8 105
8 107
8 109
8 112
8 116
8 118
8 119
8 120
8 121
8 122
8 123
8 125
8 126
8 130
8 132
8 134
8 135
8 136
8 137
8 138
8 139
8 140
8 141
8 142
8 143
8 144
8 145
8 146
8 147
8 149
8 150
8 152
8 154
8 155
8 156
8 158
8 160
8 162
8 163
8 164
8 165
8 166
8 168
8 169
8 172
8 173
8 174
8 175
8 176
8 177
8 180
8 181
8 183
8 184
8 185
8 186
8 187
8 189
8 190
8 191
8 192
8 193
8 194
8 196
8 197
8 198
8 199
9 11
9 12
9 14
9 15
9 17
9 18
9 19
9 22
9 23
9 24
9 26
9 27
9 28
9 29
9 30
9 31
9 33
9 34
9 35
9 36
9 37
9 38
9 41
9 42
9 44
9 45
9 46
9 49
9 50
9 53
9 54
9 55
9 56
9 57
9 58
9 59
9 60
9 62
9 63
9 64
9 65
9 66
9 67
9 68
9 69
9 70
9 71
9 72
9 73
9 74
9 75
9 77
9 79
9 81
9 83
9 84
9 85
9 86
9 87
9 89
9 90
9 91
9 92
9 93
9 94
9 95
9 97
9 98
9 99
9 100
9 101
9 102
9 104
9 105
9 106
9 107
9 108
9 109
9 110
9 112
9 113
9 114
9 115
9 117
9 119
9 121
9 122
9 124
9 126
9 127
9 129
9 130
9 131
9 133
9 134
9 136
9 137
9 138
9 139
9 141
9 142
9 143
9 144
9 145
9 146
9 147
9 148
9 150
9 151
9 152
9 153
9 155
9 157
9 159
9 160
9 161
9 162
9 163
9 164
9 165
9 167
9 171
9 172
9 173
9 177
9 178
9 180
9 181
9 182
9 183
9 184
9 185
9 187
9 188
9 190
9 194
9 196
9 197
9 198
9 199
10 11
10 12
10 14
10 15
10 16
10 17
10 18
10 19
10 20
10 21
10 22
10 25
10 26
10 27
10 28
10 29
10 31
10 33
10 35
10 36
10 37
10 38
10 39
10 42
10 43
10 45
10 46
10 47
10 48
10 49
10 54
10 55
10 56
10 57
10 58
10 60
10 61
10 62
10 64
10 65
10 66
10 67
10 68
10 69
10 70
10 73
10 74
10 76
10 79
10 80
10 81
10 82
10 84
10 87
10 88
10 90
10 91
10 92
10 93
10 94
10 95
10 97
10 98
10 99
10 101
10 102
10 103
10 104
10 105
10 106
10 107
10 108
10 111
10 112
10 113
10 114
10 115
10 116
10 117
10 118
10 119
10 122
10 123
10 125
10 126
10 127
10 128
10 129
10 130
10 131
10 133
10 134
10 135
10 136
10 138
10 139
10 141
10 142
10 144
10 146
10 147
10 151
10 153
10 156
10 160
10 161
10 162
10 165
10 166
10 167
10 168
10 169
10 170
10 171
10 172
10 174
10 175
10 177
10 178
10 179
10 180
10 181
10 183
10 184
10 185
10 186
10 187
10 188
10 189
10 190
10 191
10 192
10 194
10 195
10 196
10 197
10 198
10 199
11 12
11 13
11 14
11 16
11 17
11 18
11 19
11 21
11 23
11 25
11 26
11 28
11 29
11 30
11 31
11 32
11 34
11 35
11 37
11 38
11 40
11 41
11 43
11 44
11 45
11 46
11 47
11 48
11 51
11 52
11 53
11 56
11 57
11 58
11 59
11 60
11 61
11 62
11 63
11 64
11 66
11 67
11 69
11 70
11 71
11 72
11 73
11 75
11 76
11 78
11 79
11 80
11 81
11 82
11 83
11 84
11 85
11 87
11 88
11 89
11 92
11 93
11 94
11 95
11 97
11 98
11 99
11 101
11 102
11 103
11 104
11 105
11 106
11 108
11 109
11 110
11 112
11 113
11 114
11 115
11 117
11 118
11 119
11 120
11 122
11 123
11 124
11 126
11 127
11 130
11 131
11 132
11 133
11 134
11 136
11 137
11 138
11 139
11 140
11 142
11 143
11 144
11 145
11 146
11 147
11 148
11 149
11 150
11 151
11 152
11 154
11 155
11 158
11 159
11 160
11 161
11 163
11 165
11 166
11 168
11 169
11 171
11 172
11 174
11 175
11 176
11 177
11 178
11 180
11 181
11 182
11 183
11 184
11 185
11 186
11 187
11 190
11 191
11 192
11 193
11 194
11 196
11 197
11 198
11 199
12 13
12 16
12 17
12 18
12 19
12 20
12 21
12 22
12 25
12 27
12 28
12 30
12 31
12 33
12 34
12 36
12 37
12 38
12 39
12 40
12 41
12 43
12 44
12 46
12 48
12 49
12 55
12 56
12 58
12 59
12 62
12 64
12 66
12 67
12 68
12 69
12 71
12 72
12 76
12 78
12 80
12 86
12 87
12 88
12 89
12 90
12 91
12 93
12 94
12 95
12 96
12 97
12 99
12 100
12 101
12 102
12 103
12 104
12 105
12 106
12 107
12 108
12 109
12 111
12 112
12 113
12 114
12 116
12 117
12 118
12 120
12 121
12 122
12 123
12 124
12 126
12 127
12 128
12 132
12 133
12 134
12 135
12 137
12 138
12 139
12 140
12 141
12 142
12 143
12 144
12 146
12 147
12 148
12 149
12 150
12 151
12 152
12 153
12 155
12 157
12 160
12 161
12 162
12 163
12 164
12 165
12 166
12 167
12 168
12 169
12 170
12 172
12 173
12 174
12 175
12 176
12 177
12 178
12 179
12 181
12 182
12 183
12 184
12 185
12 187
12 189
12 190
12 191
12 192
12 193
12 194
12 196
12 198
12 199
13 14
13 15
13 17
13 18
13 19
13 22
13 23
13 24
13 25
13 27
13 28
13 30
13 31
13 32
13 33
13 35
13 36
13 38
13 41
13 45
13 46
13 47
13 48
13 50
13 54
13 57
13 58
13 60
13 62
13 63
13 64
13 65
13 67
13 68
13 69
13 71
13 72
13 73
13 74
13 76
13 77
13 78
13 80
13 82
13 83
13 84
13 85
13 86
13 87
13 88
13 89
13 90
13 91
13 93
13 96
13 98
13 99
13 100
13 101
13 102
13 104
13 106
13 109
13 110
13 114
13 115
13 117
13 119
13 120
13 121
13 122
13 124
13 125
13 126
13 127
13 129
13 130
13 131
13 133
13 135
13 136
13 137
13 139
13 141
13 143
13 144
13 145
13 146
13 148
13 149
13 151
13 159
13 161
13 162
13 163
13 164
13 165
13 166
13 168
13 169
13 170
13 172
13 173
13 174
13 175
13 176
13 177
13 178
13 179
13 180
13 182
13 185
13 186
13 187
13 188
13 190
13 192
13 193
13 196
13 197
13 198
14 17
14 18
14 19
14 20
14 21
14 22
14 23
14 25
14 27
14 29
14 30
14 31
14 32
14 33
14 34
14 36
14 37
14 38
14 39
14 40
14 41
14 42
14 43
14 44
14 45
14 46
14 47
14 48
14 51
14 52
14 53
14 55
14 56
14 57
14 58
14 59
14 61
14 63
14 65
14 66
14 67
14 68
14 69
14 70
14 71
14 72
14 73
14 74
14 75
14 76
14 77
14 78
14 79
14 81
14 82
14 83
14 84
14 85
14 86
14 87
14 88
14 91
14 92
14 94
14 96
14 98
14 99
14 101
14 102
14 103
14 104
14 106
14 108
14 109
14 110
14 111
14 112
14 113
14 114
14 116
14 118
14 119
14 120
14 121
14 122
14 123
14 124
14 125
14 127
14 128
14 129
14 130
14 131
14 132
14 133
14 134
14 135
14 137
14 138
14 139
14 141
14 143
14 144
14 145
14 146
14 147
14 148
14 149
14 151
14 154
14 158
14 159
14 161
14 162
14 164
14 165
14 166
14 168
14 169
14 170
14 171
14 172
14 173
14 175
14 176
14 178
14 180
14 183
14 184
14 186
14 187
14 189
14 190
14 191
14 192
14 193
14 195
14 198
14 199
15 17
15 18
15 19
15 21
15 23
15 24
15 26
15 27
15 31
15 32
15 33
15 34
15 36
15 37
15 38
15 40
15 43
15 45
15 47
15 48
15 49
15 50
15 51
15 53
15 54
15 55
15 56
15 57
15 58
15 59
15 61
15 62
15 63
15 64
15 65
15 67
15 68
15 71
15 72
15 73
15 74
15 75
15 76
15 77
15 78
15 79
15 81
15 84
15 86
15 89
15 90
15 92
15 93
15 95
15 97
15 98
15 99
15 100
15 101
15 102
15 103
15 104
15 105
15 106
15 109
15 111
15 112
15 113
15 114
15 116
15 117
15 118
15 121
15 122
15 124
15 125
15 128
15 133
15 141
15 142
15 143
15 144
15 146
15 148
15 150
15 152
15 153
15 154
15 155
15 156
15 157
15 159
15 161
15 163
15 164
15 166
15 167
15 168
15 169
15 170
15 172
15 173
15 174
15 175
15 176
15 177
15 179
15 180
15 181
15 183
15 185
15 186
15 187
15 189
15 193
15 195
15 198
16 17
16 18
16 19
16 21
16 22
16 23
16 24
16 25
16 27
16 28
16 29
16 30
16 31
16 32
16 33
16 35
16 36
16 41
16 42
16 43
16 44
16 45
16 46
16 47
16 48
16 50
16 51
16 52
16 54
16 55
16 56
16 58
16 59
16 60
16 61
16 63
16 64
16 65
16 67
16 68
16 69
16 70
16 71
16 72
16 74
16 77
16 78
16 80
16 83
16 86
16 87
16 88
16 90
16 91
16 92
16 94
16 95
16 98
16 99
16 100
16 104
16 106
16 108
16 109
16 110
16 111
16 112
16 113
16 114
16 115
16 119
16 120
16 121
16 123
16 124
16 125
16 127
16 128
16 132
16 133
16 135
16 136
16 137
16 138
16 140
16 141
16 142
16 143
16 144
16 145
16 146
16 148
16 149
16 150
16 152
16 153
16 154
16 158
16 159
16 160
16 167
16 168
16 169
16 170
16 171
16 173
16 174
16 175
16 177
16 178
16 179
16 182
16 183
16 184
16 185
16 186
16 187
16 188
16 189
16 190
16 191
16 193
16 195
16 197
16 198
17 18
17 19
17 22
17 23
17 24
17 25
17 29
17 31
17 32
17 34
17 35
17 36
17 37
17 38
17 40
17 41
17 43
17 44
17 45
17 48
17 49
17 50
17 51
17 52
17 53
17 54
17 58
17 62
17 64
17 65
17 67
17 68
17 70
17 71
17 76
17 77
17 79
17 80
17 81
17 83
17 85
17 86
17 87
17 89
17 90
17 91
17 92
17 94
17 95
17 96
17 98
17 99
17 101
17 103
17 104
17 105
17 106
17 107
17 108
17 110
17 112
17 115
17 116
17 117
17 118
17 119
17 120
17 121
17 122
17 123
17 124
17 126
17 127
17 129
17 131
17 132
17 135
17 136
17 138
17 139
17 140
17 142
17 144
17 146
17 148
17 149
17 150
17 152
17 155
17 159
17 160
17 161
17 162
17 163
17 165
17 166
17 167
17 168
17 169
17 170
17 171
17 174
17 175
17 176
17 178
17 179
17 180
17 181
17 182
17 183
17 185
17 188
17 189
17 190
17 191
17 192
17 193
17 194
17 196
17 197
17 199
18 21
18 22
18 24
18 25
18 26
18 27
18 28
18 29
18 30
18 31
18 34
18 36
18 37
18 38
18 41
18 42
18 43
18 49
18 50
18 51
18 52
18 54
18 56
18 57
18 58
18 60
18 61
18 62
18 63
18 65
18 66
18 67
18 68
18 69
18 70
18 71
18 72
18 73
18 74
18 75
18 76
18 78
18 81
18 84
18 85
18 86
18 87
18 88
18 89
18 90
18 92
18 95
18 97
18 99
18 102
18 103
18 104
18 105
18 106
18 107
18 108
18 109
18 110
18 111
18 112
18 113
18 114
18 116
18 117
18 118
18 119
18 120
18 121
18 122
18 123
18 125
18 126
18 127
18 128
18 130
18 131
18 132
18 134
18 136
18 138
18 140
18 143
18 145
18 146
18 147
18 148
18 150
18 152
18 153
18 154
18 156
18 157
18 158
18 159
18 161
18 162
18 163
18 166
18 167
18 168
18 170
18 172
18 173
18 174
18 177
18 178
18 181
18 182
18 184
18 185
18 186
18 189
18 190
18 191
18 192
18 194
18 195
18 197
19 22
19 23
19 24
19 25
19 27
19 29
19 31
19 32
19 33
19 36
19 37
19 38
19 40
19 41
19 42
19 43
19 44
19 46
19 47
19 51
19 53
19 54
19 58
19 59
19 61
19 63
19 67
19 68
19 70
19 71
19 72
19 73
19 75
19 76
19 77
19 78
19 79
19 80
19 81
19 83
19 84
19 88
19 89
19 90
19 91
19 92
19 95
19 96
19 97
19 98
19 99
19 100
19 101
19 103
19 105
19 106
19 107
19 108
19 110
19 111
19 112
19 113
19 114
19 116
19 117
19 118
19 119
19 120
19 121
19 122
19 123
19 125
19 126
19 128
19 131
19 132
19 133
19 135
19 136
19 137
19 138
19 142
19 144
19 145
19 146
19 147
19 148
19 149
19 151
19 152
19 153
19 154
19 155
19 156
19 157
19 158
19 159
19 163
19 164
19 165
19 166
19 167
19 169
19 178
19 179
19 180
19 182
19 183
19 185
19 186
19 187
19 193
19 195
19 196
19 197
19 198
20 22
20 23
20 24
20 26
20 28
20 29
20 31
20 32
20 33
20 34
20 35
20 36
20 37
20 38
20 39
20 41
20 42
20 43
20 44
20 46
20 48
20 49
20 50
20 51
20 52
20 53
20 54
20 55
20 57
20 58
20 61
20 62
20 63
20 64
20 65
20 66
20 67
20 68
20 69
20 71
20 73
20 74
20 75
20 76
20 77
20 79
20 80
20 82
20 85
20 86
20 87
20 88
20 89
20 90
20 91
20 92
20 93
20 94
20 98
20 100
20 102
20 103
20 106
20 107
20 108
20 109
20 111
20 113
20 114
20 115
20 116
20 117
20 118
20 119
20 120
20 121
20 122
20 123
20 124
20 125
20 126
20 127
20 128
20 130
20 131
20 132
20 133
20 134
20 136
20 139
20 140
20 141
20 142
20 143
20 144
20 145
20 146
20 147
20 148
20 149
20 150
20 151
20 153
20 154
20 155
20 158
20 160
20 164
20 165
20 166
20 167
20 169
20 171
20 172
20 173
20 175
20 176
20 177
20 178
20 179
20 180
20 183
20 185
20 186
20 188
20 189
20 191
20 193
20 194
20 195
20 196
20 198
20 199
21 22
21 23
21 24
21 25
21 26
21 28
21 29
21 30
21 31
21 33
21 34
21 35
21 36
21 38
21 40
21 42
21 43
21 44
21 46
21 47
21 48
21 49
21 50
21 51
21 52
21 53
21 54
21 56
21 57
21 59
21 60
21 61
21 62
21 63
21 64
21 65
21 67
21 68
21 71
21 73
21 75
21 77
21 78
21 79
21 80
21 82
21 83
21 84
21 86
21 87
21 88
21 90
21 91
21 92
21 93
21 95
21 96
21 97
21 98
21 99
21 100
21 103
21 104
21 105
21 106
21 108
21 109
21 110
21 111
21 113
21 114
21 116
21 117
21 121
21 122
21 124
21 125
21 127
21 128
21 130
21 131
21 132
21 133
21 136
21 138
21 139
21 140
21 142
21 143
21 144
21 145
21 146
21 147
21 148
21 149
21 150
21 151
21 152
21 154
21 155
21 157
21 158
21 159
21 161
21 163
21 165
21 166
21 167
21 168
21 169
21 170
21 171
21 173
21 174
21 175
21 177
21 178
21 179
21 180
21 181
21 183
21 184
21 185
21 186
21 187
21 188
21 189
21 190
21 191
21 192
21 193
21 195
21 196
21 197
21 198
21 199
22 25
22 26
22 27
22 28
22 29
22 30
22 31
22 32
22 34
22 35
22 36
22 37
22 38
22 40
22 42
22 43
22 46
22 47
22 48
22 49
22 50
22 53
22 54
22 57
22 59
22 61
22 63
22 64
22 65
22 70
22 71
22 72
22 73
22 74
22 75
22 76
22 77
22 78
22 79
22 80
22 81
22 82
22 83
22 85
22 86
22 87
22 88
22 89
22 90
22 91
22 92
22 93
22 94
22 98
22 99
22 100
22 101
22 102
22 103
22 104
22 105
22 106
22 110
22 111
22 112
22 113
22 117
22 118
22 119
22 120
22 122
22 125
22 126
22 127
22 128
22 130
22 133
22 134
22 135
22 136
22 137
22 139
22 140
22 141
22 142
22 145
22 149
22 150
22 151
22 153
22 154
22 155
22 156
22 157
22 158
22 160
22 161
22 163
22 164
22 165
22 166
22 168
22 169
22 170
22 171
22 174
22 177
22 178
22 180
22 182
22 188
22 189
22 190
22 191
22 193
22 194
22 195
22 196
22 197
22 198
22 199
23 24
23 25
23 26
23 27
23 28
23 30
23 31
23 32
23 33
23 35
23 36
23 39
23 40
23 42
23 43
23 44
23 45
23 46
23 47
23 48
23 49
23 51
23 52
23 53
23 54
23 55
23 57
23 58
23 60
23 62
23 63
23 64
23 65
23 66
23 67
23 69
23 70
23 71
23 72
23 77
23 80
23 81
23 82
23 83
23 84
23 85
23 87
23 88
23 89
23 90
23 91
23 92
23 93
23 94
23 97
23 98
23 99
23 100
23 101
23 102
23 103
23 104
23 109
23 110
23 111
23 112
23 113
23 115
23 116
23 119
23 120
23 123
23 124
23 126
23 127
23 128
23 131
23 132
23 134
23 135
23 136
23 138
23 139
23 140
23 144
23 145
23 146
23 148
23 149
23 150
23 151
23 153
23 154
23 157
23 158
23 159
23 160
23 161
23 162
23 164
23 166
23 169
23 170
23 171
23 172
23 173
23 174
23 176
23 177
23 178
23 181
23 182
23 184
23 186
23 187
23 188
23 189
23 191
23 192
23 193
23 194
23 195
23 198
23 199
24 25
24 27
24 30
24 31
24 32
24 33
24 35
24 36
24 37
24 38
24 39
24 40
24 42
24 43
24 44
24 45
24 46
24 48
24 49
24 52
24 53
24 54
24 55
24 56
24 58
24 60
24 62
24 63
24 64
24 66
24 69
24 70
24 73
24 74
24 76
24 77
24 78
24 80
24 81
24 84
24 85
24 86
24 88
24 89
24 91
24 92
24 93
24 95
24 96
24 97
24 99
24 100
24 102
24 103
24 104
24 105
24 106
24 107
24 108
24 109
24 110
24 111
24 112
24 113
24 114
24 116
24 117
24 118
24 119
24 122
24 123
24 124
24 126
24 127
24 128
24 130
24 131
24 133
24 134
24 135
24 137
24 138
24 139
24 140
24 142
24 143
24 145
24 148
24 150
24 151
24 153
24 154
24 156
24 157
24 158
24 160
24 161
24 162
24 163
24 165
24 166
24 170
24 172
24 173
24 174
24 175
24 176
24 177
24 178
24 179
24 180
24 181
24 182
24 183
24 184
24 185
24 186
24 189
24 191
24 194
24 195
24 196
24 197
24 199
25 26
25 27
25 28
25 31
25 32
25 34
25 35
25 36
25 37
25 38
25 39
25 40
25 43
25 44
25 45
25 47
25 49
25 51
25 52
25 53
25 54
25 55
25 57
25 60
25 62
25 64
25 65
25 66
25 68
25 69
25 70
25 72
25 73
25 74
25 79
25 80
25 84
25 85
25 86
25 87
25 88
25 89
25 90
25 91
25 92
25 93
25 94
25 95
25 97
25 98
25 99
25 100
25 101
25 102
25 103
25 107
25 108
25 109
25 111
25 112
25 115
25 117
25 119
25 120
25 121
25 123
25 124
25 125
25 126
25 127
25 128
25 130
25 131
25 133
25 134
25 136
25 138
25 139
25 140
25 141
25 142
25 143
25 144
25 148
25 149
25 151
25 154
25 155
25 156
25 157
25 158
25 161
25 162
25 163
25 164
25 165
25 166
25 167
25 168
25 169
25 170
25 171
25 172
25 173
25 174
25 175
25 176
25 177
25 178
25 179
25 182
25 183
25 184
25 185
25 186
25 187
25 190
25 192
25 193
25 195
25 196
25 197
25 199
26 30
26 31
26 35
26 36
26 37
26 38
26 39
26 40
26 41
26 42
26 43
26 44
26 46
26 49
26 50
26 51
26 52
26 53
26 56
26 57
26 59
26 60
26 61
26 62
26 63
26 64
26 65
26 66
26 67
26 68
26 69
26 70
26 73
26 74
26 75
26 76
26 77
26 78
26 79
26 80
26 81
26 83
26 85
26 87
26 88
26 89
26 90
26 91
26 93
26 94
26 95
26 96
26 97
26 98
26 99
26 100
26 101
26 102
26 104
26 106
26 108
26 109
26 110
26 111
26 113
26 114
26 117
26 118
26 119
26 121
26 122
26 124
26 126
26 127
26 128
26 129
26 130
26 133
26 135
26 136
26 137
26 138
26 139
26 140
26 141
26 143
26 144
26 145
26 146
26 147
26 148
26 150
26 152
26 153
26 156
26 159
26 161
26 162
26 163
26 164
26 165
26 166
26 167
26 168
26 169
26 170
26 173
26 174
26 175
26 176
26 177
26 178
26 180
26 182
26 183
26 185
26 186
26 187
26 189
26 190
26 191
26 192
26 193
26 194
26 195
26 196
26 197
26 199
27 28
27 29
27 31
27 33
27 34
27 35
27 36
27 39
27 40
27 41
27 43
27 44
27 45
27 47
27 48
27 50
27 51
27 52
27 53
27 54
27 55
27 56
27 57
27 58
27 59
27 61
27 62
27 64
27 65
27 66
27 67
27 70
27 71
27 72
27 74
27 75
27 76
27 78
27 79
27 80
27 81
27 82
27 83
27 84
27 88
27 89
27 91
27 92
27 93
27 95
27 96
27 97
27 98
27 102
27 103
27 105
27 107
27 108
27 111
27 112
27 115
27 118
27 120
27 121
27 122
27 124
27 126
27 127
27 128
27 129
27 130
27 134
27 135
27 136
27 137
27 140
27 141
27 142
27 143
27 144
27 145
27 146
27 147
27 148
27 149
27 150
27 151
27 152
27 154
27 155
27 156
27 157
27 159
27 160
27 161
27 162
27 164
27 166
27 167
27 168
27 169
27 170
27 172
27 173
27 175
27 176
27 180
27 182
27 186
27 189
27 190
27 191
27 192
27 193
27 195
27 196
27 197
27 198
27 199
28 29
28 31
28 32
28 33
28 34
28 35
28 36
28 37
28 40
28 41
28 43
28 44
28 45
28 46
28 48
28 49
28 50
28 51
28 52
28 53
28 54
28 55
28 57
28 58
28 62
28 63
28 65
28 67
28 68
28 69
28 71
28 74
28 76
28 78
28 79
28 80
28 81
28 82
28 83
28 85
28 86
28 87
28 90
28 92
28 94
28 95
28 96
28 98
28 99
28 100
28 101
28 102
28 103
28 104
28 105
28 106
28 107
28 109
28 110
28 112
28 113
28 114
28 115
28 116
28 117
28 118
28 119
28 121
28 122
28 124
28 125
28 126
28 127
28 128
28 130
28 131
28 132
28 134
28 136
28 137
28 138
28 139
28 141
28 142
28 144
28 146
28 147
28 148
28 149
28 150
28 151
28 152
28 153
28 156
28 158
28 160
28 162
28 164
28 165
28 166
28 167
28 169
28 170
28 171
28 172
28 174
28 175
28 176
28 177
28 179
28 180
28 182
28 184
28 185
28 186
28 187
28 188
28 189
28 190
28 191
28 192
28 193
28 194
28 195
28 196
28 197
28 198
28 199
29 30
29 31
29 32
29 34
29 35
29 37
29 38
29 39
29 40
29 41
29 42
29 43
29 45
29 48
29 49
29 50
29 51
29 53
29 56
29 58
29 60
29 61
29 62
29 63
29 64
29 65
29 66
29 68
29 69
29 71
29 72
29 74
29 78
29 79
29 80
29 81
29 83
29 86
29 87
29 88
29 89
29 91
29 92
29 93
29 97
29 99
29 100
29 101
29 102
29 103
29 104
29 106
29 107
29 108
29 110
29 111
29 112
29 113
29 114
29 116
29 117
29 118
29 119
29 120
29 122
29 123
29 124
29 130
29 134
29 135
29 136
29 137
29 139
29 140
29 141
29 142
29 143
29 144
29 147
29 148
29 150
29 153
29 154
29 159
29 160
29 161
29 165
29 168
29 169
29 170
29 171
29 172
29 173
29 174
29 176
29 178
29 179
29 180
29 181
29 182
29 183
29 184
29 186
29 187
29 188
29 189
29 190
29 192
29 193
29 195
29 198
30 31
30 32
30 33
30 34
30 35
30 36
30 39
30 40
30 41
30 42
30 43
30 44
30 45
30 46
30 47
30 48
30 52
30 53
30 54
30 55
30 56
30 57
30 58
30 59
30 60
30 61
30 62
30 63
30 64
30 66
30 67
30 69
30 72
30 73
30 74
30 75
30 76
30 77
30 79
30 81
30 83
30 84
30 85
30 86
30 87
30 88
30 90
30 91
30 92
30 93
30 94
30 95
30 98
30 99
30 100
30 101
30 103
30 104
30 105
30 107
30 111
30 112
30 113
30 114
30 115
30 116
30 117
30 118
30 120
30 121
30 122
30 123
30 124
30 125
30 126
30 127
30 128
30 129
30 130
30 131
30 132
30 133
30 134
30 135
30 136
30 137
30 138
30 139
30 140
30 142
30 143
30 144
30 146
30 148
30 151
30 152
30 153
30 154
30 157
30 158
30 159
30 161
30 162
30 163
30 165
30 166
30 167
30 169
30 171
30 172
30 176
30 178
30 179
30 181
30 182
30 184
30 185
30 186
30 188
30 189
30 190
30 191
30 192
30 193
30 194
30 195
30 196
30 197
30 198
30 199
31 32
31 33
31 34
31 36
31 37
31 40
31 42
31 43
31 45
31 46
31 47
31 48
31 50
31 51
31 52
31 54
31 55
31 56
31 57
31 58
31 61
31 62
31 65
31 67
31 69
31 70
31 71
31 73
31 74
31 75
31 76
31 79
31 80
31 81
31 83
31 85
31 86
31 87
31 88
31 90
31 91
31 92
31 94
31 98
31 99
31 100
31 101
31 102
31 103
31 104
31 106
31 107
31 108
31 110
31 111
31 112
31 113
31 114
31 115
31 116
31 118
31 119
31 120
31 121
31 122
31 123
31 124
31 126
31 128
31 129
31 131
31 133
31 134
31 135
31 136
31 138
31 139
31 140
31 141
31 142
31 143
31 145
31 149
31 150
31 151
31 152
31 153
31 154
31 156
31 158
31 161
31 162
31 163
31 164
31 165
31 167
31 168
31 170
31 172
31 173
31 175
31 177
31 178
31 180
31 181
31 183
31 184
31 185
31 187
31 190
31 191
31 192
31 194
31 195
31 197
31 199
32 33
32 36
32 37
32 39
32 41
32 42
32 43
32 45
32 46
32 47
32 48
32 49
32 50
32 52
32 54
32 56
32 59
32 61
32 62
32 63
32 66
32 67
32 69
32 70
32 71
32 73
32 75
32 76
32 77
32 78
32 79
32 80
32 82
32 84
32 85
32 86
32 87
32 88
32 89
32 90
32 92
32 93
32 94
32 95
32 97
32 99
32 101
32 102
32 103
32 104
32 105
32 106
32 107
32 108
32 111
32 112
32 113
32 115
32 116
32 117
32 118
32 120
32 121
32 122
32 123
32 124
32 125
32 126
32 129
32 130
32 131
32 132
32 135
32 136
32 137
32 138
32 139
32 144
32 145
32 146
32 149
32 152
32 153
32 155
32 156
32 157
32 160
32 162
32 163
32 164
32 165
32 166
32 167
32 168
32 169
32 170
32 172
32 173
32 174
32 175
32 176
32 177
32 178
32 181
32 182
32 185
32 186
32 188
32 189
32 190
32 192
32 193
32 194
32 195
32 196
32 197
32 198
33 34
33 38
33 39
33 41
33 46
33 47
33 48
33 50
33 51
33 52
33 53
33 54
33 55
33 56
33 57
33 58
33 59
33 60
33 61
33 62
33 63
33 64
33 68
33 69
33 70
33 72
33 73
33 76
33 77
33 78
33 79
33 81
33 82
33 86
33 87
33 88
33 89
33 90
33 91
33 92
33 95
33 96
33 98
33 101
33 102
33 103
33 104
33 105
33 106
33 107
33 108
33 109
33 110
33 111
33 112
33 113
33 114
33 115
33 117
33 118
33 119
33 120
33 121
33 122
33 123
33 124
33 125
33 126
33 127
33 128
33 129
33 132
33 133
33 134
33 135
33 137
33 138
33 139
33 141
33 142
33 144
33 145
33 148
33 149
33 150
33 151
33 152
33 153
33 154
33 155
33 156
33 157
33 159
33 160
33 162
33 163
33 164
33 165
33 167
33 168
33 169
33 171
33 172
33 174
33 175
33 176
33 177
33 179
33 181
33 182
33 183
33 184
33 185
33 186
33 187
33 188
33 191
33 192
33 194
33 195
33 196
33 197
33 198
34 36
34 39
34 43
34 44
34 45
34 47
34 48
34 49
34 50
34 51
34 52
34 54
34 56
34 57
34 61
34 62
34 64
34 65
34 69
34 71
34 72
34 73
34 79
34 81
34 83
34 86
34 87
34 88
34 90
34 91
34 94
34 96
34 97
34 100
34 101
34 102
34 104
34 105
34 107
34 113
34 114
34 116
34 117
34 118
34 121
34 122
34 123
34 125
34 127
34 128
34 130
34 131
34 132
34 134
34 136
34 137
34 138
34 139
34 143
34 144
34 146
34 147
34 151
34 152
34 153
34 154
34 155
34 156
34 158
34 159
34 160
34 162
34 163
34 164
34 165
34 166
34 167
34 168
34 169
34 170
34 171
34 172
34 174
34 176
34 178
34 180
34 184
34 185
34 187
34 188
34 189
34 191
34 193
34 194
34 195
34 196
34 198
34 199
35 36
35 37
35 38
35 42
35 44
35 46
35 47
35 48
35 49
35 53
35 54
35 55
35 56
35 57
35 58
35 59
35 60
35 62
35 63
35 64
35 65
35 66
35 67
35 69
35 70
35 71
35 72
35 74
35 75
35 76
35 77
35 78
35 80
35 82
35 83
35 85
35 86
35 89
35 90
35 95
35 97
35 98
35 101
35 102
35 103
35 104
35 105
35 106
35 107
35 109
35 110
35 111
35 114
35 115
35 117
35 121
35 122
35 123
35 124
35 126
35 128
35 129
35 130
35 134
35 135
35 136
35 139
35 144
35 145
35 146
35 148
35 149
35 150
35 151
35 152
35 153
35 156
35 159
35 160
35 161
35 162
35 164
35 166
35 167
35 169
35 170
35 172
35 173
35 174
35 177
35 178
35 179
35 180
35 182
35 186
35 187
35 190
35 191
35 192
35 193
35 194
35 195
35 197
35 198
35 199
36 37
36 38
36 39
36 40
36 41
36 43
36 44
36 45
36 46
36 48
36 49
36 50
36 51
36 52
36 53
36 54
36 55
36 56
36 57
36 58
36 59
36 62
36 63
36 64
36 65
36 66
36 67
36 68
36 69
36 70
36 71
36 72
36 74
36 75
36 76
36 79
36 84
36 85
36 86
36 88
36 89
36 90
36 91
36 94
36 96
36 99
36 102
36 105
36 106
36 109
36 110
36 111
36 112
36 113
36 114
36 115
36 116
36 117
36 118
36 119
36 120
36 123
36 124
36 125
36 126
36 128
36 129
36 130
36 131
36 132
36 133
36 134
36 135
36 136
36 138
36 140
36 141
36 142
36 144
36 146
36 147
36 150
36 151
36 152
36 154
36 155
36 156
36 157
36 159
36 160
36 161
36 163
36 167
36 169
36 171
36 172
36 174
36 175
36 178
36 179
36 181
36 182
36 183
36 184
36 185
36 187
36 190
36 192
36 193
36 194
36 195
36 198
36 199
37 38
37 39
37 40
37 41
37 42
37 43
37 44
37 45
37 46
37 47
37 49
37 50
37 51
37 52
37 53
37 54
37 55
37 56
37 57
37 59
37 60
37 62
37 63
37 67
37 68
37 69
37 70
37 71
37 72
37 73
37 74
37 75
37 76
37 78
37 79
37 81
37 82
37 83
37 85
37 86
37 87
37 88
37 89
37 90
37 91
37 92
37 93
37 94
37 95
37 96
37 97
37 98
37 99
37 100
37 101
37 102
37 103
37 104
37 105
37 106
37 107
37 108
37 109
37 110
37 111
37 114
37 115
37 116
37 118
37 120
37 121
37 122
37 123
37 126
37 127
37 128
37 132
37 133
37 134
37 135
37 136
37 137
37 138
37 139
37 140
37 141
37 142
37 143
37 144
37 145
37 146
37 147
37 148
37 149
37 151
37 153
37 154
37 157
37 158
37 159
37 160
37 161
37 162
37 163
37 164
37 165
37 167
37 168
37 169
37 170
37 172
37 173
37 174
37 175
37 178
37 179
37 180
37 184
37 186
37 189
37 190
37 194
37 195
37 196
37 198
37 199
38 41
38 42
38 44
38 45
38 46
38 47
38 50
38 51
38 53
38 55
38 56
38 60
38 61
38 62
38 64
38 66
38 67
38 69
38 70
38 71
38 73
38 74
38 78
38 79
38 80
38 82
38 83
38 85
38 86
38 87
38 88
38 89
38 90
38 91
38 92
38 93
38 94
38 95
38 97
38 98
38 99
38 100
38 101
38 102
38 103
38 104
38 107
38 108
38 109
38 110
38 111
38 113
38 114
38 115
38 116
38 117
38 118
38 119
38 120
38 121
38 122
38 123
38 124
38 125
38 126
38 127
38 128
38 129
38 130
38 132
38 133
38 134
38 135
38 136
38 137
38 139
38 140
38 142
38 143
38 144
38 145
38 146
38 147
38 148
38 149
38 151
38 152
38 153
38 156
38 157
38 159
38 160
38 161
38 162
38 163
38 164
38 165
38 166
38 169
38 170
38 171
38 172
38 173
38 174
38 176
38 180
38 181
38 182
38 183
38 184
38 185
38 186
38 187
38 189
38 190
38 191
38 192
38 193
38 194
38 195
38 196
38 197
38 198
38 199
39 40
39 41
39 42
39 44
39 46
39 47
39 49
39 50
39 51
39 52
39 54
39 55
39 56
39 59
39 60
39 63
39 64
39 65
39 67
39 69
39 70
39 71
39 73
39 74
39 75
39 76
39 77
39 78
39 81
39 83
39 84
39 86
39 87
39 89
39 91
39 92
39 93
39 94
39 95
39 96
39 97
39 98
39 99
39 100
39 103
39 104
39 106
39 107
39 108
39 109
39 110
39 112
39 116
39 117
39 118
39 120
39 121
39 122
39 123
39 124
39 126
39 127
39 128
39 131
39 133
39 135
39 137
39 138
39 139
39 140
39 141
39 142
39 144
39 145
39 146
39 148
39 150
39 152
39 154
39 158
39 159
39 160
39 164
39 165
39 166
39 167
39 168
39 169
39 170
39 171
39 172
39 173
39 174
39 175
39 177
39 178
39 179
39 182
39 186
39 189
39 191
39 192
39 193
39 194
39 196
39 197
39 198
40 41
40 43
40 44
40 45
40 46
40 47
40 48
40 49
40 50
40 51
40 52
40 53
40 55
40 56
40 58
40 59
40 61
40 62
40 63
40 64
40 65
40 67
40 68
40 69
40 70
40 71
40 72
40 73
40 75
40 77
40 78
40 79
40 80
40 81
40 82
40 85
40 87
40 89
40 91
40 93
40 94
40 95
40 96
40 98
40 99
40 100
40 101
40 102
40 103
40 104
40 105
40 106
40 108
40 110
40 111
40 112
40 113
40 114
40 115
40 118
40 120
40 121
40 125
40 126
40 127
40 129
40 130
40 131
40 132
40 133
40 135
40 136
40 139
40 140
40 142
40 143
40 144
40 145
40 147
40 148
40 149
40 150
40 152
40 154
40 155
40 157
40 158
40 159
40 160
40 161
40 162
40 163
40 164
40 165
40 166
40 167
40 169
40 170
40 172
40 173
40 175
40 176
40 180
40 182
40 183
40 185
40 186
40 187
40 189
40 190
40 192
40 195
40 196
40 197
40 198
40 199
41 44
41 46
41 47
41 48
41 49
41 50
41 51
41 53
41 54
41 55
41 56
41 57
41 58
41 59
41 60
41 61
41 62
41 63
41 64
41 65
41 66
41 67
41 68
41 69
41 70
41 71
41 73
41 74
41 76
41 77
41 78
41 79
41 80
41 81
41 82
41 83
41 84
41 85
41 87
41 88
41 89
41 90
41 91
41 92
41 95
41 98
41 99
41 100
41 101
41 102
41 103
41 104
41 105
41 106
41 108
41 109
41 110
41 112
41 113
41 114
41 115
41 119
41 120
41 122
41 123
41 124
41 125
41 126
41 127
41 128
41 129
41 130
41 132
41 133
41 134
41 135
41 136
41 137
41 140
41 141
41 145
41 146
41 147
41 151
41 152
41 153
41 155
41 156
41 157
41 158
41 160
41 161
41 162
41 163
41 164
41 165
41 166
41 167
41 168
41 169
41 171
41 172
41 175
41 176
41 177
41 178
41 180
41 182
41 183
41 184
41 185
41 186
41 188
41 189
41 191
41 192
41 193
41 194
41 195
41 199
42 43
42 45
42 51
42 54
42 55
42 57
42 58
42 61
42 63
42 65
42 66
42 67
42 69
42 72
42 73
42 74
42 77
42 78
42 79
42 81
42 82
42 84
42 86
42 88
42 89
42 90
42 91
42 94
42 95
42 96
42 97
42 99
42 101
42 103
42 104
42 105
42 107
42 110
42 113
42 114
42 117
42 118
42 119
42 121
42 122
42 123
42 124
42 125
42 126
42 127
42 130
42 131
42 132
42 133
42 134
42 135
42 136
42 137
42 138
42 139
42 140
42 143
42 145
42 146
42 147
42 148
42 150
42 151
42 152
42 153
42 155
42 156
42 158
42 159
42 160
42 161
42 163
42 164
42 166
42 167
42 168
42 170
42 172
42 173
42 175
42 176
42 177
42 178
42 179
42 181
42 183
42 184
42 185
42 186
42 188
42 189
42 190
42 191
42 193
42 194
42 195
42 196
42 197
42 198
43 45
43 46
43 49
43 51
43 52
43 54
43 56
43 58
43 59
43 61
43 62
43 64
43 67
43 68
43 69
43 70
43 73
43 76
43 77
43 78
43 79
43 80
43 82
43 83
43 85
43 86
43 87
43 89
43 91
43 92
43 93
43 94
43 95
43 99
43 101
43 103
43 104
43 106
43 107
43 109
43 110
43 111
43 113
43 115
43 116
43 121
43 123
43 124
43 125
43 126
43 127
43 128
43 129
43 130
43 132
43 133
43 134
43 135
43 137
43 138
43 139
43 141
43 143
43 144
43 145
43 147
43 149
43 151
43 152
43 153
43 155
43 156
43 157
43 159
43 160
43 161
43 162
43 164
43 165
43 166
43 170
43 171
43 173
43 174
43 176
43 177
43 180
43 181
43 182
43 183
43 184
43 185
43 186
43 187
43 189
43 191
43 192
43 195
43 198
44 46
44 47
44 49
44 50
44 53
44 56
44 58
44 59
44 60
44 63
44 64
44 66
44 67
44 69
44 70
44 71
44 72
44 73
44 75
44 76
44 78
44 79
44 82
44 83
44 84
44 85
44 86
44 87
44 88
44 89
44 90
44 91
44 93
44 94
44 95
44 97
44 98
44 100
44 103
44 104
44 105
44 108
44 109
44 112
44 113
44 114
44 115
44 117
44 119
44 121
44 122
44 123
44 124
44 127
44 128
44 129
44 131
44 134
44 135
44 136
44 137
44 138
44 139
44 140
44 141
44 142
44 143
44 144
44 145
44 146
44 147
44 149
44 150
44 151
44 152
44 153
44 155
44 156
44 157
44 158
44 159
44 160
44 161
44 163
44 164
44 166
44 169
44 174
44 177
44 178
44 179
44 180
44 181
44 182
44 183
44 184
44 186
44 187
44 188
44 194
44 196
44 198
44 199
45 46
45 49
45 50
45 51
45 52
45 53
45 54
45 56
45 58
45 59
45 61
45 62
45 66
45 67
45 68
45 70
45 71
45 72
45 73
45 74
45 76
45 77
45 79
45 80
45 82
45 83
45 84
45 85
45 87
45 88
45 89
45 90
45 91
45 92
45 93
45 94
45 95
45 96
45 97
45 102
45 103
45 104
45 109
45 110
45 111
45 113
45 114
45 117
45 118
45 119
45 120
45 121
45 123
45 124
45 125
45 127
45 128
45 129
45 130
45 136
45 137
45 139
45 140
45 141
45 143
45 146
45 147
45 148
45 151
45 154
45 155
45 157
45 158
45 159
45 160
45 161
45 162
45 164
45 167
45 168
45 170
45 171
45 172
45 173
45 174
45 175
45 176
45 179
45 180
45 181
45 182
45 183
45 184
45 185
45 186
45 187
45 188
45 190
45 192
45 194
45 195
45 196
45 197
45 199
46 47
46 48
46 49
46 50
46 51
46 52
46 54
46 56
46 57
46 58
46 60
46 61
46 62
46 63
46 64
46 65
46 66
46 67
46 70
46 71
46 72
46 73
46 75
46 76
46 78
46 81
46 82
46 83
46 84
46 87
46 88
46 91
46 92
46 94
46 95
46 96
46 97
46 98
46 99
46 100
46 102
46 103
46 104
46 106
46 111
46 114
46 115
46 117
46 119
46 121
46 123
46 124
46 125
46 128
46 129
46 131
46 132
46 134
46 136
46 137
46 139
46 140
46 141
46 142
46 143
46 148
46 149
46 150
46 151
46 152
46 153
46 154
46 155
46 157
46 158
46 159
46 161
46 162
46 163
46 164
46 166
46 167
46 168
46 169
46 172
46 173
46 175
46 176
46 177
46 179
46 180
46 181
46 182
46 183
46 184
46 186
46 188
46 189
46 190
46 191
46 192
46 193
46 194
46 195
46 196
46 197
46 198
46 199
47 50
47 51
47 53
47 56
47 57
47 58
47 59
47 60
47 61
47 62
47 63
47 64
47 65
47 66
47 68
47 69
47 70
47 72
47 73
47 75
47 76
47 77
47 78
47 80
47 81
47 83
47 85
47 90
47 91
47 92
47 93
47 95
47 96
47 98
47 99
47 100
47 101
47 103
47 104
47 106
47 107
47 110
47 111
47 112
47 113
47 114
47 116
47 117
47 118
47 119
47 120
47 122
47 123
47 124
47 125
47 126
47 128
47 131
47 134
47 135
47 137
47 138
47 139
47 140
47 143
47 144
47 145
47 147
47 148
47 149
47 154
47 155
47 156
47 158
47 159
47 161
47 164
47 165
47 166
47 168
47 170
47 173
47 174
47 175
47 176
47 178
47 179
47 180
47 181
47 183
47 184
47 185
47 186
47 188
47 190
47 191
47 192
47 194
47 197
47 198
47 199
48 49
48 50
48 51
48 52
48 53
48 55
48 56
48 58
48 59
48 60
48 62
48 63
48 64
48 67
48 68
48 69
48 70
48 71
48 72
48 74
48 75
48 76
48 79
48 80
48 84
48 85
48 86
48 87
48 88
48 90
48 91
48 92
48 93
48 94
48 95
48 96
48 97
48 98
48 100
48 101
48 102
48 104
48 105
48 106
48 107
48 108
48 109
48 110
48 115
48 116
48 117
48 118
48 119
48 123
48 125
48 126
48 127
48 129
48 131
48 132
48 133
48 136
48 138
48 139
48 140
48 143
48 145
48 147
48 149
48 152
48 153
48 156
48 157
48 158
48 159
48 161
48 164
48 165
48 166
48 167
48 169
48 170
48 171
48 173
48 174
48 175
48 176
48 177
48 178
48 179
48 181
48 182
48 183
48 187
48 188
48 189
48 192
48 193
48 195
48 196
48 198
48 199
49 50
49 53
49 54
49 55
49 56
49 57
49 58
49 59
49 60
49 61
49 64
49 65
49 66
49 67
49 69
49 70
49 71
49 72
49 73
49 74
49 75
49 77
49 78
49 79
49 80
49 81
49 82
49 84
49 86
49 87
49 88
49 90
49 91
49 92
49 93
49 94
49 95
49 96
49 99
49 100
49 101
49 104
49 106
49 107
49 109
49 110
49 113
49 114
49 115
49 116
49 117
49 118
49 119
49 122
49 125
49 127
49 129
49 131
49 132
49 133
49 134
49 135
49 138
49 139
49 141
49 142
49 143
49 144
49 146
49 147
49 148
49 151
49 152
49 153
49 154
49 156
49 157
49 158
49 159
49 160
49 162
49 163
49 164
49 165
49 167
49 168
49 169
49 170
49 171
49 172
49 173
49 174
49 175
49 176
49 177
49 178
49 181
49 182
49 184
49 185
49 186
49 187
49 188
49 189
49 191
49 192
49 196
50 52
50 53
50 55
50 58
50 59
50 60
50 62
50 63
50 64
50 67
50 68
50 71
50 72
50 74
50 76
50 77
50 78
50 80
50 81
50 83
50 84
50 85
50 88
50 91
50 92
50 93
50 94
50 95
50 96
50 97
50 98
50 99
50 100
50 101
50 102
50 103
50 104
50 105
50 106
50 107
50 110
50 112
50 113
50 115
50 116
50 117
50 118
50 119
50 122
50 123
50 124
50 125
50 126
50 128
50 129
50 130
50 131
50 134
50 135
50 136
50 137
50 138
50 139
50 140
50 143
50 144
50 145
50 147
50 148
50 149
50 150
50 156
50 157
50 160
50 163
50 165
50 166
50 167
50 169
50 170
50 171
50 175
50 176
50 177
50 178
50 180
50 184
50 186
50 187
50 188
50 189
50 191
50 192
50 193
50 194
50 195
51 52
51 53
51 54
51 55
51 56
51 57
51 58
51 59
51 60
51 61
51 63
51 64
51 65
51 66
51 69
51 70
51 71
51 72
51 73
51 74
51 75
51 76
51 80
51 81
51 82
51 83
51 84
51 85
51 86
51 87
51 88
51 90
51 91
51 92
51 93
51 94
51 98
51 99
51 101
51 103
51 105
51 106
51 108
51 110
51 111
51 112
51 114
51 115
51 117
51 118
51 120
51 122
51 123
51 125
51 128
51 129
51 130
51 131
51 134
51 135
51 139
51 140
51 141
51 142
51 143
51 145
51 146
51 147
51 148
51 149
51 150
51 151
51 152
51 153
51 155
51 158
51 159
51 160
51 161
51 162
51 163
51 164
51 166
51 167
51 169
51 170
51 173
51 175
51 178
51 181
51 182
51 183
51 185
51 187
51 188
51 189
51 191
51 192
51 194
51 195
51 196
51 198
51 199
52 53
52 54
52 55
52 56
52 57
52 58
52 59
52 60
52 61
52 62
52 63
52 65
52 66
52 69
52 70
52 71
52 73
52 74
52 78
52 79
52 80
52 81
52 82
52 83
52 84
52 86
52 87
52 89
52 90
52 92
52 93
52 94
52 95
52 97
52 99
52 100
52 101
52 102
52 103
52 105
52 106
52 108
52 110
52 111
52 113
52 114
52 115
52 116
52 117
52 120
52 121
52 122
52 125
52 127
52 128
52 129
52 130
52 131
52 132
52 134
52 135
52 138
52 140
52 143
52 145
52 146
52 147
52 148
52 150
52 152
52 153
52 155
52 157
52 158
52 161
52 162
52 163
52 164
52 166
52 167
52 168
52 169
52 170
52 173
52 174
52 177
52 178
52 179
52 180
52 181
52 182
52 183
52 184
52 186
52 187
52 188
52 189
52 190
52 191
52 193
52 194
52 195
52 197
52 198
53 54
53 55
53 56
53 57
53 58
53 59
53 60
53 61
53 62
53 64
53 66
53 67
53 68
53 70
53 71
53 72
53 75
53 77
53 78
53 80
53 81
53 82
53 83
53 85
53 88
53 89
53 90
53 91
53 92
53 93
53 94
53 95
53 96
53 97
53 98
53 101
53 102
53 103
53 104
53 106
53 107
53 109
53 113
53 114
53 115
53 116
53 117
53 119
53 122
53 123
53 124
53 126
53 129
53 130
53 131
53 132
53 134
53 135
53 136
53 137
53 138
53 139
53 140
53 141
53 143
53 144
53 145
53 146
53 147
53 148
53 149
53 150
53 151
53 152
53 153
53 154
53 155
53 156
53 160
53 162
53 163
53 165
53 166
53 168
53 169
53 170
53 171
53 172
53 176
53 177
53 178
53 181
53 182
53 183
53 185
53 187
53 188
53 189
53 190
53 191
53 192
53 193
53 194
53 196
53 198
53 199
54 55
54 56
54 57
54 59
54 60
54 63
54 65
54 66
54 67
54 68
54 69
54 71
54 72
54 73
54 75
54 78
54 79
54 82
54 83
54 84
54 86
54 88
54 89
54 90
54 91
54 93
54 94
54 96
54 99
54 101
54 102
54 104
54 105
54 106
54 108
54 110
54 111
54 112
54 113
54 114
54 115
54 117
54 118
54 119
54 120
54 122
54 123
54 126
54 127
54 129
54 130
54 131
54 133
54 134
54 135
54 136
54 138
54 139
54 140
54 142
54 144
54 145
54 146
54 147
54 148
54 149
54 150
54 152
54 154
54 155
54 157
54 158
54 159
54 162
54 163
54 164
54 165
54 166
54 167
54 168
54 170
54 171
54 173
54 174
54 175
54 176
54 177
54 179
54 180
54 181
54 182
54 184
54 186
54 187
54 188
54 190
54 193
54 195
54 196
54 197
54 198
54 199
55 56
55 57
55 58
55 59
55 61
55 62
55 64
55 65
55 67
55 68
55 69
55 70
55 71
55 72
55 74
55 76
55 77
55 78
55 79
55 80
55 81
55 82
55 83
55 84
55 85
55 86
55 88
55 90
55 93
55 96
55 98
55 99
55 101
55 102
55 103
55 106
55 108
55 109
55 110
55 111
55 114
55 115
55 116
55 118
55 121
55 122
55 123
55 124
55 125
55 126
55 128
55 129
55 130
55 134
55 139
55 141
55 142
55 144
55 145
55 146
55 147
55 148
55 149
55 150
55 151
55 152
55 153
55 154
55 155
55 156
55 157
55 158
55 162
55 163
55 164
55 165
55 166
55 168
55 169
55 170
55 171
55 172
55 174
55 175
55 177
55 179
55 180
55 181
55 182
55 183
55 186
55 187
55 188
55 189
55 190
55 191
55 192
55 193
55 194
55 195
55 196
55 197
55 198
56 57
56 59
56 60
56 62
56 64
56 66
56 68
56 69
56 70
56 71
56 72
56 73
56 78
56 82
56 83
56 84
56 85
56 86
56 88
56 89
56 90
56 92
56 94
56 96
56 97
56 98
56 102
56 108
56 110
56 111
56 112
56 113
56 114
56 115
56 116
56 118
56 119
56 120
56 121
56 122
56 123
56 124
56 125
56 126
56 128
56 129
56 131
56 134
56 135
56 137
56 139
56 141
56 142
56 143
56 145
56 146
56 148
56 149
56 150
56 151
56 152
56 155
56 156
56 157
56 158
56 160
56 161
56 162
56 163
56 164
56 165
56 166
56 167
56 170
56 172
56 175
56 177
56 178
56 179
56 180
56 182
56 183
56 184
56 185
56 186
56 187
56 189
56 191
56 192
56 193
56 194
56 195
56 196
56 199
57 58
57 59
57 61
57 62
57 63
57 64
57 66
57 68
57 69
57 72
57 73
57 74
57 75
57 77
57 79
57 80
57 81
57 82
57 85
57 86
57 87
57 88
57 91
57 93
57 94
57 95
57 97
57 98
57 99
57 100
57 101
57 102
57 103
57 104
57 106
57 107
57 108
57 109
57 110
57 112
57 113
57 114
57 115
57 116
57 118
57 119
57 120
57 123
57 124
57 125
57 126
57 127
57 129
57 130
57 131
57 132
57 133
57 134
57 135
57 136
57 137
57 139
57 140
57 141
57 142
57 143
57 144
57 145
57 146
57 147
57 149
57 150
57 152
57 155
57 156
57 157
57 158
57 159
57 161
57 165
57 166
57 167
57 168
57 170
57 171
57 175
57 176
57 177
57 179
57 181
57 182
57 183
57 185
57 186
57 187
57 188
57 189
57 191
57 192
57 197
57 198
57 199
58 60
58 61
58 63
58 64
58 65
58 70
58 71
58 72
58 73
58 75
58 76
58 79
58 81
58 82
58 83
58 84
58 85
58 86
58 87
58 88
58 89
58 90
58 91
58 92
58 93
58 94
58 96
58 97
58 98
58 99
58 102
58 103
58 104
58 105
58 108
58 109
58 112
58 114
58 117
58 118
58 120
58 121
58 122
58 123
58 124
58 125
58 126
58 129
58 130
58 131
58 134
58 135
58 136
58 137
58 138
58 139
58 140
58 141
58 142
58 146
58 148
58 149
58 152
58 153
58 154
58 155
58 156
58 158
58 159
58 160
58 161
58 162
58 163
58 164
58 165
58 167
58 168
58 169
58 171
58 172
58 173
58 174
58 177
58 178
58 179
58 180
58 182
58 184
58 185
58 187
58 189
58 190
58 191
58 193
58 194
58 195
58 196
58 197
58 198
58 199
59 60
59 64
59 65
59 66
59 68
59 72
59 73
59 75
59 76
59 77
59 78
59 79
59 80
59 81
59 82
59 83
59 84
59 85
59 86
59 89
59 90
59 91
59 92
59 94
59 95
59 96
59 97
59 98
59 100
59 102
59 103
59 104
59 105
59 106
59 107
59 108
59 110
59 111
59 112
59 113
59 115
59 118
59 119
59 120
59 121
59 122
59 123
59 124
59 125
59 127
59 129
59 130
59 131
59 132
59 134
59 135
59 136
59 137
59 138
59 139
59 140
59 141
59 144
59 145
59 147
59 149
59 153
59 154
59 157
59 159
59 160
59 161
59 164
59 166
59 167
59 169
59 170
59 172
59 173
59 177
59 178
59 179
59 181
59 184
59 185
59 188
59 189
59 190
59 191
59 192
59 193
59 194
59 197
59 199
60 61
60 62
60 63
60 64
60 65
60 66
60 68
60 70
60 71
60 72
60 73
60 74
60 75
60 77
60 79
60 80
60 81
60 85
60 88
60 89
60 90
60 93
60 94
60 95
60 98
60 99
60 100
60 101
60 103
60 105
60 106
60 107
60 108
60 109
60 110
60 111
60 112
60 113
60 114
60 115
60 116
60 118
60 119
60 120
60 121
60 123
60 124
60 125
60 126
60 127
60 128
60 129
60 131
60 135
60 136
60 137
60 138
60 139
60 140
60 141
60 142
60 143
60 144
60 146
60 147
60 148
60 149
60 151
60 152
60 153
60 154
60 156
60 158
60 160
60 161
60 164
60 165
60 166
60 167
60 168
60 169
60 170
60 171
60 172
60 173
60 176
60 177
60 179
60 181
60 183
60 185
60 189
60 190
60 191
60 192
60 195
60 196
60 197
61 62
61 63
61 64
61 65
61 66
61 70
61 71
61 72
61 74
61 76
61 77
61 78
61 81
61 82
61 83
61 84
61 85
61 87
61 88
61 89
61 90
61 91
61 92
61 93
61 95
61 96
61 98
61 100
61 101
61 102
61 103
61 105
61 107
61 109
61 110
61 111
61 112
61 113
61 114
61 117
61 119
61 120
61 121
61 122
61 125
61 126
61 127
61 128
61 129
61 130
61 131
61 132
61 133
61 134
61 136
61 137
61 138
61 139
61 141
61 142
61 143
61 144
61 147
61 148
61 150
61 151
61 152
61 153
61 154
61 155
61 156
61 158
61 160
61 162
61 163
61 164
61 166
61 170
61 171
61 173
61 175
61 176
61 177
61 178
61 179
61 180
61 181
61 182
61 184
61 186
61 187
61 189
61 190
61 192
61 193
61 196
62 63
62 65
62 66
62 69
62 70
62 71
62 75
62 79
62 82
62 83
62 84
62 85
62 87
62 88
62 89
62 90
62 91
62 92
62 93
62 94
62 96
62 97
62 98
62 99
62 100
62 101
62 105
62 106
62 108
62 109
62 110
62 111
62 112
62 113
62 114
62 115
62 116
62 117
62 120
62 125
62 126
62 127
62 128
62 129
62 130
62 131
62 132
62 133
62 134
62 135
62 136
62 138
62 140
62 141
62 142
62 143
62 144
62 145
62 147
62 150
62 151
62 152
62 154
62 155
62 157
62 160
62 161
62 162
62 163
62 164
62 165
62 166
62 169
62 170
62 171
62 172
62 174
62 175
62 177
62 178
62 180
62 181
62 182
62 183
62 184
62 186
62 187
62 188
62 189
62 191
62 193
62 194
62 197
62 198
62 199
63 66
63 67
63 68
63 70
63 72
63 73
63 74
63 75
63 76
63 78
63 80
63 82
63 83
63 84
63 88
63 89
63 91
63 92
63 93
63 94
63 97
63 98
63 99
63 100
63 102
63 103
63 105
63 106
63 108
63 110
63 111
63 113
63 114
63 117
63 119
63 122
63 123
63 124
63 125
63 126
63 127
63 128
63 130
63 131
63 132
63 135
63 136
63 137
63 138
63 139
63 140
63 141
63 144
63 147
63 149
63 151
63 152
63 153
63 154
63 156
63 159
63 160
63 161
63 162
63 163
63 164
63 165
63 166
63 168
63 169
63 173
63 174
63 175
63 177
63 178
63 180
63 181
63 182
63 183
63 185
63 186
63 188
63 190
63 191
63 192
63 194
63 195
63 196
63 197
63 198
63 199
64 66
64 67
64 68
64 69
64 71
64 72
64 74
64 75
64 76
64 77
64 78
64 79
64 81
64 83
64 85
64 87
64 89
64 92
64 94
64 95
64 96
64 97
64 98
64 100
64 101
64 102
64 104
64 108
64 109
64 110
64 111
64 113
64 114
64 116
64 117
64 118
64 119
64 120
64 123
64 124
64 125
64 126
64 127
64 128
64 129
64 132
64 133
64 134
64 135
64 136
64 138
64 140
64 141
64 142
64 143
64 144
64 145
64 147
64 148
64 149
64 150
64 151
64 152
64 153
64 154
64 155
64 156
64 157
64 158
64 159
64 162
64 163
64 164
64 165
64 166
64 167
64 170
64 172
64 174
64 175
64 176
64 177
64 178
64 179
64 180
64 181
64 182
64 183
64 184
64 187
64 189
64 192
64 193
64 196
64 197
64 198
64 199
65 66
65 68
65 69
65 70
65 71
65 72
65 73
65 76
65 77
65 79
65 80
65 82
65 83
65 84
65 85
65 86
65 87
65 91
65 93
65 95
65 96
65 97
65 101
65 102
65 105
65 106
65 107
65 108
65 111
65 112
65 114
65 115
65 116
65 120
65 122
65 123
65 124
65 125
65 126
65 127
65 128
65 129
65 130
65 131
65 132
65 133
65 135
65 138
65 140
65 146
65 148
65 149
65 150
65 151
65 153
65 154
65 155
65 156
65 157
65 159
65 160
65 161
65 162
65 168
65 169
65 170
65 171
65 172
65 173
65 174
65 178
65 179
65 180
65 181
65 182
65 183
65 185
65 187
65 188
65 189
65 190
65 192
65 193
65 194
65 196
65 199
66 67
66 68
66 69
66 71
66 72
66 73
66 74
66 75
66 77
66 78
66 79
66 80
66 81
66 82
66 83
66 84
66 86
66 87
66 89
66 92
66 93
66 94
66 97
66 99
66 100
66 102
66 103
66 104
66 105
66 106
66 107
66 109
66 110
66 111
66 112
66 113
66 114
66 116
66 117
66 118
66 119
66 122
66 123
66 124
66 125
66 127
66 128
66 131
66 132
66 134
66 137
66 141
66 142
66 143
66 144
66 145
66 146
66 147
66 149
66 150
66 152
66 153
66 155
66 156
66 159
66 162
66 163
66 164
66 165
66 166
66 167
66 168
66 169
66 170
66 171
66 172
66 173
66 174
66 176
66 177
66 178
66 179
66 180
66 182
66 183
66 184
66 185
66 186
66 187
66 188
66 189
66 190
66 191
66 192
66 193
66 195
66 196
66 197
67 68
67 69
67 70
67 71
67 74
67 76
67 78
67 79
67 81
67 82
67 84
67 85
67 87
67 88
67 89
67 90
67 91
67 92
67 93
67 94
67 95
67 99
67 100
67 102
67 103
67 106
67 107
67 109
67 110
67 111
67 112
67 114
67 115
67 116
67 117
67 118
67 119
67 120
67 121
67 123
67 124
67 125
67 126
67 127
67 129
67 130
67 136
67 137
67 138
67 141
67 143
67 144
67 145
67 148
67 149
67 150
67 153
67 155
67 156
67 157
67 158
67 159
67 160
67 161
67 162
67 163
67 164
67 165
67 166
67 167
67 169
67 170
67 171
67 173
67 174
67 176
67 177
67 178
67 179
67 180
67 181
67 182
67 183
67 184
67 185
67 186
67 188
67 190
67 191
67 192
67 195
67 196
67 197
67 199
68 69
68 70
68 71
68 72
68 73
68 74
68 75
68 78
68 82
68 83
68 85
68 86
68 88
68 89
68 91
68 92
68 94
68 96
68 97
68 98
68 99
68 100
68 101
68 102
68 103
68 104
68 105
68 107
68 108
68 109
68 110
68 111
68 114
68 115
68 116
68 117
68 118
68 119
68 120
68 121
68 122
68 123
68 124
68 127
68 128
68 130
68 131
68 132
68 133
68 134
68 135
68 139
68 140
68 143
68 144
68 145
68 147
68 148
68 150
68 151
68 152
68 153
68 154
68 155
68 156
68 157
68 161
68 162
68 163
68 165
68 166
68 167
68 168
68 170
68 171
68 172
68 173
68 174
68 175
68 177
68 178
68 179
68 180
68 182
68 184
68 187
68 188
68 189
68 191
68 192
68 193
68 194
68 195
68 196
68 198
69 70
69 71
69 72
69 73
69 74
69 75
69 76
69 79
69 80
69 81
69 84
69 85
69 86
69 87
69 88
69 90
69 91
69 93
69 95
69 98
69 99
69 100
69 101
69 103
69 104
69 106
69 107
69 108
69 109
69 110
69 111
69 113
69 114
69 115
69 116
69 118
69 119
69 120
69 121
69 122
69 124
69 126
69 127
69 128
69 129
69 130
69 131
69 132
69 133
69 134
69 136
69 137
69 138
69 139
69 140
69 141
69 142
69 143
69 145
69 146
69 147
69 149
69 150
69 153
69 154
69 155
69 156
69 157
69 158
69 159
69 161
69 162
69 164
69 165
69 168
69 170
69 171
69 172
69 173
69 174
69 176
69 177
69 178
69 179
69 181
69 182
69 186
69 187
69 188
69 189
69 191
69 194
69 195
69 196
69 197
69 198
69 199
70 71
70 72
70 74
70 75
70 76
70 77
70 78
70 80
70 81
70 82
70 84
70 85
70 86
70 87
70 88
70 90
70 91
70 92
70 93
70 94
70 96
70 98
70 99
70 100
70 101
70 102
70 103
70 105
70 106
70 107
70 109
70 111
70 112
70 113
70 114
70 116
70 117
70 118
70 119
70 120
70 122
70 123
70 124
70 126
70 127
70 128
70 129
70 131
70 133
70 135
70 139
70 140
70 141
70 142
70 144
70 145
70 146
70 148
70 149
70 150
70 152
70 153
70 155
70 156
70 157
70 158
70 160
70 162
70 163
70 164
70 165
70 166
70 168
70 169
70 172
70 173
70 174
70 175
70 176
70 177
70 178
70 179
70 181
70 183
70 184
70 185
70 187
70 188
70 189
70 190
70 192
70 193
70 196
70 197
70 198
70 199
71 72
71 73
71 74
71 75
71 76
71 77
71 80
71 81
71 82
71 83
71 84
71 85
71 86
71 89
71 91
71 92
71 94
71 96
71 97
71 98
71 99
71 101
71 102
71 103
71 104
71 105
71 107
71 108
71 110
71 111
71 112
71 114
71 116
71 118
71 120
71 121
71 123
71 124
71 126
71 127
71 128
71 129
71 130
71 131
71 132
71 133
71 135
71 137
71 138
71 139
71 141
71 142
71 143
71 145
71 147
71 148
71 150
71 151
71 152
71 156
71 160
71 161
71 162
71 163
71 165
71 168
71 169
71 170
71 171
71 172
71 173
71 174
71 176
71 177
71 178
71 179
71 180
71 181
71 182
71 183
71 184
71 187
71 190
71 192
71 193
71 194
71 195
71 197
71 199
72 73
72 74
72 75
72 76
72 77
72 78
72 79
72 80
72 81
72 83
72 84
72 85
72 87
72 89
72 90
72 91
72 93
72 95
72 96
72 101
72 102
72 103
72 104
72 105
72 106
72 110
72 111
72 113
72 114
72 117
72 118
72 119
72 120
72 121
72 122
72 123
72 124
72 125
72 127
72 130
72 131
72 132
72 133
72 134
72 136
72 137
72 138
72 140
72 141
72 142
72 143
72 144
72 147
72 148
72 149
72 150
72 152
72 153
72 154
72 155
72 156
72 158
72 159
72 160
72 161
72 164
72 167
72 169
72 170
72 171
72 172
72 173
72 174
72 175
72 177
72 180
72 181
72 183
72 185
72 186
72 187
72 188
72 189
72 190
72 192
72 194
72 195
72 198
73 74
73 75
73 77
73 78
73 79
73 81
73 82
73 83
73 86
73 90
73 91
73 92
73 94
73 98
73 99
73 100
73 101
73 102
73 103
73 106
73 107
73 108
73 109
73 110
73 111
73 112
73 113
73 115
73 116
73 117
73 118
73 119
73 120
73 121
73 123
73 125
73 127
73 128
73 129
73 130
73 131
73 132
73 134
73 135
73 136
73 137
73 140
73 141
73 142
73 143
73 144
73 145
73 146
73 147
73 149
73 152
73 153
73 154
73 155
73 157
73 158
73 159
73 160
73 161
73 163
73 164
73 165
73 167
73 170
73 171
73 172
73 175
73 178
73 179
73 180
73 183
73 184
73 185
73 187
73 188
73 189
73 190
73 193
73 194
73 195
73 198
73 199
74 78
74 80
74 82
74 83
74 85
74 86
74 87
74 88
74 89
74 90
74 91
74 94
74 95
74 96
74 98
74 104
74 105
74 108
74 109
74 111
74 112
74 114
74 115
74 116
74 119
74 120
74 121
74 122
74 124
74 125
74 128
74 132
74 133
74 134
74 136
74 139
74 140
74 141
74 142
74 143
74 144
74 145
74 146
74 147
74 148
74 149
74 152
74 153
74 155
74 156
74 157
74 158
74 159
74 160
74 161
74 168
74 169
74 170
74 171
74 173
74 174
74 177
74 178
74 179
74 181
74 182
74 183
74 184
74 185
74 186
74 188
74 190
74 191
74 192
74 194
74 195
74 198
75 76
75 77
75 79
75 81
75 82
75 83
75 84
75 85
75 87
75 89
75 91
75 92
75 93
75 95
75 97
75 100
75 101
75 104
75 106
75 107
75 108
75 109
75 110
75 111
75 112
75 113
75 114
75 115
75 117
75 119
75 120
75 121
75 124
75 126
75 127
75 128
75 129
75 131
75 135
75 136
75 137
75 138
75 139
75 140
75 141
75 142
75 143
75 144
75 145
75 146
75 149
75 150
75 152
75 154
75 155
75 156
75 157
75 158
75 160
75 161
75 162
75 164
75 165
75 166
75 168
75 169
75 170
75 171
75 172
75 173
75 175
75 176
75 177
75 180
75 182
75 184
75 185
75 187
75 188
75 189
75 192
75 193
75 195
75 199
76 77
76 78
76 80
76 81
76 82
76 83
76 85
76 86
76 87
76 89
76 90
76 91
76 92
76 93
76 94
76 96
76 97
76 98
76 99
76 101
76 102
76 103
76 106
76 107
76 109
76 110
76 111
76 112
76 114
76 115
76 118
76 120
76 121
76 123
76 124
76 127
76 128
76 129
76 130
76 131
76 132
76 133
76 137
76 138
76 140
76 141
76 142
76 144
76 146
76 147
76 148
76 152
76 153
76 154
76 159
76 162
76 163
76 164
76 167
76 171
76 173
76 175
76 176
76 178
76 179
76 181
76 182
76 185
76 186
76 188
76 189
76 190
76 191
76 192
76 193
76 194
76 196
76 198
76 199
77 78
77 79
77 80
77 81
77 84
77 85
77 86
77 87
77 88
77 89
77 90
77 91
77 92
77 95
77 96
77 97
77 98
77 99
77 100
77 103
77 104
77 105
77 106
77 107
77 108
77 109
77 110
77 112
77 114
77 115
77 117
77 118
77 119
77 121
77 122
77 123
77 124
77 126
77 127
77 128
77 131
77 133
77 134
77 135
77 136
77 138
77 139
77 140
77 141
77 142
77 144
77 145
77 146
77 147
77 149
77 150
77 151
77 152
77 153
77 154
77 156
77 158
77 160
77 161
77 163
77 164
77 165
77 167
77 170
77 171
77 173
77 174
77 175
77 178
77 181
77 183
77 184
77 185
77 186
77 187
77 190
77 191
77 193
77 194
77 195
77 196
77 197
77 198
78 80
78 81
78 82
78 83
78 85
78 87
78 89
78 91
78 92
78 93
78 94
78 95
78 96
78 99
78 101
78 102
78 104
78 105
78 106
78 108
78 109
78 110
78 111
78 114
78 115
78 116
78 117
78 118
78 119
78 120
78 122
78 123
78 124
78 126
78 127
78 128
78 130
78 131
78 134
78 135
78 136
78 139
78 141
78 142
78 145
78 146
78 147
78 149
78 151
78 152
78 153
78 156
78 157
78 158
78 160
78 161
78 162
78 164
78 167
78 168
78 169
78 170
78 171
78 172
78 175
78 176
78 178
78 179
78 184
78 185
78 186
78 187
78 188
78 189
78 190
78 194
78 195
78 197
78 199
79 80
79 81
79 82
79 83
79 85
79 86
79 89
79 90
79 91
79 93
79 95
79 96
79 97
79 99
79 100
79 101
79 102
79 104
79 105
79 107
79 108
79 109
79 110
79 111
79 112
79 113
79 114
79 116
79 117
79 118
79 120
79 122
79 123
79 125
79 127
79 128
79 130
79 131
79 132
79 133
79 134
79 135
79 138
79 139
79 140
79 141
79 142
79 143
79 144
79 145
79 146
79 147
79 148
79 149
79 150
79 151
79 152
79 153
79 154
79 155
79 156
79 157
79 158
79 159
79 160
79 161
79 162
79 163
79 164
79 165
79 167
79 168
79 171
79 172
79 173
79 177
79 178
79 179
79 181
79 182
79 184
79 185
79 187
79 188
79 189
79 190
79 191
79 192
79 194
79 196
79 197
79 199
80 81
80 82
80 85
80 87
80 88
80 90
80 92
80 93
80 96
80 98
80 99
80 101
80 102
80 103
80 104
80 107
80 108
80 109
80 110
80 112
80 113
80 114
80 115
80 116
80 118
80 119
80 121
80 123
80 124
80 125
80 127
80 128
80 129
80 130
80 132
80 133
80 134
80 136
80 137
80 139
80 140
80 141
80 142
80 144
80 145
80 146
80 147
80 148
80 149
80 150
80 153
80 154
80 155
80 157
80 158
80 159
80 160
80 161
80 162
80 163
80 164
80 167
80 168
80 170
80 173
80 174
80 175
80 177
80 180
80 181
80 182
80 183
80 185
80 186
80 187
80 188
80 189
80 190
80 191
80 192
80 195
80 196
80 197
80 199
81 83
81 84
81 85
81 86
81 87
81 89
81 91
81 93
81 95
81 96
81 98
81 99
81 100
81 101
81 102
81 104
81 107
81 108
81 110
81 111
81 114
81 115
81 116
81 117
81 118
81 119
81 120
81 121
81 123
81 124
81 125
81 126
81 128
81 129
81 130
81 131
81 132
81 134
81 135
81 136
81 137
81 138
81 139
81 140
81 142
81 143
81 146
81 147
81 149
81 150
81 151
81 153
81 154
81 155
81 156
81 158
81 159
81 161
81 162
81 163
81 165
81 166
81 167
81 168
81 169
81 170
81 173
81 174
81 175
81 176
81 177
81 178
81 179
81 180
81 181
81 182
81 183
81 184
81 185
81 186
81 188
81 191
81 192
81 193
81 194
81 195
81 197
81 198
81 199
82 83
82 84
82 85
82 86
82 87
82 88
82 89
82 90
82 92
82 94
82 95
82 96
82 97
82 100
82 101
82 103
82 104
82 105
82 106
82 107
82 108
82 109
82 110
82 112
82 113
82 114
82 115
82 116
82 117
82 119
82 122
82 124
82 125
82 128
82 130
82 131
82 133
82 134
82 137
82 139
82 141
82 143
82 146
82 147
82 148
82 149
82 150
82 151
82 152
82 153
82 154
82 155
82 157
82 158
82 160
82 161
82 162
82 163
82 164
82 167
82 168
82 169
82 170
82 171
82 173
82 174
82 178
82 181
82 182
82 184
82 185
82 186
82 187
82 189
82 190
82 194
82 195
82 198
82 199
83 84
83 88
83 89
83 90
83 91
83 92
83 93
83 94
83 95
83 96
83 98
83 99
83 100
83 101
83 103
83 105
83 106
83 107
83 108
83 109
83 110
83 111
83 112
83 114
83 115
83 117
83 118
83 119
83 120
83 121
83 122
83 123
83 125
83 126
83 127
83 128
83 129
83 131
83 132
83 133
83 135
83 136
83 137
83 138
83 141
83 142
83 144
83 145
83 146
83 148
83 150
83 151
83 152
83 153
83 155
83 156
83 157
83 158
83 159
83 161
83 162
83 163
83 164
83 165
83 169
83 171
83 172
83 173
83 175
83 176
83 180
83 181
83 183
83 185
83 186
83 188
83 189
83 190
83 192
83 193
83 196
83 197
83 198
83 199
84 85
84 88
84 89
84 90
84 91
84 92
84 93
84 95
84 96
84 98
84 99
84 101
84 103
84 104
84 105
84 106
84 107
84 109
84 110
84 112
84 113
84 114
84 115
84 116
84 118
84 119
84 121
84 122
84 124
84 126
84 127
84 128
84 130
84 131
84 132
84 133
84 134
84 136
84 137
84 139
84 141
84 142
84 144
84 145
84 146
84 150
84 152
84 153
84 154
84 155
84 156
84 159
84 160
84 162
84 163
84 165
84 166
84 167
84 169
84 170
84 171
84 172
84 175
84 176
84 177
84 178
84 179
84 180
84 181
84 183
84 184
84 187
84 188
84 189
84 190
84 192
84 193
84 194
84 195
84 197
84 199
85 86
85 87
85 88
85 89
85 90
85 92
85 93
85 95
85 96
85 97
85 98
85 99
85 100
85 101
85 103
85 104
85 105
85 106
85 107
85 109
85 110
85 111
85 112
85 114
85 115
85 116
85 118
85 119
85 123
85 126
85 127
85 128
85 130
85 133
85 134
85 138
85 142
85 146
85 147
85 149
85 150
85 151
85 152
85 153
85 154
85 155
85 156
85 157
85 158
85 159
85 160
85 161
85 164
85 165
85 166
85 169
85 171
85 172
85 173
85 174
85 175
85 176
85 177
85 179
85 180
85 182
85 184
85 186
85 187
85 188
85 191
85 192
85 193
85 194
85 196
85 197
85 198
86 87
86 88
86 89
86 90
86 91
86 92
86 94
86 95
86 96
86 97
86 100
86 101
86 102
86 103
86 106
86 109
86 110
86 111
86 112
86 113
86 114
86 115
86 116
86 117
86 118
86 119
86 120
86 121
86 123
86 127
86 128
86 129
86 130
86 131
86 132
86 133
86 134
86 136
86 137
86 138
86 139
86 140
86 141
86 142
86 143
86 144
86 145
86 146
86 148
86 149
86 151
86 154
86 156
86 157
86 159
86 160
86 162
86 163
86 164
86 165
86 168
86 169
86 171
86 172
86 177
86 178
86 182
86 184
86 185
86 186
86 187
86 188
86 189
86 191
86 192
86 194
86 195
86 196
86 197
86 198
86 199
87 88
87 89
87 90
87 91
87 92
87 93
87 94
87 95
87 97
87 98
87 99
87 100
87 101
87 104
87 105
87 106
87 108
87 111
87 112
87 113
87 114
87 115
87 116
87 117
87 118
87 119
87 120
87 121
87 122
87 124
87 125
87 127
87 128
87 129
87 130
87 132
87 134
87 136
87 137
87 138
87 139
87 141
87 142
87 143
87 144
87 145
87 146
87 147
87 148
87 150
87 151
87 153
87 155
87 157
87 159
87 160
87 161
87 163
87 165
87 166
87 169
87 170
87 171
87 174
87 179
87 181
87 182
87 183
87 184
87 186
87 187
87 188
87 190
87 191
87 192
87 193
87 194
87 195
87 196
87 199
88 89
88 91
88 94
88 95
88 96
88 97
88 98
88 99
88 100
88 101
88 102
88 103
88 104
88 106
88 108
88 110
88 111
88 113
88 114
88 115
88 116
88 117
88 118
88 119
88 120
88 121
88 122
88 123
88 124
88 125
88 126
88 128
88 129
88 130
88 133
88 134
88 135
88 136
88 137
88 138
88 140
88 141
88 142
88 147
88 148
88 149
88 150
88 151
88 152
88 153
88 155
88 157
88 158
88 159
88 161
88 162
88 163
88 165
88 166
88 167
88 168
88 169
88 170
88 171
88 172
88 174
88 175
88 176
88 179
88 180
88 182
88 183
88 185
88 187
88 188
88 189
88 191
88 192
88 195
88 196
88 197
88 198
89 91
89 92
89 93
89 95
89 96
89 98
89 102
89 103
89 104
89 105
89 110
89 111
89 112
89 114
89 116
89 117
89 118
89 119
89 120
89 121
89 122
89 123
89 125
89 128
89 129
89 130
89 132
89 134
89 135
89 136
89 137
89 138
89 139
89 140
89 141
89 142
89 143
89 144
89 145
89 146
89 148
89 149
89 150
89 151
89 152
89 153
89 154
89 155
89 157
89 158
89 160
89 161
89 162
89 163
89 164
89 165
89 166
89 167
89 170
89 171
89 173
89 174
89 175
89 176
89 177
89 178
89 179
89 181
89 183
89 185
89 187
89 189
89 190
89 192
89 194
89 197
89 198
89 199
90 91
90 92
90 93
90 94
90 95
90 99
90 100
90 101
90 102
90 106
90 107
90 108
90 110
90 111
90 113
90 114
90 115
90 116
90 117
90 118
90 119
90 120
90 121
90 122
90 123
90 124
90 125
90 127
90 129
90 130
90 132
90 135
90 136
90 137
90 138
90 140
90 141
90 143
90 144
90 145
90 146
90 147
90 148
90 149
90 151
90 155
90 157
90 158
90 159
90 160
90 161
90 162
90 163
90 164
90 165
90 166
90 168
90 170
90 171
90 173
90 174
90 175
90 176
90 177
90 178
90 179
90 181
90 183
90 189
90 190
90 191
90 193
90 194
90 196
90 197
90 198
90 199
91 93
91 94
91 95
91 96
91 97
91 98
91 99
91 100
91 102
91 103
91 104
91 106
91 108
91 109
91 110
91 112
91 113
91 114
91 115
91 116
91 120
91 121
91 122
91 124
91 125
91 126
91 127
91 129
91 130
91 134
91 135
91 137
91 138
91 139
91 140
91 141
91 142
91 143
91 146
91 147
91 148
91 149
91 150
91 151
91 155
91 156
91 157
91 158
91 159
91 160
91 162
91 163
91 164
91 165
91 166
91 167
91 169
91 170
91 171
91 174
91 175
91 177
91 178
91 180
91 182
91 185
91 186
91 189
91 190
91 192
91 193
91 194
91 195
91 196
91 197
91 198
91 199
92 94
92 95
92 98
92 100
92 102
92 103
92 104
92 106
92 107
92 108
92 109
92 110
92 111
92 112
92 113
92 114
92 115
92 116
92 117
92 120
92 123
92 124
92 125
92 126
92 127
92 130
92 131
92 132
92 133
92 134
92 135
92 136
92 137
92 138
92 139
92 140
92 142
92 143
92 144
92 145
92 147
92 148
92 149
92 150
92 152
92 153
92 154
92 155
92 156
92 157
92 159
92 160
92 161
92 162
92 163
92 164
92 165
92 166
92 167
92 168
92 169
92 173
92 174
92 175
92 177
92 178
92 179
92 181
92 182
92 183
92 184
92 185
92 186
92 187
92 189
92 190
92 191
92 193
92 194
92 197
92 198
92 199
93 94
93 96
93 97
93 101
93 102
93 103
93 105
93 106
93 107
93 112
93 113
93 114
93 115
93 117
93 118
93 119
93 120
93 121
93 122
93 123
93 124
93 126
93 127
93 128
93 129
93 130
93 131
93 132
93 133
93 134
93 135
93 136
93 137
93 138
93 139
93 140
93 141
93 142
93 143
93 145
93 147
93 149
93 150
93 153
93 154
93 155
93 156
93 157
93 158
93 160
93 161
93 163
93 164
93 165
93 166
93 167
93 169
93 170
93 171
93 172
93 174
93 175
93 177
93 178
93 179
93 181
93 182
93 184
93 185
93 186
93 187
93 188
93 189
93 190
93 191
93 192
93 194
93 195
93 197
93 198
93 199
94 95
94 96
94 97
94 98
94 99
94 100
94 101
94 104
94 106
94 108
94 109
94 110
94 112
94 113
94 114
94 116
94 119
94 120
94 122
94 126
94 127
94 128
94 129
94 130
94 131
94 134
94 135
94 137
94 138
94 141
94 142
94 145
94 149
94 150
94 151
94 152
94 153
94 155
94 159
94 160
94 161
94 165
94 167
94 170
94 171
94 173
94 174
94 176
94 177
94 178
94 180
94 181
94 182
94 183
94 184
94 186
94 187
94 189
94 191
94 192
94 194
94 195
94 197
94 198
94 199
95 97
95 98
95 99
95 100
95 101
95 102
95 103
95 104
95 106
95 107
95 109
95 110
95 111
95 114
95 115
95 117
95 118
95 119
95 120
95 121
95 123
95 124
95 125
95 126
95 129
95 130
95 132
95 133
95 134
95 135
95 136
95 137
95 138
95 139
95 141
95 142
95 143
95 145
95 146
95 147
95 149
95 150
95 152
95 154
95 157
95 160
95 161
95 163
95 165
95 166
95 167
95 168
95 169
95 170
95 171
95 172
95 174
95 175
95 176
95 177
95 179
95 180
95 181
95 182
95 184
95 185
95 186
95 188
95 190
95 191
95 195
95 196
95 197
96 97
96 98
96 99
96 100
96 101
96 103
96 104
96 105
96 106
96 107
96 112
96 113
96 114
96 115
96 117
96 119
96 120
96 121
96 122
96 124
96 125
96 126
96 128
96 129
96 130
96 131
96 132
96 133
96 135
96 136
96 137
96 138
96 140
96 143
96 145
96 147
96 148
96 149
96 150
96 151
96 154
96 156
96 157
96 158
96 159
96 161
96 163
96 165
96 166
96 168
96 169
96 172
96 173
96 174
96 178
96 179
96 180
96 182
96 183
96 184
96 186
96 187
96 188
96 189
96 190
96 192
96 194
96 197
97 98
97 99
97 100
97 101
97 102
97 103
97 105
97 106
97 107
97 109
97 110
97 117
97 118
97 121
97 122
97 124
97 125
97 126
97 127
97 128
97 129
97 130
97 132
97 133
97 134
97 135
97 136
97 137
97 139
97 140
97 141
97 143
97 144
97 145
97 146
97 147
97 148
97 149
97 150
97 152
97 153
97 154
97 155
97 157
97 158
97 159
97 160
97 161
97 162
97 163
97 164
97 165
97 166
97 167
97 168
97 169
97 170
97 171
97 172
97 173
97 174
97 175
97 176
97 177
97 179
97 180
97 181
97 183
97 184
97 185
97 187
97 188
97 189
97 190
97 192
97 193
97 195
97 196
97 199
98 99
98 100
98 101
98 103
98 104
98 108
98 111
98 112
98 114
98 115
98 117
98 118
98 119
98 120
98 121
98 122
98 124
98 126
98 127
98 129
98 130
98 131
98 132
98 134
98 135
98 139
98 140
98 143
98 144
98 145
98 146
98 147
98 149
98 151
98 152
98 153
98 154
98 155
98 157
98 158
98 159
98 161
98 162
98 163
98 164
98 165
98 168
98 169
98 171
98 172
98 174
98 175
98 176
98 177
98 178
98 181
98 182
98 183
98 185
98 186
98 189
98 190
98 193
98 194
98 197
98 198
99 101
99 103
99 104
99 106
99 107
99 109
99 111
99 112
99 114
99 116
99 118
99 119
99 120
99 121
99 123
99 125
99 127
99 128
99 131
99 132
99 133
99 137
99 138
99 139
99 141
99 142
99 144
99 145
99 146
99 147
99 148
99 150
99 151
99 152
99 155
99 157
99 158
99 160
99 163
99 164
99 165
99 166
99 167
99 170
99 172
99 173
99 174
99 175
99 177
99 179
99 180
99 181
99 182
99 186
99 188
99 189
99 190
99 191
99 192
99 193
99 194
99 195
99 196
99 198
100 102
100 104
100 105
100 106
100 107
100 108
100 110
100 111
100 112
100 113
100 115
100 116
100 117
100 118
100 119
100 120
100 122
100 123
100 125
100 126
100 127
100 128
100 129
100 131
100 132
100 134
100 135
100 136
100 139
100 140
100 141
100 142
100 145
100 146
100 147
100 149
100 150
100 151
100 153
100 154
100 155
100 156
100 157
100 158
100 159
100 161
100 162
100 163
100 164
100 165
100 166
100 167
100 168
100 169
100 170
100 171
100 172
100 176
100 177
100 178
100 179
100 181
100 182
100 183
100 184
100 185
100 186
100 187
100 188
100 189
100 190
100 192
100 193
100 194
100 195
101 102
101 104
101 105
101 106
101 107
101 108
101 110
101 111
101 113
101 115
101 116
101 117
101 118
101 120
101 121
101 122
101 123
101 125
101 126
101 127
101 128
101 129
101 130
101 131
101 132
101 134
101 135
101 136
101 138
101 139
101 142
101 143
101 144
101 145
101 146
101 148
101 149
101 152
101 153
101 154
101 159
101 160
101 162
101 163
101 164
101 165
101 166
101 167
101 168
101 169
101 171
101 172
101 175
101 176
101 179
101 180
101 181
101 182
101 183
101 184
101 185
101 186
101 187
101 190
101 191
101 192
101 194
101 195
101 197
101 198
101 199
102 103
102 104
102 105
102 107
102 108
102 110
102 111
102 112
102 113
102 114
102 115
102 116
102 117
102 118
102 121
102 122
102 124
102 125
102 127
102 128
102 129
102 130
102 132
102 134
102 135
102 136
102 137
102 138
102 140
102 141
102 145
102 146
102 147
102 148
102 149
102 150
102 151
102 152
102 155
102 156
102 157
102 158
102 159
102 160
102 161
102 162
102 163
102 165
102 168
102 169
102 170
102 171
102 172
102 174
102 175
102 176
102 178
102 179
102 180
102 181
102 182
102 183
102 184
102 185
102 187
102 188
102 189
102 190
102 191
102 194
102 195
102 198
102 199
103 104
103 105
103 106
103 107
103 108
103 110
103 112
103 114
103 115
103 116
103 117
103 118
103 119
103 120
103 121
103 122
103 125
103 126
103 127
103 128
103 129
103 130
103 131
103 132
103 133
103 134
103 136
103 137
103 138
103 139
103 142
103 143
103 144
103 146
103 147
103 148
103 149
103 150
103 153
103 154
103 155
103 157
103 159
103 160
103 164
103 165
103 167
103 168
103 169
103 170
103 173
103 174
103 175
103 178
103 179
103 181
103 182
103 183
103 184
103 185
103 187
103 189
103 191
103 192
103 193
103 194
103 195
103 196
103 198
104 105
104 106
104 107
104 110
104 112
104 113
104 114
104 117
104 118
104 119
104 120
104 122
104 123
104 124
104 126
104 127
104 128
104 130
104 133
104 137
104 139
104 140
104 141
104 142
104 143
104 145
104 146
104 147
104 148
104 149
104 150
104 151
104 155
104 156
104 157
104 158
104 159
104 160
104 161
104 162
104 163
104 164
104 165
104 166
104 167
104 169
104 170
104 172
104 173
104 175
104 176
104 177
104 178
104 179
104 181
104 182
104 184
104 185
104 186
104 190
104 191
104 192
104 193
104 194
104 195
104 196
104 199
105 106
105 107
105 109
105 111
105 112
105 115
105 117
105 118
105 120
105 122
105 123
105 124
105 125
105 126
105 127
105 130
105 132
105 133
105 134
105 135
105 137
105 138
105 140
105 141
105 143
105 144
105 145
105 146
105 150
105 151
105 153
105 155
105 156
105 157
105 159
105 160
105 162
105 163
105 164
105 167
105 168
105 169
105 171
105 172
105 173
105 174
105 176
105 177
105 178
105 179
105 181
105 183
105 184
105 185
105 186
105 187
105 188
105 189
105 190
105 191
105 192
105 193
105 194
105 195
105 196
105 197
105 198
105 199
106 107
106 108
106 111
106 112
106 113
106 115
106 116
106 117
106 118
106 119
106 120
106 121
106 122
106 124
106 126
106 127
106 128
106 129
106 130
106 131
106 132
106 133
106 134
106 138
106 139
106 142
106 143
106 144
106 145
106 146
106 147
106 148
106 149
106 150
106 151
106 152
106 153
106 154
106 155
106 156
106 157
106 159
106 160
106 161
106 162
106 163
106 165
106 166
106 167
106 170
106 171
106 172
106 173
106 174
106 175
106 176
106 177
106 178
106 179
106 183
106 186
106 189
106 190
106 191
106 193
106 194
106 195
106 196
106 197
106 198
107 109
107 111
107 113
107 115
107 116
107 117
107 118
107 119
107 120
107 121
107 122
107 123
107 128
107 129
107 130
107 131
107 132
107 133
107 135
107 136
107 137
107 138
107 139
107 141
107 142
107 143
107 144
107 145
107 146
107 147
107 148
107 149
107 150
107 152
107 153
107 154
107 155
107 156
107 157
107 158
107 159
107 160
107 161
107 162
107 163
107 164
107 165
107 167
107 168
107 171
107 172
107 173
107 174
107 175
107 176
107 178
107 179
107 180
107 181
107 182
107 184
107 186
107 187
107 188
107 190
107 191
107 193
107 195
107 196
107 198
108 109
108 111
108 112
108 113
108 114
108 116
108 117
108 120
108 121
108 122
108 124
108 125
108 126
108 127
108 128
108 129
108 130
108 132
108 133
108 134
108 135
108 136
108 140
108 141
108 142
108 143
108 144
108 145
108 148
108 149
108 150
108 153
108 154
108 155
108 157
108 159
108 160
108 161
108 163
108 164
108 165
108 166
108 168
108 169
108 170
108 171
108 172
108 173
108 174
108 175
108 176
108 178
108 180
108 181
108 182
108 183
108 185
108 186
108 188
108 190
108 192
108 193
108 194
108 195
108 196
108 197
108 199
109 110
109 111
109 113
109 115
109 116
109 117
109 119
109 120
109 121
109 124
109 125
109 126
109 128
109 129
109 130
109 131
109 132
109 133
109 135
109 136
109 137
109 138
109 141
109 142
109 144
109 146
109 147
109 149
109 150
109 153
109 155
109 156
109 157
109 158
109 159
109 161
109 162
109 163
109 164
109 166
109 169
109 170
109 171
109 173
109 175
109 176
109 177
109 178
109 179
109 181
109 184
109 186
109 189
109 191
109 194
109 195
109 196
109 197
109 199
110 111
110 112
110 115
110 117
110 119
110 120
110 121
110 122
110 123
110 125
110 126
110 127
110 130
110 131
110 132
110 133
110 137
110 139
110 140
110 141
110 142
110 143
110 144
110 145
110 146
110 147
110 149
110 150
110 152
110 153
110 157
110 158
110 159
110 160
110 161
110 162
110 163
110 164
110 165
110 166
110 168
110 175
110 176
110 177
110 178
110 179
110 180
110 181
110 182
110 183
110 186
110 187
110 189
110 190
110 193
110 194
110 195
110 196
110 197
110 199
111 113
111 114
111 115
111 116
111 117
111 118
111 119
111 122
111 123
111 125
111 126
111 127
111 129
111 130
111 131
111 132
111 135
111 136
111 138
111 139
111 140
111 141
111 142
111 143
111 145
111 146
111 148
111 149
111 152
111 153
111 157
111 158
111 160
111 161
111 162
111 164
111 165
111 166
111 170
111 171
111 172
111 173
111 174
111 175
111 177
111 180
111 181
111 182
111 183
111 187
111 188
111 189
111 190
111 192
111 193
111 194
111 196
111 198
112 113
112 114
112 116
112 117
112 120
112 121
112 123
112 124
112 127
112 128
112 130
112 131
112 132
112 133
112 135
112 136
112 137
112 138
112 139
112 140
112 144
112 145
112 146
112 147
112 148
112 149
112 151
112 152
112 153
112 154
112 155
112 156
112 157
112 158
112 159
112 161
112 162
112 163
112 164
112 165
112 166
112 167
112 168
112 169
112 171
112 172
112 173
112 174
112 175
112 176
112 177
112 178
112 180
112 181
112 182
112 183
112 184
112 185
112 186
112 188
112 189
112 190
112 191
112 192
112 193
112 194
112 195
112 196
112 197
112 198
112 199
113 114
113 115
113 116
113 117
113 118
113 119
113 121
113 123
113 125
113 126
113 127
113 128
113 129
113 130
113 131
113 132
113 133
113 135
113 137
113 138
113 139
113 141
113 144
113 145
113 146
113 147
113 148
113 150
113 151
113 152
113 155
113 160
113 163
113 165
113 167
113 169
113 171
113 172
113 173
113 174
113 175
113 176
113 177
113 178
113 179
113 181
113 182
113 183
113 184
113 186
113 187
113 188
113 190
113 191
113 192
113 193
113 195
113 196
113 198
114 115
114 117
114 118
114 119
114 120
114 124
114 126
114 128
114 129
114 130
114 131
114 132
114 134
114 135
114 136
114 137
114 138
114 139
114 140
114 144
114 146
114 147
114 148
114 149
114 150
114 151
114 153
114 154
114 157
114 158
114 159
114 160
114 162
114 163
114 164
114 166
114 167
114 170
114 174
114 175
114 176
114 177
114 178
114 180
114 182
114 183
114 184
114 185
114 189
114 190
114 192
114 194
114 196
114 197
114 198
114 199
115 119
115 121
115 123
115 125
115 127
115 130
115 131
115 132
115 133
115 135
115 136
115 137
115 138
115 140
115 141
115 142
115 144
115 145
115 147
115 148
115 150
115 151
115 152
115 153
115 156
115 157
115 158
115 159
115 160
115 161
115 162
115 164
115 165
115 166
115 168
115 169
115 170
115 171
115 172
115 173
115 174
115 175
115 176
115 179
115 182
115 184
115 185
115 186
115 187
115 189
115 190
115 191
115 192
115 193
115 194
115 195
115 196
115 197
115 199
116 118
116 119
116 120
116 122
116 123
116 124
116 126
116 127
116 128
116 129
116 130
116 131
116 132
116 133
116 134
116 138
116 139
116 140
116 141
116 142
116 145
116 146
116 147
116 148
116 149
116 151
116 152
116 153
116 155
116 156
116 157
116 158
116 159
116 160
116 161
116 162
116 164
116 168
116 169
116 170
116 173
116 174
116 176
116 177
116 178
116 179
116 180
116 182
116 183
116 184
116 185
116 186
116 188
116 189
116 190
116 191
116 193
116 194
116 195
116 196
116 197
117 118
117 119
117 120
117 121
117 123
117 124
117 125
117 126
117 127
117 128
117 129
117 130
117 131
117 133
117 135
117 136
117 137
117 140
117 142
117 143
117 144
117 145
117 146
117 149
117 150
117 151
117 152
117 153
117 154
117 155
117 158
117 161
117 163
117 165
117 167
117 168
117 170
117 171
117 173
117 174
117 175
117 177
117 178
117 179
117 180
117 181
117 182
117 183
117 184
117 185
117 186
117 187
117 188
117 190
117 191
117 192
117 195
117 196
117 197
117 198
117 199
118 119
118 120
118 121
118 122
118 123
118 124
118 125
118 126
118 127
118 128
118 129
118 131
118 132
118 134
118 135
118 136
118 137
118 138
118 139
118 140
118 141
118 142
118 143
118 144
118 145
118 146
118 148
118 149
118 151
118 152
118 153
118 154
118 155
118 157
118 159
118 160
118 161
118 162
118 164
118 165
118 166
118 170
118 171
118 172
118 173
118 175
118 176
118 177
118 178
118 180
118 181
118 182
118 183
118 186
118 188
118 189
118 190
118 194
118 195
118 197
118 198
119 121
119 122
119 123
119 124
119 126
119 129
119 130
119 131
119 133
119 134
119 135
119 136
119 137
119 138
119 139
119 140
119 142
119 144
119 145
119 146
119 147
119 148
119 149
119 150
119 151
119 152
119 154
119 158
119 159
119 160
119 161
119 163
119 164
119 165
119 167
119 168
119 169
119 170
119 171
119 172
119 173
119 174
119 177
119 178
119 180
119 181
119 183
119 184
119 185
119 189
119 190
119 191
119 193
119 194
119 195
119 197
119 198
120 123
120 125
120 126
120 127
120 130
120 133
120 134
120 135
120 136
120 137
120 138
120 142
120 143
120 145
120 147
120 150
120 153
120 154
120 157
120 158
120 159
120 160
120 161
120 162
120 163
120 164
120 166
120 167
120 168
120 170
120 172
120 173
120 174
120 175
120 176
120 177
120 178
120 179
120 180
120 181
120 183
120 185
120 186
120 187
120 188
120 189
120 191
120 192
120 194
120 195
120 196
120 197
120 199
121 122
121 124
121 126
121 128
121 129
121 130
121 132
121 135
121 137
121 138
121 140
121 141
121 143
121 144
121 145
121 146
121 147
121 150
121 151
121 152
121 153
121 156
121 157
121 158
121 159
121 161
121 162
121 163
121 165
121 166
121 167
121 168
121 169
121 170
121 171
121 172
121 173
121 174
121 176
121 181
121 183
121 185
121 187
121 188
121 189
121 191
121 192
121 193
121 194
121 197
121 198
122 123
122 124
122 126
122 127
122 129
122 130
122 131
122 134
122 135
122 136
122 138
122 140
122 142
122 145
122 146
122 147
122 148
122 149
122 150
122 152
122 154
122 155
122 157
122 158
122 159
122 160
122 162
122 163
122 165
122 167
122 168
122 169
122 170
122 171
122 172
122 173
122 174
122 175
122 176
122 179
122 183
122 184
122 185
122 186
122 187
122 189
122 191
122 192
122 193
122 194
122 195
122 196
122 197
122 198
123 124
123 125
123 126
123 128
123 129
123 130
123 131
123 133
123 134
123 135
123 136
123 137
123 138
123 139
123 140
123 141
123 142
123 143
123 144
123 145
123 147
123 148
123 149
123 150
123 151
123 152
123 153
123 154
123 155
123 156
123 157
123 159
123 161
123 163
123 165
123 166
123 167
123 168
123 169
123 173
123 174
123 175
123 176
123 177
123 178
123 179
123 180
123 181
123 182
123 183
123 184
123 185
123 186
123 187
123 188
123 189
123 190
123 191
123 193
123 194
123 195
123 196
123 197
123 199
124 126
124 127
124 128
124 129
124 130
124 131
124 132
124 133
124 134
124 138
124 139
124 140
124 141
124 143
124 144
124 145
124 146
124 148
124 149
124 150
124 151
124 152
124 154
124 155
124 156
124 158
124 159
124 160
124 162
124 163
124 164
124 168
124 169
124 170
124 171
124 172
124 175
124 176
124 177
124 179
124 180
124 182
124 183
124 185
124 186
124 189
124 190
124 192
124 193
124 194
124 195
124 196
124 197
124 198
124 199
125 126
125 127
125 129
125 131
125 132
125 134
125 135
125 136
125 137
125 138
125 139
125 140
125 141
125 142
125 144
125 145
125 146
125 147
125 148
125 149
125 151
125 152
125 156
125 157
125 158
125 159
125 161
125 162
125 163
125 164
125 165
125 166
125 167
125 168
125 170
125 171
125 172
125 173
125 174
125 175
125 176
125 177
125 178
125 179
125 180
125 181
125 182
125 183
125 184
125 187
125 189
125 190
125 191
125 193
125 195
125 196
125 197
125 198
126 128
126 129
126 130
126 131
126 132
126 134
126 135
126 136
126 138
126 140
126 142
126 146
126 148
126 149
126 150
126 153
126 155
126 156
126 157
126 160
126 161
126 162
126 163
126 164
126 166
126 168
126 171
126 173
126 175
126 176
126 177
126 179
126 180
126 181
126 182
126 183
126 184
126 185
126 186
126 190
126 191
126 192
126 194
126 195
126 196
126 197
126 199
127 128
127 129
127 130
127 133
127 134
127 136
127 137
127 138
127 139
127 140
127 143
127 146
127 147
127 149
127 150
127 151
127 152
127 154
127 155
127 157
127 158
127 159
127 161
127 162
127 163
127 164
127 167
127 168
127 169
127 170
127 172
127 174
127 175
127 176
127 177
127 178
127 179
127 182
127 183
127 184
127 185
127 186
127 189
127 190
127 191
127 192
127 193
127 194
127 195
127 196
127 197
127 199
128 129
128 130
128 131
128 133
128 134
128 135
128 137
128 138
128 139
128 140
128 143
128 144
128 145
128 146
128 148
128 150
128 153
128 155
128 156
128 157
128 158
128 159
128 161
128 163
128 164
128 165
128 166
128 167
128 168
128 169
128 170
128 172
128 173
128 175
128 176
128 177
128 178
128 179
128 180
128 182
128 183
128 186
128 187
128 188
128 190
128 191
128 195
128 196
128 197
128 198
128 199
129 130
129 131
129 132
129 133
129 135
129 137
129 138
129 140
129 142
129 145
129 146
129 147
129 149
129 150
129 152
129 154
129 157
129 158
129 159
129 160
129 161
129 162
129 163
129 164
129 167
129 170
129 171
129 172
129 173
129 174
129 176
129 177
129 179
129 180
129 181
129 182
129 183
129 184
129 185
129 186
129 187
129 188
129 189
129 191
129 193
129 194
129 196
129 197
129 198
129 199
130 131
130 132
130 134
130 135
130 136
130 137
130 138
130 139
130 140
130 141
130 142
130 143
130 144
130 145
130 146
130 148
130 150
130 151
130 152
130 153
130 155
130 156
130 159
130 160
130 161
130 162
130 163
130 165
130 166
130 167
130 168
130 169
130 170
130 171
130 172
130 173
130 174
130 175
130 176
130 178
130 179
130 180
130 182
130 183
130 184
130 186
130 188
130 189
130 192
130 195
130 196
130 197
130 198
130 199
131 132
131 133
131 134
131 135
131 136
131 137
131 138
131 139
131 140
131 141
131 142
131 144
131 146
131 147
131 149
131 150
131 152
131 156
131 157
131 160
131 161
131 162
131 163
131 166
131 167
131 168
131 169
131 171
131 172
131 173
131 174
131 176
131 182
131 183
131 184
131 186
131 187
131 188
131 189
131 190
131 191
131 193
131 195
131 196
131 197
131 198
132 133
132 134
132 135
132 138
132 139
132 140
132 141
132 143
132 144
132 145
132 146
132 147
132 148
132 150
132 151
132 153
132 154
132 155
132 156
132 158
132 159
132 160
132 161
132 165
132 168
132 170
132 171
132 172
132 175
132 176
132 177
132 179
132 183
132 184
132 185
132 186
132 188
132 191
132 193
132 194
132 196
132 197
132 198
132 199
133 134
133 135
133 137
133 138
133 143
133 144
133 145
133 147
133 148
133 149
133 151
133 153
133 154
133 156
133 157
133 158
133 160
133 161
133 163
133 164
133 166
133 167
133 168
133 170
133 171
133 173
133 174
133 175
133 176
133 177
133 179
133 180
133 182
133 183
133 184
133 186
133 188
133 189
133 191
133 192
133 194
133 195
133 196
133 197
133 199
134 135
134 136
134 137
134 138
134 139
134 140
134 144
134 145
134 148
134 149
134 150
134 153
134 154
134 156
134 158
134 160
134 161
134 162
134 163
134 164
134 169
134 170
134 171
134 172
134 173
134 174
134 175
134 176
134 178
134 179
134 181
134 182
134 183
134 184
134 185
134 186
134 188
134 190
134 191
134 193
134 194
134 195
134 196
134 198
135 136
135 138
135 139
135 140
135 142
135 144
135 145
135 147
135 148
135 149
135 154
135 156
135 158
135 159
135 160
135 161
135 166
135 167
135 168
135 170
135 171
135 172
135 173
135 174
135 175
135 176
135 178
135 180
135 181
135 182
135 183
135 184
135 186
135 187
135 188
135 191
135 192
135 193
135 194
135 196
136 140
136 141
136 143
136 145
136 147
136 148
136 149
136 150
136 151
136 152
136 154
136 155
136 156
136 159
136 160
136 162
136 163
136 164
136 165
136 166
136 167
136 168
136 169
136 171
136 174
136 176
136 177
136 178
136 179
136 180
136 181
136 182
136 183
136 184
136 186
136 187
136 188
136 189
136 190
136 192
136 193
136 194
136 196
136 197
136 198
137 138
137 139
137 140
137 141
137 143
137 144
137 146
137 149
137 151
137 152
137 153
137 154
137 155
137 156
137 157
137 158
137 159
137 160
137 161
137 162
137 163
137 165
137 167
137 168
137 169
137 172
137 173
137 174
137 175
137 176
137 177
137 178
137 179
137 180
137 181
137 182
137 183
137 187
137 188
137 189
137 191
137 193
137 194
137 196
137 198
137 199
138 139
138 140
138 141
138 142
138 143
138 144
138 145
138 147
138 148
138 149
138 150
138 151
138 152
138 153
138 154
138 155
138 156
138 157
138 159
138 160
138 161
138 162
138 164
138 166
138 167
138 168
138 169
138 170
138 171
138 172
138 174
138 175
138 176
138 177
138 178
138 179
138 181
138 184
138 185
138 186
138 188
138 190
138 191
138 192
138 193
138 194
138 196
138 197
138 198
139 140
139 143
139 144
139 148
139 149
139 150
139 151
139 153
139 155
139 156
139 157
139 159
139 160
139 161
139 163
139 164
139 165
139 166
139 167
139 168
139 169
139 172
139 173
139 174
139 175
139 176
139 177
139 179
139 182
139 183
139 185
139 186
139 188
139 189
139 191
139 192
139 196
139 199
140 142
140 143
140 144
140 147
140 149
140 150
140 152
140 153
140 154
140 155
140 156
140 158
140 160
140 162
140 163
140 164
140 165
140 166
140 168
140 169
140 171
140 172
140 173
140 174
140 176
140 177
140 178
140 179
140 180
140 181
140 182
140 183
140 184
140 185
140 186
140 187
140 188
140 189
140 191
140 192
140 193
140 195
140 196
140 198
140 199
141 142
141 144
141 145
141 146
141 147
141 148
141 149
141 150
141 151
141 152
141 153
141 155
141 157
141 158
141 159
141 160
141 161
141 165
141 166
141 168
141 170
141 171
141 172
141 174
141 175
141 176
141 177
141 178
141 179
141 180
141 181
141 184
141 185
141 186
141 190
141 191
141 192
141 193
141 194
141 196
141 197
141 198
141 199
142 143
142 144
142 145
142 146
142 147
142 148
142 149
142 150
142 151
142 152
142 153
142 154
142 155
142 157
142 158
142 159
142 160
142 162
142 163
142 164
142 167
142 168
142 169
142 170
142 171
142 172
142 173
142 174
142 175
142 176
142 177
142 179
142 180
142 181
142 182
142 183
142 185
142 187
142 188
142 190
142 191
142 192
142 194
142 195
142 197
142 198
142 199
143 147
143 148
143 149
143 151
143 152
143 153
143 154
143 156
143 157
143 158
143 160
143 161
143 162
143 164
143 165
143 166
143 167
143 169
143 170
143 171
143 172
143 175
143 176
143 178
143 179
143 180
143 181
143 185
143 186
143 189
143 190
143 192
143 194
143 197
143 198
143 199
144 146
144 147
144 148
144 149
144 150
144 151
144 152
144 154
144 156
144 157
144 158
144 159
144 160
144 163
144 165
144 168
144 169
144 170
144 171
144 173
144 174
144 175
144 177
144 178
144 181
144 182
144 183
144 185
144 188
144 189
144 190
144 191
144 193
144 194
144 195
144 196
144 198
144 199
145 146
145 147
145 149
145 151
145 152
145 153
145 154
145 155
145 156
145 157
145 158
145 160
145 161
145 162
145 164
145 165
145 166
145 167
145 168
145 169
145 173
145 175
145 176
145 179
145 180
145 183
145 184
145 185
145 186
145 187
145 188
145 189
145 191
145 192
145 193
145 197
145 199
146 148
146 149
146 150
146 151
146 152
146 154
146 155
146 158
146 159
146 160
146 161
146 162
146 164
146 165
146 166
146 167
146 168
146 170
146 172
146 175
146 176
146 178
146 179
146 180
146 181
146 182
146 183
146 185
146 186
146 187
146 188
146 190
146 195
146 196
146 197
146 199
147 148
147 149
147 150
147 151
147 152
147 153
147 154
147 155
147 156
147 157
147 159
147 160
147 161
147 162
147 164
147 165
147 167
147 168
147 171
147 172
147 173
147 175
147 179
147 180
147 181
147 182
147 183
147 184
147 186
147 187
147 188
147 189
147 190
147 191
147 193
147 196
147 197
147 198
147 199
148 149
148 150
148 151
148 153
148 154
148 156
148 158
148 159
148 161
148 162
148 163
148 165
148 167
148 170
148 172
148 173
148 174
148 175
148 176
148 178
148 179
148 180
148 181
148 183
148 184
148 185
148 188
148 189
148 190
148 191
148 193
148 194
148 198
148 199
149 150
149 151
149 152
149 154
149 155
149 157
149 158
149 159
149 164
149 166
149 167
149 168
149 169
149 170
149 171
149 172
149 173
149 174
149 175
149 176
149 177
149 178
149 181
149 184
149 186
149 188
149 190
149 191
149 192
149 194
149 196
149 198
150 151
150 152
150 154
150 157
150 158
150 159
150 160
150 161
150 163
150 164
150 165
150 167
150 170
150 173
150 175
150 176
150 177
150 178
150 179
150 180
150 181
150 182
150 183
150 184
150 185
150 186
150 187
150 188
150 189
150 190
150 193
150 194
150 195
150 196
150 197
150 198
150 199
151 152
151 153
151 156
151 157
151 158
151 159
151 161
151 164
151 166
151 170
151 171
151 172
151 173
151 174
151 175
151 176
151 177
151 178
151 179
151 180
151 181
151 183
151 184
151 186
151 187
151 188
151 193
151 194
151 195
151 196
151 197
151 198
152 153
152 157
152 158
152 162
152 165
152 166
152 168
152 169
152 170
152 171
152 172
152 173
152 174
152 176
152 177
152 178
152 179
152 181
152 182
152 183
152 184
152 185
152 186
152 188
152 189
152 192
152 194
152 195
152 196
152 197
153 154
153 155
153 156
153 157
153 158
153 159
153 160
153 161
153 162
153 163
153 165
153 167
153 168
153 169
153 170
153 171
153 176
153 178
153 179
153 180
153 181
153 182
153 183
153 185
153 186
153 187
153 188
153 189
153 192
153 193
153 196
153 197
153 198
153 199
154 155
154 158
154 161
154 162
154 163
154 165
154 166
154 167
154 168
154 170
154 172
154 174
154 175
154 176
154 179
154 180
154 182
154 183
154 185
154 187
154 188
154 189
154 191
154 192
154 193
154 194
154 195
154 196
154 197
154 199
155 157
155 158
155 159
155 160
155 161
155 163
155 164
155 165
155 166
155 167
155 168
155 169
155 170
155 171
155 172
155 173
155 175
155 176
155 178
155 181
155 182
155 184
155 185
155 186
155 188
155 189
155 190
155 191
155 192
155 193
155 194
155 195
155 196
155 197
155 198
156 157
156 158
156 159
156 160
156 161
156 163
156 164
156 166
156 168
156 169
156 170
156 172
156 173
156 175
156 176
156 177
156 178
156 179
156 181
156 182
156 183
156 184
156 185
156 186
156 187
156 188
156 189
156 190
156 191
156 192
156 193
156 194
156 195
156 196
156 197
156 198
156 199
157 158
157 163
157 164
157 166
157 169
157 170
157 171
157 174
157 175
157 176
157 178
157 179
157 180
157 182
157 183
157 184
157 185
157 186
157 187
157 188
157 189
157 190
157 192
157 193
157 194
157 195
157 197
157 198
158 160
158 162
158 163
158 165
158 166
158 168
158 169
158 170
158 171
158 172
158 173
158 175
158 176
158 177
158 178
158 179
158 180
158 181
158 182
158 185
158 187
158 188
158 189
158 190
158 191
158 193
158 195
158 196
158 197
158 198
158 199
159 160
159 161
159 162
159 163
159 165
159 166
159 169
159 170
159 171
159 172
159 175
159 177
159 178
159 179
159 180
159 181
159 182
159 185
159 186
159 188
159 189
159 190
159 191
159 192
159 196
159 198
160 161
160 162
160 163
160 164
160 165
160 166
160 167
160 168
160 169
160 170
160 171
160 175
160 176
160 177
160 178
160 179
160 180
160 181
160 183
160 185
160 186
160 187
160 188
160 190
160 191
160 192
160 194
160 196
160 197
160 199
161 163
161 165
161 166
161 167
161 168
161 170
161 173
161 174
161 175
161 177
161 178
161 181
161 182
161 183
161 185
161 186
161 187
161 189
161 192
161 193
161 195
161 196
161 197
161 198
161 199
162 163
162 164
162 166
162 167
162 168
162 169
162 170
162 171
162 172
162 173
162 174
162 175
162 176
162 178
162 179
162 180
162 181
162 182
162 186
162 187
162 188
162 189
162 191
162 192
162 194
162 195
162 197
162 198
163 165
163 166
163 167
163 169
163 170
163 171
163 174
163 175
163 177
163 178
163 179
163 180
163 181
163 182
163 183
163 184
163 185
163 187
163 188
163 189
163 190
163 192
163 193
163 194
163 196
163 197
163 199
164 165
164 166
164 167
164 170
164 171
164 173
164 174
164 175
164 177
164 178
164 179
164 180
164 182
164 183
164 184
164 185
164 186
164 191
164 192
164 193
164 194
164 195
164 196
164 198
164 199
165 167
165 169
165 171
165 173
165 175
165 176
165 177
165 179
165 181
165 184
165 186
165 189
165 190
165 191
165 194
165 195
165 198
165 199
166 169
166 170
166 171
166 172
166 173
166 174
166 175
166 176
166 178
166 179
166 180
166 181
166 183
166 184
166 185
166 187
166 189
166 190
166 191
166 195
166 199
167 170
167 171
167 173
167 175
167 177
167 180
167 183
167 184
167 186
167 187
167 188
167 189
167 191
167 193
167 194
167 195
167 196
167 198
168 169
168 170
168 171
168 172
168 173
168 174
168 178
168 179
168 180
168 181
168 182
168 184
168 185
168 193
168 194
168 195
168 196
168 197
168 199
169 170
169 171
169 173
169 174
169 176
169 177
169 178
169 180
169 181
169 184
169 185
169 186
169 187
169 188
169 189
169 191
169 192
169 194
169 196
169 198
169 199
170 172
170 174
170 176
170 177
170 178
170 184
170 187
170 188
170 189
170 190
170 191
170 192
170 193
170 194
170 198
170 199
171 174
171 175
171 177
171 178
171 179
171 180
171 181
171 182
171 183
171 184
171 185
171 186
171 188
171 189
171 191
171 192
171 193
171 195
171 196
171 197
171 199
172 174
172 175
172 176
172 177
172 180
172 182
172 183
172 184
172 185
172 186
172 187
172 188
172 189
172 192
172 194
172 195
172 196
172 197
172 198
172 199
173 175
173 177
173 180
173 181
173 182
173 183
173 184
173 185
173 186
173 187
173 188
173 189
173 190
173 191
173 194
173 195
173 196
173 197
173 199
174 175
174 176
174 177
174 179
174 180
174 182
174 185
174 186
174 187
174 188
174 189
174 190
174 191
174 192
174 193
174 194
174 195
174 196
174 197
174 198
174 199
175 176
175 177
175 178
175 179
175 180
175 181
175 182
175 183
175 186
175 187
175 188
175 189
175 195
175 196
175 197
175 198
175 199
176 177
176 178
176 179
176 180
176 181
176 182
176 184
176 185
176 187
176 189
176 190
176 191
176 193
176 194
176 195
176 196
176 197
176 198
177 178
177 180
177 181
177 182
177 183
177 185
177 186
177 187
177 188
177 189
177 190
177 195
177 196
177 197
177 198
178 180
178 181
178 182
178 183
178 184
178 185
178 186
178 188
178 189
178 194
178 196
178 197
178 198
178 199
179 180
179 181
179 184
179 185
179 186
179 187
179 188
179 191
179 192
179 193
179 194
179 197
179 198
179 199
180 182
180 183
180 185
180 186
180 187
180 188
180 189
180 192
180 194
180 195
180 196
180 197
180 198
180 199
181 183
181 184
181 188
181 189
181 192
181 193
181 195
181 196
181 197
181 198
181 199
182 184
182 185
182 186
182 187
182 188
182 189
182 192
182 193
182 194
182 195
182 196
182 197
182 199
183 185
183 186
183 187
183 189
183 192
183 193
183 194
183 196
183 197
183 198
184 186
184 189
184 196
184 197
184 198
185 186
185 187
185 190
185 191
185 193
185 195
185 196
185 197
185 199
186 187
186 188
186 189
186 190
186 192
186 193
186 197
186 198
186 199
187 189
187 190
187 191
187 192
187 196
187 197
187 199
188 189
188 190
188 191
188 192
188 197
188 198
188 199
189 192
189 193
189 195
190 191
190 193
190 195
190 197
190 198
190 199
191 193
191 194
191 196
191 197
191 198
191 199
192 195
192 196
192 197
192 198
192 199
193 196
193 197
193 199
194 197
195 196
195 197
195 198
195 199
196 197
196 199
197 199
198 199
25 24 156 165 100 83 1 88 159 6 51 158 148 126 10 44 136 142 60 129 175 66 127 36 138 96 177 95 140 113 91 28 50 161 168 23 69 192 47 34
169 150 120 116 40 139 130 89 29 152 193 188 109 56 101 73 118 199 124 160 123 106 134 182 68 111 195 75 99 147 78 103 53 64 81 37 72 54 178 55
97 157 189 154 133 86 155 121 2 163 92 45 105 181 3 146 108 30 13 59 174 144 167 77 93 48 31 52 70 18 107 112 7 191 46 63 22 16 151 149
171 125 67 21 197 12 57 17 62 145 164 74 135 153 115 184 179 186 0 9 90 87 65 33 143 131 79 19 82 180 176 196 49 15 32 43 20 42 137 84
183 170 110 104 41 61 11 173 27 141 76 85 38 166 122 94 119 187 8 185 98 26 172 198 58 132 128 4 35 5 114 190 71 162 14 194 39 117 102 80
