200
11902
4
18
46
5
34
0 1
0 2
0 3
0 4
0 5
0 6
0 8
0 9
0 10
0 11
0 12
0 13
0 15
0 17
0 18
0 20
0 21
0 22
0 23
0 24
0 25
0 26
0 28
0 30
0 31
0 33
0 35
0 36
0 37
0 41
0 42
0 43
0 46
0 47
0 49
0 50
0 51
0 53
0 55
0 56
0 58
0 60
0 65
0 66
0 67
0 68
0 69
0 70
0 71
0 74
0 75
0 77
0 78
0 79
0 80
0 82
0 83
0 84
0 86
0 87
0 88
0 91
0 92
0 95
0 96
0 97
0 98
0 101
0 102
0 105
0 106
0 107
0 108
0 111
0 112
0 114
0 117
0 119
0 123
0 124
0 125
0 126
0 127
0 128
0 129
0 130
0 131
0 133
0 134
0 135
0 136
0 137
0 142
0 144
0 145
0 149
0 151
0 153
0 154
0 158
0 163
0 167
0 168
0 169
0 170
0 171
0 173
0 175
0 176
0 177
0 178
0 181
0 183
0 185
0 188
0 191
0 192
0 193
0 194
0 196
0 197
0 198
0 199
1 2
1 3
1 4
1 5
1 7
1 9
1 11
1 12
1 13
1 14
1 15
1 16
1 19
1 22
1 27
1 30
1 34
1 35
1 36
1 38
1 39
1 41
1 43
1 44
1 45
1 47
1 48
1 49
1 50
1 51
1 52
1 55
1 56
1 57
1 58
1 59
1 60
1 62
1 63
1 64
1 65
1 68
1 71
1 73
1 74
1 77
1 78
1 79
1 82
1 84
1 85
1 87
1 88
1 89
1 90
1 91
1 93
1 95
1 96
1 97
1 98
1 99
1 100
1 101
1 102
1 104
1 106
1 111
1 113
1 115
1 118
1 119
1 121
1 122
1 123
1 126
1 127
1 128
1 130
1 131
1 133
1 137
1 141
1 142
1 143
1 144
1 145
1 148
1 152
1 154
1 157
1 159
1 161
1 166
1 167
1 168
1 169
1 171
1 172
1 173
1 175
1 177
1 178
1 179
1 180
1 182
1 183
1 184
1 185
1 186
1 188
1 191
1 193
1 195
1 197
1 198
1 199
2 4
2 5
2 6
2 7
2 8
2 13
2 17
2 20
2 22
2 26
2 27
2 28
2 29
2 32
2 33
2 34
2 36
2 38
2 39
2 41
2 42
2 43
2 45
2 47
2 48
2 50
2 53
2 54
2 58
2 59
2 60
2 61
2 62
2 63
2 65
2 66
2 67
2 70
2 72
2 73
2 74
2 75
2 77
2 78
2 80
2 81
2 83
2 84
2 85
2 87
2 88
2 90
2 91
2 93
2 95
2 96
2 99
2 101
2 104
2 105
2 107
2 108
2 109
2 111
2 113
2 114
2 117
2 118
2 119
2 120
2 122
2 123
2 124
2 125
2 127
2 128
2 132
2 133
2 136
2 138
2 139
2 140
2 142
2 143
2 144
2 145
2 147
2 148
2 149
2 151
2 152
2 153
2 157
2 158
2 159
2 160
2 161
2 163
2 165
2 166
2 167
2 168
2 169
2 170
2 171
2 172
2 174
2 175
2 177
2 178
2 179
2 181
2 182
2 183
2 184
2 185
2 186
2 188
2 190
2 191
2 192
2 193
2 194
2 195
2 197
2 198
2 199
3 4
3 5
3 6
3 9
3 11
3 13
3 14
3 16
3 20
3 21
3 24
3 25
3 26
3 27
3 28
3 30
3 31
3 32
3 33
3 34
3 36
3 37
3 40
3 41
3 42
3 43
3 44
3 45
3 47
3 48
3 49
3 50
3 51
3 57
3 59
3 60
3 61
3 62
3 63
3 66
3 67
3 68
3 69
3 70
3 71
3 73
3 74
3 75
3 76
3 77
3 78
3 82
3 85
3 86
3 87
3 88
3 89
3 90
3 91
3 92
3 93
3 94
3 96
3 98
3 99
3 100
3 102
3 107
3 108
3 110
3 113
3 114
3 115
3 116
3 117
3 118
3 119
3 120
3 121
3 122
3 124
3 125
3 127
3 128
3 129
3 130
3 132
3 133
3 134
3 135
3 136
3 137
3 138
3 140
3 141
3 143
3 146
3 147
3 149
3 152
3 153
3 154
3 157
3 159
3 161
3 163
3 164
3 167
3 169
3 172
3 174
3 175
3 176
3 177
3 178
3 180
3 181
3 182
3 183
3 185
3 186
3 187
3 188
3 189
3 190
3 191
3 192
3 194
3 195
3 196
3 197
3 199
4 7
4 9
4 10
4 12
4 13
4 14
4 19
4 20
4 21
4 22
4 25
4 29
4 30
4 31
4 32
4 35
4 36
4 37
4 39
4 42
4 43
4 47
4 49
4 53
4 54
4 55
4 59
4 60
4 61
4 64
4 67
4 68
4 69
4 70
4 72
4 73
4 74
4 75
4 76
4 78
4 79
4 80
4 81
4 83
4 85
4 87
4 88
4 89
4 90
4 91
4 92
4 94
4 98
4 99
4 101
4 102
4 105
4 109
4 114
4 115
4 117
4 118
4 121
4 122
4 124
4 126
4 128
4 129
4 131
4 134
4 135
4 137
4 141
4 142
4 144
4 145
4 146
4 147
4 148
4 149
4 150
4 151
4 156
4 157
4 158
4 159
4 161
4 163
4 168
4 169
4 170
4 171
4 172
4 175
4 176
4 178
4 181
4 182
4 188
4 191
4 196
4 197
4 198
4 199
5 6
5 8
5 9
5 14
5 15
5 16
5 17
5 18
5 21
5 22
5 23
5 25
5 26
5 28
5 30
5 32
5 33
5 34
5 36
5 37
5 38
5 39
5 40
5 41
5 43
5 44
5 45
5 49
5 53
5 54
5 56
5 58
5 62
5 63
5 64
5 65
5 67
5 68
5 70
5 74
5 75
5 80
5 83
5 84
5 85
5 87
5 89
5 91
5 94
5 96
5 98
5 100
5 102
5 103
5 104
5 105
5 106
5 107
5 109
5 110
5 111
5 112
5 113
5 114
5 117
5 119
5 121
5 123
5 124
5 128
5 134
5 137
5 139
5 140
5 141
5 143
5 148
5 149
5 151
5 152
5 153
5 154
5 155
5 158
5 159
5 160
5 161
5 163
5 165
5 166
5 167
5 169
5 171
5 172
5 173
5 174
5 176
5 177
5 178
5 179
5 180
5 186
5 189
5 190
5 191
5 193
5 194
5 197
5 198
6 8
6 9
6 10
6 12
6 13
6 14
6 17
6 19
6 20
6 22
6 25
6 27
6 28
6 30
6 31
6 32
6 33
6 34
6 35
6 37
6 38
6 40
6 44
6 46
6 47
6 48
6 49
6 50
6 51
6 54
6 60
6 61
6 62
6 63
6 65
6 67
6 69
6 70
6 72
6 73
6 76
6 77
6 78
6 80
6 81
6 83
6 86
6 87
6 89
6 91
6 92
6 94
6 96
6 97
6 99
6 100
6 101
6 102
6 103
6 104
6 109
6 110
6 111
6 115
6 116
6 117
6 121
6 126
6 127
6 128
6 130
6 131
6 132
6 134
6 139
6 140
6 141
6 145
6 146
6 147
6 148
6 149
6 150
6 151
6 152
6 153
6 154
6 157
6 158
6 162
6 163
6 164
6 166
6 169
6 170
6 171
6 178
6 179
6 181
6 184
6 186
6 187
6 188
6 189
6 190
6 191
6 192
6 193
6 195
6 197
6 199
7 8
7 9
7 10
7 11
7 14
7 16
7 17
7 18
7 20
7 21
7 22
7 24
7 26
7 27
7 28
7 29
7 32
7 33
7 35
7 36
7 40
7 42
7 43
7 44
7 47
7 48
7 49
7 50
7 51
7 55
7 56
7 57
7 58
7 59
7 62
7 63
7 64
7 65
7 68
7 69
7 71
7 73
7 74
7 78
7 79
7 80
7 81
7 84
7 85
7 87
7 88
7 89
7 90
7 91
7 92
7 94
7 99
7 102
7 103
7 104
7 105
7 106
7 107
7 110
7 111
7 113
7 114
7 115
7 116
7 118
7 119
7 120
7 122
7 123
7 124
7 125
7 127
7 134
7 135
7 137
7 141
7 142
7 143
7 144
7 145
7 146
7 148
7 149
7 150
7 151
7 153
7 155
7 156
7 157
7 158
7 159
7 162
7 163
7 165
7 167
7 168
7 169
7 170
7 172
7 173
7 174
7 177
7 179
7 180
7 181
7 182
7 184
7 185
7 187
7 189
7 190
7 192
7 194
7 195
7 197
7 199
8 9
8 12
8 13
8 15
8 16
8 19
8 20
8 21
8 27
8 30
8 31
8 32
8 33
8 36
8 37
8 40
8 41
8 42
8 43
8 45
8 47
8 48
8 49
8 51
8 54
8 55
8 58
8 59
8 63
8 65
8 66
8 67
8 68
8 71
8 72
8 74
8 75
8 76
8 77
8 78
8 79
8 80
8 81
8 82
8 85
8 89
8 90
8 92
8 93
8 94
8 95
8 98
8 101
8 104
8 105
8 106
8 110
8 111
8 113
8 115
8 116
8 117
8 118
8 121
8 122
8 123
8 124
8 127
8 128
8 130
8 131
8 132
8 133
8 135
8 136
8 137
8 138
8 139
8 140
8 141
8 143
8 144
8 148
8 150
8 151
8 153
8 154
8 155
8 156
8 159
8 162
8 163
8 168
8 170
8 171
8 173
8 174
8 175
8 176
8 177
8 178
8 180
8 181
8 182
8 183
8 185
8 187
8 189
8 190
8 191
8 192
8 195
8 197
8 198
8 199
9 11
9 12
9 14
9 15
9 20
9 24
9 25
9 26
9 27
9 28
9 29
9 30
9 34
9 37
9 39
9 40
9 41
9 42
9 45
9 47
9 53
9 59
9 60
9 61
9 63
9 64
9 65
9 66
9 68
9 69
9 70
9 73
9 74
9 75
9 76
9 78
9 79
9 80
9 83
9 84
9 85
9 86
9 87
9 88
9 90
9 92
9 93
9 95
9 96
9 99
9 103
9 104
9 105
9 106
9 107
9 110
9 111
9 112
9 114
9 117
9 118
9 119
9 120
9 121
9 122
9 124
9 126
9 128
9 130
9 131
9 134
9 135
9 136
9 138
9 139
9 140
9 141
9 142
9 146
9 147
9 154
9 155
9 156
9 157
9 158
9 159
9 160
9 164
9 165
9 166
9 167
9 172
9 173
9 174
9 177
9 181
9 182
9 183
9 184
9 185
9 189
9 190
9 191
9 196
9 197
9 198
9 199
10 11
10 12
10 15
10 19
10 20
10 21
10 22
10 24
10 25
10 27
10 28
10 29
10 31
10 33
10 35
10 36
10 40
10 43
10 44
10 46
10 49
10 50
10 52
10 53
10 56
10 58
10 59
10 60
10 61
10 63
10 64
10 65
10 66
10 67
10 69
10 70
10 71
10 73
10 75
10 76
10 77
10 78
10 79
10 81
10 83
10 85
10 86
10 90
10 91
10 93
10 94
10 95
10 99
10 101
10 102
10 103
10 104
10 105
10 106
10 107
10 109
10 110
10 111
10 112
10 113
10 116
10 117
10 118
10 119
10 120
10 121
10 122
10 123
10 124
10 126
10 127
10 128
10 130
10 131
10 132
10 133
10 134
10 135
10 136
10 138
10 139
10 141
10 142
10 145
10 147
10 148
10 151
10 153
10 154
10 155
10 156
10 157
10 158
10 160
10 164
10 167
10 168
10 173
10 174
10 175
10 176
10 177
10 178
10 180
10 181
10 182
10 183
10 184
10 185
10 186
10 189
10 190
10 191
10 192
10 193
10 197
10 199
11 13
11 17
11 19
11 20
11 22
11 23
11 24
11 26
11 28
11 29
11 31
11 32
11 35
11 37
11 39
11 40
11 41
11 42
11 44
11 45
11 47
11 48
11 51
11 52
11 53
11 54
11 56
11 60
11 63
11 67
11 68
11 69
11 71
11 72
11 73
11 74
11 77
11 78
11 80
11 84
11 85
11 86
11 89
11 90
11 91
11 92
11 93
11 95
11 96
11 99
11 100
11 101
11 105
11 106
11 108
11 109
11 112
11 114
11 115
11 116
11 117
11 118
11 119
11 122
11 124
11 133
11 135
11 136
11 137
11 138
11 139
11 140
11 142
11 144
11 150
11 152
11 154
11 155
11 156
11 157
11 158
11 159
11 160
11 161
11 163
11 168
11 170
11 173
11 175
11 176
11 178
11 186
11 187
11 190
11 192
11 196
11 198
11 199
12 13
12 14
12 15
12 17
12 19
12 20
12 21
12 22
12 26
12 27
12 31
12 32
12 35
12 38
12 41
12 42
12 43
12 45
12 46
12 48
12 50
12 51
12 53
12 57
12 58
12 59
12 62
12 63
12 64
12 66
12 68
12 69
12 70
12 71
12 73
12 74
12 76
12 77
12 78
12 80
12 81
12 83
12 84
12 85
12 87
12 88
12 89
12 93
12 95
12 96
12 98
12 99
12 101
12 102
12 103
12 104
12 107
12 109
12 110
12 111
12 113
12 114
12 115
12 117
12 118
12 119
12 120
12 121
12 122
12 126
12 127
12 128
12 131
12 133
12 135
12 136
12 139
12 140
12 142
12 144
12 145
12 148
12 149
12 151
12 152
12 153
12 154
12 156
12 157
12 159
12 161
12 167
12 169
12 170
12 171
12 172
12 173
12 175
12 177
12 178
12 180
12 183
12 185
12 186
12 188
12 190
12 192
12 195
12 196
12 199
13 15
13 16
13 17
13 18
13 21
13 24
13 26
13 27
13 32
13 34
13 35
13 36
13 38
13 39
13 40
13 41
13 42
13 45
13 46
13 48
13 49
13 50
13 51
13 55
13 56
13 57
13 58
13 59
13 60
13 63
13 65
13 67
13 68
13 70
13 71
13 72
13 75
13 76
13 78
13 79
13 81
13 84
13 87
13 88
13 90
13 92
13 93
13 94
13 96
13 97
13 98
13 99
13 100
13 101
13 103
13 104
13 106
13 107
13 108
13 109
13 110
13 111
13 115
13 116
13 117
13 118
13 120
13 121
13 127
13 130
13 131
13 133
13 134
13 135
13 137
13 138
13 139
13 142
13 143
13 144
13 145
13 146
13 148
13 149
13 150
13 151
13 152
13 153
13 154
13 155
13 157
13 158
13 159
13 160
13 161
13 162
13 163
13 164
13 165
13 167
13 171
13 174
13 176
13 177
13 179
13 180
13 183
13 185
13 187
13 188
13 189
13 190
13 192
13 193
13 194
13 195
13 196
13 197
13 198
13 199
14 15
14 16
14 19
14 21
14 22
14 24
14 26
14 27
14 29
14 32
14 34
14 35
14 38
14 41
14 42
14 43
14 45
14 46
14 47
14 50
14 52
14 53
14 55
14 56
14 57
14 59
14 60
14 61
14 62
14 63
14 64
14 65
14 66
14 67
14 69
14 70
14 72
14 75
14 76
14 79
14 81
14 82
14 84
14 85
14 87
14 88
14 89
14 90
14 95
14 97
14 99
14 104
14 105
14 106
14 107
14 109
14 111
14 112
14 113
14 115
14 118
14 122
14 123
14 125
14 126
14 128
14 129
14 131
14 132
14 133
14 134
14 135
14 137
14 140
14 141
14 143
14 144
14 145
14 148
14 149
14 150
14 151
14 152
14 153
14 154
14 156
14 157
14 160
14 161
14 163
14 164
14 166
14 167
14 168
14 169
14 171
14 173
14 174
14 175
14 176
14 179
14 181
14 183
14 185
14 186
14 187
14 188
14 189
14 190
14 191
14 192
14 193
14 199
15 16
15 18
15 20
15 21
15 22
15 23
15 24
15 26
15 27
15 28
15 31
15 32
15 33
15 39
15 40
15 41
15 44
15 45
15 46
15 48
15 49
15 50
15 52
15 54
15 58
15 59
15 61
15 62
15 63
15 66
15 67
15 71
15 73
15 76
15 77
15 79
15 80
15 82
15 83
15 84
15 86
15 87
15 88
15 89
15 91
15 94
15 97
15 98
15 99
15 102
15 103
15 104
15 107
15 108
15 109
15 111
15 114
15 118
15 120
15 121
15 123
15 124
15 125
15 126
15 127
15 128
15 129
15 130
15 131
15 132
15 133
15 134
15 135
15 136
15 137
15 139
15 140
15 141
15 142
15 147
15 151
15 153
15 154
15 155
15 156
15 158
15 160
15 163
15 164
15 167
15 168
15 169
15 172
15 177
15 178
15 180
15 183
15 185
15 186
15 187
15 188
15 191
15 195
15 197
16 17
16 21
16 24
16 25
16 26
16 28
16 29
16 30
16 33
16 35
16 36
16 37
16 39
16 40
16 45
16 46
16 47
16 48
16 52
16 53
16 54
16 55
16 58
16 60
16 62
16 64
16 65
16 68
16 69
16 70
16 72
16 73
16 74
16 77
16 78
16 79
16 85
16 86
16 87
16 88
16 90
16 91
16 92
16 95
16 96
16 97
16 98
16 99
16 100
16 101
16 102
16 103
16 105
16 106
16 110
16 111
16 113
16 114
16 117
16 119
16 121
16 122
16 124
16 125
16 129
16 131
16 136
16 137
16 138
16 139
16 140
16 141
16 142
16 144
16 145
16 148
16 149
16 151
16 152
16 155
16 157
16 162
16 163
16 164
16 165
16 166
16 167
16 170
16 171
16 173
16 174
16 176
16 178
16 180
16 181
16 184
16 186
16 187
16 190
16 194
16 196
17 19
17 21
17 22
17 25
17 26
17 27
17 31
17 32
17 34
17 36
17 37
17 39
17 40
17 44
17 45
17 46
17 48
17 49
17 51
17 52
17 53
17 55
17 59
17 61
17 63
17 65
17 67
17 69
17 70
17 72
17 73
17 74
17 75
17 77
17 79
17 80
17 82
17 83
17 84
17 85
17 88
17 89
17 91
17 92
17 93
17 94
17 95
17 97
17 98
17 99
17 100
17 101
17 103
17 104
17 107
17 108
17 109
17 110
17 113
17 115
17 117
17 119
17 120
17 121
17 122
17 123
17 124
17 125
17 126
17 127
17 128
17 129
17 132
17 133
17 135
17 136
17 140
17 143
17 145
17 146
17 148
17 150
17 151
17 152
17 155
17 156
17 157
17 162
17 164
17 165
17 166
17 167
17 168
17 171
17 175
17 179
17 181
17 182
17 184
17 185
17 186
17 187
17 188
17 191
17 195
17 196
17 198
17 199
18 19
18 20
18 22
18 24
18 25
18 27
18 28
18 29
18 31
18 32
18 33
18 39
18 40
18 41
18 43
18 45
18 47
18 48
18 49
18 50
18 51
18 53
18 54
18 57
18 62
18 64
18 65
18 71
18 73
18 74
18 75
18 78
18 80
18 83
18 84
18 86
18 87
18 88
18 89
18 90
18 92
18 93
18 94
18 95
18 100
18 101
18 102
18 103
18 104
18 105
18 106
18 107
18 108
18 110
18 111
18 112
18 113
18 114
18 115
18 116
18 117
18 118
18 122
18 123
18 126
18 127
18 130
18 131
18 134
18 136
18 137
18 139
18 140
18 141
18 144
18 145
18 147
18 148
18 150
18 152
18 154
18 155
18 156
18 157
18 158
18 159
18 162
18 163
18 166
18 168
18 170
18 172
18 173
18 174
18 175
18 176
18 177
18 179
18 180
18 183
18 187
18 189
18 190
18 191
18 192
18 193
18 195
18 196
18 199
19 20
19 22
19 23
19 24
19 28
19 29
19 30
19 31
19 33
19 34
19 36
19 37
19 39
19 40
19 46
19 47
19 49
19 50
19 51
19 54
19 56
19 57
19 60
19 62
19 68
19 69
19 70
19 71
19 74
19 75
19 76
19 77
19 78
19 79
19 82
19 83
19 84
19 85
19 86
19 89
19 90
19 91
19 92
19 93
19 94
19 95
19 97
19 98
19 104
19 105
19 108
19 109
19 110
19 112
19 115
19 116
19 118
19 119
19 122
19 125
19 126
19 130
19 131
19 132
19 133
19 134
19 135
19 137
19 138
19 140
19 141
19 142
19 143
19 144
19 145
19 146
19 148
19 150
19 151
19 152
19 153
19 154
19 158
19 159
19 161
19 162
19 163
19 164
19 167
19 172
19 173
19 174
19 176
19 177
19 178
19 179
19 181
19 182
19 183
19 186
19 188
19 193
19 194
19 195
19 196
19 198
19 199
20 22
20 24
20 28
20 29
20 32
20 33
20 34
20 37
20 39
20 40
20 41
20 42
20 43
20 45
20 46
20 48
20 49
20 50
20 51
20 53
20 54
20 55
20 56
20 57
20 60
20 62
20 63
20 65
20 66
20 67
20 68
20 69
20 70
20 71
20 74
20 75
20 77
20 79
20 82
20 83
20 84
20 87
20 88
20 91
20 92
20 93
20 97
20 99
20 101
20 102
20 103
20 104
20 106
20 108
20 109
20 110
20 114
20 116
20 118
20 119
20 121
20 122
20 123
20 124
20 125
20 129
20 130
20 132
20 136
20 137
20 138
20 139
20 140
20 142
20 143
20 144
20 145
20 146
20 147
20 150
20 157
20 159
20 160
20 161
20 164
20 165
20 168
20 169
20 170
20 172
20 173
20 175
20 176
20 179
20 181
20 182
20 184
20 186
20 188
20 189
20 191
20 194
20 196
20 197
20 198
21 22
21 23
21 27
21 30
21 31
21 33
21 34
21 38
21 39
21 40
21 42
21 43
21 44
21 45
21 48
21 49
21 51
21 52
21 53
21 56
21 57
21 60
21 61
21 63
21 64
21 65
21 66
21 67
21 69
21 70
21 72
21 73
21 74
21 75
21 77
21 78
21 79
21 81
21 83
21 85
21 86
21 87
21 89
21 90
21 93
21 94
21 95
21 96
21 97
21 99
21 101
21 102
21 103
21 106
21 108
21 109
21 113
21 115
21 116
21 117
21 118
21 119
21 120
21 121
21 127
21 129
21 130
21 132
21 133
21 134
21 135
21 137
21 140
21 141
21 142
21 145
21 146
21 153
21 154
21 155
21 157
21 158
21 160
21 163
21 167
21 169
21 170
21 171
21 173
21 174
21 175
21 179
21 181
21 182
21 185
21 188
21 189
21 192
21 193
21 194
21 195
21 196
21 197
21 198
22 24
22 25
22 26
22 27
22 29
22 31
22 32
22 33
22 35
22 36
22 37
22 38
22 39
22 42
22 43
22 46
22 47
22 48
22 49
22 50
22 51
22 52
22 53
22 56
22 57
22 61
22 62
22 65
22 66
22 69
22 70
22 72
22 73
22 74
22 75
22 76
22 77
22 79
22 80
22 81
22 82
22 83
22 85
22 86
22 87
22 91
22 92
22 93
22 94
22 96
22 97
22 100
22 101
22 104
22 105
22 106
22 107
22 108
22 109
22 111
22 112
22 114
22 116
22 117
22 118
22 119
22 120
22 123
22 124
22 125
22 126
22 127
22 129
22 130
22 132
22 135
22 136
22 138
22 140
22 142
22 143
22 146
22 148
22 150
22 154
22 160
22 161
22 162
22 164
22 165
22 166
22 167
22 168
22 169
22 171
22 172
22 174
22 175
22 176
22 178
22 181
22 182
22 183
22 184
22 186
22 187
22 188
22 189
22 191
22 192
22 194
22 195
22 198
22 199
23 24
23 25
23 26
23 27
23 28
23 30
23 32
23 36
23 38
23 41
23 42
23 43
23 46
23 49
23 50
23 51
23 53
23 56
23 60
23 64
23 65
23 67
23 69
23 70
23 72
23 76
23 78
23 79
23 82
23 85
23 86
23 89
23 92
23 99
23 103
23 104
23 105
23 106
23 110
23 114
23 115
23 117
23 118
23 120
23 121
23 122
23 123
23 124
23 127
23 128
23 129
23 130
23 131
23 132
23 133
23 134
23 136
23 137
23 138
23 139
23 141
23 146
23 148
23 150
23 151
23 152
23 154
23 156
23 157
23 158
23 160
23 161
23 166
23 167
23 168
23 170
23 171
23 172
23 173
23 175
23 178
23 179
23 180
23 181
23 182
23 184
23 185
23 186
23 187
23 188
23 190
23 193
23 195
23 196
23 199
24 26
24 28
24 29
24 30
24 31
24 32
24 35
24 37
24 38
24 39
24 41
24 42
24 43
24 46
24 47
24 48
24 49
24 50
24 51
24 54
24 55
24 58
24 62
24 63
24 64
24 65
24 66
24 68
24 72
24 73
24 77
24 78
24 80
24 81
24 82
24 83
24 84
24 85
24 86
24 88
24 89
24 90
24 91
24 92
24 95
24 96
24 97
24 98
24 101
24 102
24 104
24 105
24 107
24 108
24 110
24 111
24 112
24 115
24 116
24 118
24 121
24 122
24 123
24 124
24 125
24 126
24 127
24 129
24 131
24 132
24 134
24 135
24 136
24 137
24 141
24 142
24 144
24 145
24 147
24 148
24 149
24 150
24 151
24 152
24 153
24 155
24 157
24 158
24 159
24 160
24 161
24 163
24 164
24 167
24 168
24 169
24 170
24 171
24 174
24 176
24 177
24 178
24 179
24 180
24 181
24 182
24 183
24 184
24 185
24 188
24 192
24 195
24 196
24 197
24 198
25 26
25 27
25 28
25 30
25 32
25 33
25 34
25 37
25 38
25 42
25 44
25 48
25 49
25 51
25 52
25 54
25 57
25 59
25 61
25 62
25 63
25 64
25 67
25 68
25 69
25 70
25 71
25 72
25 73
25 75
25 80
25 81
25 82
25 83
25 84
25 87
25 88
25 90
25 91
25 92
25 96
25 98
25 99
25 100
25 103
25 104
25 105
25 106
25 107
25 108
25 110
25 111
25 112
25 113
25 114
25 117
25 118
25 119
25 120
25 122
25 123
25 124
25 125
25 126
25 129
25 130
25 131
25 132
25 134
25 135
25 137
25 138
25 139
25 140
25 143
25 144
25 147
25 149
25 150
25 151
25 152
25 153
25 154
25 155
25 156
25 157
25 158
25 159
25 160
25 161
25 163
25 164
25 166
25 169
25 170
25 171
25 172
25 173
25 179
25 180
25 181
25 182
25 183
25 184
25 189
25 190
25 191
25 195
25 196
25 197
25 198
26 27
26 28
26 31
26 33
26 34
26 35
26 36
26 38
26 39
26 42
26 43
26 44
26 45
26 46
26 47
26 48
26 49
26 50
26 51
26 52
26 53
26 54
26 55
26 56
26 57
26 61
26 62
26 64
26 65
26 67
26 70
26 71
26 74
26 76
26 79
26 80
26 82
26 84
26 86
26 87
26 90
26 91
26 95
26 96
26 97
26 99
26 100
26 103
26 108
26 113
26 114
26 115
26 117
26 118
26 119
26 121
26 122
26 123
26 124
26 125
26 126
26 127
26 129
26 130
26 131
26 133
26 134
26 135
26 136
26 138
26 139
26 140
26 141
26 142
26 145
26 146
26 147
26 148
26 149
26 151
26 152
26 154
26 156
26 159
26 161
26 162
26 164
26 166
26 167
26 168
26 173
26 174
26 175
26 178
26 179
26 180
26 183
26 186
26 187
26 188
26 189
26 191
26 195
26 196
26 197
27 28
27 30
27 31
27 32
27 34
27 35
27 38
27 39
27 40
27 42
27 43
27 44
27 45
27 48
27 50
27 52
27 53
27 54
27 56
27 58
27 59
27 61
27 63
27 64
27 65
27 66
27 67
27 68
27 69
27 75
27 76
27 86
27 88
27 89
27 90
27 91
27 92
27 93
27 94
27 97
27 100
27 101
27 102
27 112
27 115
27 117
27 118
27 121
27 122
27 123
27 125
27 127
27 129
27 131
27 135
27 136
27 139
27 140
27 141
27 142
27 143
27 147
27 150
27 152
27 153
27 155
27 156
27 158
27 162
27 163
27 164
27 165
27 167
27 168
27 169
27 170
27 173
27 175
27 176
27 177
27 178
27 179
27 184
27 185
27 186
27 188
27 189
27 190
27 192
27 193
27 194
27 195
27 196
28 31
28 32
28 33
28 34
28 37
28 38
28 39
28 40
28 42
28 43
28 49
28 50
28 51
28 54
28 55
28 56
28 57
28 58
28 60
28 61
28 62
28 63
28 65
28 67
28 68
28 69
28 70
28 71
28 72
28 75
28 77
28 79
28 80
28 81
28 82
28 83
28 87
28 88
28 90
28 91
28 93
28 94
28 95
28 100
28 101
28 102
28 103
28 104
28 105
28 106
28 107
28 109
28 110
28 113
28 116
28 117
28 119
28 120
28 121
28 125
28 126
28 127
28 129
28 130
28 132
28 134
28 135
28 137
28 138
28 140
28 141
28 143
28 144
28 145
28 149
28 150
28 152
28 153
28 155
28 156
28 159
28 161
28 162
28 163
28 164
28 165
28 166
28 167
28 170
28 172
28 173
28 174
28 175
28 178
28 179
28 180
28 181
28 182
28 183
28 185
28 186
28 187
28 189
28 190
28 192
28 193
28 194
28 195
28 196
28 197
28 198
29 30
29 32
29 34
29 36
29 37
29 38
29 39
29 40
29 43
29 44
29 45
29 47
29 48
29 52
29 55
29 56
29 57
29 59
29 60
29 61
29 62
29 64
29 65
29 67
29 68
29 70
29 71
29 72
29 74
29 75
29 76
29 78
29 79
29 80
29 81
29 83
29 84
29 86
29 90
29 92
29 93
29 98
29 100
29 101
29 102
29 103
29 104
29 111
29 112
29 113
29 116
29 118
29 121
29 122
29 123
29 124
29 127
29 129
29 130
29 133
29 136
29 138
29 140
29 141
29 144
29 145
29 147
29 148
29 149
29 150
29 152
29 154
29 155
29 156
29 157
29 158
29 159
29 160
29 161
29 164
29 166
29 167
29 168
29 169
29 170
29 172
29 174
29 176
29 177
29 178
29 179
29 180
29 181
29 182
29 184
29 185
29 187
29 188
29 189
29 192
29 195
29 197
29 199
30 31
30 32
30 33
30 34
30 35
30 36
30 38
30 39
30 40
30 41
30 42
30 43
30 44
30 46
30 48
30 51
30 52
30 53
30 54
30 55
30 56
30 58
30 59
30 60
30 61
30 62
30 65
30 68
30 69
30 70
30 71
30 72
30 74
30 75
30 76
30 77
30 78
30 79
30 80
30 81
30 85
30 87
30 89
30 90
30 91
30 92
30 93
30 94
30 96
30 100
30 103
30 108
30 109
30 110
30 111
30 113
30 114
30 117
30 119
30 120
30 123
30 125
30 126
30 128
30 129
30 130
30 131
30 136
30 138
30 140
30 142
30 144
30 145
30 146
30 147
30 148
30 149
30 152
30 153
30 155
30 156
30 157
30 158
30 159
30 161
30 166
30 167
30 170
30 175
30 176
30 177
30 178
30 179
30 180
30 181
30 186
30 187
30 189
30 190
30 192
30 195
30 196
30 199
31 34
31 36
31 37
31 38
31 39
31 41
31 42
31 44
31 45
31 46
31 47
31 50
31 56
31 58
31 59
31 60
31 61
31 63
31 64
31 66
31 71
31 76
31 77
31 78
31 81
31 84
31 85
31 89
31 91
31 94
31 95
31 96
31 97
31 105
31 107
31 109
31 110
31 111
31 112
31 115
31 116
31 119
31 120
31 122
31 124
31 130
31 131
31 133
31 135
31 137
31 139
31 142
31 144
31 145
31 146
31 152
31 153
31 154
31 158
31 160
31 163
31 164
31 165
31 166
31 167
31 170
31 171
31 172
31 173
31 174
31 175
31 177
31 178
31 180
31 181
31 182
31 183
31 184
31 185
31 187
31 189
31 190
31 195
31 196
31 197
31 198
32 33
32 34
32 36
32 38
32 42
32 43
32 44
32 45
32 47
32 48
32 50
32 51
32 52
32 54
32 56
32 57
32 58
32 65
32 66
32 67
32 70
32 71
32 72
32 73
32 76
32 80
32 81
32 82
32 86
32 87
32 88
32 90
32 91
32 93
32 99
32 100
32 101
32 102
32 104
32 105
32 106
32 108
32 109
32 111
32 112
32 116
32 118
32 120
32 124
32 128
32 130
32 131
32 132
32 134
32 135
32 138
32 139
32 140
32 142
32 145
32 147
32 149
32 150
32 151
32 152
32 153
32 154
32 155
32 156
32 157
32 159
32 160
32 165
32 167
32 168
32 169
32 171
32 172
32 177
32 179
32 185
32 188
32 189
32 190
32 191
32 192
32 193
32 195
32 196
32 199
33 34
33 35
33 37
33 38
33 40
33 41
33 42
33 43
33 44
33 46
33 47
33 48
33 49
33 51
33 52
33 53
33 54
33 55
33 56
33 57
33 58
33 59
33 60
33 61
33 62
33 63
33 64
33 65
33 66
33 67
33 68
33 69
33 70
33 72
33 73
33 74
33 76
33 77
33 78
33 79
33 83
33 84
33 85
33 86
33 87
33 90
33 91
33 93
33 94
33 95
33 100
33 104
33 106
33 108
33 109
33 111
33 113
33 114
33 116
33 117
33 118
33 126
33 127
33 128
33 129
33 132
33 133
33 134
33 136
33 137
33 139
33 140
33 144
33 145
33 146
33 149
33 150
33 151
33 153
33 161
33 163
33 167
33 168
33 169
33 170
33 172
33 174
33 176
33 178
33 180
33 181
33 183
33 184
33 187
33 188
33 193
33 195
33 196
33 197
33 198
33 199
34 36
34 38
34 39
34 40
34 41
34 42
34 43
34 46
34 49
34 51
34 52
34 54
34 55
34 59
34 61
34 62
34 63
34 64
34 65
34 66
34 67
34 68
34 69
34 71
34 73
34 74
34 77
34 78
34 79
34 81
34 82
34 84
34 89
34 90
34 92
34 93
34 94
34 95
34 99
34 100
34 102
34 103
34 105
34 106
34 107
34 108
34 109
34 111
34 112
34 114
34 116
34 118
34 120
34 121
34 124
34 125
34 126
34 129
34 131
34 132
34 133
34 138
34 139
34 140
34 142
34 145
34 146
34 147
34 148
34 149
34 150
34 151
34 152
34 153
34 154
34 155
34 159
34 161
34 162
34 164
34 165
34 169
34 170
34 173
34 174
34 175
34 177
34 178
34 179
34 180
34 181
34 182
34 183
34 186
34 187
34 188
34 189
34 190
34 191
34 195
34 196
34 197
34 198
34 199
35 37
35 38
35 39
35 40
35 41
35 42
35 44
35 45
35 46
35 47
35 48
35 49
35 50
35 52
35 55
35 56
35 57
35 59
35 61
35 62
35 63
35 64
35 69
35 70
35 73
35 74
35 77
35 79
35 81
35 82
35 84
35 88
35 89
35 91
35 92
35 93
35 94
35 95
35 96
35 98
35 99
35 100
35 102
35 104
35 105
35 106
35 107
35 109
35 110
35 111
35 112
35 114
35 115
35 118
35 120
35 122
35 124
35 125
35 126
35 127
35 133
35 136
35 137
35 143
35 144
35 145
35 146
35 149
35 152
35 153
35 154
35 155
35 156
35 158
35 163
35 164
35 165
35 166
35 170
35 171
35 173
35 175
35 176
35 177
35 178
35 180
35 183
35 184
35 187
35 188
35 189
35 190
35 191
35 192
35 195
35 196
35 198
35 199
36 39
36 42
36 43
36 44
36 46
36 48
36 53
36 54
36 56
36 60
36 64
36 66
36 67
36 68
36 69
36 71
36 73
36 78
36 81
36 83
36 84
36 86
36 87
36 88
36 89
36 92
36 93
36 96
36 97
36 98
36 99
36 101
36 106
36 110
36 111
36 112
36 114
36 115
36 116
36 117
36 118
36 121
36 122
36 123
36 124
36 125
36 126
36 127
36 128
36 130
36 131
36 132
36 136
36 137
36 140
36 141
36 143
36 144
36 149
36 151
36 152
36 154
36 155
36 159
36 160
36 161
36 162
36 163
36 164
36 166
36 167
36 171
36 172
36 173
36 174
36 175
36 177
36 180
36 181
36 182
36 183
36 184
36 190
36 194
36 196
36 197
36 199
37 38
37 39
37 40
37 41
37 44
37 46
37 47
37 48
37 50
37 51
37 52
37 53
37 55
37 56
37 58
37 59
37 61
37 63
37 64
37 70
37 73
37 75
37 77
37 78
37 81
37 82
37 85
37 87
37 88
37 91
37 92
37 93
37 94
37 96
37 97
37 99
37 101
37 103
37 105
37 106
37 107
37 108
37 111
37 112
37 113
37 114
37 115
37 120
37 121
37 125
37 126
37 129
37 131
37 133
37 134
37 136
37 138
37 139
37 140
37 143
37 146
37 147
37 148
37 151
37 152
37 154
37 155
37 158
37 160
37 161
37 162
37 163
37 164
37 167
37 168
37 169
37 171
37 172
37 173
37 174
37 175
37 176
37 177
37 178
37 180
37 182
37 183
37 184
37 187
37 190
37 192
37 194
37 196
37 197
37 198
37 199
38 42
38 45
38 46
38 47
38 48
38 49
38 52
38 53
38 54
38 55
38 57
38 62
38 63
38 64
38 67
38 68
38 69
38 70
38 72
38 73
38 75
38 77
38 78
38 80
38 81
38 82
38 84
38 85
38 86
38 87
38 88
38 90
38 91
38 92
38 93
38 94
38 95
38 99
38 100
38 101
38 104
38 105
38 106
38 108
38 112
38 118
38 119
38 120
38 121
38 122
38 124
38 125
38 126
38 128
38 129
38 130
38 132
38 135
38 136
38 137
38 138
38 140
38 141
38 142
38 143
38 145
38 147
38 148
38 151
38 152
38 153
38 156
38 159
38 161
38 162
38 163
38 164
38 165
38 166
38 168
38 169
38 171
38 175
38 176
38 179
38 180
38 181
38 183
38 184
38 185
38 186
38 191
38 192
38 193
38 194
38 197
38 198
38 199
39 40
39 41
39 43
39 45
39 46
39 47
39 49
39 50
39 56
39 58
39 59
39 61
39 62
39 63
39 64
39 66
39 67
39 69
39 73
39 75
39 77
39 79
39 80
39 81
39 84
39 86
39 87
39 88
39 89
39 90
39 91
39 93
39 94
39 96
39 97
39 99
39 100
39 101
39 102
39 103
39 107
39 108
39 109
39 110
39 112
39 113
39 116
39 118
39 120
39 121
39 123
39 124
39 125
39 126
39 127
39 128
39 129
39 131
39 132
39 133
39 134
39 135
39 136
39 137
39 139
39 140
39 141
39 142
39 144
39 145
39 146
39 151
39 152
39 153
39 154
39 155
39 156
39 159
39 160
39 161
39 162
39 163
39 164
39 165
39 167
39 168
39 172
39 177
39 178
39 179
39 181
39 183
39 187
39 188
39 190
39 191
39 193
39 194
39 195
39 196
39 197
39 198
39 199
40 41
40 43
40 45
40 47
40 48
40 50
40 51
40 52
40 55
40 57
40 58
40 59
40 65
40 67
40 69
40 71
40 72
40 73
40 76
40 77
40 78
40 80
40 81
40 84
40 85
40 86
40 87
40 89
40 93
40 95
40 96
40 97
40 101
40 102
40 103
40 104
40 105
40 106
40 108
40 109
40 111
40 116
40 118
40 120
40 121
40 123
40 131
40 135
40 136
40 139
40 141
40 142
40 145
40 148
40 149
40 150
40 152
40 153
40 154
40 157
40 161
40 162
40 163
40 164
40 166
40 168
40 170
40 171
40 172
40 173
40 175
40 176
40 177
40 178
40 179
40 181
40 182
40 183
40 184
40 185
40 188
40 190
40 192
40 194
40 195
40 196
40 197
40 199
41 42
41 43
41 44
41 45
41 47
41 48
41 53
41 56
41 57
41 58
41 59
41 60
41 61
41 62
41 63
41 65
41 66
41 70
41 71
41 72
41 73
41 74
41 76
41 77
41 78
41 79
41 80
41 81
41 85
41 86
41 87
41 89
41 90
41 91
41 92
41 93
41 94
41 95
41 96
41 99
41 101
41 103
41 104
41 105
41 106
41 107
41 108
41 110
41 112
41 113
41 114
41 115
41 117
41 118
41 120
41 121
41 122
41 123
41 125
41 127
41 128
41 131
41 133
41 134
41 136
41 138
41 139
41 140
41 141
41 149
41 150
41 154
41 155
41 157
41 160
41 161
41 162
41 163
41 165
41 169
41 170
41 173
41 175
41 176
41 177
41 179
41 180
41 181
41 182
41 183
41 184
41 185
41 188
41 189
41 190
41 192
41 193
41 195
41 196
41 198
42 43
42 44
42 45
42 46
42 48
42 49
42 51
42 53
42 55
42 58
42 62
42 63
42 64
42 65
42 66
42 72
42 73
42 76
42 82
42 83
42 86
42 89
42 91
42 92
42 93
42 95
42 96
42 97
42 99
42 100
42 101
42 103
42 104
42 106
42 107
42 109
42 112
42 114
42 115
42 116
42 118
42 120
42 121
42 122
42 123
42 124
42 126
42 128
42 129
42 130
42 131
42 133
42 136
42 137
42 138
42 139
42 140
42 147
42 148
42 149
42 150
42 151
42 153
42 154
42 156
42 157
42 159
42 160
42 161
42 164
42 166
42 169
42 170
42 171
42 172
42 174
42 177
42 178
42 180
42 183
42 184
42 185
42 186
42 189
42 190
42 191
42 192
42 194
42 199
43 44
43 45
43 46
43 47
43 48
43 49
43 53
43 55
43 56
43 57
43 59
43 61
43 62
43 63
43 70
43 71
43 72
43 78
43 79
43 80
43 82
43 90
43 91
43 94
43 96
43 97
43 99
43 100
43 101
43 102
43 103
43 104
43 105
43 106
43 108
43 110
43 111
43 113
43 115
43 119
43 121
43 123
43 124
43 125
43 126
43 127
43 128
43 129
43 133
43 134
43 135
43 136
43 139
43 141
43 142
43 146
43 149
43 150
43 152
43 153
43 154
43 156
43 160
43 161
43 163
43 164
43 167
43 168
43 169
43 171
43 172
43 174
43 175
43 176
43 177
43 178
43 179
43 180
43 181
43 182
43 183
43 185
43 187
43 189
43 190
43 191
43 194
43 197
43 198
43 199
44 46
44 47
44 49
44 50
44 52
44 55
44 56
44 61
44 63
44 64
44 66
44 68
44 71
44 73
44 76
44 81
44 84
44 85
44 86
44 87
44 88
44 89
44 90
44 93
44 94
44 95
44 96
44 97
44 99
44 100
44 101
44 102
44 104
44 107
44 108
44 110
44 113
44 115
44 119
44 120
44 121
44 122
44 123
44 124
44 125
44 127
44 128
44 131
44 132
44 133
44 135
44 136
44 138
44 140
44 142
44 143
44 144
44 145
44 146
44 148
44 152
44 159
44 160
44 161
44 162
44 165
44 166
44 167
44 172
44 173
44 174
44 175
44 177
44 179
44 180
44 181
44 182
44 183
44 184
44 185
44 186
44 187
44 189
44 192
44 194
44 195
44 196
44 197
45 49
45 51
45 54
45 55
45 56
45 61
45 62
45 64
45 66
45 68
45 69
45 73
45 75
45 76
45 77
45 78
45 79
45 80
45 81
45 82
45 83
45 84
45 87
45 89
45 90
45 91
45 93
45 94
45 96
45 98
45 100
45 101
45 102
45 110
45 111
45 114
45 115
45 116
45 118
45 119
45 121
45 122
45 123
45 124
45 126
45 127
45 129
45 130
45 131
45 132
45 137
45 140
45 141
45 142
45 145
45 148
45 149
45 150
45 151
45 156
45 157
45 158
45 160
45 161
45 164
45 165
45 166
45 167
45 168
45 169
45 170
45 173
45 174
45 175
45 176
45 177
45 181
45 183
45 185
45 188
45 189
45 190
45 192
45 196
45 198
46 48
46 50
46 52
46 53
46 54
46 57
46 58
46 59
46 60
46 63
46 66
46 67
46 68
46 69
46 70
46 73
46 76
46 80
46 81
46 82
46 84
46 86
46 87
46 88
46 89
46 90
46 91
46 94
46 99
46 101
46 104
46 106
46 107
46 108
46 109
46 110
46 111
46 114
46 115
46 120
46 121
46 122
46 125
46 127
46 128
46 129
46 130
46 132
46 133
46 134
46 135
46 136
46 137
46 138
46 139
46 140
46 142
46 144
46 150
46 151
46 152
46 153
46 157
46 158
46 160
46 164
46 165
46 167
46 168
46 169
46 172
46 173
46 174
46 175
46 179
46 182
46 183
46 184
46 185
46 187
46 189
46 190
46 191
46 192
46 194
46 195
46 198
46 199
47 48
47 49
47 51
47 52
47 54
47 55
47 56
47 57
47 59
47 60
47 61
47 63
47 66
47 69
47 70
47 71
47 74
47 75
47 76
47 77
47 78
47 79
47 80
47 81
47 82
47 84
47 85
47 87
47 89
47 91
47 92
47 93
47 94
47 95
47 99
47 100
47 101
47 106
47 109
47 111
47 114
47 115
47 117
47 118
47 119
47 120
47 121
47 123
47 125
47 126
47 128
47 129
47 130
47 131
47 133
47 134
47 135
47 136
47 137
47 140
47 141
47 142
47 144
47 147
47 149
47 151
47 152
47 154
47 158
47 159
47 162
47 163
47 165
47 166
47 167
47 168
47 170
47 171
47 172
47 173
47 174
47 175
47 178
47 179
47 181
47 182
47 184
47 185
47 186
47 187
47 189
47 190
47 195
47 196
47 198
48 49
48 50
48 51
48 52
48 53
48 55
48 56
48 57
48 58
48 59
48 61
48 64
48 66
48 67
48 69
48 73
48 75
48 77
48 78
48 79
48 81
48 83
48 84
48 87
48 89
48 92
48 94
48 95
48 96
48 97
48 100
48 101
48 102
48 103
48 104
48 106
48 109
48 110
48 111
48 112
48 114
48 115
48 116
48 117
48 119
48 122
48 123
48 124
48 125
48 126
48 127
48 133
48 135
48 137
48 139
48 140
48 141
48 142
48 143
48 146
48 147
48 148
48 150
48 152
48 153
48 154
48 155
48 157
48 159
48 163
48 164
48 168
48 169
48 170
48 173
48 175
48 181
48 182
48 183
48 185
48 186
48 188
48 189
48 191
48 193
48 194
48 196
48 197
48 198
48 199
49 50
49 52
49 55
49 56
49 57
49 58
49 61
49 63
49 65
49 68
49 70
49 71
49 73
49 75
49 76
49 77
49 80
49 83
49 85
49 86
49 87
49 88
49 89
49 90
49 91
49 92
49 93
49 94
49 96
49 97
49 98
49 100
49 102
49 103
49 105
49 107
49 109
49 110
49 111
49 112
49 113
49 114
49 115
49 116
49 118
49 119
49 120
49 121
49 123
49 124
49 125
49 126
49 130
49 132
49 133
49 134
49 135
49 136
49 139
49 140
49 141
49 142
49 145
49 147
49 148
49 153
49 154
49 155
49 157
49 158
49 159
49 160
49 165
49 166
49 167
49 169
49 172
49 173
49 175
49 177
49 180
49 184
49 185
49 186
49 189
49 190
49 191
49 192
49 193
49 194
49 196
49 198
49 199
50 51
50 53
50 54
50 55
50 57
50 59
50 60
50 61
50 62
50 64
50 65
50 68
50 71
50 72
50 77
50 78
50 79
50 80
50 82
50 83
50 85
50 86
50 87
50 88
50 90
50 91
50 94
50 97
50 98
50 101
50 102
50 103
50 104
50 108
50 112
50 113
50 115
50 117
50 119
50 120
50 121
50 122
50 123
50 124
50 125
50 126
50 128
50 129
50 130
50 131
50 132
50 134
50 135
50 136
50 137
50 138
50 139
50 141
50 142
50 143
50 144
50 148
50 149
50 150
50 152
50 154
50 157
50 158
50 159
50 161
50 162
50 164
50 165
50 166
50 167
50 168
50 169
50 170
50 173
50 176
50 178
50 180
50 181
50 184
50 188
50 189
50 190
50 191
50 192
50 196
51 52
51 53
51 56
51 57
51 59
51 61
51 62
51 65
51 68
51 73
51 75
51 76
51 77
51 78
51 79
51 80
51 86
51 87
51 89
51 91
51 92
51 94
51 95
51 96
51 97
51 98
51 99
51 101
51 102
51 103
51 104
51 105
51 107
51 109
51 111
51 115
51 117
51 118
51 120
51 121
51 122
51 124
51 126
51 127
51 129
51 131
51 132
51 133
51 135
51 137
51 140
51 141
51 142
51 144
51 146
51 147
51 149
51 150
51 151
51 154
51 155
51 156
51 157
51 161
51 164
51 166
51 167
51 169
51 170
51 172
51 177
51 178
51 179
51 180
51 181
51 182
51 183
51 184
51 186
51 187
51 188
51 190
51 192
51 193
51 194
51 195
51 197
51 199
52 53
52 54
52 55
52 57
52 60
52 61
52 63
52 64
52 65
52 66
52 68
52 70
52 72
52 78
52 80
52 81
52 83
52 85
52 86
52 88
52 89
52 90
52 91
52 92
52 93
52 94
52 95
52 96
52 101
52 102
52 105
52 106
52 107
52 110
52 112
52 115
52 116
52 118
52 119
52 121
52 122
52 123
52 124
52 125
52 129
52 130
52 131
52 133
52 134
52 135
52 138
52 139
52 143
52 144
52 145
52 148
52 149
52 152
52 153
52 154
52 155
52 157
52 158
52 159
52 162
52 163
52 164
52 165
52 166
52 167
52 168
52 170
52 172
52 173
52 175
52 176
52 178
52 183
52 184
52 185
52 188
52 190
52 193
52 194
52 196
52 197
52 198
53 56
53 57
53 58
53 59
53 61
53 62
53 63
53 64
53 68
53 71
53 72
53 74
53 79
53 80
53 82
53 84
53 85
53 86
53 88
53 89
53 92
53 93
53 96
53 100
53 101
53 102
53 103
53 105
53 109
53 110
53 113
53 114
53 115
53 117
53 121
53 126
53 127
53 129
53 132
53 133
53 136
53 137
53 139
53 140
53 141
53 142
53 143
53 145
53 148
53 149
53 151
53 152
53 154
53 155
53 156
53 157
53 158
53 160
53 161
53 162
53 166
53 168
53 170
53 171
53 176
53 179
53 182
53 184
53 185
53 186
53 187
53 188
53 190
53 191
53 192
53 194
53 196
53 198
54 55
54 56
54 57
54 59
54 60
54 61
54 62
54 64
54 65
54 66
54 68
54 69
54 70
54 71
54 72
54 74
54 75
54 76
54 77
54 78
54 81
54 83
54 84
54 86
54 87
54 88
54 90
54 92
54 94
54 96
54 97
54 99
54 102
54 106
54 108
54 110
54 114
54 116
54 117
54 118
54 119
54 120
54 121
54 123
54 124
54 126
54 128
54 129
54 130
54 133
54 136
54 137
54 138
54 139
54 140
54 141
54 142
54 143
54 144
54 147
54 148
54 149
54 150
54 151
54 153
54 155
54 159
54 160
54 162
54 167
54 169
54 172
54 174
54 175
54 176
54 177
54 178
54 179
54 180
54 182
54 184
54 185
54 191
54 192
54 195
54 196
54 197
54 198
54 199
55 56
55 61
55 62
55 63
55 65
55 66
55 68
55 69
55 72
55 73
55 77
55 80
55 82
55 85
55 90
55 92
55 94
55 95
55 99
55 102
55 104
55 105
55 106
55 108
55 112
55 114
55 115
55 116
55 119
55 120
55 121
55 123
55 127
55 130
55 131
55 132
55 137
55 139
55 140
55 142
55 143
55 144
55 145
55 146
55 147
55 148
55 152
55 154
55 158
55 159
55 160
55 161
55 164
55 165
55 166
55 167
55 168
55 170
55 171
55 172
55 173
55 174
55 175
55 176
55 178
55 179
55 180
55 181
55 182
55 183
55 185
55 186
55 187
55 188
55 189
55 192
55 194
55 195
55 196
55 197
56 57
56 58
56 60
56 62
56 63
56 67
56 68
56 69
56 71
56 73
56 74
56 75
56 76
56 77
56 79
56 80
56 81
56 82
56 83
56 84
56 85
56 86
56 87
56 88
56 91
56 93
56 94
56 96
56 98
56 101
56 102
56 103
56 107
56 108
56 109
56 111
56 112
56 119
56 120
56 122
56 126
56 127
56 128
56 130
56 131
56 133
56 134
56 135
56 136
56 139
56 140
56 142
56 143
56 145
56 147
56 149
56 150
56 153
56 158
56 161
56 162
56 163
56 164
56 165
56 167
56 169
56 170
56 171
56 172
56 173
56 174
56 175
56 177
56 180
56 181
56 183
56 184
56 188
56 190
56 191
56 193
56 195
56 196
57 59
57 62
57 64
57 66
57 70
57 73
57 74
57 76
57 77
57 78
57 81
57 83
57 84
57 85
57 89
57 91
57 92
57 94
57 95
57 96
57 97
57 98
57 99
57 101
57 102
57 103
57 104
57 105
57 106
57 107
57 108
57 111
57 112
57 113
57 115
57 116
57 117
57 119
57 122
57 123
57 125
57 126
57 127
57 129
57 132
57 133
57 136
57 138
57 142
57 145
57 147
57 148
57 149
57 150
57 151
57 152
57 153
57 154
57 155
57 156
57 159
57 162
57 169
57 172
57 173
57 174
57 176
57 177
57 178
57 179
57 181
57 182
57 183
57 186
57 187
57 190
57 193
57 195
57 197
57 198
57 199
58 59
58 60
58 61
58 65
58 66
58 67
58 68
58 70
58 71
58 72
58 73
58 75
58 76
58 77
58 79
58 80
58 82
58 83
58 84
58 86
58 88
58 89
58 90
58 94
58 95
58 96
58 98
58 99
58 100
58 102
58 103
58 106
58 108
58 109
58 110
58 111
58 112
58 113
58 114
58 115
58 117
58 119
58 120
58 121
58 123
58 124
58 125
58 126
58 127
58 132
58 133
58 134
58 135
58 136
58 137
58 138
58 142
58 145
58 146
58 147
58 148
58 149
58 151
58 154
58 155
58 156
58 157
58 158
58 159
58 161
58 163
58 164
58 165
58 166
58 167
58 169
58 170
58 171
58 173
58 177
58 179
58 183
58 184
58 187
58 190
58 191
58 193
58 199
59 61
59 62
59 63
59 65
59 66
59 68
59 69
59 71
59 72
59 73
59 74
59 75
59 77
59 78
59 80
59 81
59 84
59 86
59 88
59 93
59 94
59 96
59 97
59 98
59 100
59 101
59 102
59 104
59 105
59 108
59 109
59 112
59 113
59 114
59 116
59 119
59 120
59 123
59 125
59 126
59 130
59 131
59 132
59 133
59 135
59 137
59 138
59 139
59 140
59 142
59 145
59 149
59 150
59 153
59 156
59 157
59 158
59 159
59 160
59 161
59 164
59 165
59 168
59 173
59 176
59 177
59 179
59 180
59 181
59 182
59 183
59 184
59 185
59 186
59 191
59 192
59 193
59 196
59 197
60 62
60 63
60 66
60 67
60 68
60 69
60 70
60 71
60 72
60 73
60 79
60 80
60 83
60 84
60 85
60 86
60 88
60 89
60 91
60 92
60 93
60 94
60 95
60 96
60 98
60 101
60 105
60 109
60 110
60 111
60 113
60 116
60 117
60 119
60 120
60 121
60 122
60 124
60 126
60 127
60 130
60 131
60 132
60 134
60 135
60 137
60 139
60 140
60 143
60 144
60 145
60 147
60 149
60 150
60 151
60 154
60 155
60 161
60 162
60 163
60 164
60 165
60 166
60 168
60 169
60 170
60 172
60 174
60 175
60 177
60 178
60 179
60 180
60 181
60 182
60 183
60 184
60 185
60 187
60 188
60 190
60 191
60 196
60 197
60 199
61 64
61 65
61 66
61 67
61 68
61 69
61 70
61 73
61 76
61 78
61 80
61 82
61 84
61 85
61 86
61 88
61 89
61 90
61 91
61 93
61 95
61 98
61 99
61 101
61 102
61 104
61 105
61 106
61 107
61 108
61 111
61 112
61 113
61 115
61 116
61 117
61 118
61 119
61 123
61 124
61 125
61 126
61 127
61 128
61 130
61 131
61 135
61 136
61 137
61 140
61 141
61 142
61 145
61 146
61 147
61 148
61 156
61 158
61 159
61 160
61 161
61 163
61 164
61 165
61 166
61 167
61 168
61 169
61 171
61 174
61 175
61 177
61 178
61 181
61 182
61 184
61 185
61 186
61 187
61 189
61 190
61 191
61 194
61 195
61 197
61 198
62 63
62 65
62 66
62 67
62 69
62 71
62 72
62 75
62 76
62 79
62 80
62 81
62 82
62 86
62 87
62 93
62 94
62 95
62 96
62 99
62 100
62 101
62 104
62 105
62 106
62 107
62 108
62 109
62 110
62 111
62 115
62 117
62 118
62 120
62 123
62 124
62 125
62 129
62 130
62 131
62 132
62 133
62 136
62 141
62 142
62 146
62 147
62 148
62 150
62 151
62 154
62 155
62 156
62 158
62 159
62 160
62 162
62 163
62 164
62 165
62 168
62 171
62 173
62 174
62 175
62 176
62 177
62 178
62 179
62 180
62 181
62 182
62 184
62 187
62 190
62 194
62 195
62 197
62 198
62 199
63 64
63 65
63 67
63 70
63 72
63 74
63 75
63 77
63 79
63 81
63 85
63 86
63 90
63 91
63 92
63 93
63 94
63 96
63 98
63 99
63 100
63 101
63 103
63 106
63 108
63 110
63 111
63 112
63 113
63 114
63 115
63 116
63 118
63 119
63 120
63 126
63 127
63 128
63 129
63 131
63 133
63 134
63 136
63 137
63 138
63 139
63 142
63 147
63 148
63 149
63 150
63 151
63 152
63 154
63 155
63 158
63 159
63 160
63 161
63 162
63 164
63 166
63 167
63 168
63 172
63 174
63 177
63 178
63 181
63 182
63 183
63 186
63 187
63 188
63 189
63 192
63 193
63 194
63 195
63 197
63 199
64 65
64 66
64 67
64 68
64 69
64 70
64 71
64 75
64 76
64 77
64 78
64 79
64 83
64 85
64 87
64 88
64 89
64 90
64 93
64 94
64 96
64 98
64 99
64 104
64 105
64 108
64 111
64 113
64 114
64 117
64 118
64 119
64 120
64 121
64 123
64 124
64 125
64 126
64 128
64 129
64 131
64 132
64 133
64 136
64 139
64 144
64 146
64 147
64 150
64 151
64 154
64 156
64 157
64 160
64 162
64 163
64 164
64 166
64 167
64 168
64 170
64 171
64 172
64 174
64 175
64 177
64 178
64 179
64 180
64 183
64 184
64 189
64 190
64 191
64 194
64 195
64 196
64 198
64 199
65 66
65 67
65 70
65 72
65 73
65 74
65 76
65 77
65 78
65 79
65 80
65 81
65 83
65 84
65 85
65 86
65 88
65 89
65 94
65 95
65 96
65 97
65 100
65 101
65 102
65 104
65 105
65 106
65 107
65 108
65 111
65 112
65 113
65 114
65 116
65 117
65 119
65 120
65 121
65 123
65 124
65 125
65 126
65 127
65 128
65 129
65 130
65 131
65 133
65 134
65 135
65 140
65 144
65 150
65 151
65 152
65 153
65 154
65 155
65 157
65 158
65 159
65 161
65 166
65 168
65 169
65 170
65 173
65 175
65 176
65 177
65 178
65 179
65 180
65 183
65 185
65 187
65 188
65 190
65 192
65 193
65 194
65 195
65 196
65 197
66 68
66 71
66 72
66 75
66 76
66 77
66 78
66 79
66 80
66 82
66 84
66 85
66 86
66 89
66 91
66 92
66 93
66 94
66 95
66 96
66 97
66 98
66 99
66 100
66 101
66 102
66 104
66 105
66 107
66 108
66 109
66 114
66 115
66 116
66 117
66 120
66 123
66 125
66 128
66 131
66 133
66 134
66 135
66 136
66 138
66 142
66 143
66 144
66 146
66 148
66 149
66 150
66 152
66 154
66 155
66 156
66 159
66 160
66 161
66 164
66 165
66 166
66 167
66 168
66 169
66 171
66 172
66 175
66 177
66 179
66 180
66 181
66 184
66 186
66 187
66 188
66 189
66 191
66 193
66 195
66 197
66 198
67 68
67 69
67 74
67 76
67 77
67 80
67 82
67 84
67 85
67 86
67 87
67 91
67 92
67 93
67 94
67 95
67 97
67 98
67 99
67 101
67 103
67 104
67 105
67 107
67 108
67 109
67 110
67 111
67 115
67 118
67 119
67 120
67 121
67 125
67 126
67 127
67 128
67 129
67 130
67 132
67 133
67 135
67 137
67 138
67 139
67 140
67 141
67 146
67 147
67 148
67 149
67 152
67 153
67 156
67 157
67 158
67 160
67 161
67 163
67 164
67 165
67 168
67 169
67 171
67 172
67 174
67 176
67 177
67 179
67 180
67 183
67 187
67 188
67 189
67 190
67 191
67 194
67 196
67 197
68 74
68 75
68 77
68 78
68 79
68 80
68 83
68 84
68 85
68 87
68 88
68 91
68 92
68 94
68 95
68 96
68 97
68 98
68 99
68 104
68 106
68 107
68 112
68 113
68 114
68 116
68 117
68 120
68 121
68 123
68 124
68 125
68 128
68 133
68 134
68 135
68 137
68 138
68 139
68 141
68 142
68 143
68 145
68 146
68 149
68 152
68 153
68 154
68 155
68 158
68 160
68 161
68 162
68 165
68 167
68 168
68 170
68 172
68 175
68 179
68 181
68 182
68 183
68 185
68 186
68 188
68 189
68 192
68 193
68 194
68 195
68 196
68 197
69 70
69 74
69 75
69 80
69 82
69 83
69 84
69 85
69 86
69 90
69 97
69 98
69 99
69 104
69 105
69 106
69 107
69 109
69 110
69 112
69 113
69 114
69 115
69 116
69 117
69 118
69 119
69 120
69 121
69 123
69 124
69 125
69 127
69 128
69 129
69 130
69 131
69 137
69 141
69 142
69 144
69 145
69 146
69 147
69 148
69 149
69 154
69 156
69 157
69 158
69 159
69 161
69 163
69 172
69 173
69 174
69 176
69 177
69 178
69 179
69 180
69 183
69 184
69 186
69 187
69 190
69 191
69 192
69 193
69 194
69 195
69 196
69 197
69 198
69 199
70 71
70 72
70 73
70 74
70 75
70 77
70 78
70 83
70 84
70 85
70 87
70 89
70 90
70 93
70 94
70 95
70 96
70 98
70 101
70 102
70 103
70 106
70 107
70 109
70 110
70 111
70 112
70 113
70 118
70 119
70 123
70 124
70 127
70 128
70 130
70 131
70 136
70 138
70 139
70 140
70 141
70 143
70 144
70 145
70 147
70 150
70 151
70 152
70 154
70 155
70 156
70 157
70 158
70 159
70 160
70 161
70 162
70 163
70 166
70 167
70 168
70 172
70 173
70 174
70 175
70 176
70 178
70 182
70 184
70 186
70 187
70 188
70 189
70 191
70 192
70 193
70 195
70 196
70 197
70 198
70 199
71 74
71 78
71 79
71 81
71 82
71 84
71 85
71 87
71 88
71 89
71 90
71 91
71 92
71 93
71 95
71 96
71 101
71 102
71 103
71 104
71 105
71 108
71 109
71 110
71 112
71 113
71 114
71 115
71 116
71 117
71 118
71 119
71 120
71 121
71 123
71 128
71 130
71 133
71 134
71 135
71 136
71 137
71 140
71 142
71 144
71 146
71 148
71 149
71 150
71 151
71 152
71 153
71 155
71 157
71 158
71 159
71 162
71 165
71 167
71 169
71 170
71 172
71 175
71 179
71 180
71 181
71 182
71 186
71 187
71 188
71 189
71 190
71 192
71 195
71 196
71 197
72 73
72 74
72 76
72 77
72 78
72 80
72 81
72 82
72 83
72 85
72 87
72 88
72 92
72 93
72 95
72 96
72 98
72 99
72 100
72 102
72 105
72 106
72 109
72 110
72 111
72 113
72 115
72 116
72 117
72 121
72 122
72 123
72 125
72 126
72 128
72 130
72 131
72 132
72 134
72 136
72 137
72 138
72 140
72 141
72 142
72 143
72 144
72 145
72 146
72 147
72 148
72 150
72 151
72 153
72 154
72 156
72 158
72 159
72 160
72 163
72 164
72 165
72 166
72 167
72 171
72 172
72 174
72 175
72 176
72 177
72 178
72 179
72 181
72 183
72 185
72 187
72 188
72 189
72 190
72 191
72 193
72 194
72 195
72 197
72 199
73 77
73 78
73 80
73 83
73 84
73 85
73 90
73 93
73 94
73 95
73 96
73 99
73 100
73 101
73 104
73 105
73 107
73 108
73 109
73 110
73 113
73 114
73 115
73 116
73 117
73 118
73 119
73 120
73 123
73 126
73 127
73 128
73 131
73 132
73 133
73 134
73 136
73 138
73 139
73 142
73 144
73 145
73 146
73 149
73 150
73 151
73 152
73 153
73 154
73 155
73 156
73 157
73 158
73 159
73 161
73 162
73 164
73 165
73 169
73 170
73 171
73 173
73 174
73 175
73 181
73 182
73 184
73 185
73 186
73 187
73 188
73 191
73 195
73 196
73 198
74 75
74 77
74 78
74 80
74 81
74 82
74 83
74 85
74 86
74 88
74 90
74 91
74 93
74 95
74 99
74 101
74 103
74 104
74 105
74 107
74 110
74 115
74 118
74 119
74 120
74 121
74 123
74 124
74 126
74 127
74 128
74 133
74 135
74 137
74 138
74 139
74 140
74 141
74 142
74 144
74 145
74 146
74 149
74 153
74 154
74 155
74 156
74 157
74 160
74 162
74 163
74 166
74 167
74 170
74 171
74 175
74 176
74 179
74 183
74 184
74 185
74 187
74 189
74 190
74 191
74 192
74 193
74 196
75 76
75 78
75 79
75 80
75 82
75 84
75 86
75 87
75 89
75 91
75 92
75 93
75 94
75 97
75 100
75 101
75 104
75 105
75 106
75 108
75 110
75 112
75 113
75 114
75 115
75 116
75 117
75 119
75 121
75 122
75 123
75 125
75 126
75 128
75 130
75 131
75 132
75 133
75 134
75 135
75 136
75 137
75 139
75 141
75 142
75 143
75 144
75 145
75 147
75 148
75 150
75 153
75 156
75 157
75 158
75 160
75 161
75 162
75 165
75 166
75 167
75 168
75 169
75 170
75 171
75 172
75 173
75 177
75 178
75 180
75 181
75 183
75 185
75 186
75 187
75 188
75 189
75 191
75 193
75 194
75 195
75 197
76 77
76 78
76 79
76 80
76 81
76 82
76 83
76 86
76 88
76 89
76 90
76 91
76 92
76 95
76 98
76 99
76 100
76 101
76 103
76 104
76 107
76 108
76 109
76 111
76 112
76 115
76 118
76 120
76 121
76 128
76 130
76 131
76 132
76 134
76 136
76 137
76 141
76 144
76 146
76 147
76 148
76 150
76 153
76 155
76 157
76 158
76 159
76 160
76 162
76 164
76 168
76 170
76 172
76 175
76 178
76 184
76 185
76 190
76 191
76 192
76 193
76 195
76 196
76 198
76 199
77 78
77 80
77 82
77 83
77 85
77 88
77 91
77 92
77 94
77 95
77 97
77 98
77 99
77 100
77 101
77 102
77 103
77 104
77 105
77 107
77 108
77 111
77 113
77 114
77 115
77 116
77 117
77 118
77 119
77 120
77 121
77 123
77 124
77 125
77 128
77 129
77 130
77 132
77 135
77 137
77 138
77 139
77 142
77 143
77 144
77 145
77 147
77 149
77 152
77 153
77 154
77 155
77 157
77 161
77 163
77 168
77 169
77 171
77 172
77 175
77 176
77 180
77 181
77 182
77 183
77 184
77 185
77 186
77 187
77 188
77 189
77 190
77 191
77 195
77 196
77 197
77 199
78 81
78 83
78 85
78 86
78 87
78 89
78 93
78 94
78 95
78 96
78 97
78 99
78 101
78 102
78 105
78 106
78 107
78 108
78 109
78 110
78 111
78 112
78 114
78 115
78 116
78 117
78 121
78 123
78 124
78 125
78 126
78 127
78 129
78 132
78 134
78 135
78 136
78 137
78 138
78 140
78 141
78 145
78 148
78 150
78 153
78 154
78 155
78 157
78 159
78 160
78 161
78 162
78 163
78 164
78 165
78 166
78 167
78 169
78 170
78 171
78 172
78 174
78 176
78 178
78 179
78 180
78 181
78 182
78 183
78 184
78 185
78 187
78 191
78 192
78 193
78 196
78 197
78 198
78 199
79 80
79 82
79 83
79 86
79 87
79 90
79 91
79 92
79 96
79 97
79 98
79 100
79 101
79 102
79 103
79 105
79 107
79 108
79 110
79 111
79 112
79 113
79 114
79 115
79 116
79 117
79 118
79 125
79 126
79 129
79 131
79 132
79 133
79 134
79 135
79 136
79 138
79 140
79 141
79 143
79 144
79 145
79 146
79 148
79 150
79 153
79 154
79 155
79 156
79 158
79 159
79 160
79 161
79 162
79 163
79 164
79 165
79 166
79 167
79 168
79 171
79 175
79 179
79 182
79 183
79 184
79 185
79 187
79 188
79 190
79 192
79 193
79 194
79 195
79 197
79 198
80 81
80 83
80 85
80 86
80 88
80 89
80 93
80 97
80 99
80 100
80 101
80 102
80 104
80 105
80 106
80 107
80 115
80 116
80 118
80 119
80 120
80 122
80 123
80 124
80 127
80 128
80 134
80 136
80 137
80 138
80 139
80 140
80 141
80 148
80 151
80 161
80 162
80 163
80 164
80 166
80 168
80 169
80 170
80 172
80 176
80 177
80 178
80 179
80 180
80 184
80 185
80 186
80 187
80 188
80 189
80 191
80 193
80 195
80 197
80 198
80 199
81 83
81 84
81 86
81 87
81 88
81 89
81 90
81 91
81 92
81 93
81 95
81 104
81 105
81 106
81 107
81 110
81 111
81 112
81 114
81 116
81 117
81 118
81 119
81 121
81 122
81 128
81 130
81 132
81 133
81 134
81 138
81 140
81 142
81 143
81 144
81 145
81 146
81 147
81 148
81 149
81 150
81 151
81 152
81 153
81 155
81 156
81 157
81 158
81 159
81 160
81 161
81 162
81 163
81 165
81 168
81 170
81 171
81 175
81 177
81 178
81 181
81 183
81 184
81 186
81 187
81 193
81 194
81 196
81 197
81 198
82 83
82 84
82 86
82 87
82 89
82 90
82 94
82 96
82 97
82 99
82 101
82 102
82 103
82 104
82 105
82 107
82 108
82 109
82 110
82 112
82 113
82 114
82 116
82 117
82 118
82 119
82 121
82 125
82 126
82 128
82 131
82 133
82 134
82 135
82 137
82 139
82 142
82 143
82 145
82 148
82 149
82 150
82 154
82 155
82 156
82 157
82 163
82 164
82 165
82 168
82 170
82 172
82 173
82 174
82 175
82 176
82 177
82 178
82 179
82 180
82 182
82 183
82 186
82 187
82 188
82 189
82 191
82 192
82 193
82 194
82 195
82 196
82 197
82 198
82 199
83 85
83 86
83 89
83 90
83 93
83 94
83 96
83 99
83 100
83 101
83 105
83 108
83 109
83 111
83 112
83 113
83 114
83 116
83 117
83 118
83 120
83 123
83 124
83 125
83 126
83 128
83 129
83 131
83 132
83 134
83 135
83 136
83 138
83 139
83 140
83 141
83 142
83 144
83 146
83 147
83 148
83 150
83 152
83 153
83 157
83 159
83 160
83 163
83 165
83 166
83 171
83 173
83 174
83 177
83 179
83 182
83 183
83 186
83 187
83 188
83 189
83 191
83 192
83 195
83 198
84 85
84 87
84 88
84 89
84 91
84 93
84 94
84 95
84 96
84 97
84 98
84 100
84 105
84 106
84 107
84 110
84 111
84 114
84 115
84 117
84 118
84 120
84 123
84 126
84 127
84 129
84 130
84 132
84 133
84 135
84 138
84 139
84 143
84 146
84 147
84 148
84 149
84 151
84 152
84 155
84 157
84 158
84 159
84 161
84 164
84 167
84 168
84 171
84 173
84 175
84 177
84 178
84 180
84 182
84 183
84 185
84 186
84 187
84 189
84 190
84 192
84 193
84 196
84 197
84 198
85 89
85 91
85 94
85 96
85 97
85 100
85 101
85 102
85 105
85 107
85 109
85 110
85 112
85 113
85 114
85 115
85 118
85 119
85 121
85 123
85 124
85 127
85 128
85 130
85 131
85 132
85 134
85 137
85 139
85 140
85 143
85 145
85 146
85 149
85 150
85 151
85 154
85 158
85 160
85 161
85 163
85 164
85 165
85 167
85 173
85 174
85 175
85 176
85 178
85 179
85 180
85 181
85 183
85 187
85 190
85 191
85 195
85 196
85 197
86 90
86 92
86 95
86 96
86 97
86 99
86 102
86 105
86 106
86 107
86 108
86 109
86 112
86 120
86 121
86 123
86 124
86 126
86 127
86 132
86 133
86 135
86 136
86 138
86 139
86 140
86 141
86 144
86 145
86 147
86 148
86 149
86 150
86 151
86 152
86 153
86 154
86 159
86 162
86 163
86 165
86 166
86 167
86 169
86 170
86 171
86 178
86 179
86 180
86 181
86 182
86 184
86 185
86 186
86 190
86 192
86 193
86 195
86 196
86 197
86 198
87 88
87 90
87 91
87 93
87 94
87 96
87 97
87 104
87 106
87 107
87 109
87 110
87 111
87 112
87 114
87 119
87 120
87 122
87 123
87 125
87 128
87 129
87 131
87 133
87 134
87 136
87 137
87 138
87 139
87 141
87 142
87 143
87 147
87 149
87 150
87 151
87 152
87 153
87 154
87 157
87 162
87 163
87 164
87 165
87 166
87 167
87 169
87 170
87 171
87 172
87 173
87 174
87 178
87 179
87 180
87 181
87 182
87 183
87 184
87 185
87 186
87 187
87 188
87 189
87 190
87 192
87 195
87 196
87 199
88 92
88 93
88 95
88 99
88 100
88 102
88 103
88 104
88 106
88 107
88 108
88 111
88 113
88 115
88 116
88 117
88 118
88 121
88 122
88 123
88 124
88 127
88 132
88 134
88 135
88 136
88 137
88 140
88 142
88 143
88 145
88 146
88 147
88 148
88 151
88 153
88 156
88 159
88 160
88 161
88 162
88 164
88 168
88 170
88 173
88 174
88 175
88 176
88 180
88 181
88 183
88 186
88 188
88 189
88 190
88 192
88 193
88 196
88 197
88 198
88 199
89 90
89 91
89 94
89 96
89 97
89 100
89 102
89 103
89 104
89 105
89 107
89 108
89 110
89 113
89 114
89 115
89 116
89 117
89 121
89 122
89 124
89 125
89 126
89 127
89 128
89 129
89 132
89 134
89 137
89 138
89 140
89 147
89 148
89 149
89 150
89 151
89 152
89 154
89 156
89 157
89 160
89 161
89 162
89 163
89 166
89 167
89 169
89 170
89 171
89 173
89 174
89 175
89 177
89 179
89 181
89 182
89 183
89 186
89 187
89 188
89 192
89 196
89 199
90 92
90 93
90 96
90 97
90 98
90 100
90 102
90 103
90 104
90 106
90 107
90 108
90 111
90 112
90 113
90 115
90 116
90 117
90 120
90 122
90 123
90 124
90 125
90 126
90 127
90 130
90 133
90 134
90 135
90 136
90 139
90 141
90 143
90 144
90 145
90 146
90 147
90 148
90 149
90 152
90 153
90 155
90 157
90 158
90 161
90 167
90 169
90 170
90 171
90 173
90 174
90 175
90 179
90 180
90 181
90 183
90 184
90 185
90 186
90 188
90 189
90 190
90 191
90 192
90 194
90 195
90 196
90 199
91 94
91 96
91 97
91 98
91 100
91 102
91 103
91 105
91 107
91 109
91 112
91 113
91 114
91 117
91 119
91 120
91 121
91 123
91 125
91 127
91 128
91 129
91 130
91 131
91 133
91 134
91 136
91 137
91 138
91 140
91 141
91 142
91 144
91 145
91 146
91 147
91 148
91 149
91 150
91 151
91 154
91 155
91 156
91 157
91 158
91 159
91 160
91 161
91 162
91 163
91 167
91 168
91 169
91 170
91 171
91 172
91 174
91 175
91 176
91 177
91 178
91 179
91 180
91 181
91 182
91 185
91 188
91 190
91 193
91 196
91 197
92 94
92 95
92 98
92 100
92 101
92 103
92 104
92 105
92 106
92 111
92 112
92 114
92 116
92 118
92 119
92 120
92 121
92 123
92 124
92 127
92 129
92 130
92 131
92 132
92 133
92 137
92 138
92 139
92 140
92 141
92 142
92 143
92 145
92 146
92 148
92 154
92 155
92 156
92 158
92 159
92 160
92 161
92 163
92 164
92 165
92 166
92 168
92 171
92 172
92 174
92 176
92 177
92 179
92 183
92 186
92 188
92 191
92 195
92 199
93 95
93 96
93 98
93 99
93 100
93 101
93 103
93 105
93 106
93 107
93 112
93 116
93 120
93 121
93 122
93 123
93 124
93 128
93 132
93 133
93 135
93 137
93 139
93 140
93 141
93 142
93 145
93 146
93 147
93 148
93 150
93 151
93 152
93 153
93 154
93 155
93 157
93 159
93 161
93 163
93 164
93 165
93 168
93 169
93 170
93 172
93 174
93 175
93 176
93 177
93 181
93 184
93 185
93 186
93 188
93 190
93 192
93 193
93 195
93 196
93 197
93 198
94 96
94 97
94 98
94 99
94 100
94 101
94 102
94 103
94 105
94 106
94 108
94 109
94 110
94 111
94 112
94 113
94 114
94 116
94 118
94 119
94 120
94 121
94 122
94 124
94 125
94 127
94 128
94 129
94 132
94 134
94 135
94 136
94 137
94 138
94 139
94 140
94 143
94 144
94 145
94 146
94 149
94 150
94 151
94 152
94 153
94 155
94 156
94 159
94 161
94 162
94 165
94 169
94 170
94 173
94 174
94 177
94 178
94 182
94 185
94 191
94 192
94 194
94 196
94 197
94 199
95 96
95 98
95 100
95 101
95 102
95 103
95 105
95 106
95 107
95 108
95 110
95 111
95 112
95 113
95 114
95 116
95 119
95 120
95 121
95 122
95 125
95 127
95 128
95 130
95 134
95 135
95 136
95 139
95 141
95 143
95 144
95 145
95 147
95 148
95 149
95 155
95 156
95 157
95 158
95 159
95 160
95 162
95 163
95 165
95 167
95 171
95 173
95 176
95 181
95 182
95 183
95 184
95 185
95 186
95 187
95 188
95 189
95 191
95 192
95 193
95 194
95 198
96 97
96 102
96 103
96 106
96 108
96 109
96 110
96 112
96 113
96 119
96 120
96 122
96 123
96 124
96 127
96 131
96 133
96 135
96 136
96 137
96 138
96 139
96 141
96 143
96 145
96 148
96 153
96 154
96 155
96 156
96 159
96 160
96 161
96 162
96 163
96 165
96 167
96 168
96 169
96 171
96 173
96 176
96 177
96 178
96 179
96 181
96 182
96 183
96 185
96 186
96 187
96 188
96 189
96 190
96 192
96 193
96 198
96 199
97 98
97 100
97 101
97 102
97 104
97 106
97 107
97 110
97 111
97 112
97 115
97 116
97 117
97 121
97 124
97 126
97 127
97 128
97 129
97 131
97 132
97 136
97 138
97 139
97 140
97 141
97 142
97 143
97 144
97 145
97 146
97 149
97 151
97 152
97 153
97 155
97 157
97 159
97 160
97 162
97 163
97 164
97 165
97 166
97 167
97 168
97 169
97 170
97 171
97 172
97 173
97 174
97 175
97 179
97 180
97 181
97 182
97 183
97 186
97 188
97 190
97 191
97 192
97 193
97 194
97 197
97 198
98 99
98 100
98 101
98 102
98 103
98 105
98 106
98 108
98 109
98 113
98 114
98 115
98 116
98 117
98 119
98 120
98 121
98 122
98 123
98 125
98 127
98 128
98 130
98 131
98 132
98 133
98 134
98 135
98 136
98 137
98 138
98 139
98 140
98 141
98 143
98 144
98 148
98 149
98 150
98 152
98 154
98 155
98 156
98 157
98 159
98 160
98 162
98 164
98 165
98 168
98 169
98 171
98 173
98 174
98 175
98 177
98 179
98 183
98 185
98 187
98 188
98 189
98 190
98 191
98 192
98 194
98 196
98 197
98 198
98 199
99 100
99 101
99 102
99 103
99 107
99 108
99 112
99 113
99 114
99 115
99 116
99 118
99 120
99 121
99 123
99 124
99 125
99 126
99 129
99 132
99 133
99 134
99 135
99 136
99 143
99 144
99 146
99 147
99 151
99 153
99 156
99 157
99 158
99 159
99 162
99 163
99 164
99 165
99 166
99 167
99 168
99 171
99 172
99 173
99 175
99 176
99 178
99 179
99 180
99 184
99 185
99 187
99 188
99 192
99 194
99 195
99 196
99 197
99 198
99 199
100 101
100 102
100 103
100 104
100 105
100 106
100 107
100 108
100 109
100 110
100 111
100 115
100 116
100 117
100 118
100 120
100 121
100 122
100 125
100 126
100 127
100 128
100 131
100 134
100 135
100 137
100 140
100 141
100 145
100 146
100 147
100 148
100 149
100 150
100 152
100 153
100 155
100 157
100 160
100 161
100 162
100 163
100 164
100 166
100 167
100 168
100 169
100 171
100 172
100 175
100 176
100 177
100 178
100 179
100 180
100 183
100 185
100 187
100 189
100 190
100 194
100 195
100 196
100 197
101 102
101 104
101 105
101 106
101 107
101 109
101 111
101 118
101 120
101 122
101 123
101 124
101 125
101 126
101 131
101 133
101 134
101 138
101 139
101 142
101 143
101 144
101 145
101 146
101 148
101 152
101 156
101 157
101 158
101 159
101 161
101 162
101 164
101 165
101 166
101 170
101 171
101 172
101 173
101 174
101 175
101 178
101 180
101 181
101 182
101 183
101 185
101 186
101 188
101 189
101 190
101 191
101 193
101 194
101 195
101 197
101 198
101 199
102 103
102 104
102 105
102 106
102 107
102 108
102 110
102 116
102 120
102 121
102 122
102 123
102 128
102 129
102 133
102 134
102 135
102 136
102 140
102 141
102 142
102 143
102 144
102 146
102 147
102 148
102 150
102 152
102 155
102 156
102 157
102 158
102 160
102 161
102 162
102 164
102 165
102 166
102 167
102 169
102 170
102 173
102 174
102 176
102 177
102 180
102 183
102 184
102 185
102 187
102 188
102 189
102 191
102 192
102 195
102 197
102 198
102 199
103 104
103 106
103 107
103 108
103 115
103 116
103 117
103 118
103 121
103 122
103 124
103 126
103 127
103 128
103 130
103 131
103 132
103 133
103 138
103 140
103 142
103 144
103 146
103 148
103 150
103 151
103 152
103 153
103 154
103 155
103 156
103 157
103 159
103 160
103 161
103 162
103 166
103 167
103 170
103 171
103 172
103 174
103 175
103 176
103 179
103 180
103 181
103 183
103 185
103 186
103 187
103 189
103 190
103 192
103 193
103 194
103 195
103 196
103 198
103 199
104 105
104 106
104 109
104 110
104 112
104 113
104 115
104 118
104 119
104 121
104 122
104 123
104 124
104 125
104 126
104 128
104 129
104 131
104 132
104 133
104 134
104 136
104 138
104 139
104 140
104 141
104 143
104 144
104 145
104 146
104 147
104 148
104 149
104 150
104 152
104 153
104 155
104 158
104 160
104 161
104 165
104 166
104 167
104 168
104 169
104 170
104 171
104 172
104 173
104 177
104 181
104 182
104 183
104 184
104 185
104 186
104 187
104 188
104 189
104 190
104 191
104 193
104 194
104 195
104 196
104 197
105 106
105 108
105 109
105 110
105 111
105 113
105 114
105 116
105 117
105 118
105 119
105 120
105 121
105 123
105 124
105 126
105 127
105 128
105 130
105 132
105 134
105 138
105 139
105 141
105 143
105 144
105 149
105 152
105 154
105 159
105 160
105 161
105 162
105 164
105 166
105 169
105 170
105 171
105 172
105 173
105 174
105 175
105 176
105 177
105 178
105 179
105 181
105 182
105 183
105 185
105 188
105 189
105 190
105 191
105 194
105 196
105 198
105 199
106 107
106 108
106 110
106 111
106 112
106 114
106 117
106 118
106 119
106 121
106 122
106 123
106 124
106 128
106 132
106 134
106 136
106 137
106 139
106 140
106 141
106 143
106 146
106 147
106 148
106 151
106 152
106 156
106 158
106 159
106 160
106 162
106 164
106 165
106 166
106 167
106 168
106 170
106 174
106 175
106 176
106 178
106 180
106 181
106 186
106 188
106 190
106 193
106 194
106 195
106 199
107 110
107 113
107 115
107 116
107 119
107 121
107 123
107 124
107 129
107 130
107 131
107 133
107 134
107 136
107 137
107 139
107 141
107 142
107 144
107 145
107 149
107 150
107 151
107 152
107 153
107 155
107 156
107 157
107 158
107 159
107 160
107 161
107 162
107 164
107 166
107 169
107 172
107 175
107 178
107 181
107 182
107 186
107 187
107 188
107 189
107 190
107 192
107 193
107 194
107 196
107 197
107 198
107 199
108 109
108 110
108 114
108 117
108 118
108 120
108 121
108 122
108 124
108 126
108 129
108 130
108 131
108 134
108 136
108 137
108 138
108 140
108 144
108 145
108 146
108 149
108 151
108 152
108 155
108 156
108 157
108 158
108 159
108 160
108 161
108 163
108 164
108 165
108 166
108 167
108 168
108 169
108 170
108 171
108 172
108 173
108 176
108 181
108 182
108 183
108 187
108 188
108 189
108 190
108 193
108 194
108 195
108 196
108 198
109 111
109 112
109 113
109 114
109 117
109 119
109 123
109 124
109 126
109 127
109 128
109 129
109 130
109 134
109 135
109 136
109 137
109 138
109 139
109 141
109 142
109 143
109 145
109 147
109 148
109 149
109 150
109 151
109 152
109 153
109 155
109 156
109 158
109 159
109 161
109 165
109 166
109 167
109 169
109 171
109 172
109 173
109 174
109 176
109 177
109 178
109 180
109 181
109 182
109 185
109 186
109 189
109 190
109 193
109 195
109 196
109 197
109 199
110 113
110 114
110 115
110 116
110 117
110 119
110 120
110 121
110 123
110 124
110 127
110 132
110 134
110 135
110 138
110 141
110 143
110 144
110 146
110 147
110 148
110 150
110 151
110 152
110 153
110 154
110 155
110 157
110 160
110 161
110 162
110 164
110 167
110 169
110 170
110 173
110 175
110 176
110 177
110 179
110 180
110 181
110 185
110 187
110 189
110 190
110 191
110 192
110 193
110 194
110 195
110 196
110 197
110 198
111 113
111 115
111 116
111 117
111 120
111 122
111 123
111 124
111 126
111 127
111 128
111 129
111 130
111 132
111 133
111 134
111 140
111 141
111 142
111 145
111 146
111 147
111 148
111 150
111 151
111 155
111 156
111 157
111 159
111 160
111 161
111 162
111 164
111 165
111 166
111 167
111 168
111 169
111 170
111 171
111 172
111 175
111 177
111 178
111 180
111 181
111 182
111 183
111 185
111 187
111 188
111 189
111 190
111 192
111 193
111 194
111 196
111 197
111 198
111 199
112 113
112 114
112 115
112 116
112 118
112 121
112 124
112 125
112 126
112 127
112 128
112 129
112 131
112 132
112 134
112 135
112 136
112 138
112 139
112 140
112 141
112 142
112 143
112 144
112 145
112 146
112 148
112 149
112 153
112 154
112 155
112 156
112 161
112 165
112 167
112 168
112 169
112 170
112 171
112 172
112 175
112 176
112 177
112 178
112 179
112 181
112 182
112 183
112 185
112 186
112 187
112 189
112 190
112 191
112 192
112 193
112 194
113 114
113 115
113 116
113 117
113 123
113 124
113 125
113 128
113 129
113 130
113 131
113 132
113 134
113 135
113 138
113 146
113 147
113 148
113 154
113 155
113 156
113 158
113 161
113 166
113 168
113 171
113 174
113 175
113 177
113 178
113 180
113 181
113 182
113 183
113 186
113 187
113 188
113 190
113 191
113 192
113 193
113 194
113 197
113 199
114 117
114 119
114 121
114 122
114 127
114 129
114 130
114 131
114 132
114 133
114 134
114 135
114 140
114 141
114 142
114 143
114 145
114 146
114 148
114 149
114 150
114 151
114 152
114 153
114 154
114 155
114 156
114 157
114 159
114 161
114 163
114 165
114 166
114 167
114 168
114 170
114 173
114 175
114 176
114 177
114 179
114 180
114 181
114 184
114 185
114 188
114 189
114 190
114 193
114 194
114 195
114 196
114 197
114 199
115 116
115 117
115 122
115 123
115 124
115 128
115 129
115 130
115 131
115 134
115 136
115 137
115 138
115 139
115 140
115 141
115 142
115 145
115 146
115 148
115 150
115 151
115 152
115 154
115 155
115 159
115 160
115 161
115 162
115 163
115 164
115 165
115 167
115 168
115 169
115 171
115 172
115 173
115 174
115 175
115 178
115 180
115 181
115 182
115 184
115 185
115 189
115 191
115 193
115 195
115 197
115 199
116 118
116 121
116 125
116 127
116 128
116 133
116 134
116 136
116 141
116 142
116 143
116 148
116 150
116 152
116 153
116 155
116 159
116 160
116 161
116 162
116 163
116 164
116 165
116 166
116 168
116 171
116 174
116 176
116 177
116 179
116 180
116 181
116 182
116 183
116 185
116 189
116 190
116 191
116 192
116 195
116 196
116 197
117 118
117 119
117 121
117 126
117 129
117 130
117 134
117 135
117 136
117 138
117 140
117 141
117 143
117 147
117 148
117 149
117 150
117 153
117 155
117 156
117 158
117 159
117 160
117 161
117 162
117 163
117 165
117 166
117 167
117 169
117 170
117 171
117 172
117 173
117 177
117 180
117 181
117 185
117 189
117 192
117 196
117 197
117 198
117 199
118 119
118 120
118 121
118 123
118 126
118 134
118 136
118 137
118 139
118 140
118 141
118 143
118 144
118 146
118 147
118 148
118 149
118 151
118 152
118 154
118 155
118 158
118 160
118 161
118 165
118 169
118 171
118 172
118 174
118 175
118 177
118 178
118 179
118 180
118 182
118 183
118 187
118 190
118 191
118 195
118 198
118 199
119 120
119 121
119 125
119 129
119 131
119 134
119 135
119 136
119 137
119 138
119 139
119 141
119 142
119 143
119 144
119 148
119 150
119 151
119 152
119 153
119 154
119 155
119 156
119 159
119 160
119 161
119 162
119 164
119 165
119 167
119 168
119 169
119 170
119 173
119 174
119 176
119 177
119 178
119 179
119 180
119 182
119 184
119 185
119 188
119 190
119 191
119 194
119 195
119 196
119 197
119 199
120 121
120 122
120 123
120 124
120 125
120 127
120 129
120 132
120 133
120 134
120 135
120 137
120 138
120 139
120 141
120 142
120 143
120 144
120 149
120 151
120 153
120 154
120 155
120 157
120 159
120 160
120 162
120 164
120 166
120 168
120 169
120 170
120 171
120 172
120 174
120 178
120 179
120 181
120 183
120 184
120 186
120 187
120 188
120 189
120 190
120 191
120 192
120 193
120 195
120 196
120 199
121 124
121 127
121 129
121 130
121 132
121 133
121 135
121 137
121 139
121 141
121 142
121 143
121 144
121 146
121 147
121 149
121 150
121 151
121 152
121 153
121 154
121 155
121 156
121 157
121 158
121 160
121 161
121 163
121 164
121 165
121 166
121 168
121 171
121 173
121 175
121 177
121 178
121 180
121 182
121 183
121 185
121 186
121 187
121 188
121 189
121 191
121 194
121 195
121 196
121 199
122 125
122 126
122 127
122 128
122 130
122 131
122 132
122 133
122 134
122 135
122 136
122 137
122 138
122 139
122 141
122 143
122 144
122 145
122 148
122 149
122 150
122 151
122 153
122 154
122 157
122 158
122 159
122 160
122 162
122 163
122 165
122 166
122 167
122 171
122 172
122 173
122 174
122 180
122 183
122 184
122 186
122 189
122 190
122 191
122 192
122 193
122 194
122 195
122 196
122 197
122 199
123 124
123 125
123 127
123 130
123 132
123 137
123 138
123 139
123 140
123 141
123 142
123 144
123 145
123 148
123 150
123 153
123 154
123 156
123 157
123 158
123 160
123 161
123 162
123 163
123 165
123 166
123 167
123 169
123 170
123 173
123 174
123 175
123 177
123 179
123 180
123 181
123 184
123 187
123 189
123 190
123 191
123 192
123 193
123 194
123 195
123 196
124 125
124 127
124 130
124 131
124 134
124 135
124 138
124 139
124 141
124 146
124 147
124 149
124 150
124 152
124 153
124 154
124 155
124 156
124 158
124 159
124 161
124 167
124 169
124 170
124 171
124 172
124 175
124 177
124 179
124 181
124 183
124 184
124 188
124 190
124 191
124 193
124 194
124 195
124 196
124 197
124 198
125 126
125 127
125 129
125 130
125 131
125 134
125 135
125 137
125 138
125 140
125 142
125 143
125 144
125 147
125 148
125 152
125 154
125 155
125 156
125 157
125 162
125 163
125 165
125 168
125 171
125 173
125 176
125 177
125 178
125 179
125 180
125 183
125 185
125 188
125 189
125 190
125 191
125 192
125 193
125 195
125 196
125 197
125 199
126 128
126 130
126 132
126 133
126 134
126 136
126 138
126 139
126 140
126 141
126 146
126 147
126 148
126 149
126 150
126 151
126 153
126 154
126 155
126 158
126 159
126 160
126 162
126 163
126 164
126 165
126 166
126 168
126 169
126 170
126 171
126 173
126 177
126 178
126 180
126 181
126 182
126 183
126 184
126 186
126 189
126 192
126 194
126 195
126 196
126 198
126 199
127 128
127 129
127 131
127 132
127 133
127 136
127 137
127 139
127 142
127 143
127 147
127 151
127 153
127 157
127 160
127 161
127 163
127 165
127 166
127 167
127 168
127 171
127 173
127 174
127 175
127 177
127 178
127 179
127 180
127 181
127 183
127 184
127 186
127 189
127 190
127 191
127 193
127 194
127 195
127 198
127 199
128 129
128 131
128 133
128 134
128 135
128 136
128 137
128 138
128 142
128 143
128 144
128 145
128 147
128 148
128 150
128 151
128 152
128 153
128 154
128 155
128 156
128 157
128 158
128 161
128 164
128 166
128 168
128 171
128 172
128 174
128 177
128 178
128 180
128 182
128 183
128 187
128 189
128 190
128 191
128 192
128 193
128 194
128 196
128 198
128 199
129 130
129 132
129 137
129 138
129 144
129 145
129 146
129 148
129 149
129 150
129 151
129 154
129 156
129 157
129 158
129 163
129 165
129 167
129 168
129 169
129 170
129 171
129 172
129 173
129 174
129 177
129 178
129 180
129 181
129 184
129 185
129 186
129 191
129 194
129 195
129 196
129 197
129 198
130 131
130 133
130 138
130 140
130 141
130 145
130 146
130 147
130 150
130 151
130 152
130 153
130 157
130 160
130 161
130 162
130 163
130 164
130 165
130 168
130 170
130 173
130 174
130 176
130 179
130 180
130 182
130 183
130 184
130 185
130 187
130 188
130 190
130 191
130 192
130 193
130 195
130 198
130 199
131 132
131 133
131 135
131 136
131 137
131 146
131 147
131 148
131 149
131 150
131 151
131 152
131 154
131 157
131 160
131 161
131 162
131 163
131 164
131 165
131 166
131 168
131 169
131 170
131 171
131 173
131 176
131 177
131 178
131 179
131 185
131 186
131 187
131 188
131 190
131 192
131 193
131 195
131 196
131 198
131 199
132 133
132 135
132 136
132 139
132 140
132 142
132 145
132 146
132 147
132 148
132 149
132 152
132 153
132 154
132 155
132 159
132 161
132 163
132 166
132 168
132 170
132 171
132 172
132 173
132 174
132 175
132 178
132 179
132 183
132 188
132 190
132 194
132 196
132 197
132 199
133 135
133 137
133 138
133 139
133 140
133 141
133 143
133 148
133 151
133 152
133 153
133 155
133 157
133 158
133 160
133 161
133 162
133 163
133 164
133 165
133 166
133 168
133 170
133 171
133 173
133 174
133 175
133 179
133 181
133 184
133 187
133 188
133 189
133 191
133 192
133 193
133 194
133 195
133 198
133 199
134 136
134 137
134 138
134 139
134 142
134 143
134 145
134 147
134 148
134 150
134 151
134 153
134 154
134 156
134 158
134 160
134 162
134 163
134 164
134 166
134 170
134 173
134 175
134 176
134 177
134 178
134 179
134 180
134 181
134 182
134 183
134 185
134 187
134 188
134 189
134 193
134 194
134 197
135 137
135 141
135 142
135 145
135 146
135 148
135 149
135 151
135 152
135 153
135 154
135 156
135 157
135 159
135 161
135 163
135 164
135 165
135 166
135 167
135 168
135 169
135 173
135 174
135 179
135 180
135 182
135 185
135 188
135 189
135 190
135 191
135 192
135 195
135 198
136 137
136 138
136 139
136 140
136 141
136 142
136 143
136 146
136 147
136 148
136 149
136 150
136 151
136 152
136 155
136 158
136 159
136 161
136 162
136 163
136 166
136 167
136 172
136 173
136 174
136 175
136 176
136 177
136 178
136 182
136 183
136 184
136 186
136 187
136 188
136 189
136 191
136 194
136 195
136 196
136 197
137 138
137 139
137 140
137 143
137 146
137 147
137 148
137 150
137 151
137 152
137 153
137 154
137 155
137 156
137 157
137 158
137 159
137 161
137 162
137 163
137 167
137 168
137 172
137 173
137 174
137 176
137 180
137 181
137 182
137 184
137 185
137 186
137 188
137 189
137 191
137 192
137 194
137 196
138 139
138 142
138 143
138 146
138 147
138 150
138 151
138 152
138 153
138 154
138 157
138 158
138 159
138 160
138 162
138 165
138 167
138 168
138 170
138 171
138 172
138 174
138 175
138 177
138 179
138 180
138 182
138 184
138 190
138 197
138 199
139 143
139 144
139 145
139 148
139 149
139 152
139 153
139 155
139 157
139 158
139 160
139 161
139 165
139 166
139 168
139 169
139 173
139 176
139 177
139 178
139 179
139 180
139 181
139 184
139 185
139 186
139 188
139 192
139 193
139 195
139 196
139 197
139 198
139 199
140 141
140 143
140 144
140 146
140 148
140 149
140 150
140 152
140 156
140 157
140 158
140 160
140 161
140 163
140 164
140 165
140 166
140 167
140 168
140 169
140 172
140 174
140 175
140 179
140 180
140 181
140 182
140 185
140 186
140 188
140 189
140 190
140 192
140 195
140 197
140 198
140 199
141 142
141 146
141 147
141 149
141 150
141 151
141 152
141 153
141 155
141 156
141 158
141 159
141 163
141 164
141 165
141 166
141 167
141 168
141 170
141 171
141 172
141 173
141 174
141 176
141 177
141 178
141 179
141 180
141 182
141 183
141 186
141 187
141 189
141 190
141 191
141 192
141 194
141 196
141 199
142 145
142 146
142 148
142 151
142 152
142 154
142 155
142 156
142 157
142 158
142 159
142 161
142 162
142 163
142 165
142 166
142 168
142 169
142 171
142 172
142 174
142 175
142 178
142 182
142 183
142 184
142 186
142 187
142 188
142 191
142 192
142 195
142 197
142 199
143 144
143 145
143 150
143 151
143 152
143 153
143 154
143 155
143 156
143 157
143 159
143 160
143 162
143 163
143 165
143 166
143 167
143 168
143 169
143 170
143 172
143 176
143 177
143 178
143 184
143 186
143 187
143 189
143 190
143 191
143 192
143 193
143 194
143 195
143 196
143 198
143 199
144 145
144 150
144 151
144 153
144 154
144 159
144 160
144 161
144 163
144 164
144 166
144 167
144 168
144 169
144 171
144 174
144 176
144 177
144 178
144 182
144 184
144 185
144 187
144 188
144 189
144 190
144 191
144 192
144 193
144 196
144 197
144 198
144 199
145 147
145 148
145 149
145 150
145 152
145 153
145 154
145 156
145 157
145 158
145 160
145 162
145 163
145 164
145 166
145 167
145 168
145 169
145 170
145 171
145 172
145 173
145 175
145 178
145 183
145 184
145 188
145 189
145 191
145 192
145 193
145 194
145 196
145 198
146 148
146 150
146 152
146 153
146 155
146 156
146 157
146 158
146 159
146 161
146 162
146 163
146 166
146 170
146 171
146 173
146 175
146 176
146 177
146 179
146 180
146 181
146 185
146 186
146 187
146 189
146 190
146 191
146 193
146 194
146 195
146 199
147 148
147 149
147 150
147 153
147 154
147 156
147 158
147 159
147 160
147 161
147 164
147 166
147 167
147 171
147 172
147 177
147 178
147 179
147 180
147 181
147 183
147 184
147 185
147 186
147 187
147 190
147 191
147 192
147 193
147 194
147 196
147 198
147 199
148 149
148 150
148 151
148 152
148 153
148 154
148 157
148 159
148 162
148 163
148 165
148 166
148 168
148 170
148 172
148 173
148 174
148 175
148 177
148 178
148 180
148 183
148 184
148 185
148 186
148 187
148 190
148 191
148 192
148 193
148 194
148 195
148 198
149 151
149 152
149 156
149 157
149 158
149 160
149 161
149 162
149 164
149 165
149 166
149 167
149 168
149 169
149 170
149 172
149 173
149 174
149 175
149 176
149 178
149 180
149 181
149 182
149 184
149 185
149 186
149 190
149 191
149 192
149 193
149 194
149 195
149 196
149 197
149 198
149 199
150 151
150 152
150 153
150 154
150 155
150 158
150 159
150 160
150 161
150 162
150 164
150 165
150 166
150 167
150 168
150 169
150 171
150 172
150 175
150 176
150 177
150 179
150 180
150 181
150 182
150 183
150 186
150 187
150 188
150 190
150 191
150 193
150 194
150 195
150 196
150 197
150 198
151 153
151 154
151 155
151 156
151 159
151 160
151 162
151 163
151 165
151 167
151 168
151 169
151 171
151 173
151 175
151 176
151 177
151 178
151 180
151 182
151 183
151 185
151 187
151 191
151 193
152 155
152 156
152 159
152 161
152 163
152 165
152 167
152 169
152 171
152 174
152 176
152 177
152 178
152 179
152 183
152 184
152 185
152 186
152 187
152 189
152 190
152 191
152 192
152 193
152 195
152 196
152 198
153 155
153 156
153 159
153 160
153 161
153 163
153 164
153 172
153 173
153 176
153 177
153 181
153 182
153 183
153 184
153 185
153 186
153 189
153 193
153 194
153 195
153 196
153 197
154 155
154 157
154 158
154 159
154 160
154 161
154 162
154 163
154 164
154 166
154 167
154 169
154 170
154 172
154 173
154 178
154 179
154 180
154 182
154 183
154 184
154 185
154 186
154 189
154 190
154 191
154 193
154 194
154 195
154 197
154 198
154 199
155 156
155 159
155 160
155 162
155 164
155 165
155 166
155 169
155 170
155 171
155 173
155 176
155 178
155 179
155 180
155 187
155 189
155 190
155 192
155 193
155 194
155 195
155 197
155 199
156 157
156 158
156 160
156 163
156 164
156 167
156 168
156 169
156 173
156 174
156 175
156 177
156 179
156 180
156 183
156 184
156 185
156 187
156 188
156 190
156 191
156 194
156 196
156 198
156 199
157 160
157 162
157 164
157 168
157 172
157 173
157 174
157 175
157 178
157 181
157 185
157 186
157 187
157 188
157 190
157 191
157 197
157 198
158 159
158 160
158 161
158 163
158 164
158 165
158 166
158 167
158 171
158 174
158 176
158 179
158 182
158 183
158 184
158 186
158 187
158 189
158 191
158 192
158 193
158 194
158 195
158 196
158 197
158 198
159 160
159 162
159 165
159 169
159 171
159 173
159 176
159 177
159 178
159 179
159 180
159 182
159 183
159 184
159 185
159 186
159 191
159 193
159 195
159 196
160 163
160 166
160 171
160 175
160 176
160 177
160 178
160 179
160 180
160 183
160 188
160 190
160 192
160 193
160 194
160 196
160 197
160 199
161 165
161 168
161 169
161 170
161 172
161 174
161 176
161 177
161 178
161 179
161 180
161 182
161 184
161 185
161 186
161 189
161 190
161 193
161 195
162 163
162 166
162 167
162 168
162 171
162 172
162 173
162 175
162 176
162 177
162 178
162 179
162 180
162 181
162 182
162 184
162 187
162 190
162 191
162 192
162 193
162 194
162 197
162 198
162 199
163 165
163 169
163 170
163 171
163 174
163 175
163 176
163 177
163 178
163 180
163 181
163 182
163 183
163 185
163 186
163 187
163 188
163 189
163 192
163 195
163 196
163 197
163 198
163 199
164 166
164 167
164 170
164 173
164 174
164 176
164 177
164 180
164 183
164 184
164 185
164 186
164 188
164 189
164 193
164 194
164 195
164 196
164 197
164 199
165 166
165 167
165 168
165 171
165 174
165 175
165 176
165 177
165 178
165 179
165 180
165 182
165 183
165 184
165 185
165 186
165 187
165 188
165 189
165 191
165 192
165 194
165 195
165 196
165 197
165 198
165 199
166 167
166 169
166 172
166 173
166 174
166 175
166 176
166 178
166 179
166 180
166 181
166 182
166 183
166 184
166 185
166 186
166 189
166 190
166 191
166 192
166 193
166 194
166 195
166 196
166 197
166 198
166 199
167 169
167 170
167 173
167 175
167 176
167 177
167 178
167 180
167 181
167 182
167 183
167 184
167 185
167 187
167 188
167 191
167 192
167 194
167 195
167 196
167 199
168 172
168 174
168 175
168 176
168 177
168 178
168 179
168 180
168 183
168 184
168 188
168 189
168 190
168 191
168 193
168 194
168 197
168 198
168 199
169 170
169 172
169 174
169 175
169 176
169 177
169 179
169 180
169 181
169 183
169 184
169 186
169 187
169 188
169 189
169 190
169 191
169 195
169 197
169 198
169 199
170 172
170 173
170 175
170 178
170 179
170 184
170 185
170 186
170 188
170 189
170 191
170 192
170 194
170 195
170 197
170 199
171 172
171 174
171 175
171 176
171 177
171 178
171 179
171 181
171 182
171 184
171 185
171 186
171 187
171 188
171 190
171 192
171 193
171 194
171 195
171 196
171 199
172 174
172 176
172 177
172 179
172 180
172 181
172 184
172 185
172 186
172 187
172 188
172 189
172 190
172 191
172 193
172 195
172 197
172 198
172 199
173 175
173 179
173 180
173 181
173 182
173 186
173 187
173 188
173 189
173 190
173 191
173 192
173 193
173 194
173 196
174 175
174 176
174 177
174 178
174 180
174 181
174 182
174 183
174 184
174 185
174 188
174 189
174 190
174 192
174 194
174 196
174 198
174 199
175 176
175 177
175 178
175 179
175 180
175 181
175 182
175 183
175 184
175 185
175 186
175 187
175 190
175 193
175 195
175 197
175 198
176 177
176 178
176 180
176 182
176 183
176 184
176 185
176 189
176 193
176 194
176 195
176 198
176 199
177 178
177 179
177 180
177 181
177 182
177 185
177 186
177 188
177 190
177 191
177 192
177 194
177 196
177 199
178 179
178 180
178 182
178 184
178 187
178 188
178 189
178 190
178 192
178 193
178 196
178 197
178 199
179 181
179 183
179 184
179 186
179 187
179 188
179 196
179 197
179 198
179 199
180 181
180 182
180 183
180 184
180 185
180 186
180 187
180 188
180 190
180 195
180 197
180 198
180 199
181 182
181 184
181 185
181 186
181 187
181 190
181 192
181 193
181 195
181 196
181 197
181 198
182 183
182 184
182 185
182 186
182 187
182 188
182 190
182 191
182 192
182 193
182 194
182 195
182 196
182 198
183 184
183 186
183 187
183 189
183 190
183 191
183 193
183 194
183 195
183 196
183 197
183 198
183 199
184 185
184 186
184 187
184 188
184 189
184 191
184 195
185 188
185 193
185 194
185 197
185 199
186 187
186 190
186 192
186 193
186 194
186 195
186 198
186 199
187 189
187 190
187 193
187 194
187 195
187 196
187 199
188 190
188 191
188 193
188 195
188 196
188 197
188 198
189 190
189 191
189 192
189 193
189 196
189 197
189 198
189 199
190 191
190 193
190 194
190 196
190 197
191 192
191 193
191 199
192 193
192 194
192 195
192 196
192 197
192 198
193 194
193 195
193 196
193 197
194 195
194 198
194 199
195 196
195 197
195 198
195 199
196 197
196 198
196 199
197 198
197 199
10 107 85 132 84 53 63 80 199 175 154 17 95 160 35 188 33 116 181 97 117 79 57 36 4 133 70 41 115 15 98 19 167 77 194 61 11 18 75 183 65 139 196 43 83 1 5 105 145 7
151 23 46 190 29 121 159 45 174 149 155 146 30 59 73 136 38 50 163 152 52 187 191 104 141 56 86 170 64 47 24 176 113 22 179 13 189 25 173 138 178 40 93 169 99 96 123 32 90 49
198 3 161 92 130 118 124 172 137 16 177 158 186 100 134 0 153 171 125 42 2 28 119 60 131 185 165 144 195 94 81 197 110 27 184 69 168 58 150 109 78 122 67 66 102 127 135 166 129 101
37 106 147 21 142 91 6 12 88 112 143 103 48 87 114 128 72 108 74 193 8 20 162 39 54 164 68 111 51 192 156 180 44 148 31 9 71 34 82 126 26 14 182 55 89 76 140 120 62 157
