200
3975
20
36
90
5
55
34
85
67
87
94
32
17
51
40
27
0
18
74
0
57
59
0 1
0 4
0 5
0 8
0 11
0 18
0 26
0 27
0 30
0 33
0 44
0 46
0 47
0 50
0 52
0 54
0 63
0 70
0 71
0 81
0 89
0 93
0 95
0 107
0 109
0 115
0 122
0 123
0 126
0 134
0 135
0 138
0 139
0 144
0 146
0 160
0 167
0 169
0 171
0 172
0 174
0 175
0 197
0 198
1 3
1 8
1 11
1 12
1 13
1 17
1 19
1 28
1 30
1 31
1 34
1 35
1 54
1 55
1 58
1 67
1 79
1 84
1 89
1 95
1 103
1 105
1 112
1 113
1 119
1 120
1 122
1 126
1 135
1 141
1 143
1 149
1 156
1 159
1 160
1 179
1 181
1 193
1 195
1 196
2 5
2 6
2 9
2 11
2 15
2 20
2 28
2 41
2 49
2 55
2 56
2 59
2 66
2 71
2 74
2 78
2 90
2 95
2 104
2 112
2 115
2 125
2 126
2 129
2 134
2 139
2 142
2 149
2 151
2 152
2 162
2 167
2 173
2 174
2 181
2 198
3 6
3 9
3 15
3 17
3 18
3 20
3 22
3 25
3 29
3 31
3 43
3 49
3 51
3 53
3 59
3 60
3 80
3 86
3 89
3 92
3 98
3 103
3 108
3 109
3 110
3 122
3 128
3 132
3 137
3 141
3 144
3 146
3 147
3 151
3 160
3 174
3 175
3 182
3 186
4 5
4 6
4 7
4 18
4 21
4 22
4 24
4 27
4 37
4 42
4 46
4 48
4 55
4 68
4 72
4 75
4 81
4 82
4 85
4 91
4 93
4 96
4 97
4 98
4 101
4 102
4 103
4 105
4 106
4 112
4 113
4 125
4 126
4 133
4 137
4 152
4 153
4 154
4 175
4 176
4 178
4 184
4 188
4 192
5 14
5 17
5 19
5 26
5 41
5 46
5 48
5 52
5 54
5 58
5 62
5 63
5 71
5 74
5 76
5 90
5 97
5 100
5 104
5 106
5 112
5 125
5 133
5 134
5 135
5 136
5 138
5 144
5 145
5 156
5 160
5 165
5 174
5 181
5 190
5 192
5 194
6 7
6 23
6 25
6 30
6 37
6 40
6 45
6 49
6 50
6 51
6 57
6 75
6 103
6 104
6 115
6 116
6 118
6 119
6 122
6 137
6 141
6 150
6 154
6 156
6 165
6 172
6 178
6 179
6 189
6 192
7 12
7 21
7 27
7 28
7 33
7 34
7 37
7 38
7 46
7 47
7 49
7 51
7 53
7 56
7 58
7 59
7 61
7 65
7 71
7 73
7 76
7 81
7 84
7 85
7 88
7 89
7 101
7 104
7 118
7 120
7 131
7 132
7 150
7 151
7 154
7 175
7 176
7 177
7 180
7 187
7 188
7 195
7 199
8 9
8 21
8 22
8 25
8 38
8 48
8 57
8 59
8 64
8 67
8 74
8 79
8 82
8 88
8 94
8 95
8 98
8 100
8 108
8 111
8 112
8 114
8 126
8 128
8 146
8 150
8 151
8 152
8 158
8 165
8 167
8 168
8 178
8 181
8 183
8 185
8 194
8 195
8 196
8 197
9 13
9 14
9 33
9 35
9 36
9 39
9 58
9 59
9 72
9 76
9 81
9 84
9 86
9 88
9 90
9 95
9 102
9 106
9 110
9 128
9 129
9 140
9 146
9 149
9 150
9 158
9 161
9 170
9 176
9 177
9 181
9 182
9 185
9 188
9 195
9 196
9 198
10 20
10 21
10 23
10 36
10 43
10 48
10 50
10 56
10 64
10 66
10 74
10 79
10 85
10 87
10 93
10 95
10 99
10 102
10 116
10 124
10 125
10 130
10 134
10 164
10 165
10 169
10 173
10 178
10 180
10 185
10 191
10 194
11 19
11 24
11 25
11 26
11 28
11 29
11 34
11 39
11 42
11 45
11 49
11 53
11 54
11 55
11 61
11 77
11 84
11 85
11 86
11 88
11 95
11 98
11 99
11 102
11 108
11 110
11 115
11 116
11 119
11 126
11 134
11 140
11 150
11 152
11 155
11 162
11 172
11 179
11 181
11 191
11 195
11 196
11 199
12 16
12 18
12 19
12 20
12 22
12 25
12 27
12 32
12 37
12 38
12 43
12 48
12 50
12 51
12 62
12 63
12 69
12 73
12 74
12 77
12 83
12 84
12 91
12 95
12 96
12 101
12 119
12 124
12 125
12 130
12 138
12 139
12 148
12 151
12 154
12 161
12 162
12 163
12 167
12 169
12 176
12 177
12 178
12 179
12 181
12 189
13 18
13 22
13 23
13 25
13 35
13 38
13 54
13 55
13 68
13 76
13 77
13 80
13 85
13 87
13 88
13 93
13 106
13 107
13 121
13 125
13 133
13 143
13 146
13 148
13 150
13 151
13 153
13 157
13 159
13 160
13 163
13 167
13 169
13 171
13 173
13 183
13 184
13 187
13 193
13 195
14 19
14 23
14 27
14 29
14 35
14 42
14 44
14 49
14 50
14 52
14 53
14 65
14 75
14 82
14 88
14 97
14 109
14 130
14 136
14 137
14 139
14 144
14 147
14 151
14 155
14 156
14 161
14 170
14 171
14 173
14 181
15 19
15 20
15 22
15 23
15 24
15 26
15 30
15 39
15 48
15 51
15 56
15 61
15 64
15 67
15 72
15 78
15 86
15 89
15 96
15 101
15 105
15 109
15 118
15 121
15 123
15 133
15 134
15 135
15 136
15 138
15 141
15 143
15 149
15 151
15 152
15 160
15 165
15 169
15 176
15 178
15 182
15 188
16 30
16 34
16 35
16 38
16 41
16 42
16 50
16 53
16 60
16 66
16 69
16 76
16 85
16 86
16 90
16 93
16 98
16 102
16 110
16 112
16 119
16 131
16 132
16 133
16 139
16 142
16 144
16 151
16 152
16 153
16 156
16 174
16 182
16 186
16 190
16 192
16 198
16 199
17 24
17 40
17 41
17 50
17 55
17 60
17 61
17 63
17 65
17 73
17 76
17 78
17 79
17 84
17 90
17 92
17 94
17 97
17 102
17 103
17 107
17 108
17 114
17 117
17 125
17 131
17 136
17 145
17 156
17 158
17 160
17 163
17 166
17 173
17 176
17 179
17 181
17 182
17 187
17 192
17 197
17 198
18 23
18 30
18 43
18 53
18 58
18 62
18 68
18 70
18 75
18 76
18 81
18 84
18 86
18 88
18 89
18 95
18 96
18 103
18 105
18 108
18 110
18 117
18 125
18 128
18 130
18 131
18 132
18 134
18 146
18 152
18 157
18 165
18 178
18 184
18 192
18 198
19 22
19 23
19 27
19 31
19 36
19 45
19 47
19 51
19 55
19 58
19 59
19 63
19 66
19 74
19 75
19 76
19 79
19 82
19 88
19 94
19 100
19 104
19 113
19 118
19 123
19 126
19 132
19 133
19 134
19 140
19 143
19 149
19 159
19 160
19 161
19 162
19 163
19 167
19 179
19 181
19 182
20 24
20 28
20 32
20 37
20 41
20 45
20 56
20 57
20 63
20 70
20 72
20 74
20 75
20 84
20 85
20 86
20 87
20 95
20 98
20 99
20 111
20 115
20 118
20 121
20 127
20 131
20 134
20 137
20 146
20 152
20 155
20 156
20 182
20 184
20 188
20 189
20 191
20 192
20 193
20 194
20 199
21 29
21 31
21 33
21 34
21 35
21 38
21 52
21 55
21 60
21 63
21 72
21 73
21 77
21 80
21 83
21 91
21 93
21 95
21 102
21 119
21 123
21 126
21 127
21 129
21 137
21 142
21 144
21 148
21 159
21 162
21 174
21 193
21 195
21 198
22 33
22 46
22 49
22 50
22 58
22 63
22 65
22 66
22 73
22 87
22 90
22 91
22 92
22 104
22 119
22 120
22 125
22 130
22 131
22 136
22 138
22 148
22 161
22 168
22 169
22 175
22 183
22 190
22 197
23 24
23 34
23 39
23 42
23 44
23 49
23 50
23 51
23 55
23 56
23 72
23 74
23 77
23 79
23 82
23 84
23 88
23 100
23 103
23 108
23 112
23 113
23 117
23 124
23 128
23 129
23 134
23 136
23 149
23 154
23 164
23 174
23 179
23 180
23 182
23 187
23 191
24 27
24 34
24 39
24 41
24 54
24 55
24 60
24 67
24 69
24 74
24 75
24 76
24 77
24 83
24 85
24 91
24 96
24 97
24 98
24 101
24 104
24 105
24 108
24 116
24 118
24 125
24 130
24 132
24 136
24 137
24 138
24 142
24 154
24 156
24 160
24 162
24 174
24 180
24 182
24 184
24 189
24 192
24 198
25 27
25 34
25 38
25 46
25 63
25 76
25 78
25 89
25 99
25 107
25 108
25 113
25 122
25 125
25 132
25 140
25 144
25 162
25 164
25 166
25 171
25 174
25 196
26 36
26 37
26 40
26 42
26 50
26 53
26 57
26 79
26 83
26 98
26 99
26 103
26 105
26 106
26 109
26 110
26 116
26 121
26 126
26 135
26 139
26 143
26 146
26 150
26 156
26 157
26 160
26 161
26 163
26 166
26 171
26 173
26 177
26 178
26 180
26 184
26 188
26 189
26 191
27 28
27 30
27 52
27 56
27 59
27 79
27 83
27 85
27 88
27 91
27 93
27 95
27 97
27 104
27 110
27 112
27 114
27 116
27 118
27 120
27 122
27 125
27 128
27 145
27 148
27 160
27 161
27 163
27 169
27 170
27 174
27 176
27 179
27 194
28 36
28 39
28 43
28 44
28 49
28 55
28 61
28 70
28 72
28 73
28 77
28 85
28 89
28 95
28 96
28 107
28 108
28 109
28 115
28 123
28 136
28 143
28 149
28 157
28 159
28 162
28 168
28 171
28 172
28 173
28 178
28 179
28 180
28 184
28 187
28 188
28 195
28 199
29 35
29 36
29 37
29 47
29 54
29 61
29 67
29 70
29 72
29 74
29 79
29 82
29 86
29 92
29 94
29 95
29 98
29 99
29 102
29 106
29 110
29 118
29 123
29 129
29 141
29 147
29 149
29 155
29 165
29 168
29 171
29 173
29 177
29 181
29 187
29 196
29 199
30 41
30 46
30 47
30 49
30 53
30 56
30 60
30 73
30 93
30 94
30 97
30 104
30 105
30 108
30 112
30 113
30 117
30 121
30 123
30 124
30 130
30 131
30 133
30 136
30 146
30 149
30 153
30 155
30 168
30 171
30 181
30 187
30 194
31 32
31 52
31 55
31 56
31 60
31 67
31 70
31 78
31 81
31 84
31 86
31 108
31 109
31 110
31 134
31 139
31 147
31 148
31 150
31 152
31 161
31 163
31 167
31 178
31 179
31 192
31 196
31 198
32 39
32 40
32 43
32 45
32 56
32 60
32 61
32 69
32 88
32 98
32 108
32 114
32 116
32 117
32 133
32 146
32 148
32 149
32 154
32 159
32 165
32 168
32 175
32 178
32 190
33 38
33 40
33 41
33 45
33 47
33 51
33 57
33 66
33 73
33 76
33 92
33 96
33 98
33 103
33 104
33 105
33 111
33 113
33 117
33 118
33 123
33 125
33 133
33 135
33 143
33 144
33 149
33 151
33 167
33 170
33 178
33 180
33 182
33 184
33 189
33 192
34 35
34 48
34 49
34 54
34 58
34 64
34 69
34 70
34 71
34 78
34 87
34 93
34 94
34 104
34 106
34 108
34 109
34 114
34 123
34 133
34 140
34 145
34 149
34 153
34 154
34 164
34 172
34 191
35 39
35 46
35 47
35 51
35 54
35 56
35 57
35 58
35 66
35 82
35 103
35 108
35 115
35 118
35 119
35 122
35 127
35 129
35 139
35 142
35 147
35 148
35 149
35 155
35 159
35 161
35 162
35 169
35 187
35 192
35 195
35 198
36 41
36 43
36 44
36 46
36 63
36 67
36 73
36 84
36 90
36 97
36 104
36 107
36 116
36 117
36 125
36 129
36 133
36 134
36 136
36 142
36 149
36 151
36 152
36 156
36 158
36 164
36 182
36 185
36 193
37 39
37 40
37 49
37 50
37 81
37 103
37 117
37 118
37 122
37 129
37 130
37 135
37 138
37 140
37 148
37 157
37 163
37 180
37 191
37 193
37 196
38 49
38 53
38 58
38 70
38 73
38 81
38 91
38 93
38 94
38 102
38 103
38 106
38 108
38 111
38 116
38 118
38 119
38 134
38 136
38 140
38 143
38 149
38 157
38 159
38 164
38 165
38 172
38 176
38 193
38 194
39 43
39 56
39 59
39 62
39 66
39 67
39 72
39 73
39 74
39 79
39 84
39 86
39 92
39 97
39 99
39 100
39 105
39 113
39 115
39 121
39 126
39 128
39 130
39 133
39 138
39 140
39 141
39 151
39 154
39 156
39 157
39 165
39 168
39 176
39 183
39 193
39 196
39 199
40 47
40 49
40 53
40 57
40 61
40 73
40 85
40 95
40 101
40 113
40 124
40 142
40 144
40 146
40 149
40 150
40 153
40 159
40 165
40 166
40 171
40 175
40 178
40 181
40 183
40 185
40 193
41 45
41 46
41 49
41 54
41 55
41 57
41 58
41 75
41 92
41 93
41 96
41 97
41 109
41 115
41 135
41 136
41 138
41 140
41 141
41 148
41 158
41 160
41 166
41 171
41 174
41 180
41 182
41 186
41 189
42 46
42 50
42 57
42 63
42 65
42 69
42 83
42 91
42 104
42 107
42 109
42 114
42 116
42 120
42 123
42 124
42 125
42 129
42 133
42 134
42 142
42 145
42 146
42 148
42 153
42 159
42 165
42 166
42 171
42 195
43 48
43 51
43 52
43 56
43 59
43 64
43 65
43 68
43 70
43 73
43 75
43 82
43 84
43 86
43 89
43 95
43 99
43 107
43 109
43 111
43 118
43 126
43 132
43 133
43 137
43 141
43 142
43 143
43 145
43 147
43 162
43 181
44 51
44 52
44 64
44 67
44 79
44 101
44 106
44 107
44 112
44 120
44 127
44 130
44 134
44 139
44 140
44 141
44 161
44 165
44 166
44 174
44 178
44 179
44 191
44 192
44 193
44 194
44 198
45 46
45 48
45 49
45 54
45 60
45 66
45 73
45 74
45 75
45 85
45 88
45 89
45 95
45 103
45 106
45 108
45 110
45 133
45 136
45 159
45 169
45 173
45 174
45 175
45 178
45 186
45 194
45 195
45 198
46 55
46 58
46 62
46 67
46 71
46 81
46 84
46 94
46 104
46 108
46 109
46 110
46 115
46 122
46 124
46 125
46 136
46 138
46 151
46 152
46 156
46 162
46 165
46 176
46 185
46 186
46 187
46 192
47 50
47 52
47 56
47 57
47 62
47 70
47 75
47 76
47 82
47 112
47 117
47 125
47 131
47 133
47 138
47 151
47 155
47 168
47 169
47 171
47 175
47 176
47 177
47 178
47 182
47 188
47 189
47 191
48 49
48 52
48 56
48 57
48 60
48 62
48 63
48 65
48 76
48 82
48 85
48 86
48 87
48 92
48 102
48 106
48 109
48 114
48 123
48 126
48 133
48 137
48 142
48 149
48 152
48 159
48 161
48 162
48 164
48 174
48 175
48 178
48 189
48 191
48 195
48 199
49 50
49 61
49 63
49 68
49 71
49 79
49 82
49 85
49 87
49 88
49 94
49 101
49 106
49 109
49 111
49 113
49 122
49 123
49 124
49 125
49 133
49 135
49 144
49 151
49 154
49 155
49 159
49 162
49 167
49 170
49 173
49 183
49 189
49 194
49 195
49 196
50 51
50 52
50 58
50 62
50 67
50 74
50 80
50 92
50 110
50 133
50 134
50 135
50 139
50 141
50 146
50 147
50 159
50 166
50 177
50 181
50 189
50 191
50 194
50 197
51 56
51 61
51 62
51 63
51 66
51 69
51 74
51 76
51 77
51 78
51 84
51 85
51 86
51 87
51 90
51 93
51 94
51 96
51 106
51 107
51 116
51 125
51 142
51 144
51 145
51 147
51 153
51 154
51 157
51 167
51 184
51 186
51 187
51 189
51 193
51 195
51 196
52 55
52 57
52 64
52 72
52 73
52 75
52 81
52 83
52 84
52 91
52 94
52 98
52 101
52 108
52 109
52 113
52 120
52 128
52 130
52 132
52 137
52 159
52 169
52 175
52 190
52 194
52 197
53 54
53 63
53 64
53 68
53 75
53 80
53 83
53 88
53 99
53 106
53 108
53 109
53 110
53 111
53 114
53 115
53 121
53 122
53 123
53 124
53 125
53 128
53 133
53 136
53 140
53 141
53 146
53 156
53 160
53 161
53 172
53 173
53 176
53 178
53 182
53 183
53 194
54 56
54 58
54 71
54 75
54 85
54 87
54 89
54 113
54 122
54 124
54 137
54 142
54 147
54 149
54 150
54 165
54 169
55 57
55 80
55 82
55 86
55 92
55 99
55 118
55 119
55 126
55 129
55 133
55 140
55 141
55 144
55 145
55 149
55 156
55 169
55 173
55 186
55 188
55 192
55 196
55 198
56 58
56 69
56 70
56 80
56 82
56 85
56 88
56 90
56 95
56 99
56 101
56 102
56 105
56 107
56 108
56 110
56 121
56 127
56 129
56 131
56 133
56 136
56 137
56 138
56 141
56 146
56 148
56 154
56 160
56 166
56 168
56 169
56 172
56 180
56 184
56 187
56 194
57 61
57 66
57 68
57 70
57 75
57 77
57 79
57 82
57 90
57 101
57 102
57 104
57 118
57 123
57 126
57 130
57 140
57 144
57 145
57 147
57 155
57 162
57 165
57 166
57 168
57 170
57 173
57 179
57 184
57 186
57 190
57 196
58 69
58 72
58 94
58 109
58 111
58 115
58 140
58 145
58 147
58 149
58 153
58 156
58 159
58 160
58 167
58 168
58 178
58 184
58 188
58 190
58 191
59 75
59 78
59 86
59 88
59 91
59 92
59 95
59 105
59 107
59 109
59 113
59 121
59 122
59 123
59 127
59 136
59 141
59 145
59 149
59 155
59 160
59 174
59 180
59 183
60 63
60 65
60 67
60 74
60 86
60 88
60 92
60 95
60 105
60 109
60 110
60 120
60 121
60 124
60 126
60 129
60 133
60 135
60 141
60 145
60 148
60 150
60 155
60 160
60 161
60 166
60 172
60 174
60 180
60 185
60 186
61 67
61 70
61 71
61 97
61 98
61 103
61 107
61 110
61 112
61 113
61 117
61 121
61 130
61 141
61 144
61 161
61 168
61 175
61 184
61 197
61 199
62 66
62 80
62 84
62 86
62 93
62 94
62 97
62 98
62 99
62 103
62 105
62 109
62 112
62 114
62 121
62 129
62 135
62 137
62 139
62 143
62 150
62 160
62 163
62 164
62 175
62 179
62 185
62 187
62 192
62 197
63 70
63 82
63 87
63 94
63 95
63 121
63 124
63 126
63 131
63 144
63 146
63 147
63 150
63 155
63 159
63 160
63 166
63 168
63 171
63 176
63 189
63 192
63 194
63 195
63 196
64 68
64 74
64 76
64 78
64 87
64 91
64 98
64 105
64 119
64 120
64 123
64 127
64 128
64 130
64 131
64 134
64 138
64 154
64 159
64 164
64 176
64 184
64 188
64 189
64 199
65 70
65 84
65 88
65 92
65 100
65 103
65 104
65 111
65 115
65 121
65 127
65 130
65 131
65 139
65 141
65 149
65 154
65 163
65 168
65 172
65 178
65 180
65 181
65 182
65 185
65 189
65 192
65 196
66 67
66 68
66 70
66 72
66 79
66 81
66 84
66 85
66 87
66 89
66 92
66 101
66 123
66 124
66 128
66 155
66 163
66 168
66 169
66 175
66 180
66 187
66 190
66 191
67 84
67 86
67 91
67 94
67 95
67 101
67 103
67 112
67 113
67 123
67 129
67 131
67 133
67 157
67 158
67 160
67 175
67 180
67 185
67 186
67 194
67 197
67 198
68 70
68 77
68 81
68 84
68 89
68 90
68 100
68 102
68 106
68 111
68 116
68 118
68 123
68 128
68 130
68 131
68 135
68 136
68 149
68 167
68 169
68 173
68 176
68 179
68 183
68 187
68 191
69 71
69 73
69 74
69 78
69 82
69 86
69 91
69 92
69 93
69 114
69 117
69 121
69 135
69 137
69 147
69 148
69 150
69 151
69 166
69 168
69 174
69 175
69 181
69 191
69 194
69 197
69 198
70 76
70 82
70 83
70 85
70 92
70 96
70 98
70 106
70 115
70 118
70 124
70 125
70 132
70 141
70 160
70 166
70 172
70 173
70 176
71 81
71 82
71 85
71 88
71 94
71 97
71 99
71 101
71 104
71 118
71 126
71 129
71 133
71 134
71 136
71 142
71 144
71 146
71 151
71 155
71 158
71 162
71 169
71 179
71 182
71 185
71 186
71 187
71 194
71 198
71 199
72 75
72 78
72 88
72 93
72 94
72 96
72 105
72 112
72 114
72 122
72 124
72 126
72 129
72 130
72 133
72 135
72 143
72 146
72 147
72 154
72 156
72 168
72 169
72 179
72 185
72 188
72 190
73 78
73 89
73 90
73 91
73 92
73 93
73 100
73 106
73 113
73 117
73 121
73 122
73 139
73 142
73 148
73 160
73 167
73 168
73 170
73 171
73 176
73 183
73 184
73 185
73 190
73 195
73 199
74 76
74 78
74 81
74 85
74 88
74 90
74 93
74 98
74 100
74 101
74 102
74 106
74 108
74 109
74 117
74 121
74 122
74 125
74 127
74 137
74 142
74 143
74 144
74 160
74 181
74 188
74 189
75 77
75 90
75 91
75 96
75 103
75 106
75 120
75 125
75 126
75 129
75 131
75 141
75 142
75 144
75 148
75 149
75 154
75 171
75 183
75 186
75 189
75 194
75 196
76 78
76 79
76 84
76 87
76 91
76 92
76 95
76 97
76 98
76 104
76 106
76 109
76 111
76 125
76 135
76 137
76 149
76 160
76 168
76 171
76 175
76 182
76 184
76 186
76 188
76 193
76 197
76 198
77 89
77 90
77 92
77 98
77 99
77 103
77 107
77 108
77 109
77 113
77 115
77 116
77 124
77 131
77 136
77 158
77 165
77 169
77 170
77 184
77 187
77 194
77 195
77 197
77 198
78 79
78 84
78 96
78 102
78 104
78 105
78 106
78 109
78 110
78 123
78 126
78 129
78 130
78 139
78 144
78 155
78 168
78 171
78 176
78 179
78 185
78 190
78 194
79 82
79 93
79 95
79 99
79 103
79 104
79 107
79 111
79 124
79 127
79 129
79 139
79 146
79 152
79 157
79 159
79 176
79 185
79 195
79 197
79 198
80 82
80 84
80 87
80 92
80 103
80 108
80 117
80 119
80 120
80 126
80 143
80 144
80 151
80 154
80 163
80 168
80 169
80 170
80 178
80 184
80 195
81 91
81 93
81 100
81 105
81 106
81 112
81 116
81 121
81 138
81 139
81 142
81 147
81 156
81 158
81 166
81 167
81 174
81 189
81 190
81 195
81 196
82 85
82 87
82 90
82 93
82 96
82 97
82 104
82 108
82 110
82 115
82 122
82 144
82 145
82 147
82 150
82 161
82 162
82 167
82 171
82 175
82 178
82 180
82 181
82 185
82 186
82 194
83 85
83 101
83 104
83 108
83 109
83 111
83 117
83 119
83 121
83 122
83 125
83 126
83 136
83 140
83 143
83 144
83 145
83 160
83 164
83 169
83 170
83 181
83 187
84 88
84 95
84 101
84 114
84 122
84 123
84 134
84 136
84 145
84 148
84 150
84 164
84 167
84 179
84 180
84 184
84 185
84 188
84 197
85 94
85 95
85 97
85 105
85 108
85 115
85 117
85 118
85 122
85 123
85 145
85 146
85 150
85 151
85 153
85 155
85 157
85 162
85 163
85 166
85 167
85 168
85 169
85 175
85 178
85 183
85 190
85 193
85 197
85 198
85 199
86 87
86 88
86 89
86 91
86 94
86 95
86 98
86 99
86 101
86 106
86 112
86 120
86 126
86 135
86 139
86 142
86 143
86 145
86 147
86 150
86 152
86 154
86 156
86 157
86 169
86 173
86 179
86 184
86 197
87 91
87 92
87 101
87 111
87 115
87 134
87 140
87 141
87 142
87 143
87 151
87 152
87 156
87 163
87 165
87 169
87 172
87 173
87 179
87 181
87 182
87 188
87 198
88 96
88 97
88 101
88 113
88 115
88 120
88 122
88 127
88 135
88 137
88 138
88 153
88 160
88 169
88 178
88 188
88 197
89 94
89 96
89 100
89 102
89 104
89 105
89 107
89 110
89 111
89 112
89 122
89 123
89 126
89 131
89 136
89 138
89 147
89 148
89 155
89 161
89 164
89 186
89 199
90 91
90 93
90 97
90 104
90 114
90 116
90 117
90 120
90 122
90 124
90 128
90 132
90 151
90 160
90 162
90 169
90 170
90 178
90 181
90 183
90 192
90 199
91 94
91 99
91 106
91 108
91 115
91 116
91 118
91 119
91 122
91 128
91 132
91 134
91 136
91 138
91 139
91 140
91 142
91 143
91 144
91 146
91 150
91 151
91 159
91 160
91 162
91 168
91 174
91 175
91 178
91 182
91 187
91 192
91 196
91 198
92 93
92 96
92 100
92 103
92 111
92 112
92 114
92 116
92 120
92 124
92 141
92 147
92 162
92 163
92 165
92 174
92 179
92 183
92 186
93 99
93 104
93 105
93 106
93 113
93 115
93 127
93 136
93 140
93 143
93 148
93 150
93 152
93 156
93 173
93 178
93 191
93 196
93 197
94 96
94 111
94 114
94 119
94 121
94 122
94 137
94 139
94 140
94 141
94 143
94 147
94 152
94 156
94 160
94 166
94 168
94 172
94 178
94 179
94 180
94 181
94 191
94 197
95 100
95 109
95 124
95 139
95 140
95 142
95 144
95 146
95 148
95 160
95 163
95 169
95 185
95 186
95 191
96 102
96 107
96 112
96 114
96 126
96 128
96 129
96 135
96 136
96 146
96 151
96 152
96 172
96 178
96 183
96 186
96 188
96 189
96 197
96 198
96 199
97 100
97 121
97 125
97 132
97 133
97 136
97 141
97 147
97 153
97 162
97 164
97 176
97 184
97 185
97 188
98 112
98 113
98 115
98 119
98 120
98 121
98 124
98 131
98 135
98 137
98 139
98 141
98 148
98 153
98 155
98 157
98 166
98 176
98 181
98 193
98 198
99 102
99 105
99 112
99 113
99 116
99 123
99 127
99 136
99 162
99 167
99 176
99 188
100 104
100 107
100 114
100 116
100 118
100 119
100 127
100 133
100 134
100 139
100 144
100 149
100 155
100 157
100 161
100 162
100 167
100 171
100 176
100 181
100 184
100 192
100 194
100 195
101 103
101 113
101 115
101 121
101 123
101 125
101 126
101 128
101 129
101 133
101 138
101 143
101 149
101 151
101 152
101 154
101 159
101 161
101 162
101 168
101 170
101 173
101 175
101 177
101 186
101 192
101 194
101 195
101 196
101 198
102 115
102 116
102 123
102 134
102 136
102 140
102 142
102 154
102 159
102 172
102 173
102 177
102 181
102 183
102 184
102 189
102 192
102 195
103 104
103 106
103 107
103 110
103 115
103 127
103 134
103 136
103 138
103 140
103 163
103 167
103 184
103 191
103 196
103 199
104 107
104 125
104 127
104 129
104 143
104 146
104 147
104 149
104 152
104 154
104 156
104 160
104 167
104 173
104 175
104 176
104 189
104 195
105 115
105 117
105 122
105 131
105 134
105 138
105 142
105 149
105 151
105 156
105 158
105 162
105 164
105 165
105 168
105 174
105 177
105 180
105 183
105 188
105 192
106 110
106 121
106 122
106 124
106 125
106 127
106 130
106 131
106 136
106 144
106 145
106 148
106 152
106 155
106 168
106 170
106 176
106 180
106 184
106 185
106 187
106 190
106 191
106 193
106 199
107 110
107 111
107 121
107 123
107 124
107 125
107 129
107 137
107 138
107 141
107 143
107 146
107 147
107 149
107 153
107 162
107 164
107 166
107 171
107 173
107 175
107 186
107 187
107 189
107 193
108 110
108 111
108 119
108 122
108 123
108 125
108 139
108 147
108 148
108 158
108 164
108 171
108 184
108 186
108 187
108 188
108 198
109 110
109 115
109 123
109 125
109 135
109 136
109 144
109 145
109 148
109 152
109 171
109 172
109 181
109 183
109 184
109 194
110 112
110 127
110 128
110 131
110 133
110 139
110 142
110 146
110 150
110 153
110 178
110 183
110 185
111 114
111 115
111 118
111 122
111 126
111 140
111 144
111 145
111 150
111 157
111 167
111 171
111 180
111 181
111 182
111 192
112 117
112 124
112 133
112 142
112 165
112 170
112 172
112 173
112 178
112 180
112 183
112 190
112 196
112 198
112 199
113 115
113 120
113 123
113 124
113 132
113 140
113 148
113 153
113 174
113 179
113 185
113 191
113 192
114 115
114 127
114 129
114 132
114 147
114 151
114 158
114 160
114 164
114 171
114 176
114 177
114 179
114 182
114 183
114 184
114 196
114 197
115 121
115 127
115 128
115 142
115 147
115 151
115 158
115 159
115 162
115 165
115 167
115 170
115 172
115 173
115 175
115 177
115 183
115 186
115 187
115 188
115 190
115 193
115 195
115 199
116 117
116 124
116 129
116 133
116 145
116 147
116 158
116 160
116 162
116 163
116 168
116 173
116 175
116 184
116 188
116 192
116 195
116 196
117 123
117 124
117 125
117 130
117 132
117 133
117 136
117 147
117 149
117 150
117 161
117 162
117 169
117 175
117 179
117 188
117 190
117 193
118 128
118 131
118 137
118 138
118 142
118 148
118 152
118 157
118 159
118 169
118 177
118 179
118 182
118 195
118 198
118 199
119 121
119 122
119 125
119 136
119 145
119 146
119 148
119 149
119 153
119 154
119 156
119 163
119 168
119 169
119 177
119 184
119 185
119 186
119 190
119 196
120 124
120 125
120 127
120 133
120 134
120 141
120 143
120 144
120 152
120 160
120 166
120 167
120 170
120 171
120 180
120 187
120 193
120 194
120 196
120 198
121 125
121 129
121 139
121 146
121 148
121 160
121 162
121 173
121 178
121 182
121 188
121 195
122 123
122 124
122 130
122 131
122 135
122 145
122 149
122 151
122 153
122 156
122 165
122 171
122 172
122 173
122 184
122 194
122 196
123 125
123 131
123 138
123 150
123 154
123 156
123 158
123 160
123 164
123 187
123 190
123 193
124 127
124 134
124 139
124 140
124 153
124 165
124 166
124 171
124 172
124 177
124 181
124 182
124 187
124 195
124 199
125 129
125 130
125 131
125 132
125 135
125 141
125 147
125 152
125 153
125 154
125 156
125 163
125 166
125 168
125 171
125 198
126 129
126 140
126 143
126 146
126 151
126 153
126 155
126 170
126 172
126 176
126 183
126 186
126 190
126 192
127 131
127 133
127 136
127 141
127 143
127 152
127 153
127 155
127 156
127 163
127 170
127 177
127 181
127 183
127 189
127 198
128 129
128 135
128 136
128 146
128 151
128 159
128 160
128 164
128 170
128 174
128 176
128 177
128 182
128 189
128 193
128 196
129 138
129 141
129 142
129 143
129 148
129 156
129 158
129 159
129 161
129 164
129 167
129 176
129 181
129 185
129 193
129 197
130 135
130 148
130 164
130 167
130 169
130 171
130 175
130 178
130 190
130 193
130 194
131 134
131 155
131 157
131 159
131 161
131 164
131 167
131 168
131 169
131 183
131 190
131 194
131 195
132 135
132 143
132 150
132 159
132 165
132 169
132 170
132 176
132 189
133 143
133 146
133 148
133 149
133 159
133 164
133 166
133 173
133 178
133 181
133 187
133 190
133 193
133 199
134 135
134 150
134 152
134 161
134 173
134 177
134 183
135 138
135 141
135 144
135 146
135 147
135 153
135 156
135 158
135 162
135 163
135 164
135 174
135 180
135 183
135 189
136 137
136 145
136 151
136 153
136 156
136 158
136 167
136 168
136 174
136 190
136 199
137 138
137 142
137 144
137 146
137 168
137 174
137 176
137 183
137 196
137 197
138 147
138 148
138 162
138 166
138 167
138 184
138 190
138 198
139 145
139 146
139 172
139 177
139 183
139 192
139 196
139 198
140 152
140 153
140 155
140 156
140 157
140 161
140 162
140 165
140 169
140 170
140 174
140 185
140 187
140 190
140 193
140 194
140 197
141 145
141 150
141 151
141 155
141 158
141 161
141 165
141 169
141 171
141 179
141 182
141 190
141 195
142 147
142 150
142 156
142 160
142 162
142 163
142 168
142 169
142 172
142 174
142 175
142 176
142 178
142 179
142 181
142 183
142 186
142 188
142 191
143 145
143 146
143 151
143 154
143 158
143 159
143 161
143 184
143 185
143 187
143 190
143 191
144 149
144 152
144 154
144 164
144 166
144 172
144 173
144 179
144 182
144 191
144 194
145 146
145 157
145 158
145 166
145 172
145 174
145 176
145 182
145 198
145 199
146 152
146 157
146 165
146 168
146 169
146 171
146 178
146 183
146 186
146 193
146 194
147 148
147 155
147 156
147 170
147 172
147 175
147 179
147 185
147 186
147 188
147 194
147 195
147 196
147 197
147 199
148 149
148 158
148 167
148 173
148 174
148 185
148 187
148 193
148 198
148 199
149 159
149 161
149 163
149 165
149 169
149 170
149 174
149 176
149 184
149 188
149 193
149 199
150 151
150 152
150 157
150 164
150 169
150 181
150 187
150 189
150 197
150 198
151 156
151 159
151 160
151 164
151 165
151 168
151 169
151 173
151 186
152 155
152 161
152 170
152 189
152 192
152 196
153 160
153 163
153 165
153 173
153 174
153 177
153 178
153 186
153 187
153 192
153 193
153 195
154 160
154 161
154 164
154 175
154 179
155 156
155 164
155 167
155 169
155 177
155 181
155 188
155 189
155 192
155 193
155 199
156 159
156 164
156 166
156 178
156 180
156 184
156 190
156 195
157 159
157 169
157 171
157 175
157 178
157 182
157 187
157 188
157 189
157 196
158 166
158 170
158 177
158 179
158 181
158 192
158 193
158 194
159 169
159 174
159 175
159 177
159 179
159 183
159 193
160 168
160 187
160 195
160 198
161 162
161 173
161 175
161 198
162 167
162 169
162 177
162 178
162 195
162 197
162 198
163 165
163 172
164 168
164 169
164 174
164 178
164 187
164 198
165 166
165 187
165 190
166 167
166 171
166 174
166 178
166 180
166 185
166 186
166 188
166 190
166 199
167 175
167 177
167 179
167 180
167 186
167 196
167 198
168 171
168 172
168 173
168 174
168 185
168 193
168 197
168 199
169 170
169 171
169 172
169 176
169 183
169 187
169 190
169 196
169 198
170 175
170 181
170 194
170 199
171 181
171 183
171 186
171 187
171 198
172 173
172 176
172 177
172 180
172 181
172 188
172 195
173 176
173 177
173 179
173 181
173 182
173 187
173 189
173 192
174 179
174 182
174 187
174 189
175 179
175 185
175 188
175 189
175 193
175 194
175 195
176 177
176 180
177 180
177 182
177 189
177 190
177 196
178 180
178 188
178 189
178 194
178 196
179 185
179 186
179 187
179 188
179 191
179 198
179 199
180 182
180 186
180 187
180 191
180 192
180 195
181 190
181 192
181 198
182 183
182 187
182 188
182 191
182 192
182 195
182 196
182 197
183 184
183 185
183 188
183 196
183 198
183 199
184 185
184 188
184 195
186 190
186 194
187 193
188 189
188 192
188 193
189 195
189 198
190 196
191 194
192 195
192 196
196 199
136 75 102 91 83 104 157 24 87 183
198 163 73 127 48 134 46 97 65 165
86 17 26 32 59 109 53 166 154 57
152 6 63 93 140 158 2 43 68 41
184 0 28 138 186 139 148 120 192 19
12 34 150 144 76 172 33 42 47 7
194 99 173 95 112 3 50 115 20 181
156 190 128 160 142 96 25 159 45 77
80 117 167 196 60 187 182 67 177 121
185 174 62 5 38 171 122 56 195 175
85 176 23 179 124 51 49 8 35 13
18 170 64 168 146 101 4 88 52 1
89 31 119 197 94 111 90 84 145 189
180 61 14 103 79 110 39 55 81 199
11 155 130 44 123 137 92 162 113 21
40 161 151 116 71 125 164 15 9 169
22 178 106 126 66 30 193 107 69 131
54 129 72 29 143 82 114 149 141 74
100 133 16 27 36 118 78 70 105 153
147 37 10 188 108 132 98 191 58 135
