200
9929
5
69
16
95
8
17
0 1
0 3
0 6
0 7
0 11
0 12
0 16
0 17
0 18
0 20
0 23
0 25
0 26
0 28
0 29
0 31
0 32
0 34
0 36
0 38
0 41
0 43
0 45
0 46
0 47
0 49
0 53
0 54
0 56
0 57
0 58
0 59
0 60
0 61
0 63
0 64
0 65
0 66
0 67
0 69
0 72
0 74
0 75
0 76
0 77
0 82
0 83
0 88
0 91
0 93
0 94
0 97
0 98
0 100
0 102
0 103
0 104
0 105
0 107
0 108
0 111
0 113
0 114
0 119
0 120
0 121
0 124
0 126
0 127
0 128
0 129
0 130
0 134
0 138
0 139
0 141
0 142
0 143
0 146
0 150
0 151
0 152
0 153
0 156
0 157
0 158
0 159
0 160
0 163
0 164
0 165
0 166
0 167
0 168
0 169
0 172
0 173
0 181
0 182
0 184
0 186
0 188
0 190
0 192
0 194
0 196
0 197
0 198
0 199
1 2
1 8
1 9
1 10
1 11
1 12
1 13
1 14
1 15
1 20
1 22
1 23
1 24
1 25
1 27
1 28
1 29
1 30
1 31
1 32
1 33
1 34
1 36
1 37
1 38
1 41
1 43
1 44
1 46
1 48
1 49
1 52
1 53
1 54
1 61
1 62
1 63
1 66
1 67
1 68
1 70
1 71
1 72
1 74
1 75
1 79
1 81
1 83
1 84
1 89
1 90
1 91
1 94
1 97
1 101
1 104
1 107
1 109
1 111
1 112
1 113
1 114
1 115
1 116
1 117
1 118
1 122
1 124
1 130
1 131
1 134
1 135
1 136
1 141
1 143
1 144
1 150
1 157
1 158
1 160
1 161
1 162
1 166
1 168
1 169
1 171
1 174
1 175
1 177
1 179
1 182
1 184
1 187
1 189
1 190
1 191
1 194
1 195
1 196
1 198
2 4
2 5
2 6
2 7
2 8
2 10
2 12
2 13
2 16
2 17
2 18
2 19
2 22
2 24
2 27
2 29
2 34
2 35
2 36
2 38
2 39
2 40
2 42
2 46
2 49
2 53
2 54
2 55
2 56
2 61
2 67
2 70
2 71
2 73
2 75
2 76
2 78
2 79
2 84
2 85
2 89
2 90
2 92
2 99
2 101
2 102
2 106
2 107
2 110
2 111
2 116
2 118
2 119
2 121
2 122
2 125
2 126
2 132
2 138
2 139
2 141
2 142
2 144
2 147
2 148
2 149
2 154
2 155
2 159
2 160
2 166
2 170
2 171
2 172
2 173
2 176
2 177
2 178
2 179
2 180
2 181
2 182
2 186
2 188
2 189
2 193
2 195
2 197
2 198
3 6
3 7
3 8
3 9
3 11
3 12
3 13
3 15
3 16
3 18
3 19
3 23
3 25
3 26
3 28
3 31
3 32
3 33
3 34
3 37
3 40
3 42
3 43
3 45
3 46
3 48
3 50
3 52
3 53
3 54
3 56
3 57
3 59
3 61
3 62
3 63
3 66
3 67
3 68
3 69
3 72
3 73
3 75
3 76
3 77
3 78
3 79
3 81
3 85
3 87
3 88
3 93
3 94
3 97
3 98
3 99
3 101
3 102
3 103
3 104
3 110
3 111
3 112
3 114
3 116
3 117
3 118
3 120
3 125
3 128
3 133
3 135
3 136
3 137
3 138
3 141
3 143
3 144
3 145
3 146
3 147
3 151
3 153
3 154
3 156
3 159
3 162
3 163
3 165
3 169
3 174
3 177
3 178
3 179
3 181
3 184
3 187
3 188
3 189
3 190
3 192
3 193
3 198
3 199
4 5
4 7
4 9
4 10
4 12
4 13
4 16
4 17
4 18
4 19
4 24
4 25
4 26
4 29
4 30
4 31
4 33
4 35
4 39
4 42
4 47
4 52
4 53
4 55
4 58
4 59
4 60
4 61
4 62
4 68
4 70
4 73
4 74
4 75
4 76
4 79
4 80
4 85
4 86
4 87
4 88
4 90
4 91
4 92
4 94
4 95
4 96
4 97
4 101
4 103
4 104
4 106
4 107
4 108
4 109
4 110
4 111
4 112
4 113
4 114
4 115
4 118
4 121
4 122
4 124
4 125
4 129
4 132
4 139
4 141
4 142
4 143
4 144
4 148
4 149
4 153
4 156
4 157
4 158
4 159
4 164
4 165
4 166
4 168
4 169
4 170
4 171
4 173
4 177
4 178
4 180
4 181
4 185
4 186
4 188
4 189
4 191
4 192
4 195
4 197
4 198
5 6
5 8
5 9
5 12
5 16
5 17
5 18
5 19
5 21
5 22
5 28
5 29
5 30
5 34
5 35
5 36
5 38
5 39
5 40
5 43
5 44
5 45
5 46
5 47
5 49
5 51
5 52
5 53
5 54
5 58
5 59
5 61
5 62
5 63
5 65
5 66
5 68
5 70
5 71
5 73
5 74
5 76
5 77
5 78
5 79
5 80
5 81
5 84
5 85
5 86
5 87
5 88
5 90
5 97
5 100
5 101
5 102
5 103
5 105
5 106
5 107
5 113
5 114
5 116
5 118
5 121
5 122
5 123
5 124
5 128
5 129
5 130
5 133
5 134
5 135
5 138
5 139
5 140
5 143
5 144
5 148
5 149
5 150
5 151
5 153
5 154
5 156
5 157
5 159
5 163
5 165
5 166
5 170
5 174
5 175
5 176
5 177
5 179
5 180
5 181
5 183
5 184
5 185
5 188
5 191
5 193
5 195
5 196
6 7
6 8
6 10
6 12
6 17
6 18
6 19
6 24
6 25
6 30
6 31
6 32
6 35
6 38
6 39
6 41
6 45
6 50
6 52
6 55
6 57
6 59
6 62
6 63
6 64
6 67
6 69
6 70
6 71
6 72
6 73
6 74
6 75
6 76
6 77
6 84
6 85
6 86
6 88
6 89
6 90
6 93
6 94
6 95
6 103
6 104
6 110
6 112
6 113
6 118
6 120
6 121
6 123
6 126
6 130
6 139
6 142
6 149
6 150
6 152
6 153
6 154
6 156
6 157
6 159
6 161
6 162
6 163
6 166
6 170
6 175
6 177
6 178
6 179
6 182
6 183
6 185
6 186
6 187
6 189
6 191
6 192
6 193
6 195
6 197
6 198
6 199
7 9
7 10
7 11
7 14
7 15
7 19
7 20
7 25
7 26
7 27
7 32
7 33
7 34
7 37
7 38
7 39
7 42
7 43
7 48
7 49
7 54
7 55
7 58
7 59
7 61
7 62
7 64
7 65
7 72
7 73
7 74
7 76
7 77
7 78
7 79
7 82
7 84
7 85
7 87
7 89
7 93
7 95
7 97
7 98
7 100
7 103
7 105
7 106
7 108
7 112
7 115
7 117
7 120
7 121
7 124
7 125
7 126
7 127
7 128
7 130
7 131
7 133
7 134
7 137
7 138
7 143
7 144
7 145
7 146
7 147
7 149
7 150
7 153
7 157
7 158
7 159
7 160
7 162
7 167
7 170
7 172
7 174
7 175
7 182
7 183
7 186
7 188
7 190
7 191
7 192
8 9
8 10
8 15
8 23
8 24
8 25
8 27
8 28
8 29
8 30
8 31
8 33
8 36
8 37
8 38
8 39
8 40
8 41
8 42
8 43
8 44
8 45
8 48
8 49
8 57
8 58
8 63
8 67
8 68
8 69
8 70
8 71
8 72
8 73
8 74
8 75
8 76
8 81
8 83
8 86
8 87
8 92
8 93
8 99
8 100
8 101
8 105
8 111
8 114
8 121
8 123
8 126
8 127
8 128
8 130
8 134
8 135
8 137
8 139
8 142
8 143
8 144
8 145
8 146
8 147
8 149
8 156
8 158
8 159
8 161
8 164
8 166
8 167
8 169
8 170
8 176
8 178
8 180
8 183
8 184
8 185
8 186
8 187
8 189
8 191
8 197
8 199
9 10
9 12
9 14
9 16
9 17
9 18
9 20
9 21
9 25
9 26
9 28
9 31
9 35
9 36
9 40
9 42
9 43
9 45
9 46
9 51
9 52
9 53
9 55
9 63
9 65
9 71
9 72
9 75
9 79
9 80
9 82
9 85
9 90
9 92
9 95
9 97
9 99
9 100
9 101
9 102
9 107
9 108
9 109
9 110
9 114
9 117
9 118
9 122
9 131
9 136
9 138
9 140
9 141
9 142
9 143
9 144
9 147
9 148
9 150
9 153
9 155
9 156
9 157
9 161
9 163
9 164
9 167
9 168
9 169
9 174
9 175
9 180
9 181
9 182
9 183
9 188
9 189
9 190
9 194
9 195
9 198
9 199
10 13
10 17
10 18
10 19
10 20
10 22
10 23
10 24
10 28
10 31
10 32
10 33
10 35
10 38
10 40
10 41
10 43
10 47
10 48
10 49
10 51
10 54
10 56
10 57
10 58
10 59
10 61
10 63
10 66
10 67
10 68
10 69
10 71
10 72
10 74
10 75
10 78
10 79
10 80
10 81
10 83
10 84
10 88
10 89
10 90
10 93
10 94
10 95
10 96
10 97
10 101
10 102
10 103
10 107
10 109
10 110
10 111
10 112
10 114
10 115
10 117
10 124
10 127
10 129
10 134
10 137
10 139
10 140
10 141
10 142
10 145
10 146
10 150
10 151
10 152
10 154
10 155
10 156
10 158
10 160
10 162
10 163
10 164
10 166
10 167
10 168
10 169
10 170
10 173
10 175
10 176
10 177
10 178
10 181
10 183
10 184
10 186
10 188
10 193
10 194
10 195
10 197
10 199
11 14
11 15
11 16
11 17
11 18
11 21
11 23
11 24
11 27
11 28
11 30
11 31
11 33
11 34
11 37
11 40
11 41
11 45
11 46
11 47
11 48
11 49
11 54
11 55
11 58
11 61
11 62
11 63
11 65
11 66
11 69
11 71
11 72
11 73
11 80
11 81
11 83
11 84
11 86
11 87
11 88
11 90
11 91
11 94
11 95
11 98
11 99
11 100
11 104
11 106
11 109
11 110
11 112
11 115
11 117
11 118
11 119
11 120
11 122
11 124
11 126
11 128
11 130
11 135
11 136
11 138
11 139
11 140
11 142
11 145
11 146
11 147
11 149
11 152
11 155
11 156
11 160
11 161
11 165
11 166
11 167
11 168
11 169
11 171
11 174
11 177
11 180
11 181
11 182
11 183
11 185
11 186
11 187
11 188
11 189
11 193
11 195
11 196
12 13
12 15
12 16
12 19
12 23
12 27
12 28
12 29
12 30
12 32
12 34
12 36
12 37
12 39
12 40
12 42
12 43
12 44
12 47
12 48
12 49
12 52
12 55
12 56
12 57
12 58
12 60
12 62
12 64
12 66
12 70
12 71
12 74
12 79
12 80
12 81
12 83
12 86
12 87
12 93
12 95
12 96
12 99
12 100
12 105
12 110
12 111
12 112
12 114
12 118
12 119
12 121
12 122
12 123
12 124
12 128
12 130
12 132
12 134
12 135
12 136
12 137
12 140
12 141
12 143
12 144
12 146
12 147
12 150
12 151
12 154
12 157
12 158
12 159
12 160
12 162
12 163
12 164
12 165
12 166
12 168
12 169
12 170
12 171
12 172
12 173
12 174
12 178
12 181
12 182
12 184
12 185
12 187
12 188
12 189
12 192
12 193
12 195
12 196
12 197
12 199
13 18
13 19
13 20
13 23
13 24
13 25
13 27
13 28
13 29
13 30
13 33
13 34
13 35
13 36
13 37
13 38
13 40
13 43
13 45
13 46
13 47
13 51
13 54
13 56
13 57
13 62
13 63
13 64
13 65
13 68
13 69
13 73
13 77
13 78
13 79
13 80
13 81
13 82
13 85
13 87
13 90
13 91
13 93
13 96
13 98
13 99
13 103
13 104
13 105
13 106
13 108
13 110
13 111
13 113
13 115
13 116
13 117
13 118
13 119
13 120
13 121
13 125
13 126
13 128
13 130
13 131
13 132
13 134
13 135
13 136
13 138
13 142
13 144
13 146
13 148
13 149
13 150
13 152
13 153
13 155
13 157
13 159
13 163
13 167
13 170
13 174
13 175
13 176
13 177
13 189
13 192
13 193
13 194
13 195
13 196
13 199
14 15
14 17
14 24
14 25
14 28
14 34
14 37
14 38
14 41
14 43
14 46
14 47
14 49
14 51
14 53
14 59
14 60
14 61
14 64
14 65
14 66
14 67
14 68
14 70
14 74
14 76
14 79
14 80
14 81
14 82
14 83
14 85
14 86
14 88
14 89
14 90
14 92
14 95
14 99
14 102
14 103
14 105
14 111
14 112
14 113
14 114
14 115
14 117
14 124
14 129
14 130
14 131
14 132
14 134
14 135
14 136
14 137
14 138
14 139
14 145
14 146
14 147
14 148
14 150
14 151
14 152
14 153
14 154
14 155
14 156
14 160
14 163
14 164
14 166
14 167
14 168
14 170
14 171
14 172
14 173
14 174
14 175
14 176
14 178
14 179
14 182
14 184
14 185
14 186
14 187
14 188
14 190
14 195
14 198
15 16
15 20
15 22
15 25
15 26
15 27
15 28
15 30
15 33
15 34
15 37
15 39
15 41
15 43
15 47
15 50
15 51
15 53
15 57
15 58
15 60
15 65
15 66
15 67
15 69
15 70
15 71
15 73
15 75
15 76
15 77
15 78
15 82
15 83
15 84
15 85
15 86
15 87
15 90
15 96
15 97
15 98
15 99
15 100
15 101
15 103
15 104
15 106
15 107
15 109
15 111
15 113
15 114
15 115
15 116
15 117
15 119
15 120
15 121
15 123
15 124
15 126
15 128
15 130
15 131
15 132
15 136
15 137
15 139
15 140
15 142
15 145
15 146
15 147
15 149
15 155
15 156
15 157
15 159
15 160
15 161
15 162
15 163
15 164
15 165
15 167
15 169
15 171
15 174
15 176
15 177
15 178
15 179
15 183
15 185
15 186
15 187
15 191
15 196
15 198
15 199
16 17
16 18
16 19
16 20
16 21
16 22
16 23
16 25
16 26
16 30
16 33
16 34
16 37
16 38
16 39
16 43
16 45
16 47
16 49
16 50
16 53
16 54
16 55
16 57
16 59
16 60
16 61
16 66
16 67
16 69
16 70
16 72
16 73
16 74
16 76
16 77
16 78
16 81
16 84
16 85
16 87
16 88
16 91
16 92
16 96
16 97
16 98
16 99
16 101
16 103
16 106
16 108
16 110
16 112
16 114
16 116
16 118
16 119
16 120
16 122
16 123
16 124
16 125
16 128
16 129
16 130
16 131
16 134
16 136
16 137
16 139
16 141
16 142
16 143
16 144
16 147
16 151
16 153
16 156
16 164
16 170
16 171
16 173
16 174
16 178
16 180
16 184
16 185
16 189
16 192
16 194
16 196
16 199
17 18
17 19
17 20
17 22
17 23
17 24
17 25
17 28
17 29
17 31
17 34
17 36
17 37
17 38
17 41
17 42
17 43
17 44
17 45
17 46
17 48
17 49
17 53
17 56
17 57
17 58
17 59
17 64
17 65
17 66
17 68
17 71
17 74
17 76
17 78
17 80
17 81
17 82
17 84
17 86
17 89
17 91
17 94
17 96
17 100
17 101
17 105
17 107
17 111
17 112
17 113
17 115
17 116
17 118
17 120
17 122
17 125
17 129
17 131
17 132
17 134
17 135
17 139
17 141
17 142
17 146
17 148
17 151
17 152
17 156
17 157
17 161
17 163
17 164
17 165
17 166
17 167
17 171
17 173
17 175
17 177
17 178
17 180
17 183
17 184
17 185
17 186
17 187
17 189
17 191
17 192
17 193
17 194
17 195
17 196
17 197
18 19
18 24
18 26
18 27
18 30
18 31
18 34
18 35
18 37
18 38
18 40
18 42
18 43
18 46
18 50
18 52
18 54
18 56
18 57
18 60
18 63
18 66
18 67
18 68
18 69
18 70
18 71
18 72
18 78
18 79
18 80
18 82
18 84
18 85
18 86
18 88
18 90
18 92
18 93
18 96
18 97
18 99
18 103
18 105
18 107
18 110
18 111
18 112
18 116
18 117
18 122
18 125
18 126
18 130
18 131
18 133
18 134
18 135
18 136
18 138
18 140
18 141
18 144
18 145
18 152
18 154
18 155
18 159
18 160
18 163
18 164
18 166
18 169
18 172
18 174
18 175
18 176
18 177
18 183
18 188
18 191
18 192
18 193
18 195
18 196
18 197
19 20
19 22
19 27
19 30
19 32
19 33
19 35
19 37
19 41
19 44
19 46
19 47
19 48
19 54
19 57
19 59
19 60
19 64
19 68
19 69
19 72
19 74
19 76
19 79
19 82
19 83
19 88
19 89
19 91
19 97
19 98
19 99
19 101
19 102
19 104
19 106
19 109
19 112
19 114
19 115
19 116
19 118
19 121
19 122
19 123
19 124
19 126
19 128
19 131
19 135
19 140
19 143
19 144
19 145
19 146
19 147
19 148
19 149
19 150
19 151
19 152
19 158
19 159
19 160
19 165
19 166
19 168
19 170
19 171
19 173
19 175
19 177
19 183
19 184
19 186
19 187
19 188
19 189
19 190
19 191
19 192
19 193
19 194
19 195
19 198
19 199
20 21
20 23
20 30
20 33
20 34
20 36
20 38
20 40
20 42
20 46
20 47
20 48
20 50
20 52
20 54
20 55
20 60
20 61
20 62
20 63
20 66
20 69
20 71
20 72
20 74
20 77
20 80
20 81
20 83
20 85
20 94
20 97
20 100
20 103
20 104
20 105
20 106
20 107
20 110
20 111
20 112
20 113
20 114
20 115
20 118
20 122
20 123
20 124
20 125
20 126
20 128
20 129
20 130
20 133
20 134
20 136
20 137
20 139
20 143
20 144
20 149
20 150
20 151
20 152
20 153
20 154
20 157
20 160
20 164
20 166
20 168
20 170
20 171
20 173
20 177
20 179
20 184
20 186
20 187
20 189
20 191
20 192
20 194
20 195
20 196
20 197
21 22
21 23
21 26
21 29
21 30
21 31
21 33
21 35
21 36
21 37
21 40
21 41
21 46
21 47
21 48
21 50
21 53
21 54
21 57
21 58
21 60
21 61
21 62
21 63
21 64
21 69
21 70
21 72
21 73
21 76
21 77
21 81
21 82
21 85
21 89
21 91
21 92
21 95
21 99
21 100
21 105
21 106
21 116
21 118
21 121
21 122
21 125
21 126
21 128
21 130
21 134
21 135
21 136
21 137
21 138
21 140
21 141
21 142
21 144
21 146
21 147
21 148
21 149
21 150
21 152
21 153
21 154
21 158
21 162
21 163
21 164
21 165
21 168
21 169
21 171
21 172
21 173
21 175
21 178
21 179
21 182
21 185
21 186
21 187
21 188
21 193
21 194
21 196
21 197
21 198
22 24
22 28
22 30
22 32
22 33
22 34
22 36
22 37
22 38
22 39
22 42
22 45
22 47
22 48
22 50
22 51
22 53
22 57
22 59
22 60
22 62
22 65
22 66
22 67
22 69
22 70
22 74
22 76
22 77
22 81
22 82
22 85
22 86
22 87
22 88
22 91
22 93
22 94
22 95
22 97
22 99
22 100
22 103
22 104
22 107
22 109
22 112
22 113
22 114
22 115
22 116
22 119
22 122
22 126
22 128
22 129
22 131
22 132
22 135
22 136
22 141
22 147
22 148
22 150
22 152
22 154
22 155
22 156
22 157
22 159
22 160
22 162
22 163
22 166
22 170
22 172
22 173
22 174
22 176
22 177
22 178
22 179
22 182
22 184
22 185
22 187
22 189
22 191
22 192
22 193
22 197
22 198
22 199
23 25
23 26
23 28
23 29
23 32
23 33
23 34
23 36
23 37
23 41
23 49
23 50
23 54
23 57
23 58
23 60
23 63
23 64
23 66
23 67
23 68
23 69
23 70
23 71
23 72
23 73
23 74
23 76
23 77
23 78
23 79
23 81
23 84
23 85
23 87
23 90
23 91
23 92
23 93
23 94
23 95
23 98
23 99
23 100
23 103
23 106
23 107
23 108
23 111
23 112
23 113
23 114
23 115
23 119
23 120
23 121
23 123
23 124
23 128
23 132
23 138
23 140
23 141
23 142
23 143
23 148
23 150
23 151
23 152
23 157
23 162
23 163
23 164
23 166
23 169
23 170
23 171
23 172
23 173
23 176
23 177
23 179
23 184
23 186
23 189
23 191
23 192
23 193
23 196
23 199
24 25
24 26
24 29
24 35
24 36
24 37
24 40
24 41
24 42
24 43
24 44
24 49
24 50
24 52
24 54
24 55
24 57
24 58
24 63
24 65
24 66
24 67
24 68
24 69
24 74
24 75
24 76
24 78
24 79
24 82
24 84
24 86
24 89
24 92
24 93
24 95
24 96
24 98
24 100
24 101
24 102
24 104
24 106
24 107
24 110
24 112
24 113
24 114
24 116
24 118
24 119
24 122
24 126
24 128
24 129
24 130
24 132
24 135
24 136
24 137
24 138
24 140
24 141
24 143
24 145
24 150
24 153
24 155
24 156
24 157
24 159
24 163
24 166
24 167
24 168
24 171
24 175
24 176
24 177
24 179
24 182
24 183
24 184
24 185
24 186
24 187
24 188
24 189
24 191
24 194
24 196
24 198
24 199
25 28
25 30
25 31
25 32
25 38
25 41
25 42
25 44
25 45
25 46
25 47
25 50
25 55
25 56
25 57
25 58
25 59
25 61
25 62
25 64
25 65
25 67
25 70
25 71
25 72
25 73
25 74
25 75
25 77
25 81
25 85
25 87
25 92
25 94
25 95
25 98
25 99
25 100
25 103
25 104
25 105
25 106
25 107
25 109
25 110
25 113
25 114
25 115
25 119
25 124
25 126
25 132
25 133
25 135
25 136
25 138
25 139
25 142
25 143
25 149
25 151
25 152
25 155
25 159
25 160
25 161
25 164
25 165
25 168
25 170
25 171
25 175
25 177
25 179
25 186
25 187
25 188
25 189
25 191
25 192
25 193
25 194
25 195
25 198
25 199
26 33
26 34
26 36
26 37
26 38
26 43
26 45
26 46
26 55
26 56
26 57
26 60
26 62
26 65
26 66
26 67
26 69
26 70
26 71
26 74
26 75
26 78
26 79
26 80
26 81
26 82
26 89
26 90
26 91
26 92
26 96
26 98
26 99
26 101
26 104
26 105
26 106
26 115
26 116
26 117
26 119
26 120
26 121
26 124
26 126
26 128
26 129
26 130
26 138
26 144
26 145
26 146
26 148
26 149
26 150
26 151
26 154
26 157
26 158
26 159
26 161
26 163
26 164
26 167
26 169
26 170
26 171
26 172
26 174
26 175
26 176
26 177
26 178
26 179
26 180
26 184
26 185
26 186
26 187
26 192
26 194
26 195
26 197
26 198
26 199
27 30
27 31
27 32
27 34
27 40
27 41
27 44
27 47
27 49
27 52
27 53
27 56
27 57
27 59
27 60
27 61
27 64
27 66
27 67
27 68
27 71
27 73
27 76
27 77
27 78
27 80
27 81
27 82
27 83
27 84
27 85
27 86
27 87
27 88
27 90
27 92
27 94
27 95
27 97
27 100
27 102
27 105
27 107
27 110
27 111
27 112
27 113
27 117
27 120
27 123
27 125
27 127
27 130
27 131
27 132
27 137
27 141
27 142
27 144
27 145
27 146
27 148
27 152
27 155
27 156
27 158
27 162
27 165
27 166
27 167
27 170
27 172
27 174
27 176
27 177
27 182
27 183
27 184
27 185
27 187
27 191
27 197
28 29
28 32
28 36
28 37
28 39
28 41
28 43
28 45
28 46
28 48
28 53
28 54
28 56
28 57
28 59
28 60
28 62
28 63
28 64
28 65
28 68
28 69
28 70
28 71
28 72
28 73
28 76
28 79
28 81
28 84
28 88
28 89
28 95
28 96
28 97
28 102
28 103
28 106
28 108
28 111
28 112
28 114
28 115
28 116
28 117
28 118
28 119
28 122
28 123
28 124
28 126
28 127
28 131
28 136
28 138
28 140
28 144
28 148
28 150
28 152
28 155
28 157
28 160
28 161
28 166
28 170
28 171
28 172
28 174
28 179
28 181
28 186
28 190
28 192
28 193
28 194
28 195
28 196
29 30
29 33
29 38
29 40
29 43
29 50
29 51
29 52
29 55
29 59
29 60
29 61
29 62
29 63
29 66
29 67
29 70
29 72
29 74
29 75
29 77
29 78
29 79
29 82
29 83
29 85
29 86
29 92
29 96
29 97
29 100
29 102
29 105
29 106
29 110
29 112
29 113
29 114
29 116
29 117
29 119
29 122
29 125
29 126
29 127
29 128
29 129
29 130
29 131
29 133
29 134
29 137
29 138
29 139
29 141
29 142
29 144
29 146
29 148
29 149
29 150
29 151
29 157
29 159
29 160
29 164
29 167
29 169
29 170
29 171
29 173
29 175
29 176
29 180
29 182
29 183
29 184
29 185
29 186
29 192
29 193
29 194
30 31
30 32
30 34
30 35
30 37
30 39
30 43
30 45
30 46
30 47
30 49
30 52
30 53
30 54
30 55
30 57
30 58
30 62
30 63
30 64
30 66
30 67
30 69
30 70
30 72
30 74
30 77
30 78
30 83
30 85
30 87
30 89
30 90
30 92
30 97
30 98
30 100
30 101
30 103
30 104
30 106
30 107
30 108
30 110
30 115
30 116
30 117
30 118
30 120
30 121
30 122
30 123
30 125
30 127
30 128
30 129
30 131
30 133
30 134
30 135
30 137
30 138
30 139
30 140
30 141
30 144
30 145
30 146
30 149
30 150
30 152
30 157
30 160
30 165
30 166
30 168
30 170
30 172
30 174
30 175
30 178
30 179
30 180
30 181
30 182
30 184
30 185
30 187
30 189
30 190
30 194
30 195
30 196
30 198
31 34
31 36
31 39
31 41
31 45
31 46
31 47
31 48
31 49
31 52
31 53
31 55
31 56
31 57
31 59
31 61
31 62
31 65
31 68
31 74
31 76
31 77
31 81
31 82
31 83
31 85
31 89
31 90
31 94
31 95
31 96
31 97
31 101
31 102
31 103
31 104
31 105
31 108
31 109
31 110
31 112
31 114
31 115
31 120
31 121
31 122
31 123
31 128
31 131
31 133
31 136
31 137
31 141
31 142
31 145
31 146
31 148
31 149
31 158
31 159
31 160
31 162
31 163
31 164
31 165
31 166
31 169
31 171
31 172
31 173
31 176
31 177
31 178
31 180
31 181
31 183
31 184
31 185
31 186
31 187
31 190
31 191
31 192
31 193
31 194
31 195
31 196
31 197
31 198
31 199
32 34
32 37
32 39
32 40
32 41
32 42
32 44
32 45
32 48
32 53
32 55
32 56
32 57
32 66
32 69
32 70
32 71
32 72
32 73
32 76
32 77
32 78
32 81
32 85
32 89
32 90
32 96
32 98
32 99
32 102
32 103
32 106
32 107
32 108
32 110
32 111
32 115
32 116
32 119
32 121
32 123
32 124
32 126
32 127
32 128
32 130
32 131
32 132
32 133
32 137
32 139
32 140
32 141
32 143
32 144
32 145
32 146
32 147
32 151
32 156
32 158
32 161
32 162
32 168
32 171
32 172
32 174
32 177
32 181
32 185
32 186
32 190
32 192
32 195
32 196
32 199
33 34
33 37
33 39
33 40
33 42
33 43
33 44
33 52
33 53
33 56
33 57
33 58
33 59
33 63
33 64
33 66
33 68
33 69
33 71
33 72
33 73
33 75
33 78
33 80
33 81
33 83
33 85
33 86
33 88
33 89
33 90
33 91
33 94
33 95
33 96
33 99
33 100
33 109
33 111
33 112
33 113
33 115
33 118
33 121
33 122
33 123
33 124
33 125
33 127
33 129
33 136
33 141
33 146
33 149
33 151
33 152
33 155
33 157
33 160
33 165
33 166
33 167
33 169
33 172
33 174
33 175
33 176
33 177
33 179
33 181
33 182
33 183
33 186
33 188
33 189
33 191
33 193
33 197
33 198
34 35
34 36
34 41
34 44
34 45
34 46
34 48
34 49
34 53
34 57
34 58
34 60
34 62
34 63
34 64
34 65
34 66
34 72
34 73
34 75
34 76
34 79
34 82
34 86
34 87
34 88
34 89
34 90
34 91
34 93
34 94
34 95
34 96
34 97
34 99
34 100
34 101
34 104
34 108
34 110
34 111
34 117
34 118
34 124
34 125
34 127
34 129
34 130
34 134
34 135
34 138
34 139
34 141
34 142
34 145
34 146
34 148
34 151
34 153
34 156
34 159
34 162
34 164
34 167
34 173
34 174
34 176
34 178
34 182
34 185
34 187
34 190
34 192
34 196
34 198
35 36
35 37
35 38
35 39
35 40
35 41
35 42
35 43
35 44
35 50
35 55
35 60
35 61
35 65
35 67
35 69
35 70
35 71
35 72
35 73
35 77
35 82
35 83
35 85
35 86
35 87
35 90
35 92
35 93
35 94
35 95
35 97
35 98
35 103
35 108
35 110
35 111
35 112
35 115
35 117
35 118
35 121
35 125
35 128
35 129
35 130
35 132
35 134
35 138
35 139
35 142
35 143
35 144
35 145
35 146
35 147
35 148
35 151
35 152
35 153
35 156
35 157
35 160
35 164
35 166
35 167
35 169
35 170
35 173
35 174
35 176
35 177
35 178
35 179
35 181
35 182
35 183
35 185
35 186
35 188
35 189
35 192
35 198
36 39
36 40
36 41
36 42
36 44
36 45
36 46
36 48
36 55
36 57
36 58
36 61
36 63
36 64
36 66
36 69
36 70
36 71
36 72
36 73
36 76
36 78
36 80
36 81
36 83
36 89
36 90
36 91
36 92
36 93
36 94
36 95
36 97
36 98
36 99
36 101
36 102
36 103
36 104
36 105
36 106
36 109
36 110
36 112
36 114
36 116
36 117
36 118
36 120
36 121
36 122
36 125
36 126
36 128
36 129
36 130
36 131
36 144
36 147
36 148
36 150
36 152
36 153
36 154
36 160
36 163
36 165
36 168
36 169
36 170
36 171
36 176
36 177
36 179
36 180
36 181
36 182
36 184
36 187
36 188
36 192
36 193
36 195
36 197
36 199
37 38
37 39
37 43
37 45
37 46
37 47
37 48
37 53
37 55
37 57
37 58
37 60
37 61
37 64
37 67
37 75
37 76
37 77
37 78
37 79
37 81
37 82
37 87
37 89
37 90
37 92
37 96
37 98
37 102
37 103
37 106
37 107
37 108
37 109
37 115
37 116
37 119
37 120
37 121
37 124
37 125
37 126
37 127
37 128
37 129
37 131
37 133
37 135
37 137
37 139
37 141
37 143
37 144
37 147
37 148
37 149
37 151
37 152
37 154
37 157
37 160
37 164
37 165
37 166
37 169
37 172
37 174
37 180
37 182
37 185
37 188
37 190
37 193
37 195
37 197
37 198
38 39
38 42
38 48
38 52
38 56
38 61
38 62
38 66
38 67
38 68
38 69
38 72
38 74
38 77
38 78
38 79
38 80
38 84
38 85
38 87
38 94
38 96
38 98
38 101
38 102
38 104
38 106
38 108
38 109
38 111
38 112
38 113
38 114
38 116
38 117
38 118
38 120
38 122
38 123
38 124
38 125
38 128
38 129
38 130
38 134
38 135
38 136
38 137
38 138
38 140
38 141
38 143
38 144
38 147
38 148
38 150
38 156
38 157
38 162
38 163
38 164
38 167
38 170
38 171
38 172
38 177
38 178
38 179
38 180
38 181
38 182
38 183
38 184
38 185
38 186
38 189
38 191
38 192
38 193
38 195
38 197
38 199
39 45
39 46
39 47
39 50
39 51
39 52
39 54
39 55
39 58
39 59
39 61
39 63
39 65
39 67
39 70
39 71
39 73
39 74
39 75
39 77
39 78
39 79
39 80
39 82
39 84
39 85
39 89
39 90
39 91
39 95
39 96
39 101
39 105
39 106
39 107
39 108
39 109
39 115
39 116
39 117
39 119
39 121
39 123
39 124
39 125
39 126
39 127
39 129
39 130
39 131
39 132
39 133
39 134
39 135
39 136
39 138
39 141
39 146
39 147
39 150
39 152
39 153
39 156
39 157
39 162
39 164
39 166
39 167
39 168
39 172
39 173
39 174
39 175
39 178
39 180
39 182
39 186
39 187
39 189
39 194
39 196
39 197
39 199
40 41
40 43
40 44
40 49
40 53
40 54
40 55
40 58
40 60
40 61
40 62
40 66
40 67
40 68
40 69
40 70
40 71
40 74
40 75
40 76
40 77
40 78
40 81
40 85
40 87
40 88
40 92
40 98
40 100
40 101
40 104
40 106
40 108
40 109
40 112
40 113
40 121
40 122
40 125
40 129
40 132
40 133
40 136
40 137
40 139
40 140
40 142
40 145
40 150
40 152
40 153
40 154
40 155
40 156
40 157
40 158
40 159
40 162
40 165
40 166
40 168
40 175
40 176
40 178
40 179
40 181
40 191
40 192
40 193
40 198
41 44
41 47
41 49
41 53
41 54
41 56
41 58
41 59
41 63
41 64
41 69
41 70
41 71
41 75
41 76
41 77
41 78
41 79
41 83
41 84
41 86
41 87
41 88
41 89
41 93
41 95
41 97
41 98
41 99
41 102
41 104
41 105
41 110
41 112
41 113
41 115
41 117
41 118
41 123
41 124
41 125
41 126
41 128
41 129
41 132
41 134
41 139
41 141
41 143
41 144
41 145
41 146
41 149
41 150
41 152
41 153
41 154
41 156
41 161
41 163
41 166
41 167
41 168
41 170
41 172
41 176
41 181
41 182
41 183
41 184
41 186
41 188
41 189
41 194
41 196
42 43
42 44
42 46
42 47
42 49
42 50
42 51
42 52
42 55
42 58
42 59
42 63
42 72
42 74
42 75
42 76
42 81
42 84
42 88
42 89
42 90
42 92
42 94
42 95
42 96
42 97
42 99
42 102
42 106
42 107
42 110
42 113
42 114
42 115
42 116
42 117
42 119
42 121
42 125
42 128
42 133
42 137
42 139
42 140
42 145
42 146
42 149
42 153
42 154
42 157
42 158
42 159
42 160
42 161
42 162
42 163
42 164
42 165
42 166
42 167
42 172
42 175
42 176
42 178
42 179
42 180
42 181
42 183
42 185
42 187
42 188
42 195
42 197
42 199
43 46
43 47
43 48
43 50
43 56
43 57
43 59
43 60
43 61
43 66
43 67
43 72
43 73
43 74
43 78
43 82
43 83
43 85
43 86
43 87
43 89
43 90
43 91
43 92
43 97
43 102
43 103
43 106
43 107
43 117
43 118
43 119
43 120
43 121
43 124
43 125
43 127
43 128
43 132
43 133
43 135
43 136
43 142
43 145
43 146
43 147
43 150
43 154
43 155
43 156
43 158
43 163
43 166
43 169
43 173
43 175
43 177
43 178
43 181
43 182
43 183
43 187
43 190
43 192
43 193
43 194
43 196
43 198
43 199
44 45
44 46
44 48
44 49
44 50
44 51
44 52
44 54
44 55
44 56
44 57
44 61
44 62
44 63
44 64
44 65
44 67
44 69
44 70
44 71
44 73
44 74
44 77
44 78
44 82
44 85
44 89
44 96
44 97
44 98
44 100
44 103
44 107
44 108
44 109
44 111
44 112
44 114
44 116
44 117
44 119
44 120
44 123
44 124
44 125
44 128
44 132
44 136
44 139
44 141
44 142
44 145
44 148
44 151
44 152
44 153
44 154
44 155
44 156
44 157
44 158
44 159
44 161
44 163
44 165
44 166
44 168
44 171
44 173
44 178
44 182
44 183
44 185
44 186
44 188
44 189
44 190
44 192
44 193
44 196
45 46
45 47
45 49
45 51
45 55
45 62
45 65
45 66
45 67
45 68
45 75
45 76
45 77
45 78
45 80
45 81
45 82
45 83
45 84
45 86
45 88
45 89
45 92
45 94
45 95
45 96
45 97
45 98
45 99
45 101
45 103
45 105
45 106
45 107
45 110
45 112
45 114
45 116
45 117
45 119
45 121
45 126
45 132
45 135
45 137
45 138
45 139
45 140
45 142
45 146
45 148
45 151
45 153
45 155
45 158
45 159
45 160
45 161
45 162
45 163
45 166
45 168
45 170
45 171
45 172
45 173
45 174
45 175
45 176
45 177
45 180
45 181
45 183
45 184
45 185
45 188
45 194
45 195
45 196
45 197
45 198
46 47
46 51
46 52
46 53
46 54
46 56
46 61
46 62
46 64
46 66
46 67
46 68
46 69
46 71
46 72
46 74
46 75
46 78
46 80
46 81
46 82
46 86
46 87
46 88
46 89
46 91
46 93
46 95
46 96
46 99
46 101
46 103
46 106
46 108
46 112
46 114
46 117
46 123
46 127
46 129
46 132
46 133
46 136
46 137
46 138
46 139
46 142
46 143
46 144
46 146
46 148
46 150
46 152
46 153
46 154
46 157
46 160
46 161
46 162
46 164
46 165
46 168
46 169
46 170
46 171
46 172
46 173
46 176
46 177
46 178
46 179
46 181
46 184
46 188
46 189
46 191
46 193
46 194
46 195
46 197
46 198
47 48
47 53
47 55
47 56
47 58
47 65
47 66
47 67
47 70
47 72
47 73
47 74
47 76
47 77
47 79
47 83
47 95
47 96
47 106
47 107
47 108
47 112
47 114
47 115
47 118
47 120
47 122
47 124
47 126
47 127
47 128
47 129
47 131
47 133
47 134
47 138
47 139
47 140
47 147
47 148
47 151
47 153
47 154
47 155
47 156
47 157
47 158
47 159
47 162
47 163
47 164
47 166
47 167
47 170
47 171
47 172
47 173
47 174
47 178
47 179
47 180
47 181
47 184
47 185
47 186
47 189
47 190
47 194
47 195
47 198
48 55
48 59
48 60
48 61
48 63
48 65
48 67
48 68
48 69
48 70
48 71
48 72
48 73
48 74
48 76
48 78
48 79
48 80
48 81
48 82
48 83
48 91
48 96
48 99
48 101
48 104
48 105
48 107
48 108
48 109
48 110
48 111
48 113
48 115
48 119
48 120
48 125
48 126
48 127
48 128
48 129
48 130
48 132
48 135
48 136
48 137
48 140
48 143
48 144
48 146
48 152
48 153
48 158
48 162
48 165
48 170
48 172
48 175
48 181
48 182
48 183
48 186
48 187
48 188
48 189
48 191
48 193
48 194
48 196
48 197
48 199
49 50
49 51
49 55
49 56
49 57
49 59
49 65
49 66
49 67
49 68
49 69
49 70
49 71
49 72
49 75
49 76
49 78
49 81
49 85
49 86
49 87
49 88
49 89
49 92
49 93
49 95
49 96
49 101
49 102
49 103
49 104
49 106
49 107
49 110
49 111
49 112
49 113
49 117
49 118
49 121
49 122
49 123
49 124
49 125
49 126
49 127
49 129
49 130
49 131
49 132
49 133
49 136
49 138
49 139
49 140
49 141
49 142
49 144
49 146
49 147
49 150
49 152
49 153
49 159
49 160
49 161
49 162
49 163
49 165
49 166
49 176
49 179
49 181
49 182
49 183
49 184
49 189
49 194
49 198
49 199
50 51
50 52
50 53
50 54
50 62
50 63
50 65
50 70
50 72
50 74
50 75
50 78
50 81
50 82
50 83
50 84
50 87
50 89
50 92
50 96
50 99
50 101
50 103
50 104
50 105
50 108
50 109
50 110
50 112
50 113
50 114
50 116
50 118
50 119
50 125
50 127
50 128
50 132
50 133
50 134
50 135
50 136
50 137
50 139
50 140
50 142
50 143
50 146
50 147
50 154
50 159
50 160
50 163
50 164
50 165
50 167
50 168
50 169
50 171
50 175
50 179
50 180
50 181
50 182
50 184
50 188
50 189
50 190
50 193
50 194
50 198
50 199
51 52
51 54
51 56
51 57
51 62
51 63
51 64
51 66
51 67
51 72
51 75
51 76
51 80
51 84
51 86
51 89
51 90
51 92
51 93
51 95
51 96
51 101
51 105
51 107
51 113
51 114
51 117
51 120
51 121
51 122
51 123
51 124
51 125
51 128
51 130
51 132
51 134
51 135
51 138
51 140
51 141
51 143
51 144
51 147
51 148
51 150
51 151
51 152
51 153
51 154
51 161
51 163
51 166
51 168
51 169
51 170
51 175
51 176
51 179
51 181
51 184
51 185
51 188
51 190
51 192
51 193
51 195
51 196
51 198
52 53
52 54
52 56
52 58
52 59
52 63
52 65
52 67
52 72
52 75
52 79
52 80
52 83
52 84
52 85
52 88
52 89
52 91
52 94
52 97
52 99
52 101
52 103
52 105
52 107
52 109
52 110
52 111
52 112
52 113
52 114
52 115
52 116
52 118
52 119
52 122
52 123
52 124
52 126
52 127
52 129
52 132
52 133
52 134
52 138
52 139
52 140
52 141
52 144
52 145
52 146
52 147
52 148
52 150
52 156
52 157
52 160
52 161
52 163
52 166
52 169
52 171
52 173
52 174
52 177
52 178
52 179
52 181
52 182
52 183
52 186
52 190
52 191
52 192
52 193
52 196
52 197
52 198
52 199
53 55
53 56
53 59
53 60
53 63
53 65
53 67
53 73
53 74
53 80
53 82
53 83
53 84
53 88
53 92
53 96
53 97
53 98
53 102
53 103
53 111
53 112
53 113
53 116
53 118
53 119
53 121
53 122
53 123
53 124
53 126
53 132
53 133
53 134
53 137
53 139
53 140
53 143
53 144
53 145
53 147
53 148
53 149
53 150
53 152
53 153
53 154
53 157
53 159
53 160
53 163
53 164
53 165
53 166
53 167
53 170
53 171
53 172
53 173
53 176
53 177
53 179
53 181
53 183
53 184
53 185
53 187
53 188
53 189
53 190
53 193
53 194
53 196
53 198
53 199
54 55
54 56
54 57
54 58
54 59
54 60
54 62
54 63
54 64
54 65
54 69
54 74
54 75
54 77
54 79
54 81
54 82
54 88
54 89
54 91
54 92
54 93
54 95
54 98
54 100
54 103
54 106
54 110
54 112
54 114
54 115
54 116
54 118
54 120
54 121
54 122
54 124
54 125
54 126
54 128
54 129
54 134
54 135
54 136
54 137
54 145
54 146
54 147
54 148
54 149
54 155
54 157
54 158
54 159
54 160
54 162
54 166
54 168
54 170
54 171
54 174
54 177
54 179
54 180
54 182
54 183
54 184
54 188
54 189
54 191
54 192
54 194
54 196
54 197
54 198
54 199
55 56
55 58
55 60
55 62
55 63
55 65
55 67
55 68
55 71
55 73
55 75
55 76
55 77
55 78
55 79
55 82
55 87
55 89
55 91
55 92
55 93
55 95
55 97
55 99
55 100
55 103
55 104
55 107
55 111
55 116
55 117
55 118
55 121
55 122
55 125
55 126
55 127
55 131
55 134
55 137
55 138
55 139
55 140
55 141
55 144
55 145
55 146
55 147
55 151
55 152
55 153
55 155
55 157
55 158
55 159
55 160
55 161
55 165
55 166
55 167
55 170
55 172
55 173
55 176
55 182
55 184
55 185
55 187
55 189
55 191
55 192
55 193
55 194
55 197
56 57
56 59
56 62
56 65
56 66
56 68
56 69
56 70
56 71
56 72
56 74
56 75
56 77
56 82
56 83
56 85
56 90
56 93
56 95
56 98
56 102
56 104
56 105
56 108
56 110
56 113
56 116
56 119
56 120
56 121
56 122
56 123
56 124
56 127
56 129
56 130
56 132
56 133
56 134
56 136
56 140
56 141
56 143
56 147
56 148
56 150
56 151
56 152
56 155
56 157
56 159
56 160
56 161
56 164
56 166
56 170
56 172
56 173
56 183
56 184
56 185
56 186
56 188
56 191
56 194
56 196
56 198
57 59
57 60
57 65
57 67
57 68
57 70
57 71
57 72
57 73
57 75
57 78
57 83
57 85
57 86
57 90
57 94
57 96
57 97
57 101
57 102
57 103
57 105
57 106
57 107
57 109
57 110
57 112
57 114
57 115
57 116
57 117
57 119
57 120
57 121
57 122
57 123
57 129
57 130
57 132
57 133
57 134
57 135
57 136
57 138
57 139
57 145
57 151
57 153
57 154
57 155
57 157
57 160
57 165
57 167
57 169
57 170
57 173
57 175
57 178
57 179
57 181
57 182
57 183
57 187
57 188
57 190
57 191
57 192
57 193
57 194
57 195
57 197
57 198
58 60
58 61
58 63
58 65
58 66
58 71
58 74
58 76
58 77
58 79
58 80
58 83
58 84
58 88
58 90
58 92
58 94
58 95
58 96
58 98
58 99
58 102
58 104
58 105
58 108
58 109
58 110
58 112
58 113
58 118
58 119
58 121
58 124
58 125
58 126
58 128
58 132
58 134
58 135
58 139
58 140
58 148
58 150
58 151
58 154
58 155
58 157
58 160
58 161
58 162
58 168
58 169
58 171
58 172
58 175
58 176
58 182
58 183
58 185
58 186
58 187
58 190
58 192
58 194
58 197
58 199
59 61
59 64
59 68
59 69
59 70
59 72
59 73
59 75
59 76
59 77
59 82
59 85
59 88
59 91
59 92
59 94
59 95
59 97
59 103
59 104
59 107
59 108
59 109
59 111
59 120
59 122
59 123
59 124
59 125
59 129
59 130
59 134
59 136
59 137
59 139
59 143
59 145
59 146
59 147
59 150
59 153
59 157
59 161
59 162
59 169
59 173
59 174
59 176
59 177
59 181
59 185
59 186
59 187
59 189
59 191
59 195
59 196
59 198
59 199
60 63
60 67
60 69
60 71
60 73
60 75
60 77
60 78
60 81
60 82
60 83
60 85
60 87
60 88
60 90
60 91
60 92
60 96
60 101
60 102
60 103
60 104
60 110
60 113
60 114
60 116
60 117
60 119
60 121
60 125
60 127
60 129
60 130
60 133
60 142
60 144
60 145
60 147
60 148
60 151
60 152
60 157
60 164
60 166
60 171
60 172
60 175
60 176
60 177
60 178
60 180
60 181
60 184
60 186
60 187
60 190
60 191
60 193
60 194
60 195
60 196
60 199
61 64
61 69
61 70
61 71
61 72
61 73
61 76
61 81
61 82
61 84
61 85
61 86
61 87
61 89
61 91
61 92
61 94
61 99
61 100
61 109
61 111
61 113
61 114
61 116
61 117
61 119
61 122
61 126
61 128
61 132
61 133
61 137
61 144
61 145
61 147
61 148
61 150
61 156
61 157
61 160
61 161
61 162
61 164
61 167
61 171
61 172
61 173
61 174
61 177
61 179
61 180
61 184
61 187
61 191
61 192
61 197
61 198
61 199
62 63
62 64
62 65
62 66
62 71
62 73
62 74
62 75
62 78
62 80
62 82
62 85
62 86
62 90
62 91
62 92
62 94
62 96
62 97
62 99
62 102
62 103
62 105
62 107
62 108
62 110
62 111
62 113
62 114
62 117
62 119
62 121
62 122
62 123
62 124
62 125
62 127
62 128
62 129
62 130
62 132
62 133
62 136
62 137
62 139
62 140
62 141
62 142
62 143
62 149
62 156
62 163
62 165
62 166
62 167
62 170
62 171
62 172
62 174
62 176
62 179
62 182
62 183
62 185
62 186
62 187
62 188
62 191
62 198
62 199
63 65
63 67
63 68
63 69
63 72
63 73
63 77
63 78
63 84
63 87
63 88
63 90
63 95
63 97
63 100
63 101
63 103
63 104
63 107
63 109
63 110
63 111
63 112
63 113
63 114
63 121
63 122
63 124
63 127
63 128
63 130
63 131
63 132
63 133
63 135
63 136
63 138
63 139
63 140
63 142
63 146
63 147
63 150
63 151
63 153
63 154
63 155
63 156
63 158
63 160
63 162
63 163
63 164
63 165
63 166
63 169
63 174
63 176
63 178
63 180
63 182
63 187
63 188
63 189
63 190
63 191
63 194
63 195
63 196
63 198
64 65
64 67
64 69
64 70
64 75
64 76
64 77
64 79
64 81
64 85
64 87
64 88
64 90
64 91
64 92
64 93
64 95
64 96
64 97
64 99
64 103
64 104
64 109
64 110
64 111
64 114
64 115
64 121
64 122
64 123
64 124
64 127
64 130
64 131
64 133
64 135
64 136
64 137
64 141
64 143
64 144
64 145
64 146
64 148
64 154
64 155
64 158
64 160
64 161
64 163
64 165
64 168
64 169
64 170
64 171
64 174
64 176
64 177
64 180
64 181
64 182
64 183
64 184
64 188
64 190
64 191
64 195
64 196
64 197
64 198
65 66
65 67
65 69
65 73
65 75
65 76
65 78
65 79
65 80
65 81
65 82
65 83
65 84
65 85
65 90
65 91
65 93
65 95
65 97
65 100
65 101
65 103
65 104
65 106
65 107
65 110
65 112
65 113
65 115
65 119
65 122
65 124
65 125
65 126
65 128
65 129
65 130
65 132
65 133
65 137
65 143
65 146
65 147
65 148
65 150
65 151
65 152
65 156
65 157
65 159
65 160
65 161
65 162
65 163
65 164
65 166
65 167
65 168
65 169
65 171
65 172
65 173
65 174
65 175
65 176
65 177
65 179
65 182
65 188
65 189
65 190
65 192
65 197
65 198
65 199
66 67
66 68
66 71
66 72
66 73
66 74
66 78
66 83
66 84
66 85
66 86
66 87
66 90
66 92
66 93
66 94
66 95
66 96
66 97
66 98
66 99
66 104
66 105
66 109
66 111
66 112
66 113
66 114
66 115
66 116
66 118
66 119
66 122
66 126
66 128
66 132
66 133
66 135
66 138
66 139
66 141
66 147
66 148
66 149
66 156
66 159
66 161
66 162
66 163
66 164
66 165
66 167
66 170
66 173
66 175
66 176
66 178
66 181
66 182
66 186
66 187
66 189
66 190
66 195
66 198
66 199
67 70
67 73
67 74
67 77
67 80
67 87
67 88
67 90
67 91
67 94
67 96
67 98
67 101
67 104
67 105
67 108
67 113
67 116
67 119
67 123
67 124
67 126
67 129
67 131
67 132
67 139
67 140
67 142
67 143
67 147
67 148
67 149
67 150
67 151
67 152
67 155
67 156
67 159
67 161
67 162
67 163
67 164
67 165
67 167
67 170
67 172
67 173
67 177
67 180
67 182
67 185
67 186
67 187
67 188
67 190
67 191
67 192
67 194
67 196
67 198
67 199
68 70
68 72
68 82
68 85
68 86
68 91
68 92
68 93
68 94
68 95
68 96
68 99
68 101
68 102
68 104
68 106
68 107
68 110
68 113
68 114
68 115
68 117
68 118
68 119
68 124
68 131
68 132
68 133
68 134
68 135
68 136
68 139
68 140
68 142
68 143
68 144
68 145
68 149
68 151
68 154
68 157
68 159
68 160
68 163
68 164
68 166
68 167
68 172
68 173
68 174
68 176
68 177
68 179
68 180
68 182
68 187
68 188
68 190
68 193
68 194
68 195
69 72
69 73
69 74
69 75
69 78
69 80
69 81
69 82
69 85
69 87
69 89
69 90
69 92
69 93
69 95
69 97
69 98
69 99
69 100
69 101
69 102
69 103
69 106
69 107
69 108
69 109
69 112
69 114
69 116
69 118
69 121
69 122
69 123
69 124
69 127
69 128
69 129
69 130
69 131
69 132
69 133
69 134
69 135
69 136
69 137
69 138
69 140
69 142
69 144
69 147
69 148
69 149
69 151
69 154
69 156
69 158
69 159
69 160
69 162
69 168
69 170
69 171
69 175
69 187
69 188
69 190
69 195
69 196
69 199
70 72
70 73
70 74
70 75
70 76
70 77
70 78
70 83
70 85
70 90
70 93
70 95
70 100
70 102
70 103
70 104
70 107
70 108
70 110
70 113
70 114
70 116
70 120
70 121
70 122
70 123
70 125
70 129
70 131
70 132
70 135
70 137
70 141
70 144
70 146
70 148
70 152
70 153
70 154
70 160
70 162
70 164
70 166
70 170
70 171
70 172
70 173
70 174
70 179
70 183
70 184
70 187
70 189
70 190
70 192
70 196
70 198
71 72
71 73
71 74
71 80
71 81
71 83
71 84
71 85
71 89
71 92
71 96
71 99
71 108
71 113
71 114
71 115
71 117
71 118
71 122
71 123
71 124
71 126
71 127
71 128
71 130
71 133
71 135
71 136
71 137
71 140
71 142
71 143
71 144
71 145
71 146
71 148
71 149
71 150
71 152
71 153
71 155
71 157
71 159
71 160
71 162
71 163
71 168
71 169
71 171
71 174
71 176
71 178
71 179
71 181
71 182
71 184
71 187
71 188
71 190
71 192
71 193
71 194
71 196
71 197
71 198
71 199
72 78
72 82
72 84
72 88
72 91
72 92
72 93
72 96
72 98
72 99
72 102
72 104
72 105
72 106
72 108
72 110
72 113
72 116
72 117
72 124
72 125
72 127
72 130
72 131
72 132
72 134
72 136
72 137
72 142
72 145
72 146
72 147
72 148
72 150
72 151
72 152
72 153
72 156
72 157
72 158
72 159
72 162
72 165
72 166
72 170
72 171
72 173
72 178
72 179
72 180
72 181
72 182
72 183
72 185
72 186
72 192
72 193
72 194
72 197
72 198
72 199
73 74
73 75
73 76
73 78
73 81
73 82
73 85
73 87
73 88
73 89
73 92
73 93
73 95
73 96
73 97
73 98
73 99
73 101
73 102
73 106
73 107
73 108
73 111
73 112
73 113
73 114
73 119
73 120
73 122
73 126
73 127
73 130
73 132
73 134
73 138
73 139
73 141
73 143
73 144
73 146
73 147
73 149
73 151
73 152
73 154
73 155
73 157
73 159
73 160
73 161
73 165
73 167
73 168
73 169
73 174
73 175
73 176
73 177
73 179
73 187
73 190
73 193
73 199
74 76
74 77
74 79
74 83
74 86
74 87
74 90
74 92
74 93
74 97
74 99
74 102
74 105
74 106
74 109
74 111
74 112
74 114
74 115
74 116
74 117
74 119
74 120
74 122
74 123
74 127
74 131
74 135
74 136
74 139
74 140
74 142
74 143
74 148
74 149
74 150
74 151
74 154
74 156
74 158
74 159
74 161
74 162
74 164
74 165
74 166
74 170
74 171
74 172
74 178
74 179
74 185
74 186
74 188
74 189
74 192
74 194
74 195
74 196
74 198
74 199
75 76
75 77
75 78
75 79
75 80
75 82
75 83
75 84
75 85
75 86
75 92
75 94
75 96
75 97
75 98
75 99
75 101
75 103
75 105
75 107
75 108
75 109
75 112
75 115
75 116
75 117
75 118
75 123
75 124
75 128
75 129
75 135
75 137
75 138
75 140
75 142
75 145
75 147
75 149
75 150
75 158
75 159
75 160
75 165
75 167
75 168
75 169
75 172
75 173
75 178
75 181
75 182
75 184
75 187
75 188
75 189
75 190
75 191
75 192
75 193
75 196
75 197
75 198
75 199
76 78
76 83
76 84
76 85
76 86
76 87
76 89
76 90
76 92
76 93
76 94
76 96
76 98
76 101
76 103
76 104
76 105
76 108
76 112
76 113
76 114
76 115
76 116
76 117
76 123
76 124
76 127
76 128
76 129
76 130
76 133
76 134
76 136
76 139
76 141
76 142
76 144
76 145
76 149
76 150
76 153
76 154
76 156
76 157
76 162
76 163
76 165
76 166
76 173
76 174
76 175
76 179
76 181
76 182
76 184
76 186
76 188
76 191
76 192
76 193
76 196
76 197
76 199
77 78
77 79
77 80
77 81
77 82
77 83
77 86
77 89
77 90
77 91
77 93
77 96
77 97
77 99
77 103
77 105
77 107
77 109
77 110
77 111
77 114
77 115
77 118
77 121
77 122
77 124
77 125
77 127
77 128
77 129
77 130
77 132
77 133
77 134
77 136
77 137
77 139
77 142
77 144
77 146
77 149
77 151
77 155
77 158
77 159
77 160
77 161
77 162
77 163
77 164
77 167
77 170
77 176
77 177
77 178
77 179
77 180
77 181
77 182
77 183
77 185
77 186
77 187
77 190
77 191
78 79
78 85
78 87
78 90
78 92
78 93
78 97
78 98
78 99
78 102
78 103
78 105
78 106
78 107
78 110
78 111
78 117
78 118
78 119
78 123
78 124
78 126
78 128
78 131
78 132
78 134
78 141
78 143
78 144
78 145
78 146
78 147
78 149
78 150
78 151
78 152
78 155
78 157
78 158
78 161
78 162
78 163
78 165
78 169
78 170
78 171
78 172
78 173
78 175
78 177
78 180
78 182
78 185
78 188
78 191
78 194
78 196
78 197
78 199
79 80
79 82
79 86
79 89
79 90
79 92
79 94
79 96
79 97
79 98
79 101
79 104
79 105
79 110
79 113
79 114
79 116
79 117
79 119
79 120
79 121
79 123
79 124
79 125
79 126
79 128
79 132
79 134
79 137
79 139
79 142
79 144
79 146
79 147
79 149
79 150
79 151
79 153
79 154
79 155
79 160
79 162
79 163
79 164
79 166
79 167
79 168
79 169
79 171
79 172
79 175
79 178
79 179
79 182
79 183
79 184
79 190
79 191
79 192
79 193
79 194
79 198
79 199
80 82
80 84
80 88
80 89
80 90
80 93
80 95
80 96
80 98
80 100
80 101
80 103
80 104
80 110
80 112
80 114
80 115
80 116
80 117
80 118
80 119
80 120
80 123
80 125
80 127
80 129
80 130
80 132
80 134
80 137
80 138
80 141
80 142
80 143
80 144
80 146
80 148
80 149
80 151
80 154
80 155
80 156
80 158
80 159
80 160
80 162
80 163
80 166
80 167
80 168
80 169
80 171
80 173
80 174
80 175
80 180
80 181
80 182
80 183
80 185
80 188
80 189
80 190
80 194
80 196
80 197
80 198
80 199
81 82
81 84
81 85
81 86
81 87
81 90
81 91
81 92
81 97
81 101
81 104
81 106
81 111
81 113
81 119
81 120
81 121
81 122
81 126
81 127
81 128
81 129
81 132
81 134
81 135
81 136
81 139
81 141
81 142
81 144
81 146
81 147
81 148
81 151
81 153
81 156
81 158
81 159
81 161
81 165
81 167
81 168
81 170
81 171
81 174
81 177
81 180
81 182
81 183
81 185
81 186
81 187
81 188
81 189
81 191
81 192
81 194
81 195
81 197
81 199
82 86
82 88
82 89
82 94
82 96
82 98
82 99
82 102
82 103
82 104
82 105
82 106
82 107
82 112
82 114
82 117
82 119
82 120
82 122
82 125
82 126
82 129
82 130
82 132
82 133
82 135
82 136
82 137
82 138
82 139
82 140
82 141
82 142
82 144
82 146
82 150
82 151
82 153
82 154
82 159
82 161
82 162
82 165
82 166
82 167
82 169
82 172
82 173
82 175
82 177
82 180
82 182
82 183
82 184
82 185
82 187
82 189
82 191
82 192
82 194
82 197
82 198
83 84
83 86
83 88
83 89
83 94
83 95
83 96
83 99
83 103
83 105
83 107
83 111
83 113
83 114
83 116
83 117
83 119
83 120
83 121
83 123
83 125
83 126
83 128
83 132
83 140
83 142
83 143
83 145
83 146
83 148
83 149
83 152
83 154
83 156
83 157
83 159
83 161
83 163
83 164
83 175
83 176
83 179
83 182
83 183
83 184
83 186
83 187
83 190
83 193
83 197
83 198
83 199
84 87
84 88
84 90
84 91
84 93
84 96
84 98
84 100
84 102
84 104
84 105
84 110
84 115
84 116
84 117
84 118
84 120
84 121
84 122
84 123
84 125
84 129
84 130
84 131
84 133
84 134
84 136
84 137
84 141
84 143
84 145
84 146
84 147
84 150
84 155
84 157
84 158
84 161
84 162
84 163
84 166
84 167
84 168
84 169
84 170
84 172
84 174
84 179
84 181
84 182
84 183
84 185
84 187
84 189
84 192
84 193
84 195
84 197
84 199
85 86
85 88
85 89
85 94
85 95
85 97
85 101
85 102
85 103
85 106
85 109
85 111
85 114
85 115
85 116
85 119
85 120
85 121
85 122
85 127
85 130
85 132
85 136
85 139
85 140
85 141
85 143
85 145
85 146
85 147
85 148
85 149
85 150
85 152
85 153
85 155
85 157
85 161
85 163
85 165
85 166
85 169
85 170
85 171
85 172
85 174
85 176
85 177
85 178
85 179
85 180
85 181
85 183
85 186
85 191
85 195
85 196
85 197
85 199
86 89
86 91
86 92
86 93
86 94
86 97
86 99
86 101
86 103
86 104
86 108
86 109
86 111
86 116
86 117
86 118
86 119
86 120
86 121
86 123
86 128
86 129
86 130
86 131
86 132
86 137
86 139
86 142
86 145
86 146
86 149
86 150
86 151
86 154
86 155
86 158
86 161
86 162
86 164
86 165
86 168
86 169
86 175
86 177
86 178
86 179
86 181
86 183
86 189
86 192
86 193
86 195
86 197
86 198
86 199
87 88
87 89
87 95
87 96
87 100
87 103
87 105
87 107
87 110
87 111
87 113
87 115
87 116
87 117
87 120
87 121
87 122
87 123
87 124
87 126
87 127
87 129
87 130
87 131
87 134
87 135
87 138
87 139
87 143
87 145
87 146
87 147
87 148
87 149
87 150
87 151
87 154
87 156
87 160
87 161
87 162
87 163
87 164
87 166
87 168
87 169
87 170
87 171
87 179
87 180
87 182
87 183
87 184
87 185
87 186
87 187
87 188
87 190
87 191
87 195
87 199
88 89
88 91
88 93
88 95
88 96
88 97
88 98
88 99
88 100
88 101
88 102
88 103
88 109
88 112
88 117
88 118
88 119
88 120
88 121
88 122
88 124
88 125
88 126
88 127
88 129
88 131
88 132
88 133
88 138
88 139
88 140
88 143
88 144
88 146
88 147
88 148
88 150
88 152
88 155
88 156
88 157
88 159
88 161
88 163
88 168
88 170
88 171
88 172
88 174
88 177
88 179
88 180
88 181
88 186
88 187
88 190
88 191
88 194
88 197
88 199
89 91
89 97
89 99
89 102
89 104
89 106
89 107
89 108
89 109
89 113
89 114
89 117
89 121
89 122
89 124
89 125
89 128
89 129
89 131
89 134
89 136
89 137
89 142
89 149
89 156
89 157
89 158
89 159
89 160
89 165
89 166
89 167
89 168
89 169
89 170
89 171
89 172
89 173
89 175
89 176
89 177
89 178
89 180
89 181
89 182
89 183
89 184
89 185
89 186
89 195
89 198
89 199
90 91
90 92
90 93
90 94
90 99
90 100
90 101
90 102
90 103
90 107
90 108
90 110
90 111
90 113
90 114
90 115
90 116
90 120
90 121
90 124
90 126
90 127
90 129
90 131
90 132
90 134
90 135
90 136
90 138
90 139
90 140
90 141
90 145
90 146
90 148
90 150
90 152
90 154
90 158
90 161
90 162
90 163
90 164
90 165
90 166
90 167
90 168
90 169
90 170
90 171
90 172
90 174
90 175
90 177
90 179
90 181
90 182
90 184
90 186
90 188
90 189
90 197
90 198
90 199
91 92
91 93
91 96
91 99
91 110
91 111
91 116
91 119
91 120
91 121
91 126
91 132
91 134
91 137
91 138
91 139
91 140
91 141
91 142
91 144
91 145
91 146
91 147
91 148
91 151
91 153
91 158
91 159
91 161
91 162
91 163
91 164
91 166
91 167
91 168
91 169
91 170
91 171
91 172
91 173
91 175
91 176
91 179
91 181
91 182
91 185
91 187
91 193
91 195
91 197
91 199
92 93
92 94
92 95
92 96
92 98
92 101
92 102
92 103
92 105
92 106
92 109
92 110
92 112
92 117
92 118
92 123
92 125
92 126
92 130
92 135
92 139
92 140
92 141
92 142
92 144
92 145
92 146
92 148
92 149
92 152
92 153
92 155
92 157
92 159
92 160
92 162
92 167
92 169
92 171
92 173
92 175
92 176
92 178
92 179
92 181
92 184
92 185
92 189
92 191
92 192
92 195
92 196
92 197
92 198
92 199
93 95
93 96
93 97
93 98
93 102
93 104
93 106
93 107
93 108
93 109
93 110
93 114
93 119
93 121
93 122
93 123
93 125
93 127
93 129
93 130
93 132
93 136
93 137
93 139
93 140
93 146
93 147
93 148
93 150
93 152
93 153
93 158
93 159
93 171
93 174
93 175
93 176
93 177
93 186
93 189
93 190
93 191
93 192
93 197
93 198
94 97
94 99
94 105
94 106
94 107
94 108
94 109
94 110
94 111
94 113
94 114
94 115
94 117
94 119
94 121
94 123
94 125
94 126
94 127
94 130
94 133
94 137
94 138
94 139
94 141
94 142
94 147
94 152
94 153
94 154
94 156
94 159
94 160
94 161
94 163
94 165
94 168
94 173
94 174
94 175
94 177
94 179
94 182
94 186
94 189
94 191
94 192
94 193
94 197
94 199
95 98
95 99
95 104
95 105
95 107
95 110
95 112
95 114
95 117
95 118
95 119
95 120
95 122
95 123
95 125
95 129
95 132
95 134
95 137
95 139
95 140
95 141
95 142
95 145
95 147
95 148
95 149
95 150
95 151
95 152
95 154
95 155
95 156
95 158
95 159
95 165
95 166
95 167
95 169
95 171
95 173
95 174
95 176
95 178
95 179
95 180
95 181
95 182
95 183
95 184
95 186
95 187
95 188
95 189
95 190
95 191
95 192
95 194
95 195
95 196
95 199
96 97
96 98
96 99
96 100
96 104
96 105
96 110
96 122
96 128
96 130
96 133
96 134
96 137
96 139
96 140
96 141
96 143
96 148
96 151
96 159
96 160
96 163
96 164
96 165
96 170
96 172
96 174
96 175
96 176
96 177
96 179
96 181
96 186
96 187
96 188
96 189
96 191
96 193
96 196
96 199
97 101
97 103
97 105
97 107
97 111
97 112
97 113
97 114
97 117
97 118
97 119
97 121
97 122
97 123
97 130
97 131
97 133
97 134
97 135
97 136
97 139
97 141
97 143
97 144
97 147
97 149
97 151
97 153
97 156
97 158
97 159
97 161
97 162
97 163
97 166
97 168
97 172
97 174
97 179
97 180
97 181
97 182
97 183
97 184
97 185
97 187
97 188
97 189
97 191
97 193
97 195
97 198
98 99
98 100
98 101
98 103
98 105
98 112
98 115
98 116
98 118
98 120
98 121
98 122
98 125
98 126
98 130
98 131
98 132
98 136
98 137
98 138
98 139
98 140
98 141
98 146
98 148
98 150
98 152
98 154
98 155
98 158
98 159
98 161
98 162
98 163
98 165
98 167
98 168
98 173
98 175
98 176
98 177
98 178
98 180
98 182
98 185
98 186
98 189
98 190
98 194
98 196
98 197
98 199
99 101
99 102
99 103
99 105
99 106
99 107
99 108
99 110
99 111
99 113
99 118
99 121
99 123
99 124
99 126
99 127
99 128
99 129
99 130
99 131
99 132
99 136
99 137
99 138
99 140
99 143
99 144
99 146
99 147
99 149
99 150
99 151
99 152
99 159
99 161
99 162
99 163
99 164
99 166
99 169
99 173
99 175
99 177
99 178
99 179
99 184
99 186
99 187
99 188
99 189
99 199
100 102
100 103
100 104
100 106
100 107
100 109
100 110
100 111
100 112
100 114
100 116
100 117
100 118
100 119
100 120
100 122
100 124
100 125
100 126
100 131
100 133
100 134
100 136
100 138
100 139
100 140
100 142
100 144
100 145
100 147
100 148
100 151
100 153
100 154
100 155
100 161
100 163
100 164
100 170
100 173
100 174
100 178
100 180
100 181
100 182
100 185
100 186
100 189
100 191
100 192
100 194
100 195
100 196
100 199
101 102
101 104
101 107
101 108
101 109
101 110
101 112
101 114
101 115
101 116
101 121
101 123
101 124
101 125
101 126
101 127
101 129
101 132
101 133
101 135
101 141
101 142
101 145
101 146
101 147
101 151
101 152
101 154
101 161
101 164
101 166
101 167
101 169
101 171
101 173
101 174
101 175
101 178
101 179
101 180
101 183
101 184
101 186
101 187
101 192
101 193
101 194
101 197
102 103
102 104
102 106
102 108
102 112
102 115
102 120
102 121
102 122
102 123
102 124
102 126
102 127
102 129
102 131
102 133
102 134
102 136
102 137
102 139
102 141
102 143
102 145
102 147
102 149
102 150
102 151
102 153
102 154
102 155
102 156
102 157
102 162
102 166
102 167
102 169
102 172
102 173
102 174
102 175
102 178
102 179
102 183
102 185
102 187
102 190
102 193
102 195
102 197
102 199
103 107
103 108
103 113
103 116
103 118
103 119
103 120
103 123
103 125
103 126
103 129
103 131
103 136
103 137
103 138
103 141
103 142
103 143
103 144
103 145
103 147
103 148
103 149
103 153
103 154
103 155
103 158
103 160
103 162
103 165
103 166
103 167
103 168
103 170
103 172
103 173
103 174
103 177
103 179
103 180
103 181
103 183
103 184
103 186
103 189
103 191
103 192
103 193
103 194
103 195
103 196
104 105
104 106
104 107
104 108
104 109
104 113
104 117
104 120
104 121
104 122
104 124
104 125
104 126
104 127
104 129
104 131
104 134
104 135
104 136
104 137
104 138
104 139
104 141
104 143
104 144
104 145
104 148
104 149
104 155
104 159
104 160
104 161
104 167
104 168
104 170
104 171
104 172
104 176
104 178
104 180
104 181
104 182
104 183
104 184
104 185
104 186
104 187
104 188
104 189
104 190
104 191
104 192
104 194
104 197
104 198
105 106
105 107
105 108
105 113
105 114
105 115
105 117
105 118
105 120
105 121
105 123
105 124
105 132
105 136
105 137
105 138
105 140
105 141
105 142
105 147
105 149
105 150
105 151
105 152
105 154
105 155
105 156
105 157
105 158
105 161
105 163
105 164
105 165
105 166
105 169
105 171
105 172
105 173
105 174
105 175
105 181
105 184
105 185
105 186
105 189
105 191
105 192
105 194
105 195
105 196
105 197
105 198
105 199
106 110
106 113
106 114
106 117
106 118
106 120
106 121
106 122
106 123
106 124
106 126
106 127
106 128
106 132
106 134
106 135
106 136
106 137
106 139
106 141
106 145
106 149
106 150
106 151
106 153
106 154
106 155
106 158
106 161
106 162
106 163
106 164
106 165
106 167
106 168
106 170
106 171
106 173
106 179
106 180
106 182
106 184
106 185
106 190
106 192
106 195
106 197
106 198
106 199
107 111
107 113
107 114
107 118
107 121
107 122
107 124
107 126
107 130
107 131
107 134
107 136
107 137
107 139
107 141
107 142
107 144
107 145
107 146
107 152
107 153
107 156
107 157
107 162
107 165
107 166
107 169
107 171
107 172
107 173
107 177
107 179
107 180
107 181
107 182
107 183
107 184
107 185
107 189
107 190
107 193
107 195
107 197
107 198
108 110
108 115
108 116
108 117
108 119
108 124
108 125
108 127
108 128
108 130
108 131
108 132
108 136
108 138
108 140
108 141
108 142
108 145
108 146
108 148
108 151
108 152
108 153
108 154
108 156
108 159
108 161
108 162
108 163
108 164
108 165
108 166
108 167
108 169
108 170
108 172
108 174
108 177
108 178
108 180
108 181
108 184
108 185
108 186
108 188
108 191
108 194
108 195
108 196
108 197
109 111
109 112
109 116
109 118
109 119
109 121
109 122
109 124
109 125
109 126
109 128
109 129
109 131
109 132
109 133
109 134
109 137
109 138
109 139
109 140
109 141
109 143
109 144
109 146
109 149
109 152
109 153
109 156
109 159
109 160
109 163
109 165
109 168
109 170
109 171
109 173
109 175
109 178
109 183
109 184
109 186
109 192
109 194
109 195
109 196
109 197
109 198
110 111
110 112
110 114
110 115
110 119
110 120
110 121
110 122
110 124
110 125
110 126
110 127
110 128
110 129
110 130
110 134
110 135
110 136
110 137
110 139
110 141
110 143
110 144
110 145
110 146
110 147
110 148
110 152
110 156
110 157
110 158
110 166
110 168
110 171
110 172
110 173
110 174
110 175
110 176
110 183
110 185
110 190
110 192
110 194
110 197
110 198
111 113
111 114
111 115
111 116
111 118
111 120
111 123
111 124
111 125
111 126
111 127
111 128
111 131
111 133
111 137
111 143
111 144
111 145
111 152
111 153
111 155
111 156
111 158
111 160
111 161
111 165
111 166
111 167
111 168
111 169
111 176
111 177
111 181
111 182
111 183
111 184
111 185
111 186
111 187
111 190
111 192
111 194
111 195
111 198
111 199
112 113
112 117
112 119
112 121
112 124
112 125
112 133
112 135
112 136
112 140
112 141
112 143
112 145
112 147
112 149
112 153
112 156
112 157
112 164
112 165
112 166
112 167
112 170
112 172
112 173
112 176
112 178
112 179
112 180
112 181
112 185
112 187
112 189
112 192
112 193
112 195
112 196
112 197
113 114
113 118
113 119
113 121
113 123
113 126
113 127
113 131
113 132
113 135
113 136
113 137
113 140
113 143
113 144
113 145
113 146
113 147
113 148
113 149
113 150
113 153
113 154
113 155
113 158
113 159
113 162
113 164
113 165
113 166
113 167
113 168
113 169
113 170
113 173
113 177
113 181
113 185
113 186
113 187
113 188
113 191
113 194
113 195
113 196
114 115
114 116
114 117
114 118
114 121
114 123
114 124
114 126
114 128
114 129
114 139
114 141
114 145
114 146
114 147
114 148
114 149
114 150
114 151
114 153
114 154
114 156
114 157
114 158
114 159
114 160
114 161
114 162
114 163
114 165
114 169
114 172
114 173
114 175
114 179
114 183
114 184
114 185
114 187
114 188
114 191
114 192
114 197
114 198
114 199
115 117
115 118
115 119
115 120
115 121
115 125
115 126
115 127
115 128
115 132
115 134
115 135
115 136
115 139
115 140
115 141
115 142
115 143
115 144
115 149
115 150
115 153
115 154
115 155
115 156
115 157
115 160
115 162
115 164
115 165
115 169
115 171
115 172
115 174
115 176
115 177
115 178
115 179
115 183
115 184
115 190
115 191
115 195
115 197
116 118
116 119
116 120
116 122
116 125
116 126
116 127
116 129
116 131
116 132
116 135
116 136
116 137
116 138
116 139
116 143
116 145
116 147
116 148
116 149
116 150
116 154
116 155
116 156
116 158
116 159
116 161
116 165
116 167
116 170
116 171
116 172
116 175
116 177
116 181
116 183
116 184
116 190
116 193
116 194
116 195
116 197
116 198
116 199
117 119
117 123
117 124
117 126
117 127
117 128
117 129
117 131
117 133
117 134
117 140
117 141
117 147
117 149
117 151
117 152
117 153
117 158
117 160
117 161
117 165
117 168
117 169
117 170
117 171
117 172
117 173
117 175
117 177
117 178
117 179
117 180
117 185
117 194
117 196
117 197
117 198
118 120
118 123
118 124
118 126
118 127
118 129
118 130
118 133
118 134
118 135
118 139
118 140
118 141
118 145
118 147
118 148
118 151
118 152
118 154
118 159
118 161
118 162
118 163
118 167
118 169
118 170
118 172
118 176
118 177
118 181
118 183
118 187
118 188
118 189
118 190
118 192
118 193
118 195
119 120
119 121
119 125
119 127
119 128
119 129
119 130
119 131
119 133
119 135
119 137
119 142
119 144
119 150
119 151
119 155
119 156
119 157
119 158
119 162
119 163
119 164
119 165
119 166
119 167
119 169
119 173
119 174
119 176
119 177
119 178
119 179
119 180
119 181
119 183
119 186
119 187
119 189
119 190
119 191
119 198
119 199
120 122
120 124
120 125
120 129
120 131
120 132
120 134
120 135
120 137
120 139
120 140
120 143
120 147
120 150
120 152
120 153
120 155
120 160
120 161
120 162
120 163
120 165
120 167
120 168
120 172
120 173
120 174
120 175
120 178
120 179
120 181
120 182
120 183
120 184
120 187
120 188
120 189
120 191
120 193
120 197
120 198
120 199
121 122
121 125
121 126
121 127
121 128
121 133
121 134
121 135
121 138
121 140
121 141
121 145
121 148
121 156
121 157
121 158
121 164
121 165
121 168
121 169
121 170
121 171
121 173
121 178
121 179
121 180
121 184
121 186
121 187
121 193
121 194
121 195
121 196
121 197
122 123
122 124
122 125
122 127
122 130
122 135
122 138
122 139
122 144
122 145
122 146
122 147
122 149
122 151
122 152
122 153
122 155
122 158
122 159
122 163
122 164
122 165
122 166
122 170
122 171
122 172
122 175
122 176
122 178
122 179
122 181
122 182
122 183
122 186
122 191
122 192
122 194
122 195
122 198
123 128
123 131
123 133
123 134
123 136
123 137
123 140
123 142
123 144
123 145
123 146
123 148
123 151
123 152
123 153
123 155
123 160
123 161
123 162
123 163
123 166
123 167
123 169
123 174
123 176
123 178
123 179
123 181
123 183
123 185
123 187
123 190
123 194
123 195
123 197
123 198
124 125
124 128
124 130
124 133
124 136
124 138
124 139
124 142
124 143
124 144
124 145
124 146
124 148
124 150
124 151
124 152
124 154
124 155
124 157
124 159
124 160
124 161
124 164
124 166
124 168
124 172
124 174
124 176
124 178
124 180
124 181
124 187
124 188
124 192
124 193
124 194
124 195
124 196
124 197
124 199
125 130
125 131
125 132
125 135
125 136
125 137
125 139
125 141
125 142
125 144
125 146
125 147
125 148
125 149
125 152
125 155
125 157
125 158
125 160
125 161
125 162
125 164
125 167
125 168
125 169
125 171
125 172
125 173
125 175
125 177
125 178
125 182
125 183
125 184
125 185
125 186
125 187
125 189
125 190
125 192
125 193
125 197
125 198
125 199
126 128
126 131
126 133
126 135
126 137
126 138
126 139
126 140
126 141
126 143
126 146
126 147
126 152
126 154
126 155
126 156
126 159
126 160
126 161
126 164
126 166
126 167
126 170
126 171
126 173
126 174
126 176
126 178
126 179
126 181
126 182
126 185
126 191
126 192
126 193
126 194
126 195
126 198
126 199
127 130
127 132
127 133
127 136
127 137
127 140
127 141
127 143
127 144
127 148
127 149
127 150
127 156
127 161
127 162
127 165
127 171
127 176
127 178
127 179
127 182
127 186
127 187
127 195
127 196
127 199
128 130
128 132
128 137
128 140
128 142
128 143
128 146
128 147
128 148
128 151
128 153
128 155
128 158
128 162
128 163
128 168
128 169
128 172
128 175
128 177
128 182
128 183
128 184
128 186
128 188
128 191
128 193
128 194
128 195
128 197
128 198
128 199
129 132
129 134
129 135
129 136
129 139
129 146
129 147
129 150
129 152
129 155
129 158
129 159
129 160
129 161
129 162
129 165
129 167
129 168
129 169
129 171
129 172
129 174
129 177
129 178
129 179
129 181
129 184
129 186
129 187
129 190
129 193
129 194
129 195
129 197
129 198
130 131
130 132
130 134
130 135
130 137
130 139
130 142
130 143
130 146
130 148
130 149
130 153
130 154
130 157
130 158
130 159
130 160
130 167
130 169
130 170
130 174
130 176
130 177
130 178
130 181
130 183
130 184
130 187
130 193
130 194
130 195
130 197
130 198
130 199
131 132
131 133
131 136
131 137
131 139
131 140
131 146
131 148
131 150
131 151
131 154
131 155
131 157
131 158
131 159
131 162
131 167
131 168
131 169
131 170
131 172
131 173
131 174
131 175
131 179
131 180
131 182
131 184
131 187
131 192
132 133
132 134
132 135
132 136
132 140
132 141
132 142
132 146
132 151
132 152
132 155
132 156
132 157
132 164
132 165
132 166
132 167
132 171
132 172
132 173
132 174
132 178
132 179
132 180
132 185
132 186
132 187
132 190
132 191
132 193
132 194
132 197
132 198
133 134
133 135
133 136
133 137
133 138
133 139
133 142
133 143
133 144
133 145
133 146
133 148
133 149
133 150
133 153
133 154
133 158
133 161
133 162
133 163
133 165
133 166
133 167
133 168
133 170
133 171
133 172
133 173
133 175
133 180
133 182
133 183
133 184
133 185
133 189
133 193
133 194
133 195
133 198
134 138
134 140
134 141
134 146
134 149
134 153
134 154
134 155
134 156
134 158
134 160
134 162
134 166
134 167
134 172
134 173
134 174
134 176
134 179
134 180
134 181
134 185
134 187
134 188
134 189
134 191
134 194
134 196
134 198
134 199
135 136
135 137
135 138
135 139
135 143
135 144
135 145
135 146
135 148
135 150
135 151
135 153
135 156
135 158
135 161
135 164
135 167
135 169
135 171
135 173
135 174
135 176
135 177
135 178
135 180
135 181
135 182
135 183
135 184
135 185
135 188
135 190
135 191
135 192
135 193
135 195
136 137
136 138
136 139
136 141
136 146
136 157
136 160
136 163
136 165
136 168
136 173
136 174
136 176
136 179
136 181
136 184
136 186
136 188
136 191
136 192
136 194
136 197
136 198
137 140
137 143
137 146
137 148
137 152
137 156
137 158
137 159
137 161
137 163
137 168
137 170
137 172
137 173
137 184
137 185
137 186
137 191
137 193
137 194
137 195
137 196
138 139
138 142
138 145
138 146
138 147
138 148
138 151
138 152
138 153
138 154
138 155
138 157
138 160
138 161
138 165
138 167
138 169
138 172
138 174
138 177
138 179
138 180
138 181
138 182
138 184
138 185
138 187
138 191
138 194
138 196
138 197
138 198
139 144
139 146
139 148
139 149
139 151
139 152
139 153
139 156
139 158
139 161
139 162
139 163
139 165
139 166
139 167
139 170
139 172
139 174
139 175
139 177
139 179
139 182
139 183
139 184
139 186
139 188
139 189
139 190
139 193
139 197
139 198
139 199
140 142
140 143
140 144
140 146
140 149
140 152
140 153
140 155
140 157
140 158
140 159
140 163
140 165
140 166
140 171
140 174
140 175
140 176
140 177
140 180
140 181
140 182
140 183
140 185
140 187
140 188
140 191
140 192
140 195
140 197
140 199
141 142
141 144
141 145
141 147
141 148
141 149
141 154
141 155
141 156
141 157
141 158
141 159
141 160
141 163
141 165
141 166
141 167
141 168
141 169
141 172
141 175
141 176
141 178
141 179
141 180
141 181
141 182
141 183
141 184
141 188
141 189
141 191
141 192
141 193
141 195
141 197
141 198
142 147
142 148
142 152
142 155
142 156
142 158
142 160
142 161
142 163
142 164
142 165
142 166
142 168
142 169
142 171
142 173
142 179
142 180
142 181
142 186
142 188
142 190
142 191
142 192
142 194
142 197
143 144
143 145
143 146
143 147
143 148
143 150
143 154
143 156
143 159
143 161
143 166
143 167
143 168
143 169
143 170
143 172
143 175
143 177
143 178
143 179
143 180
143 181
143 182
143 187
143 188
143 189
143 190
143 192
143 195
143 196
143 197
143 198
144 146
144 147
144 148
144 149
144 153
144 157
144 160
144 162
144 172
144 175
144 176
144 177
144 178
144 179
144 180
144 181
144 186
144 187
144 190
144 191
144 193
144 197
144 199
145 146
145 147
145 148
145 152
145 153
145 157
145 160
145 163
145 166
145 167
145 170
145 172
145 174
145 175
145 178
145 179
145 180
145 184
145 185
145 186
145 187
145 190
145 191
145 196
145 197
145 198
146 147
146 148
146 149
146 151
146 152
146 156
146 157
146 158
146 159
146 160
146 161
146 167
146 168
146 171
146 172
146 175
146 176
146 178
146 179
146 180
146 181
146 182
146 185
146 186
146 187
146 188
146 192
146 194
146 195
146 197
146 198
147 150
147 151
147 153
147 154
147 156
147 157
147 160
147 162
147 163
147 165
147 167
147 169
147 170
147 176
147 179
147 180
147 181
147 184
147 185
147 187
147 188
147 190
147 192
147 194
147 195
147 196
147 198
147 199
148 149
148 152
148 153
148 156
148 160
148 165
148 166
148 167
148 168
148 169
148 173
148 175
148 178
148 179
148 181
148 182
148 184
148 185
148 186
148 187
148 190
148 195
148 196
148 198
148 199
149 155
149 157
149 159
149 160
149 162
149 163
149 164
149 167
149 170
149 172
149 173
149 174
149 176
149 177
149 178
149 181
149 182
149 186
149 187
149 193
149 195
150 151
150 152
150 156
150 159
150 164
150 167
150 170
150 172
150 173
150 175
150 177
150 178
150 179
150 180
150 181
150 185
150 186
150 191
150 194
150 195
150 198
151 152
151 156
151 159
151 160
151 161
151 162
151 163
151 164
151 165
151 166
151 167
151 168
151 169
151 170
151 175
151 176
151 179
151 182
151 185
151 186
151 187
151 188
151 189
151 192
151 195
151 197
152 156
152 157
152 158
152 160
152 161
152 164
152 165
152 166
152 168
152 170
152 171
152 172
152 173
152 174
152 176
152 177
152 179
152 180
152 183
152 184
152 185
152 187
152 188
152 190
152 192
152 193
152 196
152 198
152 199
153 155
153 156
153 157
153 161
153 163
153 165
153 166
153 168
153 170
153 172
153 175
153 177
153 178
153 179
153 181
153 185
153 189
153 190
153 195
153 197
153 199
154 155
154 156
154 157
154 159
154 160
154 163
154 164
154 165
154 166
154 167
154 168
154 169
154 171
154 172
154 176
154 177
154 180
154 181
154 182
154 185
154 187
154 193
154 195
154 196
154 197
154 198
155 156
155 157
155 161
155 162
155 163
155 164
155 170
155 171
155 173
155 175
155 178
155 179
155 181
155 182
155 183
155 185
155 190
155 195
155 197
155 198
155 199
156 158
156 159
156 161
156 162
156 163
156 164
156 168
156 170
156 171
156 173
156 175
156 179
156 183
156 185
156 186
156 187
156 191
156 192
156 193
156 194
156 195
156 196
156 197
156 198
156 199
157 159
157 160
157 161
157 162
157 163
157 166
157 167
157 169
157 170
157 171
157 172
157 177
157 178
157 179
157 180
157 182
157 183
157 184
157 185
157 186
157 189
157 190
157 191
157 192
157 197
158 160
158 163
158 164
158 165
158 166
158 171
158 172
158 174
158 175
158 180
158 186
158 188
158 192
158 193
158 194
158 195
158 196
158 197
158 198
158 199
159 161
159 162
159 164
159 165
159 166
159 168
159 169
159 174
159 175
159 176
159 179
159 181
159 189
159 190
159 191
159 193
159 194
159 196
159 197
159 199
160 161
160 165
160 166
160 167
160 169
160 171
160 176
160 177
160 181
160 182
160 183
160 184
160 187
160 190
160 191
160 192
160 199
161 164
161 167
161 169
161 170
161 171
161 175
161 177
161 178
161 180
161 181
161 184
161 186
161 187
161 189
161 191
161 192
161 198
162 171
162 173
162 174
162 175
162 176
162 178
162 179
162 180
162 182
162 184
162 187
162 188
162 193
162 194
162 195
162 196
162 197
162 198
162 199
163 165
163 167
163 169
163 172
163 175
163 176
163 178
163 183
163 184
163 185
163 186
163 188
163 195
163 197
163 198
163 199
164 168
164 169
164 170
164 171
164 174
164 179
164 182
164 186
164 189
164 194
164 196
164 199
165 167
165 171
165 172
165 174
165 176
165 179
165 180
165 181
165 183
165 187
165 191
165 194
165 195
166 168
166 171
166 174
166 180
166 182
166 183
166 185
166 186
166 187
166 189
166 190
166 192
166 194
166 196
166 197
166 198
167 168
167 169
167 170
167 171
167 172
167 174
167 176
167 179
167 181
167 185
167 187
167 189
167 190
167 195
167 198
168 169
168 170
168 175
168 176
168 180
168 183
168 185
168 186
168 187
168 188
168 189
168 196
169 171
169 172
169 174
169 177
169 178
169 182
169 183
169 185
169 186
169 187
169 190
169 192
169 193
169 194
169 195
169 196
170 172
170 173
170 176
170 177
170 180
170 181
170 183
170 184
170 188
170 189
170 191
170 194
170 196
171 173
171 174
171 176
171 178
171 180
171 183
171 184
171 186
171 187
171 190
171 191
171 195
171 197
171 198
172 173
172 175
172 178
172 179
172 182
172 184
172 185
172 186
172 190
172 192
172 193
172 195
172 198
172 199
173 174
173 175
173 176
173 178
173 180
173 184
173 187
173 190
173 192
173 194
173 195
173 196
174 179
174 184
174 185
174 187
174 189
174 190
174 195
174 197
174 198
175 176
175 177
175 180
175 181
175 183
175 185
175 187
175 189
175 191
175 192
175 194
175 195
175 198
175 199
176 178
176 180
176 183
176 186
176 189
176 190
176 194
176 195
176 198
176 199
177 178
177 182
177 185
177 190
177 192
177 194
177 197
178 181
178 185
178 186
178 187
178 188
178 190
178 192
178 193
178 194
178 195
178 196
178 197
178 198
178 199
179 180
179 185
179 188
179 189
179 191
179 192
179 194
179 196
179 197
180 181
180 183
180 185
180 187
180 188
180 192
180 193
180 199
181 183
181 184
181 190
181 191
181 192
181 193
181 194
181 196
181 197
182 183
182 186
182 187
182 188
182 189
182 192
182 193
182 195
182 197
182 199
183 184
183 186
183 189
183 192
183 193
183 194
183 195
183 197
184 189
184 190
184 192
184 194
184 196
184 199
185 186
185 189
185 190
185 193
185 194
185 195
185 197
185 198
185 199
186 188
186 190
186 193
186 194
186 196
186 197
186 198
187 188
187 191
187 195
187 196
187 198
188 190
188 191
188 193
188 196
188 199
189 194
189 195
189 198
189 199
190 191
190 195
190 197
190 199
191 192
191 193
191 194
192 194
192 195
192 196
192 197
193 194
193 198
193 199
194 196
194 197
195 196
196 197
196 198
197 198
0 162 117 58 148 1 70 61 51 92 110 28 112 169 139 179 76 170 101 199 81 107 39 48 123 12 175 35 52 159 36 29 25 15 99 53 158 14 10 85
71 108 49 45 176 13 194 149 130 21 93 183 120 131 75 145 19 82 111 168 68 121 83 32 119 167 72 198 140 146 184 73 97 80 62 4 2 42 177 41
94 33 132 98 166 66 44 153 115 113 60 11 22 63 105 87 180 173 56 196 138 143 54 181 187 151 47 20 23 9 106 27 100 137 90 125 126 26 189 165
43 103 17 190 65 157 59 150 156 18 50 31 152 127 37 64 154 161 135 74 164 79 128 141 38 67 192 185 133 191 142 195 104 40 24 89 95 77 174 91
163 155 46 30 171 182 116 69 114 16 8 3 34 134 55 124 122 109 186 78 136 178 86 6 144 96 7 102 129 84 147 160 188 88 118 172 57 193 5 197
