200
1983
5
71
14
91
41
91
0 11
0 20
0 28
0 42
0 71
0 75
0 84
0 86
0 91
0 93
0 96
0 135
0 136
0 140
0 145
0 146
0 154
0 172
0 175
0 178
0 192
0 194
1 2
1 5
1 7
1 11
1 21
1 26
1 32
1 42
1 72
1 82
1 83
1 105
1 106
1 111
1 120
1 133
2 3
2 22
2 23
2 24
2 25
2 61
2 120
2 122
2 124
2 132
2 139
2 142
2 156
2 157
2 159
2 163
3 27
3 31
3 62
3 77
3 92
3 103
3 114
3 121
3 122
3 125
3 127
3 131
3 132
3 144
3 150
3 160
3 162
3 190
3 199
4 6
4 9
4 13
4 16
4 35
4 46
4 47
4 52
4 62
4 81
4 88
4 93
4 99
4 121
4 122
4 126
4 130
4 135
4 142
4 152
4 159
4 161
4 170
4 172
4 175
4 185
4 188
4 197
5 6
5 27
5 32
5 37
5 45
5 48
5 62
5 65
5 71
5 106
5 107
5 109
5 125
5 127
5 151
5 165
5 171
5 174
5 183
5 186
5 187
5 193
6 17
6 20
6 27
6 32
6 33
6 35
6 40
6 52
6 54
6 56
6 63
6 87
6 91
6 98
6 103
6 104
6 112
6 134
6 136
6 143
6 147
6 161
6 168
6 185
6 188
6 194
6 195
6 196
6 198
7 11
7 36
7 42
7 63
7 70
7 73
7 108
7 115
7 120
7 121
7 139
7 142
7 145
7 146
7 155
7 167
7 184
7 189
7 196
8 25
8 37
8 47
8 54
8 74
8 76
8 87
8 120
8 131
8 136
8 138
8 144
8 147
8 152
8 153
8 162
8 194
9 12
9 25
9 29
9 32
9 36
9 46
9 54
9 68
9 70
9 74
9 91
9 109
9 119
9 125
9 126
9 157
9 162
9 175
9 176
9 194
10 25
10 39
10 41
10 67
10 73
10 84
10 90
10 124
10 131
10 133
10 134
10 144
10 147
10 181
11 17
11 23
11 39
11 45
11 57
11 101
11 103
11 128
11 130
11 131
11 148
11 150
11 151
11 165
11 169
11 188
11 195
11 196
11 198
11 199
12 17
12 24
12 25
12 44
12 87
12 88
12 99
12 110
12 120
12 135
12 156
12 158
12 159
12 168
12 170
12 185
12 194
13 15
13 20
13 34
13 45
13 51
13 84
13 104
13 113
13 125
13 138
13 140
13 144
13 163
13 172
13 187
13 197
14 19
14 31
14 63
14 72
14 81
14 92
14 95
14 100
14 138
14 158
14 162
14 166
14 167
14 172
14 175
15 18
15 42
15 64
15 91
15 93
15 95
15 110
15 119
15 123
15 140
15 149
15 167
16 19
16 27
16 32
16 35
16 48
16 56
16 57
16 64
16 66
16 91
16 103
16 117
16 127
16 143
16 173
17 21
17 31
17 34
17 39
17 46
17 49
17 56
17 85
17 88
17 99
17 100
17 119
17 123
17 125
17 132
17 137
17 166
17 178
18 26
18 28
18 34
18 36
18 48
18 76
18 113
18 130
18 139
18 141
18 174
18 176
18 180
18 193
19 25
19 37
19 38
19 43
19 46
19 52
19 53
19 66
19 67
19 104
19 124
19 128
19 136
19 144
19 146
19 149
19 153
19 157
19 175
19 181
19 192
19 198
20 23
20 39
20 69
20 86
20 87
20 93
20 104
20 107
20 124
20 132
20 143
20 150
20 163
20 167
20 172
20 179
20 180
20 186
20 190
20 197
21 23
21 38
21 39
21 45
21 69
21 92
21 96
21 99
21 102
21 120
21 126
21 188
22 40
22 50
22 54
22 56
22 59
22 61
22 73
22 86
22 87
22 99
22 101
22 102
22 106
22 110
22 140
22 149
22 152
22 155
22 168
22 174
22 181
22 188
22 191
22 195
23 30
23 37
23 39
23 46
23 48
23 63
23 64
23 105
23 112
23 114
23 122
23 137
23 149
23 154
23 160
23 183
23 195
23 196
24 26
24 32
24 91
24 97
24 98
24 107
24 108
24 126
24 156
24 157
24 158
24 165
24 175
24 180
24 196
24 197
25 32
25 48
25 50
25 52
25 58
25 64
25 72
25 86
25 88
25 102
25 103
25 104
25 109
25 112
25 118
25 122
25 126
25 129
25 132
25 142
25 150
25 162
25 165
25 175
25 177
25 199
26 34
26 42
26 43
26 54
26 55
26 63
26 68
26 70
26 88
26 103
26 115
26 121
26 145
26 156
26 171
26 172
26 186
27 42
27 54
27 62
27 72
27 74
27 77
27 78
27 80
27 105
27 110
27 111
27 114
27 118
27 123
27 125
27 133
27 143
27 160
27 172
27 175
28 33
28 36
28 40
28 41
28 45
28 47
28 60
28 62
28 71
28 78
28 85
28 119
28 124
28 144
28 156
28 161
28 180
28 183
28 188
29 33
29 42
29 45
29 51
29 63
29 66
29 91
29 105
29 117
29 118
29 140
29 185
29 190
29 194
30 50
30 88
30 92
30 103
30 114
30 120
30 121
30 126
30 168
30 184
30 193
31 33
31 44
31 65
31 68
31 105
31 111
31 123
31 134
31 148
31 149
31 151
31 152
31 192
31 193
32 37
32 38
32 43
32 46
32 92
32 99
32 100
32 112
32 124
32 135
32 138
32 141
32 143
32 147
33 49
33 54
33 56
33 62
33 66
33 107
33 125
33 128
33 131
33 146
33 163
33 168
33 172
33 180
33 183
33 190
33 197
34 47
34 60
34 66
34 70
34 74
34 85
34 100
34 105
34 112
34 122
34 123
34 128
34 130
34 149
34 166
34 177
34 192
34 194
35 57
35 59
35 67
35 71
35 76
35 90
35 102
35 109
35 119
35 145
35 156
35 159
35 165
35 171
35 188
35 191
36 46
36 53
36 64
36 72
36 83
36 94
36 101
36 102
36 107
36 133
36 135
36 137
36 162
36 164
36 181
36 185
37 46
37 54
37 72
37 85
37 95
37 99
37 101
37 112
37 141
37 180
38 49
38 70
38 88
38 93
38 100
38 112
38 113
38 114
38 115
38 119
38 122
38 123
38 127
38 145
38 147
38 151
38 161
38 186
38 187
38 188
38 195
39 43
39 49
39 54
39 58
39 70
39 74
39 83
39 85
39 87
39 89
39 104
39 111
39 122
39 131
39 157
39 163
39 177
39 185
39 199
40 80
40 84
40 96
40 111
40 115
40 129
40 130
40 138
40 150
40 153
40 164
40 165
40 168
40 187
40 190
41 62
41 73
41 75
41 79
41 84
41 85
41 89
41 97
41 100
41 108
41 109
41 111
41 116
41 124
41 126
41 134
41 136
41 164
41 186
41 190
42 57
42 87
42 88
42 92
42 113
42 133
42 171
42 185
42 187
43 53
43 75
43 78
43 81
43 84
43 100
43 108
43 112
43 127
43 128
43 130
43 152
43 174
43 182
43 188
43 196
44 58
44 70
44 72
44 78
44 130
44 136
44 148
44 150
44 162
44 188
44 189
45 81
45 84
45 86
45 88
45 91
45 95
45 100
45 104
45 113
45 115
45 128
45 140
45 143
45 154
45 192
45 197
45 199
46 47
46 57
46 59
46 66
46 67
46 69
46 77
46 106
46 112
46 119
46 123
46 136
46 149
46 153
46 166
46 193
46 195
46 199
47 53
47 59
47 65
47 95
47 97
47 108
47 116
47 117
47 126
47 136
47 139
47 149
47 153
47 156
47 159
47 171
47 186
48 62
48 66
48 83
48 85
48 91
48 114
48 121
48 124
48 139
48 148
48 151
48 160
48 163
48 174
48 179
48 181
48 182
49 51
49 77
49 78
49 93
49 96
49 98
49 107
49 112
49 121
49 132
49 156
49 161
49 171
49 177
49 184
50 54
50 83
50 103
50 105
50 117
50 161
50 162
50 172
50 173
50 176
50 199
51 52
51 62
51 73
51 106
51 109
51 111
51 119
51 127
51 134
51 144
51 153
51 154
51 160
51 173
51 178
51 179
51 188
51 192
51 193
52 59
52 67
52 79
52 89
52 92
52 97
52 98
52 111
52 119
52 120
52 131
52 145
52 160
52 184
52 188
53 56
53 74
53 76
53 77
53 90
53 97
53 116
53 145
53 151
53 167
53 171
53 179
53 187
54 58
54 67
54 84
54 98
54 131
54 141
54 144
54 166
54 172
54 176
54 188
54 197
55 59
55 61
55 71
55 82
55 84
55 89
55 115
55 116
55 125
55 167
55 171
55 183
55 187
55 188
55 189
55 194
55 199
56 57
56 58
56 60
56 65
56 90
56 92
56 110
56 111
56 122
56 124
56 127
56 151
56 168
56 191
56 192
57 58
57 80
57 90
57 91
57 95
57 115
57 117
57 120
57 126
57 128
57 144
57 146
57 150
57 163
57 177
58 61
58 63
58 74
58 80
58 89
58 91
58 104
58 112
58 126
58 139
58 142
58 143
58 151
58 153
58 156
58 161
58 165
58 173
58 174
58 175
58 177
58 192
58 193
58 195
59 61
59 68
59 89
59 94
59 103
59 109
59 111
59 113
59 134
59 138
59 140
59 150
59 161
59 174
59 175
59 189
59 194
59 196
60 65
60 68
60 69
60 82
60 101
60 109
60 114
60 116
60 123
60 131
60 168
60 170
60 177
60 183
60 185
61 97
61 106
61 112
61 115
61 139
61 146
61 169
61 170
61 181
61 199
62 71
62 75
62 82
62 91
62 104
62 134
62 140
63 67
63 69
63 71
63 76
63 77
63 96
63 101
63 111
63 121
63 127
63 132
63 147
63 154
63 158
63 160
63 172
63 181
63 185
63 194
64 79
64 80
64 86
64 88
64 103
64 111
64 122
64 125
64 145
64 168
64 178
64 197
65 70
65 80
65 101
65 124
65 139
65 153
65 170
65 174
65 176
65 187
65 190
65 196
66 88
66 91
66 95
66 97
66 108
66 116
66 125
66 156
66 174
66 177
66 178
66 180
66 193
67 72
67 77
67 83
67 119
67 124
67 136
67 142
67 145
67 150
67 180
67 184
68 91
68 93
68 103
68 108
68 110
68 115
68 120
68 123
68 124
68 149
68 156
68 163
68 179
68 182
68 197
69 76
69 79
69 91
69 92
69 94
69 99
69 111
69 120
69 125
69 131
69 148
69 150
69 157
69 158
69 174
69 187
69 191
69 195
70 72
70 89
70 105
70 107
70 125
70 143
70 147
70 149
70 151
70 156
70 163
70 166
70 182
70 183
71 83
71 87
71 96
71 106
71 129
71 151
71 179
71 194
72 88
72 90
72 95
72 99
72 100
72 113
72 123
72 130
72 132
72 134
72 136
72 137
72 145
72 148
72 150
72 156
72 157
72 170
72 174
72 181
72 184
72 186
73 81
73 89
73 92
73 105
73 121
73 126
73 129
73 139
73 141
73 159
73 172
73 178
73 187
73 193
74 76
74 93
74 94
74 96
74 108
74 116
74 131
74 136
74 152
74 162
74 173
74 175
74 176
74 182
74 190
74 197
74 198
75 76
75 82
75 107
75 121
75 130
75 135
75 149
75 150
75 157
75 158
75 188
76 77
76 87
76 108
76 112
76 136
76 145
76 146
76 153
76 175
76 181
76 186
76 191
77 82
77 83
77 94
77 99
77 107
77 114
77 130
77 132
77 143
77 145
77 152
77 167
77 189
77 191
78 80
78 87
78 89
78 97
78 144
78 147
78 151
78 159
78 163
78 166
78 175
78 186
78 188
79 146
79 149
79 176
79 182
80 90
80 109
80 120
80 129
80 137
80 139
80 143
80 145
80 153
80 165
80 167
80 177
81 94
81 95
81 123
81 128
81 172
82 84
82 88
82 89
82 93
82 108
82 114
82 116
82 119
82 125
82 130
82 148
82 149
82 154
82 160
82 187
83 88
83 104
83 135
83 160
83 172
84 89
84 91
84 101
84 103
84 138
84 140
84 145
84 155
84 160
84 173
84 194
85 91
85 97
85 98
85 114
85 122
85 146
85 149
85 151
85 164
85 165
85 175
85 187
85 188
86 88
86 107
86 110
86 112
86 125
86 133
86 149
86 151
86 155
87 90
87 91
87 96
87 111
87 163
87 179
87 190
88 107
88 130
88 172
88 175
88 177
88 193
88 198
89 124
89 125
89 128
89 130
89 135
89 161
89 167
89 173
89 175
89 176
89 178
89 183
89 184
90 94
90 105
90 118
90 126
90 130
90 143
90 153
90 165
90 170
90 187
91 98
91 100
91 108
91 133
91 136
91 149
91 176
91 177
91 180
92 102
92 112
92 116
92 129
92 135
92 139
92 144
92 145
92 150
92 172
92 181
92 192
92 199
93 109
93 124
93 153
93 155
93 161
93 163
93 164
93 174
93 188
93 189
93 190
93 197
93 198
94 98
94 109
94 113
94 132
94 138
94 151
94 164
94 165
94 185
94 190
95 96
95 113
95 139
95 142
95 154
95 163
95 195
96 104
96 106
96 110
96 116
96 127
96 132
96 134
96 138
96 149
96 156
96 171
96 187
97 119
97 126
97 127
97 132
97 133
97 140
97 164
97 175
98 106
98 117
98 121
98 128
98 134
98 153
98 167
98 175
98 179
98 188
99 117
99 122
99 127
99 128
99 140
99 149
99 161
99 171
99 182
99 199
100 118
100 123
100 124
100 127
100 140
100 149
100 154
100 155
100 163
100 164
100 187
100 191
101 130
101 131
101 132
101 139
101 141
101 161
101 166
101 179
101 192
101 195
101 196
102 108
102 109
102 145
102 148
102 149
102 158
102 177
102 178
102 188
102 191
103 112
103 151
103 161
103 173
103 184
104 130
104 136
104 143
104 161
104 168
104 172
104 185
104 199
105 116
105 119
105 123
105 136
105 139
105 164
105 169
105 180
106 112
106 142
106 165
106 175
106 199
107 137
107 138
107 139
107 148
107 153
107 175
107 178
107 194
107 196
108 122
108 132
108 142
108 144
108 146
108 149
108 155
108 156
108 162
108 169
108 173
108 182
108 197
109 129
109 149
109 156
109 181
109 185
109 187
109 190
109 194
109 197
110 112
110 119
110 123
110 131
110 138
110 178
110 194
110 198
111 113
111 124
111 126
111 135
111 147
111 157
111 171
111 174
111 195
112 122
112 132
112 138
112 143
112 153
112 159
112 172
112 173
112 192
112 197
113 114
113 132
113 133
113 138
113 146
113 149
113 150
113 155
113 160
113 162
113 166
113 176
113 178
113 180
114 127
114 130
114 143
114 145
114 160
114 172
115 125
115 142
115 146
115 159
115 170
115 179
115 183
115 195
115 196
115 197
116 125
116 158
116 183
116 185
116 192
116 196
117 129
117 151
117 154
117 165
117 167
117 172
117 177
117 182
118 121
118 128
118 142
118 155
118 163
118 180
118 187
118 189
118 191
119 129
119 143
119 144
119 154
119 167
119 168
119 173
119 178
119 194
119 196
120 125
120 127
120 128
120 132
120 141
120 146
120 150
120 154
120 168
120 169
120 186
121 123
121 138
121 139
121 163
121 172
121 178
121 187
121 189
121 199
122 140
122 142
122 150
122 176
122 190
122 193
122 195
123 164
123 168
123 169
123 183
123 185
123 188
123 189
124 134
124 135
124 158
124 160
124 181
125 149
125 151
125 152
125 170
125 184
125 197
126 130
126 132
126 158
126 165
126 168
126 177
126 196
127 136
127 151
127 161
127 165
127 177
127 182
127 189
127 193
127 196
128 135
128 140
128 144
128 156
128 162
128 183
128 189
129 147
129 154
129 156
129 172
129 176
129 183
130 136
130 139
130 144
130 151
130 152
130 153
130 156
130 163
130 170
130 178
130 185
131 144
131 146
131 156
131 162
131 166
131 167
131 186
131 188
131 198
132 140
132 151
132 168
132 173
132 189
133 136
133 152
133 163
133 174
133 178
134 156
134 186
134 196
135 153
135 183
135 193
135 198
136 146
136 157
136 164
136 168
136 172
137 141
137 161
137 178
138 140
138 143
138 155
138 174
138 177
139 164
139 194
139 198
140 148
140 149
140 150
140 154
140 156
140 160
140 161
140 166
140 171
140 176
140 178
140 187
141 163
141 183
141 186
142 156
142 177
142 188
142 191
142 197
142 198
143 162
143 171
143 194
144 147
144 159
144 190
145 159
145 179
145 180
145 186
145 199
146 151
146 152
146 169
146 179
146 191
147 155
147 161
147 180
147 184
148 149
148 156
148 170
148 172
148 185
149 164
149 165
149 170
149 173
149 188
149 189
150 152
150 153
150 155
150 170
150 177
150 180
150 182
150 184
151 174
151 194
151 196
151 197
152 154
152 167
152 175
152 188
152 189
153 156
153 164
153 165
153 183
154 156
154 169
154 177
154 182
154 183
154 184
155 164
156 166
156 172
156 174
156 175
156 176
156 181
156 182
156 197
157 171
158 164
158 166
158 179
158 184
158 188
158 190
158 191
158 195
158 198
159 163
159 168
159 175
159 176
159 177
159 178
159 197
160 174
160 183
160 185
161 167
161 170
161 183
161 190
161 193
162 169
162 171
162 180
162 185
163 165
163 175
163 178
163 189
164 184
164 185
165 167
165 178
165 188
166 181
166 187
166 195
166 196
166 198
166 199
167 183
167 185
168 176
168 177
168 185
168 188
169 171
169 177
169 180
169 184
169 186
169 189
170 177
170 179
170 185
172 180
173 190
173 198
175 179
175 182
175 192
176 177
176 184
176 185
176 193
176 195
177 180
177 188
178 183
178 186
179 183
179 187
179 192
179 193
180 183
181 185
181 188
181 192
182 189
182 193
183 189
183 190
183 197
185 197
185 199
186 190
186 192
187 197
188 191
188 193
188 197
189 193
190 198
191 194
191 196
192 193
194 197
185 75 144 96 19 11 68 178 34 149 74 132 98 33 85 114 151 173 2 13 5 95 106 166 124 104 164 198 47 110 53 30 0 87 181 138 55 90 118 153
15 154 131 199 183 115 100 42 141 105 20 16 69 119 39 28 137 18 25 12 182 180 126 52 1 46 4 186 117 84 171 150 139 145 116 125 188 112 35 86
92 175 49 83 111 38 22 159 8 146 58 165 81 77 142 174 80 72 163 66 99 91 26 176 197 107 40 113 82 167 97 172 168 76 194 31 109 21 122 135
103 140 134 51 41 94 71 161 158 121 73 189 9 187 57 156 155 177 6 148 60 56 170 127 129 45 62 192 101 70 3 93 157 120 59 32 195 36 191 108
89 184 78 136 152 24 43 27 133 169 67 44 123 79 54 179 63 130 65 14 17 147 102 10 7 64 196 23 160 162 128 88 29 48 193 61 37 50 190 143
