200
1941
7
32
94
0
59
31
84
91
0 1
0 31
0 74
0 85
0 116
0 156
0 163
0 167
0 174
0 180
0 187
0 189
1 12
1 20
1 38
1 65
1 70
1 72
1 82
1 99
1 100
1 112
1 113
1 121
1 128
1 135
1 151
1 164
1 181
2 6
2 23
2 47
2 65
2 78
2 82
2 84
2 90
2 95
2 98
2 101
2 107
2 111
2 112
2 113
2 135
2 139
2 145
2 156
2 164
2 182
2 191
3 71
3 73
3 93
3 103
3 114
3 115
3 122
3 130
3 149
3 158
3 160
3 161
3 171
3 187
4 8
4 12
4 14
4 18
4 28
4 29
4 33
4 51
4 54
4 63
4 65
4 100
4 108
4 111
4 140
4 152
4 163
4 164
4 166
4 168
4 179
4 196
4 197
5 21
5 28
5 36
5 66
5 72
5 73
5 85
5 90
5 102
5 111
5 151
5 166
5 171
5 174
5 186
5 188
5 198
6 15
6 37
6 39
6 50
6 76
6 86
6 94
6 106
6 107
6 122
6 124
6 132
6 137
6 139
6 153
6 168
6 174
6 175
7 13
7 15
7 23
7 29
7 31
7 48
7 62
7 78
7 80
7 105
7 121
7 125
7 140
7 142
7 145
7 149
7 151
7 166
7 168
7 169
7 174
7 194
7 198
8 19
8 42
8 63
8 77
8 86
8 87
8 92
8 134
8 137
8 138
8 142
8 147
8 174
8 178
8 189
8 191
8 199
9 10
9 29
9 30
9 34
9 46
9 73
9 78
9 88
9 89
9 93
9 94
9 95
9 98
9 111
9 119
9 122
9 128
9 130
9 131
9 165
9 173
9 183
9 190
9 198
10 15
10 21
10 44
10 47
10 75
10 76
10 82
10 118
10 123
10 125
10 138
10 140
10 166
10 172
10 176
10 186
11 45
11 58
11 71
11 84
11 89
11 102
11 108
11 114
11 127
11 139
11 141
11 153
11 157
11 164
11 171
11 186
11 192
11 193
12 61
12 81
12 83
12 95
12 103
12 110
12 116
12 121
12 122
12 141
12 143
12 163
12 174
12 181
12 183
13 26
13 31
13 35
13 45
13 47
13 53
13 55
13 56
13 61
13 71
13 80
13 107
13 108
13 116
13 147
13 150
13 151
13 154
13 172
13 182
13 185
14 20
14 21
14 24
14 26
14 34
14 48
14 59
14 65
14 103
14 151
14 157
14 158
14 163
14 165
14 167
14 169
14 175
14 178
14 182
14 189
14 191
15 29
15 40
15 46
15 107
15 112
15 119
15 146
15 178
15 180
15 186
15 196
15 199
16 31
16 45
16 58
16 66
16 69
16 89
16 144
16 151
16 157
16 179
16 192
17 48
17 61
17 62
17 65
17 73
17 74
17 75
17 79
17 92
17 95
17 121
17 125
17 134
17 148
17 151
17 162
17 172
17 188
17 189
17 192
17 199
18 31
18 52
18 54
18 57
18 79
18 81
18 125
18 129
18 130
18 132
18 153
18 157
18 168
18 182
18 185
18 188
19 20
19 29
19 33
19 39
19 43
19 48
19 51
19 53
19 56
19 57
19 58
19 64
19 85
19 102
19 105
19 109
19 115
19 132
19 158
19 166
19 169
19 194
20 27
20 51
20 69
20 103
20 110
20 119
20 130
20 133
20 136
20 148
20 149
20 164
20 168
20 176
20 184
21 23
21 25
21 33
21 35
21 51
21 55
21 58
21 59
21 74
21 84
21 96
21 110
21 121
21 123
21 127
21 132
21 156
21 164
21 170
21 181
21 196
21 197
21 199
22 85
22 88
22 90
22 107
22 111
22 113
22 135
22 145
22 156
22 157
22 160
22 169
22 170
22 185
23 24
23 37
23 44
23 91
23 92
23 108
23 111
23 116
23 140
23 144
23 147
23 151
23 161
23 164
23 165
23 168
23 170
23 174
23 187
23 197
23 199
24 39
24 50
24 56
24 65
24 66
24 79
24 91
24 99
24 102
24 110
24 121
24 125
24 126
24 163
24 169
24 183
24 195
25 52
25 70
25 85
25 86
25 88
25 113
25 115
25 118
25 129
25 149
25 165
25 166
25 175
25 177
26 50
26 52
26 60
26 99
26 108
26 117
26 135
26 136
26 150
26 156
26 160
26 195
27 40
27 49
27 55
27 56
27 64
27 70
27 112
27 121
27 122
27 127
27 129
27 145
27 154
27 162
27 175
27 184
27 185
27 190
27 197
28 29
28 38
28 39
28 41
28 76
28 110
28 119
28 120
28 142
28 152
28 158
28 172
28 186
28 189
28 191
28 196
28 197
29 50
29 57
29 63
29 64
29 68
29 75
29 77
29 93
29 116
29 127
29 129
29 130
29 132
29 141
29 147
29 148
29 152
29 156
29 170
29 180
29 188
29 191
30 32
30 36
30 39
30 41
30 46
30 82
30 83
30 91
30 121
30 128
30 130
30 133
30 142
30 164
30 169
30 170
30 173
30 176
30 187
30 189
30 198
31 33
31 34
31 45
31 48
31 59
31 62
31 64
31 74
31 96
31 105
31 139
31 144
31 153
31 177
31 191
32 36
32 47
32 48
32 61
32 66
32 85
32 98
32 100
32 109
32 114
32 117
32 123
32 124
32 130
32 148
32 153
32 156
32 157
32 188
33 37
33 39
33 41
33 63
33 81
33 90
33 92
33 103
33 120
33 126
33 129
33 145
33 164
33 177
34 36
34 55
34 65
34 69
34 73
34 84
34 112
34 115
34 148
34 156
34 173
34 175
34 179
34 184
34 188
35 40
35 42
35 51
35 59
35 76
35 110
35 121
35 123
35 133
35 137
35 143
35 144
35 152
35 159
35 161
35 167
35 176
35 183
36 46
36 50
36 51
36 66
36 97
36 103
36 115
36 152
36 157
36 161
36 169
36 184
36 185
36 194
37 45
37 50
37 64
37 75
37 83
37 99
37 135
37 143
37 162
37 164
37 165
37 174
37 196
37 198
38 50
38 77
38 78
38 80
38 95
38 97
38 106
38 165
38 174
38 175
38 177
38 185
38 189
39 43
39 50
39 55
39 57
39 61
39 69
39 88
39 101
39 105
39 122
39 130
39 138
39 157
39 166
39 171
39 174
39 179
39 190
40 64
40 112
40 113
40 125
40 130
40 140
40 161
40 166
40 172
40 178
40 179
40 186
40 189
40 196
41 44
41 85
41 126
41 132
41 144
41 149
41 187
42 46
42 49
42 51
42 67
42 83
42 85
42 100
42 104
42 137
42 139
42 141
42 151
42 153
42 156
42 159
42 167
42 188
42 189
43 48
43 52
43 55
43 64
43 72
43 117
43 143
43 149
43 160
43 161
43 173
43 184
44 53
44 96
44 108
44 114
44 117
44 127
44 132
44 161
44 170
44 174
44 188
45 51
45 56
45 57
45 65
45 66
45 75
45 78
45 94
45 99
45 119
45 132
45 134
45 136
45 155
45 165
45 179
45 184
45 188
46 53
46 55
46 97
46 120
46 123
46 125
46 130
46 142
46 147
46 150
46 163
46 171
46 178
46 185
46 191
46 193
47 104
47 112
47 114
47 129
47 130
47 135
47 150
47 176
47 180
47 186
47 187
47 191
48 69
48 79
48 92
48 111
48 113
48 114
48 115
48 116
48 118
48 121
48 135
48 139
48 141
48 160
48 161
48 166
48 167
49 54
49 60
49 81
49 83
49 84
49 124
49 138
49 151
49 158
49 167
49 172
49 179
49 184
49 195
50 52
50 67
50 74
50 78
50 85
50 97
50 107
50 108
50 117
50 118
50 125
50 126
50 167
50 169
50 182
51 62
51 91
51 112
51 120
51 125
51 130
51 133
51 156
51 168
51 199
52 59
52 69
52 99
52 113
52 117
52 133
52 154
52 155
52 167
52 181
52 185
53 69
53 76
53 95
53 104
53 122
53 127
53 129
53 130
53 133
53 135
53 145
53 149
53 166
53 167
53 168
54 67
54 77
54 85
54 106
54 123
54 127
54 131
54 138
54 147
54 148
54 152
54 176
54 184
54 187
54 198
55 66
55 90
55 104
55 109
55 121
55 150
55 153
55 168
55 175
55 196
56 58
56 65
56 68
56 71
56 88
56 89
56 91
56 101
56 115
56 117
56 119
56 128
56 140
56 143
56 145
56 154
56 173
56 174
56 185
57 59
57 71
57 73
57 80
57 81
57 82
57 84
57 92
57 94
57 100
57 107
57 134
57 137
57 153
57 165
57 177
57 179
57 181
57 188
58 61
58 64
58 68
58 75
58 76
58 83
58 84
58 88
58 107
58 122
58 128
58 135
58 146
58 149
58 153
58 156
58 168
58 169
58 192
59 68
59 76
59 103
59 104
59 107
59 123
59 133
59 140
59 154
59 158
59 161
59 164
59 168
59 171
60 75
60 81
60 92
60 120
60 142
60 147
60 153
60 156
60 181
60 186
61 68
61 76
61 114
61 121
61 134
61 145
61 153
61 155
61 157
61 159
61 170
61 178
62 78
62 90
62 94
62 110
62 136
62 146
62 152
62 175
62 187
62 196
63 65
63 74
63 78
63 82
63 83
63 89
63 103
63 108
63 151
63 165
63 169
63 191
64 79
64 80
64 85
64 87
64 95
64 106
64 107
64 118
64 122
64 130
64 169
64 173
64 176
64 194
65 69
65 72
65 73
65 75
65 81
65 84
65 115
65 120
65 139
65 145
65 153
65 165
66 70
66 87
66 88
66 97
66 113
66 121
66 122
66 144
66 154
66 163
66 174
66 189
66 199
67 69
67 70
67 94
67 99
67 109
67 118
67 121
67 157
67 160
67 180
67 192
68 80
68 82
68 98
68 112
68 113
68 117
68 121
68 139
68 150
68 166
68 171
68 185
68 195
69 74
69 82
69 93
69 105
69 106
69 115
69 118
69 120
69 124
69 136
69 163
69 173
69 180
69 197
69 198
70 78
70 85
70 93
70 107
70 111
70 114
70 127
70 130
70 136
70 140
70 159
70 160
70 167
70 173
70 181
70 190
71 91
71 98
71 99
71 126
71 143
71 148
71 150
71 171
71 187
72 79
72 88
72 101
72 117
72 121
72 123
72 124
72 139
72 151
72 154
72 156
72 164
72 173
72 185
73 77
73 78
73 83
73 114
73 128
73 137
73 141
73 143
73 155
73 177
73 191
74 113
74 116
74 152
74 164
74 173
74 183
74 187
75 86
75 98
75 100
75 122
75 126
75 131
75 152
75 158
75 166
75 168
75 199
76 79
76 100
76 121
76 132
76 136
76 137
76 146
76 147
76 154
76 155
76 168
76 188
77 78
77 92
77 94
77 114
77 119
77 136
77 142
77 161
77 163
77 166
77 170
77 175
77 181
77 183
78 80
78 86
78 93
78 118
78 130
78 131
78 147
78 154
78 161
78 167
78 168
78 173
78 176
78 185
78 190
79 85
79 97
79 101
79 120
79 150
79 158
79 169
79 186
79 191
79 195
80 121
80 125
80 137
80 143
80 151
80 152
80 158
80 176
80 183
81 103
81 109
81 110
81 117
81 119
81 129
81 150
81 151
81 159
81 167
81 174
81 179
82 109
82 110
82 111
82 142
82 157
82 160
82 162
82 167
82 173
82 188
82 197
83 85
83 105
83 110
83 132
83 144
83 170
83 178
83 185
83 190
83 194
84 99
84 100
84 102
84 108
84 120
84 129
84 141
84 142
84 150
84 160
84 161
84 170
84 178
85 93
85 99
85 102
85 116
85 122
85 156
85 157
85 160
85 170
85 183
85 190
86 95
86 108
86 110
86 172
86 175
86 180
86 182
86 198
87 94
87 95
87 102
87 105
87 106
87 115
87 116
87 119
87 131
87 141
87 154
87 171
87 190
87 192
87 195
88 93
88 95
88 96
88 99
88 122
88 123
88 142
88 148
88 149
88 163
88 170
88 179
88 181
88 194
88 197
89 118
89 120
89 132
89 135
89 136
89 138
89 147
89 152
89 165
89 169
89 178
89 183
89 185
89 190
89 193
89 198
90 93
90 98
90 120
90 128
90 131
90 135
90 136
90 137
90 144
90 160
90 170
90 183
90 186
90 187
90 199
91 92
91 107
91 117
91 126
91 127
91 137
91 144
91 171
91 179
91 181
91 182
92 98
92 116
92 142
92 149
92 159
92 170
92 171
92 175
92 181
92 189
93 94
93 99
93 104
93 121
93 133
93 153
93 161
93 174
93 181
93 182
93 189
93 199
94 102
94 109
94 116
94 126
94 131
94 148
94 152
94 161
94 172
94 173
94 177
94 196
95 114
95 122
95 127
95 140
95 147
95 149
95 154
95 157
95 175
95 191
95 199
96 102
96 105
96 109
96 117
96 157
96 158
96 163
96 173
96 175
97 120
97 152
97 166
97 171
97 172
97 180
97 184
98 106
98 111
98 112
98 138
98 139
98 152
98 165
98 172
98 179
98 198
99 107
99 111
99 117
99 150
99 168
99 170
99 198
100 102
100 108
100 126
100 127
100 146
100 153
100 154
100 155
100 169
100 170
100 172
100 180
100 183
100 190
100 194
101 119
101 131
101 136
101 169
101 180
102 115
102 116
102 124
102 130
102 135
102 139
102 152
102 156
102 162
102 165
102 169
102 171
102 188
102 189
102 192
103 115
103 126
103 159
103 178
103 182
103 189
103 199
104 113
104 167
104 181
104 182
104 185
104 186
104 195
105 134
105 142
105 148
105 154
105 159
105 166
106 133
106 134
106 137
106 151
106 170
106 172
106 189
106 191
106 197
107 108
107 121
107 125
107 134
107 137
107 144
107 147
107 149
107 158
107 160
107 165
107 188
108 115
108 116
108 142
108 148
108 152
108 167
108 170
108 189
108 196
108 199
109 125
109 177
109 181
109 190
109 192
110 114
110 129
110 133
110 135
110 141
110 146
110 148
110 153
110 155
110 158
110 171
110 174
110 185
111 132
111 149
111 156
111 164
111 166
111 174
111 177
111 188
112 113
112 126
112 133
112 139
112 143
112 145
112 146
112 148
112 155
112 160
112 178
112 182
113 119
113 127
113 138
113 144
113 146
113 155
113 159
113 163
113 166
113 167
113 182
113 183
113 192
114 151
114 160
114 163
115 117
115 118
115 136
115 137
115 146
115 147
115 150
115 163
115 184
115 190
115 192
116 126
116 136
116 161
116 175
116 197
117 154
117 157
117 158
117 170
117 175
117 195
118 148
118 153
118 178
118 183
118 186
118 192
119 138
119 159
119 164
119 167
119 181
119 186
119 192
119 194
120 128
120 129
120 137
120 155
120 157
120 164
120 170
120 179
120 192
120 198
121 136
121 149
121 166
121 171
121 176
121 180
121 182
121 184
121 187
121 189
121 190
121 195
122 154
122 159
122 167
122 187
122 197
123 126
123 151
123 164
123 176
123 195
123 198
124 125
124 138
124 142
124 144
124 145
124 162
124 167
124 173
124 174
124 183
124 197
125 151
125 161
125 167
125 190
125 192
126 128
126 131
126 142
126 195
127 134
127 139
127 144
127 153
127 158
127 162
127 167
127 170
127 181
128 139
128 143
128 160
128 170
129 140
129 145
129 159
129 164
129 167
129 182
129 193
130 133
130 176
130 192
130 193
131 161
131 169
131 184
131 197
132 142
132 152
132 153
132 187
132 196
133 155
133 163
133 182
133 188
134 139
134 140
134 152
134 164
134 165
134 175
134 179
134 180
134 185
134 195
135 139
135 142
135 143
135 162
135 173
135 181
135 199
136 138
136 143
136 146
136 147
136 154
136 184
136 194
137 140
137 141
137 160
137 168
137 192
138 164
138 172
138 175
138 179
138 194
138 199
139 140
139 146
139 151
139 155
139 168
139 182
139 197
139 199
140 149
140 163
140 175
140 187
140 188
140 194
141 167
141 172
141 177
141 179
141 180
141 184
141 193
141 194
142 145
142 151
142 152
142 167
142 173
142 185
142 186
142 198
143 144
143 149
143 153
143 158
143 184
143 188
143 197
143 198
144 146
144 151
144 158
144 161
144 175
144 185
144 186
144 193
145 154
145 162
145 166
145 169
145 193
146 165
146 166
146 170
147 152
147 158
147 160
147 169
147 185
147 188
148 158
148 168
148 171
149 164
149 166
149 175
149 199
150 168
150 169
150 170
150 172
150 178
150 179
150 185
150 190
150 192
150 197
151 161
151 175
151 177
151 179
151 182
151 188
151 195
151 196
152 153
152 166
152 168
152 182
153 159
153 169
153 182
153 195
154 157
154 173
155 157
155 165
155 167
155 175
155 184
155 185
155 186
156 168
156 189
156 190
156 196
157 177
157 180
157 195
157 199
158 173
158 182
159 168
159 185
159 190
159 195
159 197
160 168
160 176
160 182
161 164
161 171
161 175
161 180
161 185
161 188
162 168
162 179
163 164
163 191
163 199
164 165
164 190
165 168
165 184
166 169
166 185
166 187
166 188
166 189
166 195
167 173
167 180
167 184
168 181
168 191
168 194
169 173
169 191
170 178
170 179
170 180
170 192
170 199
171 172
171 182
171 190
171 198
172 187
172 191
172 199
173 194
175 178
175 192
176 180
176 185
176 193
176 195
177 181
177 184
177 196
178 181
178 184
178 185
179 190
180 181
180 182
180 188
181 192
181 199
183 191
184 189
184 196
185 194
186 188
188 191
188 195
188 198
189 196
191 198
192 197
192 199
194 197
194 198
0 4 25 66 182 44 39 78 8 184 86 81 181 194 126 36 51 94 145 112 118 24 142 110 125 37 40 54 144 192
196 124 91 15 137 67 175 176 161 6 48 88 46 102 154 16 117 13 109 166 41 28 77 133 33 72 169 140 103 172
5 147 179 164 143 63 120 45 69 162 183 12 158 18 151 187 32 14 122 2 123 30 186 50 190 157 141 191 134 156
165 131 27 92 31 106 111 85 198 73 3 101 116 65 93 185 60 132 84 159 170 76 42 197 43 98 114 96 19 128
178 171 62 193 47 160 29 74 136 7 150 20 199 105 83 53 55 82 138 129 153 87 90 89 149 34 113 17 188 9
148 146 49 168 21 180 61 79 26 173 11 121 10 177 195 68 58 107 97 75 35 174 139 135 189 1 52 56 100 115
108 167 23 70 59 155 38 130 163 80 57 22 71 127 64 152 99 95 104 119
