200
9954
10
73
7
45
36
12
66
30
92
49
98
0 2
0 5
0 7
0 11
0 12
0 15
0 17
0 18
0 19
0 20
0 21
0 22
0 24
0 25
0 27
0 29
0 30
0 31
0 32
0 33
0 34
0 35
0 36
0 38
0 42
0 43
0 45
0 49
0 50
0 51
0 52
0 55
0 56
0 58
0 59
0 60
0 61
0 62
0 63
0 65
0 67
0 68
0 72
0 73
0 76
0 78
0 80
0 83
0 85
0 88
0 89
0 90
0 94
0 96
0 99
0 102
0 113
0 114
0 117
0 118
0 119
0 120
0 121
0 123
0 126
0 127
0 128
0 130
0 131
0 132
0 134
0 135
0 137
0 138
0 142
0 146
0 147
0 152
0 155
0 156
0 158
0 161
0 162
0 163
0 171
0 176
0 179
0 180
0 182
0 183
0 185
0 186
0 192
0 194
0 195
0 196
0 197
1 2
1 3
1 4
1 5
1 6
1 10
1 12
1 13
1 14
1 15
1 16
1 19
1 20
1 21
1 24
1 27
1 28
1 38
1 39
1 40
1 43
1 44
1 45
1 46
1 47
1 48
1 49
1 54
1 55
1 57
1 58
1 65
1 66
1 67
1 68
1 70
1 71
1 72
1 75
1 77
1 78
1 81
1 86
1 87
1 89
1 92
1 93
1 96
1 97
1 103
1 104
1 105
1 107
1 108
1 109
1 111
1 112
1 117
1 120
1 121
1 124
1 126
1 127
1 129
1 130
1 133
1 135
1 138
1 140
1 142
1 143
1 145
1 148
1 150
1 151
1 152
1 155
1 158
1 159
1 160
1 162
1 163
1 164
1 165
1 167
1 169
1 176
1 177
1 179
1 181
1 187
1 189
1 190
1 191
1 192
1 193
1 194
1 199
2 3
2 4
2 6
2 10
2 14
2 15
2 16
2 23
2 27
2 28
2 30
2 31
2 32
2 33
2 35
2 38
2 40
2 41
2 45
2 46
2 53
2 54
2 55
2 56
2 59
2 66
2 67
2 68
2 70
2 73
2 74
2 75
2 77
2 79
2 80
2 81
2 92
2 93
2 94
2 95
2 96
2 99
2 105
2 106
2 108
2 111
2 112
2 114
2 115
2 116
2 118
2 123
2 125
2 126
2 128
2 131
2 132
2 134
2 135
2 137
2 140
2 144
2 146
2 149
2 150
2 151
2 155
2 156
2 159
2 161
2 162
2 166
2 167
2 168
2 171
2 172
2 173
2 175
2 176
2 177
2 178
2 179
2 180
2 181
2 182
2 184
2 188
2 192
2 194
2 195
2 197
3 6
3 7
3 9
3 10
3 13
3 14
3 15
3 18
3 21
3 24
3 25
3 27
3 31
3 32
3 35
3 36
3 38
3 40
3 49
3 53
3 54
3 56
3 57
3 59
3 61
3 63
3 66
3 67
3 69
3 70
3 74
3 75
3 76
3 79
3 83
3 86
3 88
3 90
3 94
3 96
3 97
3 98
3 101
3 104
3 106
3 107
3 109
3 112
3 113
3 114
3 115
3 117
3 118
3 120
3 121
3 122
3 124
3 125
3 126
3 129
3 130
3 131
3 132
3 134
3 138
3 139
3 141
3 143
3 146
3 147
3 150
3 151
3 152
3 154
3 156
3 159
3 160
3 162
3 167
3 169
3 170
3 173
3 174
3 175
3 176
3 177
3 180
3 181
3 182
3 183
3 184
3 185
3 186
3 190
3 191
3 193
3 194
3 195
3 196
3 197
3 198
3 199
4 8
4 10
4 11
4 12
4 14
4 15
4 18
4 20
4 22
4 23
4 28
4 29
4 32
4 33
4 34
4 36
4 37
4 39
4 40
4 41
4 43
4 44
4 48
4 51
4 52
4 55
4 56
4 57
4 59
4 60
4 61
4 62
4 64
4 67
4 69
4 70
4 74
4 75
4 76
4 77
4 78
4 80
4 81
4 83
4 85
4 90
4 92
4 93
4 94
4 95
4 96
4 97
4 98
4 99
4 101
4 103
4 104
4 114
4 115
4 119
4 124
4 125
4 128
4 129
4 130
4 131
4 132
4 133
4 134
4 138
4 139
4 142
4 145
4 146
4 149
4 151
4 163
4 164
4 166
4 167
4 168
4 169
4 172
4 174
4 175
4 177
4 178
4 179
4 180
4 181
4 182
4 184
4 185
4 188
4 189
4 190
4 192
4 193
4 194
4 198
4 199
5 6
5 8
5 11
5 12
5 13
5 14
5 15
5 16
5 18
5 21
5 25
5 27
5 29
5 30
5 31
5 35
5 38
5 39
5 43
5 46
5 47
5 50
5 53
5 56
5 63
5 65
5 69
5 70
5 73
5 75
5 77
5 79
5 80
5 81
5 82
5 85
5 86
5 87
5 90
5 92
5 93
5 96
5 97
5 100
5 102
5 104
5 107
5 110
5 113
5 114
5 115
5 116
5 121
5 123
5 124
5 125
5 128
5 130
5 132
5 135
5 143
5 146
5 147
5 149
5 150
5 152
5 154
5 155
5 157
5 158
5 162
5 164
5 167
5 168
5 169
5 170
5 171
5 173
5 174
5 175
5 176
5 182
5 183
5 184
5 185
5 189
5 194
5 195
5 199
6 8
6 9
6 11
6 12
6 13
6 15
6 16
6 18
6 19
6 20
6 22
6 23
6 24
6 31
6 32
6 34
6 36
6 38
6 40
6 42
6 44
6 46
6 47
6 48
6 49
6 50
6 55
6 60
6 61
6 63
6 71
6 72
6 73
6 74
6 75
6 77
6 78
6 80
6 81
6 84
6 85
6 86
6 87
6 88
6 89
6 91
6 93
6 95
6 96
6 98
6 99
6 103
6 104
6 105
6 106
6 113
6 114
6 115
6 120
6 122
6 123
6 124
6 125
6 127
6 128
6 130
6 131
6 132
6 134
6 139
6 141
6 142
6 144
6 145
6 146
6 147
6 149
6 150
6 151
6 152
6 153
6 154
6 155
6 156
6 158
6 162
6 163
6 164
6 169
6 171
6 172
6 173
6 174
6 175
6 176
6 178
6 179
6 181
6 184
6 186
6 188
6 194
6 195
6 196
6 198
6 199
7 8
7 9
7 10
7 11
7 12
7 13
7 15
7 16
7 17
7 20
7 22
7 23
7 24
7 26
7 28
7 29
7 32
7 34
7 40
7 41
7 42
7 45
7 46
7 48
7 49
7 51
7 54
7 58
7 59
7 61
7 67
7 68
7 69
7 70
7 71
7 72
7 74
7 75
7 77
7 79
7 83
7 85
7 86
7 87
7 88
7 89
7 93
7 94
7 96
7 98
7 99
7 100
7 103
7 104
7 105
7 106
7 107
7 117
7 119
7 121
7 122
7 123
7 125
7 126
7 128
7 129
7 130
7 140
7 143
7 144
7 145
7 148
7 152
7 156
7 158
7 159
7 161
7 163
7 165
7 166
7 167
7 169
7 170
7 173
7 174
7 175
7 176
7 178
7 179
7 182
7 186
7 187
7 188
7 189
7 191
7 194
7 196
7 197
7 199
8 9
8 12
8 13
8 14
8 15
8 16
8 17
8 18
8 19
8 20
8 21
8 23
8 24
8 25
8 27
8 28
8 29
8 32
8 35
8 37
8 38
8 40
8 41
8 43
8 44
8 45
8 50
8 51
8 52
8 55
8 56
8 57
8 58
8 59
8 60
8 62
8 66
8 67
8 68
8 70
8 76
8 78
8 81
8 82
8 83
8 85
8 89
8 92
8 94
8 95
8 101
8 103
8 105
8 106
8 108
8 110
8 112
8 115
8 117
8 118
8 121
8 124
8 125
8 127
8 129
8 130
8 132
8 133
8 134
8 135
8 137
8 142
8 144
8 145
8 147
8 151
8 152
8 154
8 157
8 159
8 162
8 163
8 166
8 167
8 168
8 170
8 171
8 174
8 175
8 176
8 177
8 178
8 179
8 180
8 182
8 186
8 193
8 194
8 196
8 198
8 199
9 10
9 12
9 14
9 16
9 17
9 20
9 21
9 22
9 25
9 26
9 27
9 29
9 32
9 36
9 37
9 38
9 40
9 41
9 42
9 45
9 47
9 50
9 51
9 52
9 53
9 55
9 56
9 58
9 59
9 64
9 68
9 69
9 72
9 73
9 76
9 77
9 80
9 85
9 87
9 88
9 89
9 90
9 94
9 96
9 97
9 98
9 99
9 105
9 106
9 108
9 110
9 111
9 115
9 117
9 119
9 120
9 125
9 129
9 131
9 132
9 134
9 136
9 139
9 141
9 142
9 144
9 146
9 147
9 148
9 151
9 152
9 153
9 157
9 160
9 161
9 162
9 165
9 171
9 172
9 174
9 175
9 178
9 180
9 181
9 182
9 185
9 187
9 193
9 199
10 11
10 14
10 15
10 17
10 19
10 20
10 22
10 25
10 26
10 27
10 31
10 33
10 36
10 40
10 41
10 45
10 47
10 48
10 49
10 50
10 51
10 53
10 55
10 58
10 60
10 65
10 66
10 67
10 68
10 71
10 72
10 76
10 77
10 78
10 79
10 80
10 81
10 84
10 85
10 90
10 95
10 96
10 99
10 101
10 102
10 103
10 106
10 107
10 112
10 118
10 119
10 121
10 122
10 125
10 126
10 128
10 130
10 131
10 133
10 136
10 139
10 141
10 143
10 144
10 150
10 151
10 156
10 157
10 159
10 162
10 165
10 166
10 169
10 170
10 171
10 172
10 173
10 175
10 182
10 184
10 188
10 191
10 192
10 193
10 194
10 195
10 196
10 197
10 199
11 17
11 19
11 21
11 22
11 23
11 25
11 26
11 27
11 28
11 30
11 33
11 42
11 43
11 45
11 47
11 50
11 53
11 54
11 55
11 56
11 63
11 64
11 65
11 73
11 76
11 79
11 85
11 86
11 87
11 88
11 91
11 92
11 93
11 96
11 101
11 103
11 104
11 106
11 107
11 111
11 112
11 113
11 114
11 117
11 119
11 121
11 123
11 124
11 125
11 128
11 130
11 132
11 133
11 134
11 137
11 138
11 142
11 143
11 144
11 145
11 146
11 147
11 148
11 150
11 151
11 153
11 154
11 156
11 160
11 163
11 165
11 166
11 167
11 169
11 171
11 172
11 173
11 175
11 176
11 177
11 179
11 180
11 181
11 183
11 184
11 185
11 186
11 187
11 190
11 192
11 194
11 197
12 15
12 16
12 17
12 19
12 20
12 24
12 27
12 29
12 30
12 31
12 32
12 36
12 38
12 39
12 45
12 46
12 49
12 50
12 52
12 53
12 55
12 56
12 59
12 60
12 61
12 64
12 66
12 68
12 69
12 70
12 72
12 74
12 76
12 77
12 79
12 81
12 84
12 86
12 87
12 89
12 90
12 92
12 93
12 95
12 97
12 98
12 100
12 101
12 107
12 108
12 112
12 113
12 114
12 115
12 117
12 118
12 119
12 120
12 123
12 124
12 126
12 127
12 128
12 129
12 131
12 133
12 135
12 136
12 137
12 140
12 144
12 145
12 146
12 148
12 149
12 150
12 151
12 153
12 154
12 155
12 156
12 157
12 161
12 162
12 164
12 165
12 167
12 168
12 169
12 170
12 171
12 173
12 174
12 176
12 179
12 180
12 181
12 182
12 183
12 184
12 188
12 190
12 193
12 194
12 196
12 199
13 16
13 19
13 20
13 22
13 23
13 24
13 25
13 27
13 30
13 31
13 34
13 36
13 38
13 39
13 40
13 42
13 43
13 44
13 48
13 49
13 54
13 57
13 58
13 59
13 60
13 62
13 63
13 66
13 67
13 70
13 72
13 74
13 75
13 78
13 80
13 87
13 88
13 89
13 91
13 92
13 93
13 95
13 96
13 102
13 104
13 109
13 111
13 113
13 115
13 119
13 120
13 121
13 122
13 124
13 127
13 128
13 129
13 131
13 132
13 136
13 138
13 141
13 142
13 143
13 144
13 148
13 150
13 154
13 155
13 157
13 162
13 163
13 164
13 169
13 170
13 171
13 178
13 179
13 180
13 181
13 182
13 183
13 184
13 185
13 186
13 190
13 191
13 192
13 193
13 196
13 197
13 199
14 15
14 17
14 18
14 19
14 20
14 21
14 22
14 23
14 24
14 25
14 26
14 27
14 28
14 29
14 31
14 32
14 33
14 34
14 35
14 37
14 38
14 39
14 41
14 42
14 43
14 46
14 51
14 52
14 55
14 56
14 57
14 58
14 59
14 60
14 62
14 69
14 70
14 72
14 75
14 76
14 77
14 78
14 79
14 80
14 83
14 84
14 87
14 88
14 89
14 91
14 93
14 97
14 100
14 102
14 104
14 106
14 111
14 112
14 116
14 117
14 119
14 121
14 123
14 124
14 125
14 129
14 130
14 131
14 137
14 138
14 139
14 142
14 145
14 146
14 147
14 148
14 149
14 150
14 153
14 154
14 156
14 158
14 161
14 163
14 167
14 169
14 171
14 173
14 175
14 179
14 181
14 182
14 184
14 185
14 187
14 189
14 195
14 196
14 198
14 199
15 16
15 17
15 21
15 22
15 27
15 29
15 30
15 31
15 33
15 34
15 35
15 36
15 39
15 41
15 42
15 44
15 47
15 48
15 49
15 50
15 52
15 53
15 56
15 57
15 60
15 61
15 62
15 64
15 65
15 67
15 68
15 69
15 70
15 71
15 76
15 77
15 78
15 79
15 80
15 82
15 84
15 86
15 88
15 90
15 93
15 94
15 96
15 97
15 98
15 103
15 105
15 106
15 107
15 109
15 110
15 112
15 114
15 117
15 119
15 122
15 124
15 130
15 138
15 140
15 141
15 144
15 146
15 151
15 153
15 155
15 157
15 158
15 163
15 164
15 168
15 170
15 172
15 179
15 180
15 181
15 185
15 186
15 187
15 189
15 192
15 193
15 194
15 196
15 198
16 17
16 19
16 21
16 22
16 29
16 30
16 31
16 33
16 42
16 44
16 46
16 48
16 49
16 51
16 52
16 53
16 54
16 55
16 56
16 58
16 60
16 63
16 64
16 65
16 68
16 72
16 73
16 76
16 77
16 79
16 80
16 81
16 82
16 85
16 86
16 88
16 89
16 90
16 92
16 93
16 94
16 99
16 102
16 106
16 108
16 109
16 112
16 115
16 116
16 117
16 119
16 121
16 127
16 128
16 133
16 134
16 135
16 137
16 141
16 142
16 144
16 146
16 149
16 150
16 154
16 161
16 166
16 169
16 171
16 172
16 173
16 174
16 176
16 179
16 180
16 181
16 185
16 186
16 187
16 193
16 197
16 199
17 18
17 19
17 25
17 26
17 27
17 29
17 30
17 31
17 34
17 35
17 36
17 39
17 40
17 42
17 43
17 46
17 47
17 50
17 54
17 57
17 58
17 59
17 61
17 63
17 64
17 66
17 68
17 69
17 70
17 71
17 72
17 73
17 74
17 75
17 76
17 78
17 79
17 80
17 81
17 82
17 86
17 89
17 91
17 92
17 93
17 94
17 97
17 99
17 102
17 103
17 104
17 106
17 107
17 108
17 110
17 111
17 112
17 113
17 116
17 120
17 122
17 123
17 125
17 126
17 127
17 128
17 130
17 131
17 132
17 133
17 134
17 136
17 140
17 142
17 146
17 147
17 149
17 152
17 153
17 161
17 162
17 165
17 166
17 167
17 170
17 173
17 174
17 175
17 177
17 179
17 180
17 181
17 182
17 183
17 184
17 186
17 190
17 191
17 192
17 193
17 194
17 197
17 199
18 19
18 20
18 21
18 22
18 25
18 27
18 28
18 30
18 31
18 36
18 39
18 42
18 43
18 44
18 45
18 46
18 48
18 49
18 50
18 51
18 52
18 54
18 56
18 58
18 60
18 64
18 68
18 69
18 70
18 77
18 78
18 81
18 83
18 84
18 87
18 92
18 93
18 95
18 97
18 98
18 103
18 104
18 111
18 112
18 113
18 114
18 116
18 117
18 120
18 121
18 124
18 125
18 127
18 128
18 131
18 132
18 134
18 135
18 136
18 137
18 138
18 142
18 143
18 145
18 146
18 150
18 151
18 152
18 153
18 154
18 155
18 156
18 157
18 158
18 159
18 160
18 162
18 164
18 168
18 170
18 171
18 172
18 174
18 177
18 179
18 180
18 186
18 187
18 188
18 189
18 191
18 195
18 196
18 198
18 199
19 22
19 23
19 24
19 25
19 27
19 32
19 39
19 41
19 43
19 44
19 47
19 48
19 49
19 50
19 51
19 53
19 55
19 57
19 59
19 62
19 63
19 65
19 67
19 68
19 70
19 75
19 77
19 80
19 81
19 82
19 83
19 84
19 85
19 90
19 94
19 95
19 100
19 101
19 109
19 111
19 113
19 115
19 116
19 119
19 121
19 122
19 125
19 126
19 128
19 129
19 132
19 134
19 135
19 136
19 137
19 138
19 139
19 141
19 142
19 144
19 147
19 149
19 151
19 155
19 156
19 157
19 158
19 159
19 162
19 163
19 165
19 167
19 169
19 170
19 171
19 172
19 173
19 175
19 176
19 178
19 180
19 181
19 182
19 185
19 186
19 189
19 192
19 194
19 196
19 197
19 199
20 21
20 22
20 25
20 27
20 28
20 29
20 30
20 31
20 32
20 33
20 34
20 35
20 37
20 38
20 39
20 41
20 42
20 44
20 48
20 49
20 50
20 52
20 54
20 56
20 63
20 64
20 65
20 66
20 68
20 76
20 78
20 79
20 82
20 83
20 86
20 89
20 91
20 92
20 98
20 99
20 100
20 101
20 102
20 103
20 104
20 109
20 110
20 111
20 112
20 113
20 114
20 115
20 118
20 119
20 120
20 122
20 123
20 124
20 127
20 128
20 129
20 130
20 131
20 132
20 136
20 138
20 139
20 140
20 142
20 144
20 146
20 147
20 148
20 150
20 151
20 153
20 156
20 157
20 159
20 161
20 163
20 168
20 172
20 175
20 176
20 177
20 180
20 182
20 186
20 192
20 194
20 195
20 198
20 199
21 23
21 29
21 32
21 33
21 35
21 36
21 38
21 40
21 41
21 44
21 46
21 47
21 48
21 49
21 50
21 51
21 52
21 53
21 54
21 56
21 58
21 60
21 62
21 63
21 65
21 68
21 69
21 74
21 75
21 79
21 81
21 82
21 83
21 85
21 88
21 90
21 92
21 93
21 97
21 99
21 103
21 104
21 105
21 106
21 108
21 109
21 110
21 114
21 119
21 121
21 122
21 123
21 124
21 126
21 129
21 130
21 131
21 132
21 133
21 136
21 137
21 140
21 144
21 145
21 147
21 148
21 151
21 153
21 154
21 155
21 158
21 161
21 162
21 163
21 164
21 165
21 169
21 172
21 175
21 176
21 179
21 181
21 184
21 185
21 187
21 193
21 194
21 196
21 197
21 198
22 24
22 25
22 26
22 27
22 29
22 30
22 33
22 35
22 36
22 37
22 38
22 39
22 43
22 44
22 49
22 50
22 53
22 54
22 56
22 59
22 61
22 64
22 65
22 69
22 73
22 74
22 76
22 78
22 80
22 82
22 85
22 86
22 88
22 89
22 90
22 92
22 93
22 94
22 96
22 97
22 98
22 100
22 101
22 102
22 106
22 108
22 109
22 111
22 113
22 114
22 116
22 119
22 120
22 122
22 125
22 126
22 127
22 129
22 132
22 133
22 134
22 135
22 136
22 137
22 138
22 139
22 141
22 142
22 146
22 147
22 148
22 149
22 151
22 152
22 154
22 156
22 157
22 159
22 167
22 168
22 170
22 171
22 172
22 174
22 176
22 177
22 178
22 180
22 182
22 183
22 188
22 189
22 191
22 192
22 193
22 194
22 196
22 197
22 198
22 199
23 25
23 26
23 27
23 28
23 31
23 32
23 33
23 34
23 36
23 37
23 39
23 41
23 42
23 43
23 45
23 46
23 48
23 50
23 51
23 52
23 53
23 56
23 57
23 58
23 59
23 65
23 68
23 70
23 72
23 73
23 74
23 76
23 77
23 79
23 80
23 82
23 83
23 86
23 87
23 88
23 89
23 90
23 91
23 95
23 97
23 98
23 99
23 101
23 103
23 104
23 105
23 106
23 110
23 111
23 114
23 115
23 116
23 117
23 119
23 127
23 129
23 130
23 132
23 133
23 134
23 138
23 140
23 144
23 146
23 147
23 148
23 149
23 150
23 151
23 158
23 162
23 163
23 166
23 169
23 172
23 176
23 178
23 179
23 181
23 182
23 183
23 184
23 186
23 187
23 188
23 189
23 191
23 194
23 195
23 196
23 197
23 198
24 25
24 26
24 28
24 29
24 31
24 32
24 34
24 38
24 39
24 40
24 44
24 46
24 49
24 50
24 51
24 52
24 57
24 60
24 61
24 63
24 66
24 70
24 76
24 80
24 83
24 85
24 86
24 90
24 93
24 94
24 97
24 99
24 100
24 102
24 103
24 104
24 106
24 107
24 108
24 113
24 114
24 117
24 121
24 126
24 128
24 130
24 132
24 134
24 135
24 138
24 143
24 147
24 149
24 150
24 153
24 157
24 159
24 161
24 162
24 166
24 168
24 169
24 170
24 171
24 173
24 174
24 175
24 177
24 178
24 183
24 185
24 186
24 187
24 188
24 190
24 192
24 193
24 195
24 196
25 26
25 29
25 30
25 35
25 36
25 37
25 39
25 40
25 43
25 45
25 46
25 56
25 58
25 59
25 60
25 63
25 64
25 65
25 66
25 67
25 68
25 70
25 72
25 73
25 75
25 76
25 81
25 83
25 87
25 90
25 92
25 94
25 97
25 99
25 100
25 101
25 102
25 106
25 108
25 110
25 112
25 113
25 114
25 116
25 117
25 118
25 119
25 121
25 122
25 124
25 126
25 128
25 129
25 131
25 132
25 138
25 140
25 141
25 142
25 143
25 144
25 146
25 152
25 155
25 158
25 162
25 163
25 164
25 165
25 167
25 171
25 173
25 174
25 175
25 178
25 179
25 184
25 185
25 186
25 187
25 192
25 194
25 196
26 27
26 28
26 32
26 34
26 35
26 37
26 38
26 39
26 41
26 42
26 43
26 44
26 47
26 48
26 49
26 51
26 54
26 57
26 58
26 60
26 61
26 63
26 65
26 66
26 67
26 68
26 69
26 70
26 75
26 76
26 77
26 78
26 83
26 85
26 87
26 88
26 89
26 90
26 93
26 95
26 96
26 98
26 99
26 105
26 106
26 109
26 110
26 111
26 114
26 115
26 116
26 117
26 119
26 122
26 123
26 124
26 127
26 128
26 134
26 135
26 136
26 137
26 138
26 140
26 142
26 143
26 145
26 146
26 148
26 149
26 151
26 154
26 156
26 158
26 159
26 161
26 162
26 164
26 168
26 170
26 171
26 172
26 175
26 176
26 179
26 180
26 181
26 182
26 183
26 184
26 185
26 188
26 191
26 192
26 193
26 196
26 198
27 29
27 33
27 35
27 37
27 39
27 40
27 41
27 45
27 50
27 52
27 55
27 56
27 57
27 58
27 59
27 60
27 64
27 66
27 67
27 69
27 72
27 74
27 75
27 76
27 77
27 78
27 79
27 84
27 86
27 91
27 92
27 93
27 94
27 95
27 99
27 101
27 103
27 106
27 109
27 110
27 111
27 112
27 115
27 116
27 117
27 119
27 120
27 121
27 125
27 128
27 130
27 133
27 136
27 138
27 139
27 142
27 148
27 149
27 152
27 157
27 161
27 162
27 165
27 168
27 171
27 172
27 173
27 174
27 180
27 186
27 189
27 195
27 196
27 198
28 30
28 31
28 32
28 36
28 37
28 38
28 40
28 42
28 50
28 53
28 55
28 57
28 58
28 59
28 62
28 63
28 64
28 67
28 70
28 71
28 75
28 81
28 84
28 86
28 90
28 91
28 92
28 93
28 94
28 95
28 96
28 97
28 99
28 101
28 102
28 103
28 104
28 105
28 106
28 107
28 108
28 109
28 117
28 118
28 120
28 121
28 123
28 128
28 129
28 130
28 132
28 133
28 134
28 135
28 136
28 141
28 142
28 145
28 146
28 151
28 152
28 154
28 157
28 159
28 160
28 161
28 164
28 166
28 167
28 169
28 171
28 174
28 176
28 179
28 180
28 181
28 182
28 187
28 189
28 191
28 193
28 194
28 195
28 196
29 30
29 35
29 37
29 38
29 41
29 42
29 43
29 45
29 47
29 52
29 55
29 56
29 60
29 61
29 64
29 70
29 72
29 74
29 77
29 78
29 80
29 83
29 86
29 90
29 93
29 95
29 96
29 97
29 105
29 108
29 109
29 112
29 113
29 116
29 118
29 119
29 120
29 125
29 127
29 128
29 129
29 132
29 133
29 137
29 138
29 144
29 147
29 149
29 152
29 156
29 158
29 161
29 162
29 165
29 168
29 173
29 175
29 177
29 178
29 181
29 183
29 186
29 187
29 189
29 191
29 192
29 193
29 195
29 196
29 197
29 198
30 35
30 37
30 38
30 43
30 44
30 45
30 46
30 47
30 48
30 49
30 51
30 55
30 57
30 60
30 62
30 63
30 65
30 66
30 69
30 70
30 71
30 73
30 77
30 82
30 84
30 86
30 91
30 93
30 95
30 97
30 98
30 99
30 100
30 102
30 109
30 110
30 111
30 112
30 113
30 115
30 116
30 117
30 119
30 121
30 122
30 123
30 128
30 129
30 131
30 134
30 139
30 140
30 143
30 144
30 145
30 148
30 151
30 152
30 154
30 158
30 161
30 165
30 168
30 169
30 171
30 174
30 176
30 182
30 183
30 184
30 185
30 187
30 188
30 191
30 194
30 196
31 35
31 36
31 37
31 38
31 44
31 45
31 48
31 49
31 52
31 54
31 56
31 58
31 61
31 63
31 64
31 65
31 66
31 70
31 71
31 76
31 78
31 79
31 81
31 89
31 90
31 94
31 95
31 96
31 97
31 98
31 100
31 102
31 104
31 106
31 107
31 108
31 109
31 110
31 112
31 115
31 118
31 119
31 122
31 126
31 128
31 130
31 132
31 133
31 134
31 141
31 143
31 144
31 145
31 149
31 150
31 155
31 156
31 157
31 159
31 160
31 163
31 165
31 167
31 168
31 170
31 176
31 181
31 182
31 185
31 186
31 187
31 188
31 196
32 40
32 42
32 43
32 45
32 46
32 48
32 49
32 50
32 53
32 56
32 58
32 60
32 63
32 64
32 66
32 67
32 69
32 72
32 73
32 76
32 77
32 78
32 79
32 80
32 81
32 82
32 84
32 86
32 88
32 89
32 92
32 94
32 95
32 96
32 97
32 101
32 105
32 106
32 107
32 108
32 109
32 110
32 111
32 112
32 113
32 114
32 116
32 122
32 123
32 124
32 125
32 127
32 128
32 132
32 134
32 135
32 138
32 139
32 140
32 142
32 145
32 149
32 151
32 152
32 154
32 155
32 156
32 157
32 158
32 159
32 162
32 164
32 165
32 167
32 169
32 171
32 173
32 174
32 175
32 176
32 177
32 178
32 180
32 181
32 182
32 183
32 187
32 188
32 191
32 196
32 197
32 199
33 34
33 35
33 37
33 41
33 43
33 45
33 48
33 49
33 54
33 55
33 57
33 59
33 63
33 66
33 68
33 70
33 71
33 72
33 73
33 75
33 76
33 77
33 79
33 82
33 84
33 86
33 89
33 90
33 92
33 93
33 94
33 95
33 96
33 97
33 98
33 101
33 103
33 104
33 105
33 107
33 112
33 113
33 115
33 118
33 119
33 120
33 122
33 124
33 125
33 128
33 129
33 132
33 134
33 135
33 136
33 137
33 139
33 143
33 147
33 148
33 150
33 154
33 156
33 158
33 159
33 161
33 163
33 164
33 165
33 166
33 171
33 175
33 178
33 180
33 182
33 188
33 189
33 190
33 194
33 195
33 197
33 199
34 35
34 36
34 40
34 44
34 45
34 47
34 48
34 49
34 50
34 51
34 58
34 59
34 61
34 62
34 63
34 64
34 66
34 67
34 68
34 69
34 72
34 73
34 74
34 75
34 79
34 82
34 84
34 90
34 92
34 94
34 95
34 98
34 100
34 106
34 107
34 109
34 110
34 111
34 115
34 120
34 121
34 129
34 130
34 131
34 133
34 134
34 136
34 138
34 141
34 143
34 146
34 147
34 149
34 150
34 151
34 152
34 153
34 154
34 158
34 159
34 160
34 162
34 163
34 164
34 165
34 167
34 168
34 169
34 171
34 174
34 175
34 176
34 177
34 178
34 182
34 183
34 184
34 187
34 190
34 193
34 194
34 195
34 196
34 199
35 37
35 40
35 41
35 42
35 45
35 47
35 51
35 53
35 56
35 61
35 63
35 64
35 65
35 66
35 67
35 69
35 73
35 74
35 75
35 80
35 81
35 86
35 87
35 88
35 89
35 93
35 98
35 99
35 101
35 108
35 109
35 111
35 114
35 115
35 117
35 120
35 121
35 124
35 125
35 127
35 133
35 136
35 137
35 138
35 139
35 140
35 144
35 145
35 146
35 147
35 150
35 152
35 154
35 156
35 157
35 158
35 159
35 161
35 163
35 164
35 166
35 172
35 176
35 177
35 181
35 185
35 187
35 188
35 192
35 193
35 195
35 196
35 197
35 198
36 37
36 38
36 39
36 41
36 42
36 44
36 46
36 47
36 48
36 50
36 51
36 55
36 56
36 58
36 60
36 62
36 63
36 64
36 70
36 71
36 72
36 79
36 80
36 84
36 90
36 94
36 95
36 96
36 97
36 101
36 104
36 106
36 107
36 108
36 109
36 116
36 118
36 121
36 123
36 125
36 127
36 128
36 129
36 130
36 133
36 135
36 137
36 138
36 139
36 140
36 141
36 144
36 146
36 149
36 150
36 151
36 152
36 153
36 155
36 156
36 158
36 159
36 160
36 161
36 162
36 164
36 167
36 169
36 170
36 172
36 174
36 175
36 176
36 178
36 179
36 181
36 183
36 184
36 187
36 188
36 192
36 193
36 194
36 196
36 197
36 198
36 199
37 39
37 40
37 41
37 42
37 43
37 45
37 46
37 51
37 52
37 53
37 54
37 56
37 57
37 59
37 60
37 63
37 66
37 67
37 69
37 70
37 72
37 73
37 74
37 77
37 78
37 79
37 80
37 84
37 86
37 88
37 90
37 92
37 96
37 97
37 98
37 101
37 102
37 103
37 104
37 106
37 107
37 112
37 114
37 119
37 121
37 122
37 124
37 125
37 126
37 127
37 128
37 129
37 130
37 131
37 136
37 137
37 138
37 139
37 141
37 147
37 148
37 149
37 150
37 152
37 153
37 154
37 155
37 158
37 165
37 168
37 169
37 170
37 174
37 175
37 179
37 180
37 181
37 183
37 185
37 187
37 193
37 197
37 199
38 39
38 40
38 42
38 43
38 44
38 45
38 46
38 49
38 51
38 52
38 54
38 56
38 58
38 59
38 68
38 69
38 71
38 72
38 73
38 75
38 79
38 82
38 83
38 86
38 90
38 91
38 92
38 93
38 95
38 99
38 101
38 104
38 107
38 109
38 110
38 112
38 114
38 119
38 120
38 123
38 124
38 129
38 131
38 132
38 134
38 135
38 141
38 143
38 144
38 145
38 149
38 150
38 151
38 152
38 156
38 157
38 158
38 159
38 160
38 161
38 163
38 168
38 171
38 172
38 174
38 178
38 180
38 181
38 183
38 184
38 185
38 187
38 188
38 191
38 196
38 198
38 199
39 40
39 41
39 42
39 43
39 47
39 48
39 49
39 50
39 53
39 54
39 59
39 60
39 62
39 63
39 64
39 68
39 71
39 73
39 74
39 78
39 82
39 83
39 87
39 93
39 96
39 99
39 100
39 102
39 106
39 108
39 110
39 113
39 114
39 115
39 116
39 117
39 120
39 122
39 123
39 128
39 129
39 130
39 131
39 133
39 136
39 140
39 142
39 143
39 144
39 145
39 148
39 150
39 151
39 153
39 155
39 156
39 157
39 160
39 162
39 165
39 166
39 167
39 168
39 172
39 175
39 177
39 180
39 183
39 184
39 185
39 186
39 188
39 189
39 190
39 198
39 199
40 42
40 44
40 46
40 49
40 50
40 52
40 53
40 57
40 58
40 61
40 63
40 66
40 67
40 70
40 71
40 72
40 73
40 75
40 78
40 79
40 80
40 82
40 83
40 85
40 86
40 87
40 88
40 89
40 90
40 91
40 94
40 96
40 97
40 104
40 105
40 113
40 114
40 115
40 116
40 117
40 119
40 121
40 125
40 126
40 127
40 129
40 134
40 137
40 139
40 140
40 142
40 143
40 148
40 150
40 152
40 153
40 155
40 156
40 157
40 158
40 162
40 165
40 166
40 173
40 175
40 177
40 178
40 179
40 180
40 184
40 186
40 188
40 189
40 190
40 192
40 193
41 42
41 45
41 46
41 51
41 53
41 54
41 55
41 56
41 57
41 58
41 60
41 65
41 67
41 68
41 69
41 71
41 72
41 77
41 78
41 79
41 81
41 82
41 83
41 90
41 91
41 92
41 95
41 96
41 99
41 101
41 102
41 103
41 104
41 106
41 110
41 112
41 113
41 114
41 115
41 116
41 122
41 124
41 125
41 128
41 129
41 133
41 136
41 141
41 146
41 147
41 148
41 152
41 153
41 154
41 156
41 159
41 163
41 164
41 165
41 168
41 169
41 170
41 171
41 172
41 173
41 174
41 177
41 179
41 180
41 181
41 182
41 184
41 185
41 186
41 190
41 191
41 193
41 195
42 43
42 44
42 45
42 46
42 55
42 57
42 59
42 61
42 62
42 65
42 68
42 69
42 74
42 75
42 78
42 80
42 83
42 84
42 86
42 87
42 88
42 90
42 93
42 94
42 95
42 97
42 98
42 99
42 100
42 101
42 107
42 108
42 110
42 112
42 117
42 120
42 127
42 129
42 130
42 134
42 136
42 138
42 139
42 140
42 141
42 142
42 143
42 146
42 148
42 149
42 150
42 151
42 152
42 153
42 154
42 158
42 159
42 160
42 163
42 165
42 172
42 173
42 174
42 181
42 185
42 186
42 188
42 189
42 192
42 197
42 199
43 48
43 49
43 50
43 51
43 56
43 57
43 58
43 64
43 66
43 72
43 79
43 80
43 87
43 89
43 91
43 92
43 95
43 96
43 99
43 101
43 108
43 110
43 111
43 112
43 115
43 116
43 119
43 122
43 123
43 125
43 126
43 128
43 129
43 130
43 134
43 136
43 137
43 138
43 140
43 141
43 143
43 144
43 145
43 147
43 148
43 151
43 152
43 153
43 155
43 156
43 158
43 159
43 161
43 162
43 163
43 165
43 166
43 167
43 168
43 170
43 171
43 172
43 173
43 176
43 180
43 184
43 185
43 186
43 187
43 188
43 190
43 197
43 199
44 47
44 48
44 49
44 51
44 52
44 54
44 55
44 56
44 60
44 62
44 66
44 68
44 69
44 70
44 72
44 73
44 74
44 76
44 77
44 79
44 80
44 81
44 83
44 84
44 85
44 86
44 88
44 91
44 92
44 94
44 95
44 97
44 98
44 99
44 100
44 101
44 104
44 105
44 106
44 109
44 111
44 112
44 115
44 116
44 118
44 120
44 121
44 123
44 129
44 130
44 131
44 134
44 136
44 141
44 142
44 146
44 147
44 150
44 151
44 153
44 155
44 156
44 157
44 160
44 161
44 166
44 174
44 176
44 177
44 178
44 179
44 180
44 182
44 183
44 184
44 185
44 186
44 187
44 188
44 190
44 194
44 195
44 198
45 49
45 50
45 51
45 53
45 55
45 57
45 58
45 59
45 64
45 65
45 68
45 70
45 71
45 73
45 76
45 77
45 78
45 79
45 80
45 84
45 85
45 86
45 89
45 90
45 91
45 92
45 95
45 96
45 97
45 99
45 100
45 102
45 103
45 104
45 105
45 108
45 109
45 110
45 111
45 113
45 120
45 121
45 123
45 125
45 126
45 128
45 129
45 130
45 133
45 135
45 137
45 139
45 141
45 142
45 143
45 145
45 147
45 149
45 151
45 152
45 153
45 155
45 156
45 157
45 158
45 159
45 162
45 165
45 166
45 167
45 168
45 170
45 171
45 173
45 177
45 178
45 186
45 187
45 191
45 194
45 195
45 197
46 49
46 52
46 53
46 55
46 61
46 63
46 64
46 65
46 68
46 69
46 70
46 71
46 72
46 76
46 79
46 81
46 82
46 83
46 84
46 86
46 90
46 91
46 92
46 93
46 94
46 95
46 98
46 102
46 103
46 104
46 106
46 108
46 113
46 117
46 118
46 119
46 121
46 122
46 123
46 124
46 125
46 126
46 129
46 130
46 132
46 134
46 136
46 139
46 142
46 144
46 145
46 147
46 149
46 150
46 155
46 157
46 158
46 161
46 162
46 163
46 168
46 170
46 172
46 174
46 175
46 176
46 177
46 182
46 183
46 184
46 185
46 186
46 187
46 188
46 189
46 190
46 192
46 193
46 195
46 197
46 198
47 48
47 50
47 51
47 54
47 55
47 56
47 57
47 61
47 64
47 65
47 67
47 70
47 72
47 76
47 77
47 80
47 82
47 85
47 87
47 88
47 90
47 91
47 92
47 94
47 96
47 97
47 99
47 100
47 101
47 102
47 104
47 105
47 106
47 107
47 108
47 109
47 110
47 111
47 113
47 114
47 115
47 116
47 117
47 118
47 120
47 121
47 124
47 127
47 129
47 130
47 131
47 132
47 134
47 136
47 137
47 139
47 141
47 143
47 148
47 149
47 150
47 153
47 154
47 155
47 156
47 157
47 158
47 159
47 162
47 164
47 165
47 166
47 167
47 169
47 170
47 172
47 174
47 175
47 176
47 178
47 180
47 182
47 183
47 185
47 188
47 189
47 190
47 195
47 199
48 50
48 51
48 55
48 57
48 59
48 60
48 62
48 63
48 64
48 65
48 66
48 69
48 72
48 74
48 75
48 77
48 78
48 79
48 80
48 85
48 87
48 88
48 89
48 92
48 94
48 95
48 97
48 98
48 101
48 103
48 104
48 112
48 113
48 114
48 118
48 120
48 121
48 122
48 125
48 128
48 129
48 136
48 138
48 139
48 140
48 142
48 145
48 149
48 150
48 152
48 154
48 155
48 157
48 161
48 162
48 165
48 166
48 167
48 170
48 171
48 175
48 176
48 180
48 181
48 183
48 185
48 188
48 190
48 192
48 194
48 196
48 198
48 199
49 50
49 52
49 54
49 60
49 61
49 64
49 66
49 74
49 75
49 78
49 79
49 80
49 81
49 84
49 88
49 89
49 91
49 94
49 95
49 98
49 101
49 104
49 114
49 116
49 118
49 119
49 120
49 121
49 122
49 124
49 127
49 129
49 133
49 134
49 135
49 136
49 137
49 138
49 140
49 141
49 142
49 145
49 147
49 150
49 151
49 154
49 156
49 157
49 158
49 160
49 164
49 165
49 167
49 169
49 170
49 172
49 173
49 174
49 176
49 178
49 182
49 183
49 184
49 188
49 189
49 190
49 191
49 194
49 196
49 198
50 51
50 53
50 56
50 57
50 58
50 59
50 62
50 64
50 65
50 66
50 67
50 68
50 70
50 71
50 72
50 74
50 77
50 78
50 79
50 80
50 81
50 84
50 85
50 87
50 94
50 95
50 97
50 98
50 100
50 101
50 103
50 110
50 113
50 115
50 118
50 119
50 122
50 123
50 124
50 126
50 129
50 130
50 132
50 134
50 135
50 136
50 138
50 140
50 141
50 142
50 143
50 146
50 149
50 150
50 151
50 153
50 156
50 161
50 162
50 163
50 167
50 169
50 174
50 175
50 176
50 178
50 179
50 185
50 186
50 190
50 191
50 193
50 194
50 196
50 197
51 56
51 58
51 60
51 62
51 64
51 65
51 66
51 67
51 71
51 72
51 73
51 79
51 80
51 82
51 84
51 85
51 87
51 92
51 94
51 95
51 96
51 97
51 98
51 99
51 100
51 102
51 103
51 104
51 108
51 109
51 110
51 113
51 114
51 115
51 116
51 118
51 120
51 121
51 122
51 125
51 128
51 129
51 133
51 134
51 136
51 137
51 139
51 140
51 141
51 142
51 145
51 150
51 158
51 159
51 160
51 161
51 162
51 164
51 165
51 168
51 171
51 173
51 174
51 176
51 177
51 178
51 183
51 185
51 186
51 187
51 188
51 191
51 192
51 193
51 194
51 196
51 199
52 53
52 54
52 56
52 59
52 60
52 62
52 69
52 70
52 72
52 73
52 74
52 76
52 78
52 79
52 81
52 83
52 85
52 86
52 89
52 90
52 91
52 94
52 95
52 99
52 100
52 102
52 107
52 108
52 111
52 113
52 114
52 115
52 116
52 117
52 118
52 119
52 121
52 122
52 123
52 125
52 126
52 127
52 128
52 129
52 130
52 132
52 133
52 135
52 137
52 138
52 140
52 141
52 146
52 147
52 148
52 150
52 151
52 152
52 153
52 155
52 157
52 158
52 159
52 160
52 161
52 167
52 168
52 170
52 171
52 172
52 177
52 179
52 180
52 181
52 182
52 183
52 185
52 188
52 192
52 194
52 195
52 196
52 197
52 199
53 54
53 55
53 57
53 58
53 59
53 60
53 61
53 65
53 69
53 70
53 73
53 75
53 79
53 80
53 81
53 82
53 83
53 84
53 85
53 87
53 88
53 89
53 94
53 95
53 97
53 99
53 101
53 102
53 103
53 104
53 105
53 107
53 109
53 110
53 111
53 112
53 113
53 124
53 129
53 131
53 132
53 133
53 134
53 136
53 139
53 142
53 144
53 148
53 150
53 154
53 157
53 158
53 159
53 170
53 171
53 176
53 178
53 179
53 180
53 184
53 185
53 187
53 189
53 192
53 195
53 196
53 197
54 55
54 56
54 58
54 59
54 61
54 62
54 63
54 68
54 71
54 76
54 77
54 78
54 80
54 81
54 82
54 84
54 85
54 86
54 90
54 91
54 92
54 95
54 99
54 102
54 106
54 107
54 109
54 110
54 111
54 112
54 113
54 114
54 116
54 121
54 128
54 129
54 131
54 132
54 134
54 139
54 142
54 143
54 145
54 146
54 147
54 149
54 153
54 155
54 156
54 164
54 167
54 170
54 171
54 173
54 175
54 178
54 179
54 181
54 182
54 185
54 189
55 57
55 58
55 63
55 65
55 66
55 67
55 68
55 69
55 71
55 72
55 73
55 75
55 77
55 79
55 83
55 86
55 89
55 91
55 93
55 95
55 96
55 100
55 106
55 107
55 109
55 110
55 111
55 114
55 115
55 116
55 117
55 123
55 126
55 128
55 133
55 134
55 135
55 137
55 138
55 141
55 147
55 148
55 149
55 150
55 154
55 155
55 158
55 160
55 166
55 169
55 171
55 172
55 173
55 175
55 176
55 177
55 178
55 180
55 181
55 182
55 184
55 186
55 187
55 188
55 191
55 194
55 195
55 197
55 199
56 57
56 59
56 60
56 62
56 64
56 65
56 66
56 67
56 68
56 76
56 78
56 80
56 84
56 87
56 90
56 92
56 98
56 99
56 101
56 102
56 104
56 106
56 107
56 108
56 110
56 111
56 113
56 114
56 116
56 118
56 119
56 126
56 129
56 132
56 134
56 140
56 141
56 142
56 143
56 144
56 145
56 147
56 151
56 153
56 155
56 156
56 157
56 158
56 159
56 166
56 167
56 173
56 175
56 178
56 179
56 181
56 182
56 183
56 184
56 186
56 187
56 189
56 190
56 192
56 193
56 195
56 196
56 199
57 60
57 62
57 63
57 67
57 68
57 69
57 70
57 73
57 78
57 80
57 81
57 83
57 84
57 90
57 92
57 93
57 94
57 96
57 100
57 101
57 103
57 105
57 106
57 108
57 113
57 114
57 115
57 116
57 118
57 119
57 120
57 123
57 126
57 128
57 130
57 131
57 135
57 141
57 143
57 144
57 146
57 151
57 152
57 154
57 156
57 158
57 159
57 162
57 163
57 164
57 167
57 169
57 172
57 176
57 177
57 178
57 182
57 185
57 186
57 190
57 192
57 195
57 198
58 62
58 64
58 65
58 66
58 68
58 69
58 73
58 75
58 76
58 77
58 78
58 80
58 89
58 90
58 91
58 92
58 94
58 97
58 100
58 103
58 104
58 109
58 110
58 113
58 114
58 116
58 117
58 120
58 126
58 127
58 128
58 129
58 130
58 131
58 132
58 133
58 134
58 136
58 137
58 138
58 141
58 145
58 146
58 148
58 149
58 150
58 151
58 153
58 154
58 155
58 158
58 161
58 162
58 163
58 164
58 168
58 170
58 172
58 173
58 176
58 177
58 181
58 182
58 185
58 192
58 198
58 199
59 60
59 61
59 67
59 68
59 69
59 70
59 72
59 73
59 75
59 76
59 77
59 78
59 79
59 80
59 81
59 83
59 84
59 86
59 88
59 89
59 91
59 92
59 93
59 95
59 96
59 99
59 102
59 103
59 105
59 109
59 111
59 114
59 115
59 119
59 121
59 124
59 125
59 127
59 128
59 133
59 137
59 140
59 141
59 142
59 144
59 146
59 149
59 151
59 152
59 153
59 154
59 156
59 159
59 160
59 162
59 164
59 166
59 167
59 171
59 173
59 174
59 177
59 178
59 180
59 182
59 184
59 187
59 189
59 191
59 192
59 195
59 196
59 197
59 198
59 199
60 61
60 63
60 64
60 66
60 68
60 69
60 74
60 75
60 76
60 77
60 79
60 80
60 81
60 82
60 84
60 85
60 87
60 88
60 89
60 91
60 94
60 95
60 98
60 99
60 100
60 101
60 103
60 104
60 106
60 107
60 108
60 111
60 112
60 114
60 115
60 117
60 120
60 121
60 123
60 127
60 128
60 129
60 130
60 135
60 137
60 138
60 139
60 140
60 149
60 152
60 158
60 161
60 165
60 166
60 167
60 174
60 177
60 178
60 179
60 181
60 183
60 184
60 185
60 186
60 187
60 188
60 194
60 195
60 197
60 198
60 199
61 62
61 70
61 72
61 75
61 76
61 77
61 78
61 79
61 82
61 83
61 87
61 88
61 89
61 91
61 92
61 93
61 94
61 96
61 103
61 106
61 108
61 109
61 111
61 112
61 114
61 120
61 124
61 125
61 127
61 128
61 129
61 130
61 132
61 133
61 136
61 137
61 139
61 140
61 143
61 144
61 145
61 147
61 148
61 149
61 150
61 151
61 152
61 154
61 156
61 157
61 159
61 163
61 164
61 166
61 170
61 171
61 173
61 174
61 175
61 176
61 179
61 183
61 185
61 186
61 188
61 189
61 190
61 191
61 193
61 199
62 63
62 64
62 65
62 66
62 68
62 70
62 71
62 72
62 77
62 79
62 80
62 82
62 83
62 84
62 87
62 88
62 91
62 95
62 96
62 99
62 102
62 103
62 107
62 108
62 116
62 121
62 124
62 125
62 126
62 127
62 129
62 130
62 131
62 134
62 135
62 139
62 141
62 143
62 147
62 148
62 149
62 150
62 152
62 154
62 156
62 162
62 164
62 165
62 167
62 168
62 174
62 176
62 177
62 180
62 181
62 183
62 184
62 186
62 187
62 188
62 189
62 190
62 194
62 195
62 196
62 197
62 198
62 199
63 64
63 67
63 70
63 71
63 73
63 74
63 75
63 76
63 77
63 78
63 79
63 81
63 84
63 85
63 86
63 89
63 91
63 92
63 95
63 98
63 99
63 100
63 101
63 102
63 103
63 104
63 105
63 107
63 111
63 113
63 114
63 116
63 117
63 119
63 121
63 122
63 123
63 125
63 126
63 127
63 130
63 131
63 132
63 135
63 138
63 139
63 140
63 141
63 143
63 148
63 150
63 151
63 153
63 154
63 155
63 158
63 159
63 160
63 161
63 162
63 164
63 166
63 167
63 168
63 171
63 172
63 173
63 174
63 175
63 176
63 177
63 178
63 180
63 181
63 183
63 184
63 186
63 187
63 191
63 192
63 195
63 196
63 197
64 66
64 67
64 68
64 70
64 71
64 72
64 74
64 76
64 78
64 79
64 80
64 81
64 86
64 87
64 89
64 90
64 93
64 94
64 95
64 97
64 99
64 101
64 108
64 111
64 112
64 114
64 116
64 120
64 121
64 124
64 125
64 127
64 128
64 129
64 133
64 142
64 143
64 144
64 146
64 150
64 152
64 154
64 155
64 157
64 158
64 159
64 161
64 163
64 166
64 168
64 171
64 173
64 177
64 178
64 179
64 181
64 186
64 187
64 188
64 190
64 191
64 192
64 194
64 196
64 197
65 66
65 67
65 69
65 71
65 78
65 80
65 83
65 84
65 85
65 91
65 93
65 94
65 96
65 101
65 102
65 107
65 108
65 109
65 111
65 112
65 116
65 117
65 119
65 120
65 123
65 124
65 130
65 132
65 136
65 140
65 141
65 144
65 148
65 150
65 153
65 154
65 155
65 156
65 160
65 161
65 163
65 165
65 167
65 170
65 173
65 174
65 176
65 177
65 182
65 184
65 186
65 187
65 191
65 193
65 194
65 196
65 197
65 198
65 199
66 68
66 72
66 73
66 74
66 78
66 80
66 86
66 87
66 88
66 89
66 91
66 92
66 93
66 94
66 95
66 96
66 97
66 98
66 101
66 102
66 105
66 106
66 109
66 110
66 112
66 114
66 115
66 117
66 119
66 120
66 122
66 124
66 125
66 126
66 127
66 128
66 130
66 133
66 134
66 139
66 143
66 147
66 149
66 152
66 156
66 157
66 158
66 159
66 160
66 165
66 166
66 168
66 169
66 171
66 174
66 175
66 176
66 177
66 180
66 181
66 185
66 186
66 187
66 188
66 190
66 191
66 194
66 197
66 198
66 199
67 69
67 70
67 71
67 72
67 73
67 74
67 75
67 77
67 80
67 82
67 84
67 85
67 87
67 88
67 89
67 93
67 94
67 96
67 98
67 102
67 104
67 106
67 113
67 117
67 118
67 119
67 120
67 122
67 123
67 124
67 125
67 127
67 128
67 130
67 135
67 137
67 140
67 141
67 142
67 143
67 144
67 150
67 151
67 152
67 153
67 155
67 156
67 157
67 161
67 167
67 169
67 170
67 171
67 172
67 174
67 175
67 178
67 180
67 181
67 184
67 185
67 186
67 192
67 194
67 196
67 197
67 199
68 69
68 71
68 75
68 77
68 78
68 79
68 80
68 82
68 83
68 84
68 85
68 86
68 87
68 88
68 93
68 94
68 96
68 98
68 101
68 102
68 104
68 106
68 107
68 108
68 109
68 111
68 115
68 119
68 120
68 122
68 124
68 125
68 127
68 128
68 129
68 130
68 131
68 133
68 138
68 139
68 142
68 144
68 145
68 146
68 147
68 150
68 152
68 154
68 155
68 159
68 160
68 161
68 162
68 166
68 169
68 171
68 174
68 176
68 177
68 180
68 183
68 186
68 190
68 191
68 192
68 193
68 194
68 196
68 199
69 71
69 73
69 79
69 83
69 86
69 88
69 91
69 92
69 94
69 95
69 98
69 99
69 100
69 102
69 104
69 107
69 109
69 111
69 112
69 113
69 116
69 119
69 124
69 125
69 126
69 127
69 129
69 130
69 132
69 135
69 137
69 139
69 143
69 144
69 145
69 146
69 149
69 151
69 152
69 155
69 157
69 160
69 161
69 162
69 165
69 167
69 168
69 169
69 170
69 173
69 175
69 177
69 179
69 180
69 181
69 182
69 184
69 185
69 186
69 187
69 189
69 192
69 193
69 194
69 195
69 198
70 71
70 74
70 79
70 81
70 84
70 85
70 88
70 91
70 92
70 97
70 98
70 99
70 102
70 103
70 104
70 105
70 108
70 109
70 110
70 114
70 115
70 117
70 118
70 119
70 120
70 123
70 125
70 129
70 132
70 133
70 134
70 137
70 138
70 140
70 143
70 146
70 150
70 152
70 153
70 154
70 158
70 159
70 160
70 161
70 162
70 163
70 164
70 165
70 167
70 172
70 176
70 177
70 178
70 179
70 180
70 186
70 187
70 188
70 189
70 190
70 191
70 192
70 193
70 195
70 199
71 72
71 77
71 79
71 82
71 84
71 86
71 87
71 92
71 98
71 99
71 100
71 102
71 109
71 114
71 115
71 116
71 118
71 120
71 122
71 126
71 128
71 131
71 132
71 133
71 134
71 136
71 138
71 140
71 141
71 142
71 143
71 146
71 147
71 148
71 150
71 154
71 155
71 156
71 159
71 163
71 165
71 168
71 169
71 171
71 172
71 173
71 174
71 175
71 176
71 181
71 183
71 184
71 185
71 186
71 193
71 198
72 73
72 74
72 75
72 76
72 80
72 82
72 84
72 85
72 90
72 92
72 93
72 95
72 100
72 101
72 102
72 103
72 106
72 109
72 111
72 112
72 113
72 114
72 115
72 117
72 118
72 119
72 121
72 124
72 125
72 127
72 128
72 130
72 131
72 135
72 139
72 141
72 146
72 147
72 148
72 149
72 151
72 153
72 154
72 158
72 161
72 163
72 165
72 166
72 168
72 170
72 171
72 173
72 175
72 178
72 179
72 181
72 183
72 184
72 185
72 186
72 188
72 189
72 193
72 195
72 197
72 198
72 199
73 74
73 75
73 77
73 81
73 82
73 83
73 84
73 85
73 87
73 88
73 89
73 91
73 92
73 94
73 96
73 98
73 100
73 102
73 105
73 106
73 108
73 111
73 112
73 113
73 116
73 117
73 121
73 122
73 125
73 126
73 127
73 128
73 130
73 131
73 132
73 134
73 135
73 138
73 141
73 146
73 148
73 151
73 152
73 156
73 159
73 160
73 162
73 164
73 165
73 166
73 169
73 171
73 173
73 175
73 178
73 179
73 181
73 182
73 183
73 191
73 193
73 194
73 195
73 196
73 197
74 75
74 81
74 83
74 85
74 86
74 89
74 91
74 92
74 93
74 95
74 96
74 97
74 98
74 99
74 102
74 105
74 106
74 107
74 109
74 110
74 112
74 113
74 115
74 116
74 119
74 120
74 121
74 122
74 123
74 124
74 127
74 128
74 129
74 132
74 135
74 138
74 141
74 142
74 143
74 144
74 145
74 146
74 150
74 156
74 157
74 158
74 159
74 164
74 165
74 166
74 167
74 168
74 170
74 172
74 176
74 177
74 178
74 179
74 182
74 183
74 186
74 187
74 188
74 189
74 191
74 195
74 196
74 198
74 199
75 76
75 77
75 84
75 86
75 87
75 89
75 90
75 91
75 93
75 95
75 96
75 98
75 99
75 100
75 101
75 103
75 108
75 109
75 110
75 112
75 114
75 115
75 117
75 121
75 123
75 124
75 125
75 126
75 129
75 130
75 131
75 132
75 137
75 138
75 142
75 144
75 145
75 146
75 150
75 155
75 156
75 157
75 160
75 161
75 164
75 166
75 167
75 168
75 169
75 173
75 179
75 182
75 183
75 186
75 187
75 188
75 192
75 195
76 78
76 79
76 81
76 82
76 85
76 86
76 89
76 92
76 93
76 94
76 95
76 99
76 101
76 102
76 103
76 104
76 107
76 116
76 117
76 118
76 120
76 121
76 122
76 130
76 132
76 135
76 138
76 140
76 142
76 143
76 144
76 146
76 147
76 149
76 150
76 151
76 152
76 155
76 157
76 158
76 164
76 167
76 169
76 172
76 173
76 175
76 177
76 178
76 185
76 188
76 193
76 195
76 198
76 199
77 78
77 79
77 82
77 83
77 84
77 85
77 87
77 89
77 92
77 93
77 97
77 99
77 100
77 101
77 105
77 107
77 108
77 111
77 112
77 113
77 114
77 118
77 119
77 120
77 121
77 122
77 123
77 125
77 127
77 128
77 129
77 133
77 137
77 139
77 144
77 145
77 146
77 147
77 148
77 149
77 150
77 151
77 152
77 156
77 157
77 158
77 161
77 162
77 165
77 167
77 170
77 172
77 174
77 175
77 176
77 177
77 178
77 179
77 182
77 184
77 188
77 189
77 192
77 193
77 194
77 195
77 198
77 199
78 82
78 86
78 89
78 94
78 96
78 97
78 99
78 100
78 102
78 105
78 106
78 109
78 110
78 112
78 118
78 123
78 124
78 125
78 126
78 132
78 133
78 135
78 137
78 140
78 141
78 143
78 144
78 146
78 147
78 148
78 149
78 150
78 151
78 153
78 154
78 155
78 156
78 160
78 162
78 164
78 165
78 168
78 170
78 172
78 175
78 176
78 177
78 180
78 183
78 184
78 185
78 187
78 190
78 191
78 193
78 195
78 197
78 198
78 199
79 81
79 82
79 83
79 84
79 85
79 86
79 88
79 90
79 91
79 92
79 95
79 96
79 98
79 99
79 101
79 104
79 105
79 108
79 112
79 116
79 117
79 118
79 119
79 123
79 125
79 129
79 132
79 133
79 134
79 138
79 139
79 141
79 142
79 143
79 144
79 145
79 146
79 148
79 152
79 154
79 155
79 159
79 162
79 166
79 167
79 171
79 172
79 173
79 175
79 176
79 178
79 182
79 186
79 189
79 190
79 191
79 193
79 194
79 195
79 196
79 197
79 198
79 199
80 81
80 82
80 83
80 85
80 87
80 88
80 89
80 95
80 96
80 98
80 99
80 101
80 103
80 104
80 105
80 108
80 110
80 112
80 117
80 118
80 121
80 123
80 126
80 130
80 131
80 133
80 134
80 137
80 138
80 139
80 140
80 142
80 143
80 144
80 147
80 148
80 149
80 150
80 151
80 152
80 153
80 158
80 159
80 160
80 162
80 165
80 166
80 167
80 169
80 173
80 174
80 176
80 177
80 178
80 179
80 183
80 184
80 185
80 186
80 187
80 190
80 193
80 194
80 196
80 197
80 198
80 199
81 85
81 88
81 89
81 90
81 92
81 94
81 95
81 97
81 98
81 101
81 105
81 111
81 112
81 113
81 115
81 121
81 123
81 124
81 125
81 126
81 127
81 130
81 132
81 136
81 139
81 142
81 143
81 144
81 145
81 148
81 150
81 151
81 159
81 162
81 165
81 166
81 167
81 169
81 174
81 178
81 179
81 180
81 181
81 183
81 185
81 186
81 187
81 188
81 191
81 192
81 194
81 195
81 197
81 198
82 83
82 87
82 88
82 89
82 90
82 95
82 96
82 100
82 101
82 102
82 103
82 106
82 107
82 108
82 109
82 110
82 111
82 112
82 117
82 119
82 120
82 123
82 124
82 125
82 127
82 128
82 132
82 135
82 136
82 142
82 144
82 146
82 147
82 148
82 149
82 150
82 152
82 155
82 159
82 161
82 162
82 163
82 165
82 166
82 167
82 169
82 170
82 171
82 175
82 177
82 179
82 182
82 184
82 186
82 187
82 189
82 190
82 191
82 194
82 198
83 84
83 85
83 87
83 90
83 92
83 94
83 98
83 100
83 105
83 106
83 110
83 114
83 115
83 116
83 120
83 122
83 123
83 124
83 125
83 127
83 128
83 130
83 133
83 134
83 135
83 137
83 138
83 139
83 141
83 142
83 147
83 150
83 151
83 152
83 155
83 156
83 160
83 165
83 167
83 168
83 169
83 170
83 173
83 174
83 175
83 176
83 179
83 183
83 184
83 188
83 189
83 190
83 192
83 193
83 194
83 196
83 197
83 198
83 199
84 85
84 88
84 89
84 92
84 94
84 95
84 98
84 100
84 101
84 102
84 103
84 104
84 105
84 110
84 114
84 116
84 120
84 123
84 126
84 127
84 132
84 134
84 136
84 138
84 142
84 149
84 151
84 153
84 154
84 155
84 159
84 160
84 161
84 162
84 163
84 164
84 166
84 169
84 171
84 173
84 175
84 176
84 177
84 180
84 181
84 182
84 186
84 187
84 188
84 190
84 193
84 194
84 196
84 199
85 87
85 88
85 89
85 90
85 91
85 93
85 94
85 96
85 98
85 100
85 101
85 107
85 108
85 110
85 111
85 112
85 113
85 114
85 116
85 117
85 118
85 119
85 122
85 123
85 126
85 128
85 129
85 130
85 131
85 134
85 136
85 137
85 140
85 144
85 145
85 146
85 147
85 152
85 154
85 156
85 158
85 159
85 160
85 161
85 167
85 170
85 171
85 172
85 173
85 175
85 176
85 181
85 183
85 184
85 185
85 186
85 190
85 191
85 196
85 197
86 87
86 91
86 92
86 96
86 97
86 98
86 100
86 101
86 102
86 103
86 108
86 109
86 110
86 112
86 113
86 114
86 115
86 117
86 119
86 120
86 122
86 125
86 126
86 130
86 131
86 133
86 136
86 138
86 140
86 141
86 142
86 144
86 146
86 147
86 151
86 155
86 157
86 160
86 162
86 164
86 165
86 166
86 167
86 168
86 169
86 173
86 174
86 181
86 190
86 192
86 193
86 197
86 198
87 91
87 93
87 94
87 96
87 98
87 99
87 104
87 106
87 107
87 114
87 116
87 117
87 118
87 119
87 120
87 123
87 124
87 125
87 127
87 128
87 130
87 131
87 133
87 134
87 135
87 136
87 137
87 140
87 141
87 144
87 145
87 147
87 148
87 149
87 151
87 152
87 158
87 159
87 161
87 162
87 164
87 166
87 167
87 170
87 171
87 172
87 174
87 175
87 176
87 178
87 182
87 185
87 186
87 188
87 189
87 190
87 194
87 195
87 197
88 89
88 90
88 92
88 94
88 95
88 96
88 97
88 98
88 100
88 102
88 105
88 107
88 108
88 111
88 112
88 114
88 116
88 118
88 120
88 121
88 123
88 124
88 126
88 127
88 136
88 137
88 138
88 139
88 142
88 143
88 152
88 153
88 154
88 156
88 158
88 159
88 164
88 165
88 168
88 169
88 172
88 175
88 176
88 177
88 178
88 181
88 184
88 185
88 189
88 191
88 192
88 193
88 194
88 195
88 196
88 198
88 199
89 90
89 95
89 97
89 99
89 101
89 102
89 103
89 107
89 108
89 109
89 112
89 113
89 114
89 115
89 118
89 119
89 120
89 122
89 123
89 124
89 127
89 129
89 132
89 138
89 141
89 146
89 147
89 150
89 151
89 153
89 155
89 156
89 159
89 162
89 164
89 165
89 166
89 169
89 170
89 171
89 174
89 175
89 177
89 178
89 179
89 180
89 183
89 184
89 190
89 191
89 193
89 194
89 195
89 197
89 199
90 91
90 95
90 99
90 100
90 102
90 103
90 108
90 109
90 111
90 112
90 115
90 116
90 117
90 120
90 122
90 123
90 126
90 129
90 134
90 135
90 136
90 138
90 139
90 142
90 145
90 147
90 150
90 155
90 157
90 160
90 161
90 162
90 163
90 167
90 168
90 170
90 171
90 173
90 175
90 177
90 180
90 182
90 183
90 187
90 189
90 191
90 196
90 198
91 94
91 97
91 101
91 104
91 106
91 108
91 109
91 112
91 116
91 117
91 122
91 123
91 125
91 127
91 128
91 131
91 132
91 134
91 135
91 136
91 137
91 140
91 141
91 142
91 144
91 145
91 149
91 150
91 151
91 155
91 157
91 159
91 160
91 161
91 163
91 165
91 167
91 168
91 172
91 175
91 176
91 178
91 180
91 183
91 184
91 189
91 190
91 193
91 194
91 195
91 196
91 198
91 199
92 96
92 97
92 100
92 101
92 103
92 108
92 112
92 113
92 115
92 116
92 117
92 118
92 119
92 124
92 129
92 133
92 134
92 137
92 141
92 146
92 153
92 156
92 159
92 160
92 163
92 164
92 165
92 169
92 171
92 173
92 178
92 180
92 181
92 182
92 183
92 185
92 189
92 192
92 194
92 196
92 199
93 95
93 97
93 98
93 99
93 100
93 105
93 108
93 110
93 112
93 113
93 114
93 115
93 117
93 118
93 122
93 123
93 124
93 125
93 127
93 129
93 130
93 131
93 134
93 140
93 141
93 142
93 144
93 149
93 151
93 152
93 155
93 157
93 158
93 160
93 165
93 168
93 169
93 170
93 173
93 174
93 175
93 177
93 179
93 180
93 185
93 188
93 190
93 191
93 193
93 194
93 197
94 96
94 97
94 98
94 99
94 101
94 103
94 104
94 108
94 109
94 110
94 112
94 113
94 114
94 116
94 117
94 119
94 120
94 121
94 122
94 123
94 124
94 125
94 126
94 127
94 132
94 136
94 138
94 139
94 140
94 145
94 148
94 150
94 155
94 156
94 157
94 159
94 162
94 163
94 164
94 165
94 171
94 172
94 173
94 174
94 175
94 176
94 177
94 181
94 187
94 189
94 191
94 192
94 193
94 196
94 199
95 96
95 97
95 98
95 99
95 101
95 104
95 107
95 108
95 109
95 114
95 115
95 117
95 118
95 120
95 121
95 122
95 123
95 124
95 129
95 130
95 131
95 136
95 138
95 140
95 142
95 144
95 145
95 147
95 148
95 149
95 150
95 153
95 157
95 161
95 162
95 163
95 166
95 168
95 171
95 172
95 175
95 176
95 177
95 179
95 181
95 182
95 183
95 184
95 189
95 192
95 196
95 197
95 198
96 101
96 103
96 105
96 106
96 108
96 110
96 112
96 113
96 115
96 116
96 119
96 120
96 124
96 125
96 126
96 127
96 128
96 129
96 130
96 133
96 143
96 146
96 150
96 151
96 153
96 154
96 156
96 158
96 162
96 164
96 166
96 167
96 169
96 171
96 172
96 175
96 179
96 182
96 186
96 188
96 190
96 195
96 198
97 99
97 100
97 102
97 103
97 104
97 108
97 109
97 110
97 112
97 113
97 117
97 118
97 123
97 125
97 127
97 128
97 132
97 134
97 135
97 136
97 140
97 146
97 148
97 153
97 154
97 156
97 157
97 161
97 162
97 163
97 164
97 166
97 167
97 168
97 171
97 174
97 175
97 180
97 181
97 182
97 186
97 187
97 190
97 191
97 192
97 193
97 194
97 195
97 196
97 197
97 199
98 104
98 111
98 113
98 114
98 116
98 118
98 123
98 124
98 125
98 128
98 130
98 132
98 134
98 135
98 136
98 137
98 139
98 140
98 141
98 142
98 143
98 144
98 147
98 150
98 151
98 153
98 154
98 156
98 158
98 160
98 164
98 167
98 170
98 172
98 175
98 180
98 183
98 184
98 185
98 186
98 187
98 191
98 194
98 196
98 198
98 199
99 100
99 101
99 103
99 104
99 106
99 107
99 108
99 109
99 110
99 111
99 113
99 115
99 117
99 118
99 121
99 123
99 126
99 129
99 132
99 134
99 135
99 138
99 139
99 141
99 142
99 143
99 145
99 148
99 149
99 150
99 154
99 155
99 156
99 157
99 158
99 161
99 163
99 164
99 167
99 168
99 173
99 174
99 175
99 178
99 179
99 180
99 181
99 183
99 185
99 187
99 189
99 190
99 191
99 193
99 195
99 198
100 102
100 105
100 106
100 107
100 109
100 110
100 112
100 115
100 119
100 120
100 121
100 122
100 123
100 125
100 126
100 128
100 133
100 134
100 139
100 140
100 141
100 144
100 148
100 151
100 154
100 157
100 159
100 167
100 168
100 169
100 170
100 175
100 177
100 178
100 180
100 181
100 182
100 183
100 185
100 186
100 188
100 193
100 196
100 198
101 102
101 103
101 104
101 106
101 113
101 114
101 116
101 117
101 120
101 121
101 122
101 123
101 124
101 127
101 130
101 133
101 134
101 137
101 138
101 141
101 143
101 144
101 145
101 149
101 151
101 155
101 157
101 158
101 159
101 163
101 164
101 168
101 169
101 171
101 173
101 176
101 177
101 179
101 180
101 181
101 184
101 185
101 186
101 187
101 189
101 191
101 192
101 193
101 195
101 196
102 103
102 104
102 105
102 109
102 110
102 111
102 112
102 114
102 115
102 119
102 120
102 121
102 122
102 123
102 124
102 129
102 130
102 131
102 133
102 134
102 135
102 137
102 138
102 140
102 143
102 147
102 148
102 150
102 153
102 155
102 156
102 164
102 166
102 171
102 173
102 175
102 176
102 177
102 180
102 182
102 183
102 184
102 186
102 187
102 191
102 193
102 195
102 196
102 197
102 199
103 105
103 107
103 111
103 115
103 116
103 117
103 118
103 121
103 122
103 123
103 125
103 127
103 128
103 129
103 130
103 131
103 132
103 137
103 139
103 142
103 143
103 147
103 151
103 152
103 153
103 154
103 158
103 159
103 160
103 161
103 167
103 168
103 174
103 176
103 179
103 182
103 183
103 184
103 185
103 188
103 190
103 191
103 194
103 195
103 197
103 199
104 105
104 107
104 108
104 110
104 111
104 113
104 115
104 117
104 118
104 123
104 127
104 128
104 131
104 133
104 134
104 142
104 143
104 147
104 148
104 149
104 150
104 152
104 153
104 154
104 156
104 157
104 158
104 165
104 167
104 169
104 170
104 172
104 173
104 174
104 175
104 176
104 179
104 182
104 183
104 184
104 186
104 187
104 190
104 191
104 196
104 197
104 198
105 106
105 107
105 108
105 109
105 112
105 115
105 119
105 120
105 122
105 123
105 125
105 129
105 130
105 131
105 138
105 139
105 144
105 145
105 146
105 147
105 149
105 150
105 154
105 156
105 158
105 160
105 164
105 167
105 171
105 172
105 173
105 174
105 178
105 179
105 180
105 181
105 182
105 183
105 184
105 186
105 187
105 191
105 193
105 194
105 195
106 110
106 111
106 112
106 113
106 116
106 118
106 119
106 123
106 124
106 125
106 126
106 128
106 132
106 135
106 136
106 137
106 140
106 144
106 145
106 149
106 155
106 156
106 157
106 161
106 162
106 165
106 167
106 168
106 169
106 171
106 173
106 174
106 175
106 177
106 179
106 180
106 182
106 186
106 190
106 194
106 195
106 198
107 110
107 111
107 115
107 117
107 118
107 119
107 120
107 122
107 124
107 126
107 130
107 132
107 134
107 136
107 138
107 145
107 146
107 147
107 148
107 150
107 151
107 152
107 153
107 154
107 156
107 157
107 160
107 161
107 163
107 166
107 169
107 170
107 171
107 173
107 175
107 177
107 181
107 182
107 184
107 185
107 187
107 189
107 190
107 191
107 193
107 194
107 195
108 109
108 110
108 120
108 121
108 123
108 127
108 131
108 132
108 133
108 134
108 137
108 138
108 139
108 140
108 144
108 145
108 148
108 151
108 154
108 155
108 156
108 157
108 158
108 159
108 160
108 161
108 162
108 163
108 168
108 169
108 170
108 171
108 173
108 175
108 176
108 178
108 183
108 185
108 187
108 189
108 190
108 191
108 193
108 194
108 196
108 199
109 111
109 113
109 116
109 117
109 118
109 121
109 123
109 127
109 129
109 131
109 136
109 138
109 139
109 143
109 144
109 147
109 149
109 151
109 152
109 156
109 158
109 160
109 161
109 162
109 163
109 166
109 168
109 170
109 171
109 172
109 174
109 177
109 181
109 184
109 185
109 188
109 189
109 192
109 193
109 194
109 195
109 198
109 199
110 111
110 113
110 115
110 116
110 117
110 119
110 120
110 121
110 122
110 124
110 125
110 127
110 128
110 131
110 134
110 135
110 136
110 137
110 138
110 140
110 141
110 142
110 143
110 144
110 146
110 148
110 149
110 151
110 152
110 154
110 156
110 158
110 159
110 160
110 161
110 163
110 165
110 167
110 168
110 169
110 171
110 174
110 177
110 178
110 181
110 182
110 183
110 185
110 188
110 189
110 190
110 193
110 194
110 196
111 114
111 115
111 116
111 117
111 119
111 121
111 122
111 125
111 127
111 128
111 129
111 130
111 131
111 132
111 133
111 138
111 140
111 141
111 145
111 148
111 151
111 161
111 167
111 169
111 171
111 177
111 180
111 183
111 185
111 188
111 189
111 191
111 192
111 194
111 195
111 196
112 115
112 116
112 117
112 118
112 120
112 121
112 122
112 123
112 124
112 125
112 126
112 127
112 129
112 130
112 132
112 134
112 135
112 140
112 141
112 143
112 144
112 145
112 147
112 148
112 149
112 152
112 154
112 155
112 157
112 160
112 166
112 168
112 171
112 172
112 173
112 174
112 175
112 177
112 179
112 180
112 183
112 184
112 187
112 188
112 192
112 194
112 197
113 118
113 122
113 123
113 127
113 128
113 129
113 131
113 132
113 133
113 134
113 137
113 139
113 140
113 141
113 145
113 146
113 147
113 148
113 150
113 154
113 155
113 156
113 158
113 160
113 161
113 162
113 165
113 166
113 167
113 171
113 173
113 175
113 176
113 179
113 181
113 182
113 184
113 185
113 187
113 188
113 189
113 190
113 191
113 193
113 195
113 196
113 197
113 199
114 115
114 116
114 117
114 118
114 120
114 122
114 126
114 128
114 129
114 130
114 133
114 135
114 137
114 139
114 140
114 142
114 146
114 156
114 158
114 159
114 161
114 162
114 165
114 166
114 167
114 168
114 169
114 171
114 172
114 174
114 175
114 177
114 179
114 180
114 183
114 184
114 186
114 187
114 188
114 190
114 193
114 195
114 196
114 197
114 198
114 199
115 116
115 119
115 120
115 122
115 123
115 125
115 126
115 128
115 131
115 132
115 135
115 136
115 138
115 143
115 146
115 147
115 150
115 151
115 155
115 156
115 159
115 160
115 164
115 170
115 171
115 172
115 173
115 174
115 176
115 177
115 182
115 183
115 184
115 187
115 188
115 189
115 191
115 192
115 194
115 195
115 196
115 197
115 198
115 199
116 117
116 118
116 119
116 120
116 121
116 122
116 125
116 126
116 128
116 131
116 134
116 137
116 139
116 140
116 141
116 143
116 147
116 151
116 154
116 158
116 161
116 163
116 164
116 166
116 167
116 168
116 169
116 171
116 173
116 174
116 175
116 177
116 179
116 181
116 182
116 183
116 188
116 190
116 193
116 194
116 195
117 118
117 119
117 120
117 122
117 123
117 126
117 131
117 133
117 135
117 136
117 138
117 139
117 143
117 144
117 145
117 146
117 147
117 150
117 151
117 153
117 154
117 156
117 158
117 160
117 162
117 163
117 166
117 167
117 168
117 172
117 174
117 175
117 178
117 179
117 183
117 184
117 190
117 194
117 195
117 196
117 198
117 199
118 121
118 123
118 124
118 125
118 127
118 130
118 132
118 134
118 135
118 138
118 139
118 140
118 144
118 146
118 147
118 149
118 150
118 152
118 155
118 159
118 161
118 165
118 166
118 168
118 172
118 173
118 175
118 177
118 178
118 179
118 180
118 182
118 184
118 185
118 186
118 187
118 190
118 192
118 198
118 199
119 122
119 123
119 124
119 125
119 126
119 129
119 132
119 133
119 134
119 136
119 138
119 142
119 143
119 144
119 145
119 149
119 150
119 151
119 154
119 157
119 158
119 160
119 161
119 162
119 167
119 170
119 175
119 178
119 179
119 181
119 182
119 183
119 186
119 187
119 188
119 189
119 190
119 191
119 192
119 193
119 194
119 196
119 198
120 121
120 124
120 126
120 127
120 128
120 132
120 135
120 136
120 137
120 140
120 141
120 142
120 144
120 147
120 148
120 149
120 151
120 153
120 155
120 159
120 160
120 161
120 166
120 167
120 168
120 169
120 170
120 172
120 173
120 174
120 180
120 184
120 185
120 186
120 187
120 188
120 191
120 193
120 197
120 198
121 122
121 123
121 126
121 127
121 128
121 129
121 130
121 131
121 134
121 135
121 136
121 137
121 138
121 141
121 143
121 145
121 147
121 148
121 149
121 152
121 153
121 155
121 156
121 157
121 158
121 160
121 164
121 165
121 167
121 169
121 172
121 174
121 176
121 178
121 180
121 181
121 182
121 184
121 185
121 187
121 189
121 190
121 193
121 198
122 123
122 129
122 130
122 135
122 136
122 139
122 142
122 144
122 146
122 148
122 152
122 153
122 155
122 156
122 161
122 162
122 163
122 164
122 165
122 168
122 171
122 176
122 180
122 183
122 186
122 188
122 189
122 190
122 193
122 194
122 196
122 198
122 199
123 128
123 129
123 132
123 133
123 134
123 135
123 136
123 138
123 142
123 146
123 149
123 152
123 154
123 155
123 156
123 160
123 161
123 164
123 166
123 169
123 174
123 175
123 177
123 179
123 180
123 182
123 183
123 185
123 186
123 187
123 188
123 190
123 193
123 194
123 197
123 199
124 125
124 126
124 129
124 131
124 132
124 136
124 137
124 139
124 142
124 144
124 145
124 147
124 153
124 155
124 156
124 159
124 160
124 163
124 164
124 166
124 167
124 168
124 171
124 172
124 174
124 175
124 177
124 178
124 183
124 184
124 185
124 187
124 188
124 190
124 195
124 196
124 198
125 127
125 132
125 134
125 138
125 139
125 140
125 141
125 143
125 144
125 147
125 149
125 151
125 152
125 153
125 156
125 157
125 161
125 162
125 165
125 167
125 170
125 171
125 172
125 173
125 175
125 177
125 178
125 180
125 181
125 182
125 183
125 184
125 187
125 189
125 191
125 193
125 194
125 195
125 198
126 128
126 129
126 130
126 131
126 132
126 136
126 138
126 139
126 143
126 144
126 146
126 147
126 150
126 151
126 152
126 153
126 154
126 155
126 159
126 160
126 162
126 164
126 169
126 175
126 179
126 180
126 188
126 190
126 191
126 192
126 197
126 198
126 199
127 129
127 133
127 136
127 137
127 139
127 140
127 141
127 146
127 151
127 152
127 153
127 156
127 158
127 159
127 160
127 161
127 162
127 165
127 166
127 168
127 169
127 170
127 173
127 174
127 178
127 182
127 183
127 184
127 186
127 187
127 189
127 190
127 191
127 192
127 194
127 195
127 197
127 198
128 130
128 132
128 134
128 135
128 136
128 137
128 139
128 144
128 148
128 149
128 151
128 152
128 154
128 158
128 160
128 164
128 167
128 172
128 178
128 180
128 182
128 183
128 184
128 185
128 186
128 188
128 190
128 191
128 192
128 194
128 195
128 199
129 130
129 132
129 136
129 138
129 139
129 142
129 143
129 144
129 145
129 147
129 153
129 155
129 157
129 159
129 164
129 165
129 167
129 168
129 170
129 171
129 173
129 175
129 176
129 177
129 182
129 183
129 186
129 187
129 190
129 192
129 196
129 197
130 132
130 133
130 134
130 136
130 137
130 138
130 139
130 140
130 141
130 142
130 143
130 144
130 146
130 152
130 153
130 154
130 156
130 157
130 160
130 161
130 162
130 164
130 165
130 166
130 167
130 168
130 175
130 177
130 178
130 180
130 181
130 183
130 184
130 186
130 188
130 191
130 192
130 193
130 194
130 195
130 196
130 197
130 198
130 199
131 134
131 141
131 142
131 143
131 144
131 146
131 147
131 148
131 150
131 151
131 152
131 154
131 155
131 156
131 157
131 160
131 161
131 162
131 166
131 169
131 173
131 178
131 179
131 180
131 185
131 187
131 188
131 189
131 190
131 193
131 194
131 197
131 198
131 199
132 134
132 135
132 136
132 137
132 140
132 141
132 142
132 143
132 145
132 146
132 148
132 149
132 151
132 152
132 154
132 155
132 156
132 160
132 162
132 163
132 164
132 165
132 167
132 168
132 172
132 173
132 174
132 175
132 177
132 178
132 180
132 181
132 182
132 184
132 187
132 189
132 194
132 195
132 196
132 197
132 198
132 199
133 134
133 135
133 136
133 137
133 138
133 140
133 142
133 145
133 147
133 148
133 149
133 150
133 152
133 155
133 157
133 160
133 161
133 162
133 163
133 164
133 170
133 174
133 175
133 179
133 181
133 183
133 184
133 187
133 189
133 191
133 193
133 196
133 198
133 199
134 135
134 136
134 137
134 139
134 142
134 146
134 147
134 148
134 151
134 153
134 155
134 158
134 159
134 160
134 161
134 162
134 163
134 164
134 165
134 168
134 170
134 171
134 172
134 174
134 176
134 178
134 179
134 181
134 183
134 184
134 187
134 188
134 190
134 194
134 195
134 198
134 199
135 138
135 140
135 141
135 144
135 148
135 149
135 152
135 156
135 157
135 160
135 161
135 163
135 164
135 165
135 166
135 167
135 168
135 171
135 172
135 174
135 175
135 176
135 178
135 179
135 182
135 184
135 186
135 189
135 191
135 196
135 198
135 199
136 138
136 143
136 144
136 145
136 147
136 148
136 149
136 150
136 152
136 155
136 157
136 158
136 159
136 165
136 166
136 168
136 170
136 171
136 172
136 174
136 175
136 177
136 181
136 185
136 190
136 191
136 193
136 194
136 198
136 199
137 138
137 142
137 145
137 147
137 149
137 151
137 154
137 156
137 157
137 160
137 161
137 164
137 166
137 168
137 170
137 171
137 172
137 173
137 176
137 178
137 179
137 180
137 181
137 182
137 183
137 185
137 188
137 190
137 191
137 193
137 194
137 196
137 198
138 140
138 144
138 145
138 149
138 152
138 155
138 156
138 157
138 159
138 162
138 164
138 165
138 166
138 167
138 170
138 175
138 177
138 178
138 180
138 181
138 183
138 184
138 185
138 187
138 190
138 192
138 195
138 197
138 198
138 199
139 140
139 144
139 145
139 146
139 149
139 153
139 154
139 155
139 156
139 159
139 160
139 161
139 162
139 170
139 171
139 172
139 173
139 174
139 175
139 183
139 184
139 185
139 189
139 190
139 191
139 192
139 193
139 195
139 196
139 198
139 199
140 141
140 142
140 143
140 144
140 145
140 147
140 148
140 149
140 150
140 151
140 153
140 154
140 158
140 162
140 165
140 168
140 170
140 172
140 174
140 175
140 177
140 180
140 181
140 182
140 185
140 186
140 189
140 192
140 193
140 194
140 197
140 199
141 142
141 143
141 145
141 146
141 147
141 152
141 156
141 159
141 163
141 164
141 165
141 167
141 168
141 169
141 171
141 173
141 174
141 180
141 182
141 184
141 186
141 189
141 191
141 194
141 196
141 198
141 199
142 143
142 144
142 145
142 151
142 152
142 153
142 155
142 157
142 158
142 160
142 161
142 162
142 163
142 164
142 165
142 167
142 169
142 170
142 172
142 173
142 174
142 175
142 178
142 179
142 180
142 182
142 185
142 186
142 188
142 190
142 191
142 192
142 198
143 147
143 151
143 152
143 155
143 163
143 165
143 166
143 168
143 172
143 173
143 174
143 175
143 176
143 177
143 178
143 180
143 182
143 183
143 186
143 188
143 189
143 191
143 192
143 193
143 195
144 147
144 153
144 157
144 158
144 159
144 160
144 161
144 162
144 166
144 168
144 169
144 175
144 179
144 180
144 181
144 186
144 187
144 190
144 192
144 194
144 195
144 196
144 197
145 146
145 147
145 154
145 156
145 160
145 161
145 164
145 165
145 166
145 168
145 169
145 170
145 171
145 174
145 178
145 180
145 181
145 183
145 185
145 187
145 192
145 193
145 194
145 198
146 147
146 149
146 151
146 152
146 154
146 156
146 160
146 167
146 168
146 169
146 170
146 171
146 174
146 175
146 176
146 177
146 178
146 180
146 181
146 182
146 185
146 188
146 189
146 191
146 192
146 193
146 195
146 198
146 199
147 148
147 149
147 151
147 152
147 153
147 155
147 158
147 159
147 162
147 163
147 164
147 165
147 166
147 167
147 169
147 171
147 172
147 173
147 174
147 176
147 178
147 179
147 182
147 183
147 184
147 186
147 187
147 188
147 189
147 191
147 194
147 195
147 196
147 197
147 198
147 199
148 149
148 151
148 154
148 155
148 159
148 162
148 171
148 177
148 178
148 181
148 183
148 186
148 189
148 190
148 191
148 192
148 194
148 198
149 151
149 152
149 154
149 155
149 158
149 159
149 161
149 164
149 168
149 169
149 180
149 182
149 184
149 187
149 188
149 189
149 190
149 194
149 196
150 153
150 158
150 160
150 161
150 162
150 163
150 164
150 167
150 168
150 171
150 172
150 173
150 175
150 176
150 178
150 179
150 180
150 182
150 185
150 187
150 189
150 194
150 196
151 153
151 155
151 156
151 159
151 160
151 164
151 165
151 168
151 170
151 173
151 174
151 178
151 180
151 184
151 190
151 191
151 193
151 197
151 198
151 199
152 153
152 154
152 160
152 161
152 163
152 166
152 168
152 169
152 170
152 171
152 172
152 173
152 177
152 178
152 179
152 180
152 181
152 183
152 184
152 185
152 187
152 188
152 189
152 191
152 195
153 157
153 158
153 159
153 160
153 163
153 165
153 166
153 167
153 168
153 169
153 171
153 172
153 175
153 178
153 179
153 180
153 183
153 189
153 192
153 193
153 196
153 199
154 155
154 156
154 158
154 169
154 171
154 172
154 174
154 175
154 176
154 177
154 178
154 179
154 184
154 185
154 189
154 191
154 194
154 197
155 156
155 157
155 158
155 159
155 160
155 161
155 162
155 163
155 164
155 170
155 171
155 172
155 175
155 176
155 178
155 179
155 181
155 183
155 186
155 187
155 189
155 191
155 192
155 194
155 196
155 197
155 198
155 199
156 159
156 161
156 162
156 163
156 164
156 166
156 167
156 169
156 172
156 177
156 180
156 181
156 182
156 183
156 185
156 186
156 187
156 188
156 190
156 192
156 194
156 195
156 196
156 198
156 199
157 164
157 166
157 167
157 168
157 169
157 170
157 171
157 172
157 173
157 174
157 176
157 179
157 180
157 182
157 185
157 186
157 187
157 189
157 190
157 192
157 194
157 195
157 196
157 198
158 159
158 161
158 164
158 165
158 166
158 177
158 178
158 180
158 181
158 182
158 183
158 184
158 188
158 189
158 190
158 191
158 195
158 197
158 198
159 160
159 161
159 165
159 166
159 168
159 169
159 170
159 171
159 172
159 173
159 175
159 177
159 178
159 180
159 181
159 188
159 189
159 191
159 192
159 194
159 197
159 198
160 161
160 163
160 169
160 170
160 175
160 176
160 178
160 181
160 183
160 185
160 186
160 187
160 189
160 190
160 193
160 194
160 195
160 196
160 197
160 198
160 199
161 163
161 165
161 166
161 168
161 169
161 170
161 172
161 174
161 175
161 177
161 178
161 180
161 181
161 183
161 184
161 185
161 187
161 194
161 196
161 197
161 199
162 163
162 164
162 167
162 168
162 170
162 174
162 175
162 176
162 180
162 181
162 182
162 188
162 192
162 196
162 199
163 164
163 167
163 168
163 170
163 173
163 179
163 182
163 184
163 186
163 187
163 189
163 191
163 192
163 196
163 198
163 199
164 166
164 167
164 169
164 171
164 172
164 174
164 175
164 177
164 179
164 180
164 183
164 186
164 188
164 189
164 190
164 191
164 192
165 166
165 167
165 168
165 172
165 176
165 177
165 178
165 179
165 180
165 184
165 191
165 193
165 194
165 195
165 196
165 197
165 198
165 199
166 169
166 170
166 171
166 172
166 173
166 174
166 175
166 177
166 179
166 181
166 183
166 187
166 190
166 194
166 195
166 196
166 199
167 169
167 171
167 173
167 174
167 175
167 177
167 178
167 179
167 183
167 184
167 185
167 190
167 192
167 193
167 194
167 196
167 197
167 198
168 169
168 170
168 172
168 174
168 175
168 176
168 177
168 179
168 180
168 181
168 182
168 184
168 185
168 186
168 187
168 189
168 190
168 194
168 195
168 197
169 170
169 171
169 173
169 176
169 177
169 178
169 179
169 180
169 181
169 182
169 184
169 191
169 194
169 196
169 197
169 198
170 175
170 176
170 178
170 180
170 181
170 184
170 186
170 189
170 191
170 192
170 193
170 194
170 195
170 196
170 198
171 172
171 178
171 179
171 180
171 182
171 183
171 184
171 186
171 187
171 188
171 190
171 191
171 194
171 195
171 197
171 198
172 174
172 175
172 176
172 179
172 180
172 182
172 183
172 184
172 189
172 190
172 192
172 193
172 197
172 198
172 199
173 174
173 176
173 177
173 178
173 180
173 182
173 185
173 187
173 188
173 191
173 193
173 194
173 195
173 196
173 197
173 199
174 175
174 179
174 180
174 181
174 182
174 184
174 185
174 187
174 192
174 197
174 198
174 199
175 177
175 178
175 181
175 182
175 183
175 184
175 186
175 187
175 189
175 191
175 192
176 177
176 179
176 181
176 184
176 188
176 190
176 192
176 194
176 195
176 196
176 198
177 180
177 181
177 183
177 184
177 186
177 188
177 192
177 193
177 194
177 196
177 197
178 181
178 186
178 188
178 190
178 191
178 194
178 195
178 196
178 198
179 180
179 185
179 186
179 187
179 188
179 189
179 192
179 194
179 196
179 197
179 198
180 183
180 184
180 185
180 188
180 189
180 190
180 194
180 197
180 198
181 182
181 183
181 185
181 187
181 188
181 190
181 191
181 192
181 198
182 184
182 189
182 190
182 192
182 193
182 196
182 198
182 199
183 185
183 188
183 190
183 191
183 192
183 193
183 198
183 199
184 185
184 187
184 188
184 189
184 190
184 191
184 194
184 195
184 196
184 197
184 198
184 199
185 194
185 195
185 198
185 199
186 188
186 190
186 191
186 194
186 195
186 196
186 198
186 199
187 188
187 192
187 193
187 194
187 196
187 198
188 189
188 191
188 195
188 196
188 198
188 199
189 190
189 193
189 194
189 199
190 191
190 192
190 193
190 194
191 192
191 197
191 199
192 196
192 198
193 194
193 198
194 198
195 196
195 197
196 197
196 199
15 67 192 176 46 89 105 145 92 104 110 50 185 26 64 100 123 117 40 157
198 90 59 21 175 197 173 36 151 189 163 111 178 159 38 199 16 80 94 195
33 118 115 5 63 91 122 134 132 162 98 168 133 186 146 140 10 165 167 56
169 119 45 86 144 31 9 32 6 129 139 131 14 7 3 23 166 27 99 81
158 187 11 114 190 124 4 47 42 51 172 170 148 13 138 152 85 54 12 93
29 83 70 25 191 87 72 188 135 76 136 79 34 60 128 160 153 2 82 1
78 141 113 184 77 24 107 101 18 17 143 181 52 137 193 194 147 102 108 41
130 84 95 22 126 183 37 28 55 88 164 48 8 150 68 0 171 57 20 71
182 73 142 154 43 19 30 69 49 39 35 75 121 58 65 196 53 174 44 96
66 112 62 161 61 116 156 125 120 180 177 179 97 109 155 106 103 127 74 149
