200
12048
4
17
84
44
10
0 4
0 5
0 6
0 7
0 8
0 10
0 12
0 13
0 14
0 15
0 20
0 22
0 24
0 25
0 26
0 29
0 30
0 31
0 33
0 34
0 35
0 37
0 38
0 39
0 40
0 46
0 47
0 48
0 49
0 50
0 51
0 52
0 53
0 54
0 57
0 59
0 60
0 62
0 63
0 64
0 66
0 67
0 69
0 72
0 74
0 76
0 77
0 78
0 79
0 82
0 83
0 84
0 85
0 86
0 87
0 88
0 89
0 90
0 91
0 93
0 95
0 96
0 99
0 100
0 101
0 108
0 112
0 113
0 114
0 118
0 119
0 120
0 121
0 123
0 124
0 125
0 129
0 130
0 132
0 133
0 134
0 135
0 137
0 138
0 142
0 143
0 145
0 146
0 147
0 148
0 149
0 150
0 154
0 155
0 157
0 158
0 159
0 160
0 162
0 164
0 165
0 167
0 168
0 169
0 170
0 173
0 174
0 176
0 178
0 184
0 186
0 188
0 189
0 191
0 192
0 193
0 194
0 197
0 198
0 199
1 3
1 4
1 5
1 7
1 9
1 10
1 12
1 14
1 16
1 17
1 19
1 21
1 22
1 23
1 24
1 25
1 27
1 30
1 33
1 35
1 37
1 38
1 39
1 41
1 42
1 44
1 46
1 48
1 49
1 50
1 51
1 53
1 54
1 55
1 57
1 58
1 60
1 61
1 62
1 63
1 64
1 66
1 67
1 68
1 70
1 71
1 72
1 73
1 77
1 79
1 80
1 81
1 82
1 84
1 85
1 86
1 87
1 88
1 89
1 91
1 92
1 93
1 95
1 96
1 97
1 99
1 100
1 103
1 106
1 108
1 109
1 110
1 111
1 112
1 114
1 115
1 116
1 117
1 118
1 119
1 120
1 121
1 122
1 123
1 125
1 126
1 128
1 129
1 130
1 131
1 132
1 133
1 139
1 142
1 143
1 144
1 147
1 148
1 149
1 150
1 152
1 153
1 154
1 156
1 157
1 159
1 160
1 162
1 166
1 168
1 169
1 170
1 171
1 173
1 174
1 175
1 177
1 180
1 181
1 184
1 185
1 186
1 187
1 188
1 189
1 190
1 194
1 195
1 198
1 199
2 5
2 6
2 7
2 8
2 9
2 12
2 13
2 14
2 15
2 17
2 18
2 19
2 21
2 23
2 24
2 25
2 26
2 27
2 28
2 32
2 33
2 34
2 37
2 39
2 40
2 41
2 42
2 44
2 45
2 46
2 48
2 51
2 55
2 56
2 57
2 58
2 61
2 63
2 64
2 65
2 67
2 69
2 70
2 74
2 75
2 76
2 79
2 81
2 83
2 84
2 88
2 89
2 92
2 93
2 94
2 95
2 97
2 98
2 99
2 101
2 102
2 103
2 104
2 105
2 106
2 107
2 108
2 109
2 110
2 111
2 112
2 113
2 115
2 116
2 117
2 118
2 119
2 121
2 124
2 127
2 129
2 130
2 136
2 139
2 140
2 141
2 143
2 145
2 146
2 148
2 150
2 153
2 155
2 156
2 158
2 160
2 162
2 163
2 164
2 167
2 169
2 170
2 171
2 172
2 174
2 175
2 176
2 177
2 179
2 180
2 182
2 183
2 184
2 185
2 186
2 187
2 188
2 190
2 192
2 194
2 195
2 197
2 198
2 199
3 5
3 6
3 9
3 10
3 12
3 13
3 15
3 16
3 17
3 26
3 28
3 30
3 31
3 32
3 33
3 34
3 36
3 39
3 40
3 41
3 42
3 46
3 47
3 48
3 49
3 50
3 51
3 53
3 54
3 55
3 56
3 57
3 58
3 59
3 60
3 61
3 64
3 65
3 66
3 69
3 70
3 74
3 75
3 76
3 78
3 79
3 80
3 81
3 83
3 86
3 88
3 89
3 92
3 94
3 95
3 98
3 104
3 106
3 107
3 108
3 110
3 111
3 112
3 113
3 115
3 117
3 118
3 119
3 120
3 122
3 124
3 125
3 127
3 128
3 129
3 131
3 132
3 133
3 136
3 137
3 142
3 145
3 146
3 147
3 148
3 149
3 153
3 155
3 156
3 157
3 158
3 160
3 161
3 162
3 163
3 165
3 169
3 170
3 171
3 173
3 174
3 175
3 176
3 177
3 178
3 180
3 181
3 185
3 187
3 188
3 191
3 192
3 194
3 196
3 197
3 198
3 199
4 5
4 8
4 11
4 12
4 14
4 15
4 17
4 19
4 20
4 22
4 23
4 24
4 30
4 31
4 32
4 33
4 34
4 35
4 37
4 38
4 40
4 42
4 44
4 48
4 49
4 54
4 56
4 58
4 61
4 62
4 65
4 68
4 69
4 72
4 73
4 75
4 78
4 79
4 80
4 82
4 83
4 84
4 86
4 88
4 89
4 91
4 96
4 100
4 102
4 103
4 104
4 106
4 108
4 109
4 110
4 111
4 112
4 114
4 115
4 117
4 120
4 121
4 126
4 127
4 128
4 129
4 130
4 131
4 132
4 134
4 135
4 138
4 140
4 141
4 142
4 146
4 147
4 148
4 149
4 150
4 151
4 152
4 153
4 154
4 155
4 156
4 157
4 161
4 163
4 164
4 168
4 171
4 173
4 174
4 176
4 177
4 179
4 182
4 185
4 187
4 188
4 189
4 190
4 191
4 194
4 196
4 197
4 198
4 199
5 6
5 10
5 11
5 16
5 17
5 19
5 20
5 24
5 25
5 26
5 30
5 31
5 32
5 33
5 37
5 38
5 40
5 45
5 46
5 48
5 50
5 51
5 53
5 54
5 55
5 56
5 57
5 58
5 62
5 66
5 69
5 71
5 72
5 73
5 74
5 77
5 78
5 80
5 82
5 83
5 84
5 85
5 87
5 90
5 91
5 93
5 94
5 95
5 98
5 99
5 101
5 104
5 106
5 108
5 109
5 110
5 112
5 115
5 116
5 117
5 119
5 121
5 124
5 125
5 128
5 129
5 130
5 131
5 132
5 133
5 134
5 135
5 137
5 138
5 140
5 143
5 144
5 146
5 147
5 150
5 153
5 155
5 160
5 162
5 163
5 164
5 166
5 167
5 169
5 170
5 171
5 172
5 173
5 174
5 175
5 180
5 181
5 183
5 184
5 187
5 189
5 190
5 191
5 196
5 197
6 7
6 8
6 9
6 13
6 14
6 15
6 18
6 21
6 23
6 24
6 25
6 26
6 28
6 30
6 31
6 33
6 34
6 35
6 36
6 37
6 40
6 42
6 45
6 46
6 47
6 48
6 50
6 52
6 53
6 57
6 59
6 60
6 61
6 63
6 67
6 68
6 70
6 71
6 73
6 74
6 75
6 76
6 77
6 78
6 80
6 81
6 82
6 83
6 85
6 86
6 87
6 90
6 91
6 92
6 94
6 95
6 96
6 97
6 98
6 100
6 101
6 103
6 104
6 105
6 106
6 107
6 108
6 114
6 115
6 116
6 118
6 119
6 121
6 122
6 123
6 124
6 125
6 130
6 132
6 135
6 137
6 139
6 140
6 141
6 142
6 145
6 146
6 147
6 148
6 150
6 152
6 157
6 158
6 159
6 161
6 163
6 164
6 166
6 167
6 169
6 170
6 171
6 174
6 177
6 183
6 184
6 185
6 186
6 188
6 191
6 192
6 193
6 194
6 196
6 197
6 199
7 8
7 10
7 12
7 13
7 15
7 17
7 19
7 23
7 24
7 25
7 27
7 30
7 32
7 33
7 34
7 35
7 38
7 39
7 41
7 42
7 43
7 44
7 48
7 50
7 52
7 53
7 54
7 55
7 56
7 57
7 60
7 61
7 62
7 64
7 66
7 68
7 74
7 75
7 79
7 80
7 81
7 83
7 84
7 85
7 86
7 88
7 89
7 90
7 91
7 95
7 97
7 98
7 99
7 100
7 101
7 105
7 107
7 109
7 110
7 111
7 112
7 113
7 116
7 117
7 119
7 121
7 123
7 124
7 126
7 129
7 130
7 131
7 134
7 136
7 137
7 138
7 139
7 142
7 143
7 144
7 145
7 147
7 149
7 150
7 152
7 154
7 157
7 159
7 161
7 162
7 164
7 165
7 167
7 169
7 173
7 174
7 175
7 176
7 177
7 178
7 182
7 183
7 184
7 186
7 187
7 190
7 192
7 193
7 194
7 196
7 199
8 10
8 12
8 13
8 14
8 15
8 17
8 18
8 22
8 23
8 24
8 26
8 27
8 28
8 29
8 30
8 31
8 32
8 33
8 34
8 36
8 37
8 39
8 42
8 43
8 44
8 47
8 49
8 51
8 52
8 53
8 54
8 55
8 57
8 59
8 60
8 61
8 63
8 64
8 67
8 68
8 71
8 75
8 76
8 80
8 81
8 82
8 85
8 87
8 88
8 89
8 90
8 92
8 93
8 95
8 96
8 99
8 101
8 103
8 104
8 105
8 106
8 107
8 109
8 110
8 111
8 113
8 114
8 115
8 116
8 117
8 118
8 120
8 123
8 124
8 125
8 126
8 127
8 128
8 130
8 131
8 132
8 133
8 134
8 136
8 137
8 138
8 139
8 141
8 142
8 145
8 146
8 148
8 156
8 157
8 158
8 160
8 161
8 162
8 163
8 164
8 167
8 170
8 171
8 172
8 174
8 175
8 176
8 178
8 179
8 180
8 181
8 182
8 187
8 188
8 190
8 192
8 193
8 199
9 11
9 13
9 16
9 17
9 18
9 22
9 23
9 25
9 26
9 27
9 28
9 29
9 30
9 31
9 32
9 34
9 35
9 38
9 40
9 41
9 42
9 43
9 44
9 49
9 51
9 52
9 54
9 55
9 60
9 61
9 62
9 64
9 65
9 66
9 68
9 71
9 73
9 75
9 79
9 80
9 81
9 82
9 83
9 88
9 89
9 91
9 92
9 93
9 95
9 97
9 98
9 99
9 100
9 101
9 102
9 103
9 105
9 106
9 107
9 110
9 112
9 113
9 114
9 115
9 116
9 119
9 121
9 123
9 124
9 125
9 127
9 129
9 130
9 131
9 132
9 134
9 136
9 139
9 140
9 141
9 142
9 143
9 145
9 146
9 147
9 148
9 149
9 150
9 153
9 154
9 155
9 157
9 158
9 159
9 160
9 161
9 164
9 166
9 168
9 169
9 170
9 173
9 174
9 175
9 176
9 178
9 180
9 181
9 183
9 185
9 186
9 188
9 189
9 192
9 194
9 196
9 197
9 198
9 199
10 12
10 13
10 15
10 17
10 18
10 19
10 20
10 21
10 22
10 26
10 27
10 32
10 33
10 35
10 36
10 37
10 39
10 42
10 43
10 44
10 45
10 49
10 52
10 54
10 55
10 56
10 57
10 58
10 60
10 61
10 62
10 67
10 69
10 76
10 78
10 82
10 83
10 84
10 85
10 86
10 87
10 88
10 92
10 93
10 94
10 95
10 96
10 97
10 98
10 99
10 101
10 102
10 103
10 105
10 108
10 109
10 110
10 113
10 114
10 115
10 116
10 118
10 122
10 123
10 124
10 125
10 126
10 127
10 128
10 130
10 131
10 132
10 133
10 134
10 135
10 136
10 139
10 140
10 142
10 143
10 145
10 146
10 147
10 148
10 149
10 150
10 151
10 152
10 154
10 157
10 158
10 159
10 160
10 161
10 163
10 167
10 170
10 171
10 172
10 173
10 175
10 180
10 182
10 184
10 185
10 187
10 188
10 189
10 192
10 193
10 194
10 195
10 196
10 197
11 13
11 14
11 16
11 21
11 22
11 23
11 24
11 25
11 27
11 28
11 29
11 31
11 32
11 34
11 36
11 38
11 39
11 40
11 42
11 43
11 45
11 46
11 47
11 48
11 49
11 50
11 53
11 54
11 57
11 58
11 62
11 63
11 64
11 65
11 66
11 67
11 68
11 71
11 73
11 74
11 75
11 77
11 78
11 80
11 82
11 83
11 84
11 85
11 86
11 87
11 90
11 92
11 93
11 94
11 95
11 96
11 99
11 103
11 104
11 106
11 107
11 108
11 109
11 110
11 112
11 113
11 116
11 117
11 118
11 119
11 121
11 122
11 123
11 124
11 127
11 129
11 130
11 137
11 138
11 139
11 140
11 141
11 142
11 145
11 146
11 147
11 148
11 152
11 154
11 155
11 156
11 157
11 160
11 161
11 164
11 165
11 166
11 168
11 169
11 171
11 172
11 174
11 175
11 176
11 179
11 180
11 184
11 185
11 189
11 190
11 193
11 194
11 197
11 198
11 199
12 13
12 14
12 16
12 17
12 18
12 19
12 20
12 21
12 22
12 23
12 27
12 29
12 34
12 36
12 39
12 41
12 42
12 44
12 46
12 47
12 48
12 50
12 51
12 52
12 53
12 59
12 60
12 63
12 65
12 66
12 67
12 69
12 70
12 71
12 72
12 73
12 77
12 78
12 79
12 80
12 82
12 83
12 84
12 86
12 87
12 90
12 92
12 93
12 94
12 96
12 97
12 98
12 99
12 100
12 101
12 102
12 104
12 106
12 107
12 108
12 110
12 113
12 115
12 116
12 117
12 119
12 122
12 124
12 125
12 126
12 128
12 130
12 131
12 136
12 139
12 140
12 142
12 143
12 144
12 146
12 148
12 151
12 152
12 154
12 156
12 158
12 159
12 160
12 163
12 166
12 167
12 168
12 169
12 170
12 171
12 172
12 175
12 176
12 178
12 179
12 184
12 185
12 186
12 187
12 188
12 189
12 190
12 191
12 193
12 195
12 197
13 15
13 17
13 21
13 22
13 26
13 31
13 32
13 33
13 35
13 36
13 39
13 40
13 47
13 48
13 49
13 51
13 52
13 55
13 57
13 58
13 59
13 60
13 62
13 63
13 64
13 66
13 67
13 68
13 69
13 71
13 74
13 75
13 76
13 79
13 80
13 82
13 84
13 85
13 91
13 94
13 99
13 101
13 102
13 104
13 105
13 107
13 108
13 109
13 110
13 111
13 112
13 113
13 114
13 116
13 119
13 120
13 121
13 122
13 125
13 126
13 127
13 128
13 129
13 130
13 131
13 132
13 134
13 139
13 140
13 143
13 144
13 146
13 148
13 149
13 150
13 151
13 154
13 155
13 156
13 157
13 158
13 161
13 162
13 163
13 164
13 170
13 171
13 173
13 174
13 175
13 176
13 177
13 179
13 182
13 183
13 184
13 187
13 188
13 191
13 196
13 198
14 16
14 18
14 22
14 23
14 25
14 26
14 27
14 30
14 33
14 34
14 35
14 36
14 39
14 40
14 41
14 42
14 44
14 46
14 48
14 49
14 50
14 55
14 57
14 60
14 61
14 62
14 63
14 66
14 68
14 70
14 74
14 76
14 77
14 78
14 81
14 82
14 83
14 84
14 85
14 86
14 87
14 88
14 90
14 93
14 94
14 96
14 97
14 99
14 100
14 101
14 104
14 105
14 106
14 107
14 108
14 111
14 112
14 113
14 114
14 115
14 117
14 118
14 120
14 122
14 123
14 124
14 125
14 126
14 127
14 128
14 131
14 134
14 136
14 139
14 140
14 141
14 142
14 143
14 144
14 147
14 148
14 149
14 151
14 153
14 154
14 155
14 156
14 158
14 160
14 162
14 163
14 170
14 172
14 173
14 175
14 178
14 179
14 180
14 181
14 182
14 186
14 187
14 188
14 190
14 195
14 197
14 198
15 16
15 17
15 18
15 19
15 20
15 21
15 23
15 24
15 25
15 26
15 27
15 29
15 31
15 34
15 35
15 37
15 38
15 39
15 40
15 41
15 42
15 43
15 44
15 46
15 47
15 49
15 50
15 53
15 55
15 57
15 58
15 60
15 62
15 63
15 64
15 66
15 69
15 75
15 76
15 77
15 79
15 80
15 81
15 83
15 84
15 85
15 86
15 87
15 89
15 91
15 92
15 93
15 95
15 96
15 97
15 98
15 99
15 101
15 102
15 103
15 104
15 106
15 107
15 108
15 110
15 113
15 114
15 118
15 121
15 122
15 123
15 126
15 127
15 133
15 134
15 136
15 137
15 140
15 143
15 146
15 147
15 149
15 150
15 151
15 152
15 153
15 154
15 157
15 160
15 161
15 163
15 164
15 165
15 167
15 168
15 170
15 172
15 173
15 174
15 175
15 176
15 178
15 179
15 181
15 182
15 186
15 187
15 191
15 194
15 196
15 197
15 198
15 199
16 17
16 19
16 20
16 22
16 25
16 27
16 29
16 30
16 31
16 33
16 40
16 41
16 42
16 43
16 44
16 48
16 52
16 54
16 56
16 57
16 58
16 59
16 60
16 61
16 63
16 64
16 65
16 67
16 68
16 71
16 72
16 73
16 74
16 75
16 76
16 77
16 78
16 80
16 81
16 83
16 84
16 85
16 88
16 89
16 90
16 92
16 93
16 94
16 95
16 96
16 98
16 101
16 103
16 105
16 106
16 109
16 110
16 112
16 113
16 115
16 119
16 120
16 123
16 124
16 125
16 128
16 131
16 132
16 133
16 137
16 139
16 140
16 141
16 143
16 145
16 153
16 155
16 156
16 157
16 158
16 161
16 162
16 163
16 166
16 167
16 168
16 169
16 170
16 172
16 174
16 176
16 178
16 180
16 182
16 183
16 184
16 185
16 186
16 187
16 188
16 189
16 190
16 193
16 194
16 195
16 197
16 198
17 19
17 20
17 21
17 22
17 23
17 25
17 26
17 28
17 29
17 30
17 33
17 34
17 37
17 39
17 40
17 42
17 43
17 44
17 45
17 46
17 49
17 51
17 53
17 54
17 55
17 56
17 57
17 60
17 61
17 62
17 63
17 64
17 66
17 71
17 72
17 73
17 75
17 76
17 77
17 78
17 79
17 80
17 82
17 83
17 85
17 86
17 87
17 89
17 90
17 94
17 96
17 97
17 102
17 103
17 105
17 109
17 110
17 111
17 112
17 113
17 116
17 121
17 123
17 124
17 125
17 126
17 128
17 129
17 132
17 133
17 136
17 139
17 140
17 143
17 144
17 146
17 147
17 149
17 154
17 155
17 158
17 159
17 161
17 162
17 164
17 165
17 166
17 170
17 171
17 172
17 173
17 177
17 178
17 181
17 182
17 183
17 184
17 186
17 189
17 193
17 195
17 196
17 197
18 20
18 21
18 22
18 23
18 24
18 25
18 27
18 28
18 31
18 33
18 35
18 36
18 37
18 38
18 39
18 40
18 41
18 43
18 45
18 48
18 50
18 55
18 57
18 58
18 59
18 60
18 63
18 64
18 68
18 70
18 71
18 73
18 77
18 79
18 80
18 82
18 83
18 84
18 85
18 87
18 88
18 89
18 92
18 93
18 95
18 96
18 97
18 100
18 102
18 104
18 105
18 106
18 107
18 111
18 112
18 116
18 119
18 120
18 124
18 126
18 127
18 128
18 129
18 130
18 132
18 133
18 134
18 137
18 138
18 140
18 142
18 144
18 145
18 146
18 147
18 148
18 149
18 150
18 152
18 153
18 155
18 156
18 158
18 159
18 160
18 162
18 163
18 165
18 166
18 167
18 168
18 169
18 171
18 172
18 173
18 180
18 181
18 182
18 183
18 185
18 187
18 189
18 190
18 192
18 193
18 195
18 196
19 21
19 22
19 24
19 25
19 26
19 28
19 29
19 30
19 31
19 32
19 34
19 35
19 36
19 37
19 38
19 39
19 41
19 43
19 44
19 45
19 47
19 49
19 50
19 54
19 57
19 58
19 59
19 61
19 65
19 66
19 68
19 69
19 70
19 71
19 73
19 75
19 76
19 78
19 81
19 83
19 87
19 91
19 94
19 96
19 97
19 98
19 99
19 100
19 102
19 103
19 105
19 106
19 107
19 108
19 109
19 111
19 113
19 114
19 115
19 118
19 121
19 122
19 123
19 124
19 125
19 127
19 128
19 129
19 133
19 134
19 135
19 136
19 137
19 138
19 139
19 143
19 145
19 147
19 151
19 155
19 156
19 158
19 159
19 161
19 162
19 163
19 164
19 165
19 166
19 170
19 171
19 172
19 173
19 174
19 177
19 180
19 181
19 182
19 184
19 191
19 193
19 194
19 196
19 198
19 199
20 22
20 23
20 24
20 25
20 26
20 27
20 28
20 31
20 33
20 34
20 35
20 38
20 39
20 40
20 41
20 42
20 43
20 44
20 45
20 50
20 51
20 52
20 53
20 54
20 55
20 57
20 61
20 62
20 64
20 65
20 66
20 67
20 70
20 71
20 72
20 75
20 76
20 77
20 81
20 84
20 85
20 86
20 88
20 89
20 90
20 92
20 97
20 98
20 100
20 101
20 105
20 106
20 108
20 109
20 111
20 112
20 113
20 115
20 117
20 119
20 120
20 123
20 125
20 126
20 127
20 128
20 129
20 131
20 133
20 135
20 137
20 138
20 139
20 143
20 144
20 145
20 146
20 147
20 148
20 150
20 153
20 156
20 159
20 160
20 163
20 165
20 171
20 173
20 175
20 176
20 177
20 179
20 182
20 183
20 186
20 189
20 192
20 193
20 194
20 195
20 196
20 197
21 22
21 24
21 26
21 27
21 28
21 30
21 31
21 32
21 33
21 38
21 39
21 40
21 41
21 42
21 43
21 44
21 45
21 46
21 47
21 50
21 51
21 54
21 55
21 57
21 59
21 60
21 62
21 63
21 65
21 66
21 67
21 68
21 70
21 71
21 74
21 76
21 77
21 80
21 81
21 83
21 84
21 85
21 87
21 89
21 92
21 94
21 96
21 99
21 100
21 101
21 103
21 104
21 105
21 106
21 109
21 112
21 114
21 117
21 119
21 120
21 122
21 123
21 126
21 129
21 130
21 131
21 135
21 138
21 140
21 141
21 142
21 144
21 145
21 146
21 148
21 151
21 154
21 155
21 156
21 157
21 159
21 160
21 162
21 163
21 164
21 166
21 167
21 169
21 171
21 172
21 176
21 177
21 178
21 179
21 180
21 183
21 184
21 185
21 188
21 191
21 192
21 194
21 195
21 198
22 23
22 24
22 25
22 26
22 27
22 29
22 30
22 32
22 33
22 34
22 36
22 37
22 38
22 39
22 40
22 44
22 45
22 47
22 48
22 49
22 52
22 53
22 54
22 57
22 58
22 59
22 61
22 63
22 64
22 68
22 69
22 70
22 73
22 74
22 75
22 76
22 77
22 81
22 82
22 83
22 85
22 86
22 87
22 88
22 89
22 90
22 91
22 92
22 98
22 99
22 102
22 105
22 108
22 109
22 112
22 114
22 116
22 117
22 119
22 120
22 121
22 123
22 125
22 126
22 130
22 131
22 132
22 134
22 135
22 136
22 137
22 138
22 139
22 140
22 141
22 142
22 144
22 146
22 150
22 151
22 155
22 158
22 160
22 161
22 163
22 165
22 166
22 167
22 169
22 170
22 171
22 172
22 173
22 174
22 175
22 176
22 177
22 178
22 179
22 180
22 181
22 182
22 183
22 185
22 187
22 188
22 190
22 191
22 192
22 193
22 195
22 198
23 26
23 27
23 28
23 30
23 31
23 33
23 37
23 38
23 39
23 40
23 42
23 45
23 47
23 48
23 49
23 51
23 52
23 54
23 56
23 57
23 60
23 61
23 62
23 63
23 64
23 65
23 66
23 69
23 71
23 72
23 73
23 74
23 76
23 77
23 78
23 79
23 80
23 82
23 83
23 84
23 86
23 88
23 90
23 92
23 93
23 94
23 96
23 97
23 98
23 99
23 101
23 102
23 103
23 104
23 106
23 107
23 108
23 109
23 111
23 112
23 114
23 115
23 116
23 117
23 118
23 119
23 120
23 121
23 122
23 124
23 125
23 126
23 127
23 130
23 131
23 132
23 135
23 136
23 137
23 139
23 142
23 147
23 149
23 151
23 153
23 154
23 155
23 157
23 158
23 159
23 160
23 161
23 162
23 165
23 167
23 169
23 171
23 172
23 173
23 174
23 175
23 177
23 179
23 180
23 181
23 183
23 184
23 185
23 187
23 188
23 191
23 192
23 194
23 196
23 197
23 198
24 25
24 28
24 29
24 30
24 32
24 35
24 36
24 40
24 42
24 43
24 44
24 48
24 49
24 50
24 51
24 53
24 55
24 56
24 57
24 58
24 59
24 60
24 61
24 62
24 64
24 67
24 71
24 76
24 77
24 79
24 80
24 81
24 83
24 86
24 87
24 91
24 92
24 96
24 97
24 98
24 100
24 102
24 104
24 106
24 107
24 108
24 111
24 112
24 116
24 118
24 119
24 120
24 121
24 123
24 126
24 128
24 130
24 131
24 132
24 136
24 138
24 139
24 140
24 141
24 142
24 143
24 145
24 146
24 147
24 148
24 149
24 150
24 152
24 157
24 158
24 159
24 161
24 162
24 164
24 165
24 167
24 169
24 174
24 175
24 179
24 180
24 181
24 182
24 183
24 184
24 187
24 188
24 189
24 192
24 193
24 194
24 195
24 197
24 198
25 26
25 27
25 28
25 30
25 32
25 33
25 35
25 38
25 41
25 42
25 45
25 46
25 47
25 49
25 51
25 52
25 53
25 54
25 55
25 56
25 58
25 59
25 60
25 62
25 65
25 66
25 67
25 68
25 69
25 71
25 72
25 73
25 74
25 76
25 77
25 78
25 79
25 80
25 83
25 86
25 87
25 88
25 91
25 93
25 95
25 96
25 98
25 99
25 102
25 105
25 109
25 110
25 111
25 112
25 114
25 117
25 118
25 120
25 121
25 122
25 123
25 125
25 128
25 130
25 131
25 133
25 135
25 136
25 137
25 138
25 141
25 143
25 145
25 147
25 152
25 153
25 154
25 155
25 156
25 157
25 159
25 160
25 161
25 162
25 164
25 165
25 167
25 168
25 169
25 170
25 171
25 172
25 173
25 174
25 175
25 176
25 177
25 178
25 179
25 180
25 181
25 182
25 184
25 185
25 187
25 188
25 193
25 194
25 196
26 30
26 31
26 35
26 36
26 38
26 39
26 42
26 45
26 47
26 48
26 49
26 51
26 52
26 53
26 59
26 60
26 62
26 65
26 66
26 71
26 73
26 75
26 77
26 79
26 80
26 81
26 83
26 84
26 87
26 88
26 89
26 90
26 93
26 95
26 99
26 100
26 101
26 102
26 104
26 105
26 106
26 107
26 109
26 110
26 111
26 112
26 114
26 116
26 117
26 118
26 120
26 122
26 126
26 127
26 131
26 132
26 134
26 136
26 137
26 139
26 141
26 142
26 143
26 144
26 145
26 146
26 147
26 148
26 150
26 153
26 154
26 155
26 156
26 157
26 163
26 164
26 166
26 168
26 169
26 171
26 172
26 173
26 174
26 175
26 177
26 178
26 181
26 185
26 187
26 188
26 191
26 192
26 193
26 194
26 195
26 196
26 197
27 29
27 30
27 33
27 35
27 36
27 39
27 41
27 45
27 49
27 50
27 52
27 55
27 56
27 57
27 58
27 60
27 62
27 63
27 64
27 66
27 67
27 69
27 70
27 71
27 72
27 74
27 77
27 79
27 80
27 81
27 82
27 83
27 84
27 86
27 87
27 88
27 89
27 90
27 91
27 93
27 94
27 96
27 99
27 101
27 103
27 105
27 107
27 108
27 110
27 111
27 112
27 115
27 118
27 122
27 123
27 127
27 128
27 129
27 130
27 131
27 132
27 135
27 136
27 137
27 138
27 139
27 140
27 143
27 144
27 145
27 146
27 149
27 151
27 152
27 153
27 156
27 159
27 160
27 161
27 165
27 167
27 168
27 169
27 171
27 172
27 176
27 178
27 179
27 180
27 181
27 182
27 183
27 185
27 186
27 187
27 188
27 189
27 190
27 194
27 195
27 197
28 29
28 30
28 31
28 32
28 33
28 36
28 38
28 41
28 42
28 43
28 46
28 48
28 49
28 50
28 51
28 52
28 53
28 55
28 56
28 57
28 58
28 62
28 66
28 67
28 68
28 69
28 70
28 74
28 75
28 76
28 77
28 79
28 80
28 82
28 83
28 84
28 87
28 88
28 90
28 93
28 94
28 96
28 98
28 100
28 102
28 108
28 110
28 111
28 113
28 116
28 117
28 118
28 124
28 126
28 127
28 129
28 131
28 132
28 135
28 137
28 138
28 140
28 142
28 144
28 145
28 147
28 148
28 149
28 152
28 153
28 155
28 156
28 157
28 158
28 159
28 165
28 170
28 178
28 179
28 180
28 181
28 184
28 185
28 186
28 187
28 188
28 189
28 193
28 196
29 30
29 31
29 32
29 33
29 35
29 38
29 39
29 42
29 43
29 44
29 46
29 48
29 49
29 50
29 54
29 55
29 56
29 58
29 59
29 60
29 61
29 62
29 63
29 64
29 65
29 67
29 68
29 70
29 72
29 75
29 76
29 78
29 80
29 81
29 86
29 88
29 89
29 91
29 92
29 96
29 98
29 100
29 102
29 103
29 104
29 105
29 106
29 108
29 110
29 111
29 112
29 113
29 119
29 121
29 123
29 125
29 126
29 127
29 132
29 133
29 136
29 138
29 139
29 140
29 141
29 143
29 144
29 145
29 147
29 151
29 153
29 157
29 160
29 162
29 163
29 164
29 165
29 167
29 169
29 170
29 171
29 174
29 175
29 176
29 177
29 179
29 180
29 181
29 183
29 184
29 185
29 186
29 187
29 188
29 190
29 191
29 192
29 193
29 195
29 196
29 197
29 198
30 33
30 35
30 36
30 38
30 40
30 42
30 44
30 45
30 46
30 47
30 50
30 51
30 52
30 53
30 56
30 59
30 62
30 65
30 66
30 68
30 70
30 71
30 74
30 75
30 76
30 77
30 78
30 79
30 80
30 83
30 85
30 86
30 88
30 90
30 91
30 96
30 99
30 100
30 101
30 102
30 103
30 104
30 111
30 112
30 113
30 114
30 116
30 120
30 123
30 125
30 127
30 128
30 130
30 131
30 134
30 135
30 138
30 140
30 141
30 142
30 143
30 144
30 146
30 147
30 150
30 151
30 152
30 154
30 155
30 157
30 158
30 159
30 160
30 161
30 165
30 166
30 168
30 169
30 170
30 173
30 174
30 175
30 176
30 177
30 178
30 180
30 181
30 183
30 185
30 186
30 189
30 194
30 196
30 197
30 199
31 32
31 33
31 34
31 35
31 37
31 38
31 41
31 42
31 43
31 44
31 45
31 46
31 47
31 49
31 50
31 53
31 55
31 56
31 57
31 62
31 67
31 68
31 70
31 72
31 74
31 77
31 80
31 82
31 83
31 84
31 86
31 87
31 90
31 94
31 97
31 99
31 100
31 101
31 102
31 103
31 104
31 110
31 111
31 112
31 115
31 116
31 121
31 122
31 123
31 125
31 126
31 128
31 129
31 130
31 131
31 133
31 134
31 135
31 139
31 140
31 142
31 143
31 144
31 145
31 146
31 148
31 149
31 152
31 153
31 154
31 155
31 156
31 157
31 158
31 160
31 161
31 163
31 164
31 165
31 166
31 167
31 168
31 171
31 172
31 173
31 174
31 175
31 176
31 178
31 180
31 181
31 186
31 187
31 189
31 194
31 195
31 196
31 198
31 199
32 37
32 40
32 41
32 43
32 45
32 48
32 49
32 51
32 54
32 56
32 58
32 59
32 62
32 63
32 64
32 65
32 70
32 72
32 73
32 76
32 79
32 80
32 81
32 83
32 84
32 86
32 87
32 88
32 89
32 91
32 92
32 95
32 97
32 98
32 101
32 104
32 105
32 106
32 107
32 108
32 110
32 111
32 113
32 116
32 121
32 123
32 124
32 125
32 127
32 128
32 129
32 130
32 133
32 136
32 143
32 145
32 146
32 147
32 149
32 150
32 151
32 153
32 155
32 156
32 159
32 161
32 162
32 163
32 166
32 169
32 170
32 172
32 174
32 175
32 176
32 178
32 179
32 180
32 182
32 184
32 186
32 187
32 189
32 190
32 192
32 193
32 194
32 195
32 196
32 197
32 198
32 199
33 35
33 36
33 37
33 42
33 43
33 44
33 45
33 46
33 54
33 55
33 56
33 57
33 58
33 59
33 60
33 61
33 62
33 63
33 64
33 65
33 66
33 70
33 71
33 72
33 76
33 77
33 80
33 81
33 82
33 85
33 86
33 87
33 89
33 90
33 92
33 94
33 95
33 97
33 98
33 101
33 102
33 103
33 104
33 107
33 110
33 111
33 112
33 113
33 114
33 115
33 117
33 118
33 120
33 121
33 123
33 124
33 128
33 129
33 136
33 137
33 139
33 142
33 143
33 144
33 145
33 146
33 147
33 150
33 153
33 154
33 155
33 156
33 157
33 161
33 162
33 163
33 164
33 167
33 169
33 171
33 172
33 173
33 175
33 176
33 178
33 179
33 182
33 183
33 184
33 185
33 186
33 188
33 189
33 190
33 191
33 192
33 193
33 194
33 195
33 196
33 197
33 198
33 199
34 35
34 37
34 39
34 40
34 41
34 42
34 43
34 44
34 45
34 47
34 48
34 49
34 50
34 58
34 62
34 63
34 64
34 65
34 66
34 67
34 69
34 70
34 72
34 75
34 79
34 80
34 81
34 83
34 84
34 87
34 88
34 90
34 91
34 92
34 93
34 94
34 95
34 97
34 99
34 101
34 102
34 103
34 105
34 106
34 108
34 109
34 110
34 112
34 113
34 114
34 116
34 117
34 118
34 120
34 124
34 126
34 127
34 128
34 129
34 130
34 133
34 135
34 136
34 138
34 139
34 141
34 142
34 143
34 145
34 146
34 149
34 150
34 151
34 152
34 153
34 154
34 155
34 158
34 159
34 160
34 161
34 163
34 164
34 165
34 166
34 168
34 170
34 173
34 174
34 175
34 176
34 177
34 179
34 180
34 181
34 182
34 184
34 185
34 190
34 191
34 192
34 193
34 194
34 195
34 196
34 197
34 198
34 199
35 36
35 38
35 43
35 44
35 46
35 48
35 49
35 50
35 52
35 53
35 57
35 58
35 61
35 62
35 64
35 70
35 71
35 72
35 73
35 74
35 76
35 77
35 78
35 79
35 81
35 82
35 85
35 88
35 89
35 90
35 91
35 92
35 93
35 94
35 95
35 96
35 97
35 100
35 103
35 104
35 106
35 107
35 108
35 109
35 111
35 113
35 114
35 116
35 117
35 118
35 119
35 120
35 121
35 122
35 124
35 125
35 127
35 128
35 129
35 130
35 131
35 132
35 134
35 135
35 136
35 137
35 139
35 142
35 143
35 144
35 145
35 147
35 148
35 150
35 151
35 154
35 155
35 156
35 157
35 158
35 159
35 160
35 161
35 164
35 166
35 168
35 169
35 170
35 171
35 172
35 174
35 176
35 178
35 179
35 181
35 183
35 186
35 187
35 188
35 190
35 192
35 195
35 196
35 197
35 198
35 199
36 37
36 39
36 40
36 41
36 42
36 45
36 46
36 48
36 49
36 51
36 52
36 53
36 55
36 57
36 58
36 61
36 63
36 64
36 67
36 69
36 71
36 72
36 73
36 74
36 76
36 77
36 78
36 79
36 81
36 82
36 84
36 87
36 88
36 90
36 91
36 93
36 94
36 96
36 98
36 99
36 100
36 101
36 102
36 103
36 104
36 105
36 107
36 108
36 109
36 111
36 112
36 113
36 115
36 117
36 119
36 120
36 121
36 122
36 123
36 126
36 127
36 128
36 129
36 130
36 131
36 133
36 134
36 135
36 138
36 139
36 140
36 144
36 146
36 148
36 149
36 151
36 152
36 154
36 155
36 156
36 157
36 158
36 159
36 161
36 162
36 163
36 164
36 165
36 167
36 169
36 170
36 171
36 172
36 175
36 176
36 178
36 179
36 180
36 182
36 183
36 186
36 188
36 189
36 190
36 191
36 192
36 194
36 195
36 197
36 198
37 38
37 41
37 42
37 44
37 46
37 47
37 53
37 54
37 56
37 57
37 58
37 59
37 60
37 63
37 65
37 66
37 67
37 68
37 69
37 70
37 71
37 73
37 74
37 75
37 77
37 79
37 80
37 83
37 85
37 87
37 88
37 91
37 92
37 93
37 95
37 100
37 102
37 103
37 104
37 105
37 106
37 108
37 109
37 112
37 118
37 119
37 120
37 122
37 123
37 124
37 125
37 126
37 127
37 130
37 133
37 134
37 135
37 138
37 140
37 141
37 142
37 144
37 146
37 147
37 148
37 149
37 150
37 151
37 152
37 153
37 154
37 155
37 156
37 157
37 161
37 162
37 164
37 168
37 169
37 170
37 171
37 174
37 176
37 178
37 179
37 180
37 184
37 185
37 188
37 189
37 190
37 191
37 193
37 195
37 197
37 198
37 199
38 39
38 41
38 43
38 44
38 46
38 47
38 49
38 52
38 53
38 54
38 55
38 56
38 57
38 62
38 63
38 64
38 65
38 66
38 68
38 69
38 71
38 72
38 73
38 74
38 75
38 77
38 78
38 81
38 82
38 84
38 85
38 88
38 89
38 90
38 91
38 94
38 95
38 96
38 97
38 98
38 99
38 100
38 101
38 102
38 103
38 105
38 107
38 108
38 110
38 111
38 112
38 113
38 114
38 120
38 121
38 122
38 124
38 125
38 126
38 128
38 130
38 132
38 133
38 134
38 137
38 138
38 139
38 140
38 141
38 143
38 145
38 146
38 148
38 152
38 153
38 154
38 161
38 163
38 164
38 165
38 166
38 168
38 169
38 170
38 171
38 174
38 175
38 176
38 177
38 181
38 184
38 185
38 186
38 187
38 189
38 191
38 192
38 194
38 195
38 196
38 197
38 198
38 199
39 40
39 43
39 44
39 45
39 47
39 49
39 50
39 58
39 60
39 61
39 62
39 63
39 64
39 66
39 67
39 70
39 72
39 73
39 74
39 75
39 76
39 78
39 79
39 80
39 83
39 85
39 87
39 91
39 92
39 93
39 95
39 96
39 97
39 98
39 99
39 100
39 103
39 105
39 106
39 109
39 110
39 112
39 113
39 114
39 115
39 118
39 119
39 123
39 124
39 127
39 128
39 131
39 132
39 133
39 137
39 138
39 139
39 142
39 143
39 144
39 145
39 146
39 149
39 150
39 152
39 153
39 155
39 156
39 157
39 159
39 160
39 161
39 165
39 166
39 167
39 168
39 169
39 171
39 175
39 177
39 178
39 179
39 180
39 181
39 183
39 184
39 186
39 187
39 188
39 191
39 195
39 198
39 199
40 41
40 42
40 43
40 44
40 45
40 46
40 47
40 48
40 49
40 50
40 51
40 57
40 59
40 62
40 64
40 65
40 67
40 68
40 69
40 70
40 71
40 72
40 76
40 77
40 78
40 79
40 80
40 81
40 83
40 85
40 86
40 88
40 90
40 94
40 95
40 98
40 99
40 100
40 101
40 102
40 103
40 105
40 106
40 107
40 109
40 110
40 111
40 112
40 113
40 116
40 117
40 120
40 122
40 124
40 125
40 126
40 128
40 129
40 132
40 136
40 137
40 138
40 139
40 140
40 141
40 144
40 145
40 146
40 147
40 148
40 149
40 151
40 152
40 153
40 154
40 155
40 156
40 158
40 159
40 160
40 162
40 164
40 166
40 167
40 168
40 169
40 170
40 171
40 174
40 178
40 181
40 182
40 184
40 186
40 188
40 191
40 192
40 193
40 194
40 195
40 196
40 198
40 199
41 44
41 48
41 50
41 52
41 53
41 54
41 57
41 58
41 59
41 60
41 61
41 63
41 64
41 65
41 67
41 68
41 69
41 70
41 72
41 73
41 74
41 75
41 76
41 78
41 80
41 81
41 86
41 89
41 90
41 91
41 92
41 94
41 95
41 96
41 97
41 99
41 100
41 101
41 102
41 103
41 104
41 105
41 106
41 107
41 108
41 109
41 110
41 111
41 114
41 115
41 117
41 118
41 120
41 121
41 122
41 125
41 127
41 128
41 130
41 131
41 132
41 134
41 136
41 137
41 138
41 139
41 140
41 141
41 142
41 143
41 146
41 147
41 149
41 151
41 154
41 158
41 160
41 161
41 162
41 163
41 166
41 167
41 168
41 169
41 170
41 171
41 172
41 174
41 175
41 176
41 178
41 180
41 181
41 182
41 184
41 185
41 186
41 190
41 191
41 192
41 194
41 195
41 196
41 198
42 43
42 45
42 47
42 49
42 51
42 52
42 53
42 54
42 55
42 57
42 58
42 59
42 60
42 61
42 63
42 65
42 66
42 68
42 69
42 70
42 71
42 72
42 73
42 75
42 76
42 79
42 80
42 81
42 82
42 83
42 85
42 87
42 88
42 89
42 90
42 91
42 93
42 94
42 95
42 96
42 101
42 103
42 104
42 105
42 107
42 108
42 109
42 112
42 114
42 116
42 121
42 122
42 124
42 125
42 126
42 127
42 129
42 131
42 132
42 133
42 136
42 138
42 142
42 143
42 147
42 148
42 149
42 153
42 154
42 155
42 156
42 157
42 158
42 159
42 160
42 161
42 162
42 164
42 165
42 167
42 169
42 171
42 172
42 177
42 178
42 181
42 184
42 185
42 186
42 188
42 189
42 190
42 191
42 193
42 195
42 196
43 44
43 45
43 46
43 47
43 48
43 50
43 51
43 52
43 53
43 54
43 56
43 58
43 59
43 62
43 63
43 65
43 69
43 71
43 74
43 76
43 77
43 78
43 79
43 82
43 83
43 85
43 86
43 87
43 88
43 89
43 91
43 94
43 96
43 99
43 100
43 101
43 102
43 105
43 106
43 107
43 108
43 109
43 110
43 111
43 112
43 115
43 117
43 119
43 120
43 122
43 123
43 125
43 126
43 129
43 131
43 134
43 135
43 137
43 138
43 139
43 140
43 141
43 146
43 147
43 148
43 149
43 150
43 152
43 153
43 154
43 155
43 156
43 157
43 158
43 159
43 160
43 164
43 165
43 168
43 174
43 175
43 176
43 177
43 179
43 180
43 181
43 183
43 184
43 187
43 188
43 189
43 190
43 193
43 199
44 46
44 51
44 52
44 55
44 56
44 57
44 58
44 59
44 60
44 61
44 62
44 63
44 66
44 67
44 68
44 70
44 71
44 72
44 73
44 74
44 75
44 77
44 80
44 81
44 82
44 83
44 84
44 85
44 86
44 87
44 88
44 89
44 90
44 92
44 93
44 94
44 95
44 96
44 97
44 98
44 99
44 100
44 104
44 105
44 106
44 110
44 112
44 113
44 117
44 118
44 121
44 122
44 123
44 126
44 128
44 129
44 130
44 131
44 132
44 133
44 134
44 136
44 137
44 138
44 139
44 141
44 142
44 143
44 144
44 146
44 147
44 148
44 152
44 154
44 155
44 156
44 158
44 163
44 164
44 167
44 168
44 169
44 170
44 171
44 172
44 173
44 174
44 176
44 178
44 179
44 180
44 187
44 188
44 189
44 190
44 191
44 192
44 193
44 194
44 195
44 197
44 198
44 199
45 50
45 51
45 52
45 53
45 55
45 56
45 58
45 60
45 63
45 64
45 67
45 68
45 69
45 70
45 72
45 73
45 74
45 75
45 77
45 78
45 79
45 80
45 81
45 82
45 84
45 87
45 88
45 90
45 91
45 92
45 93
45 94
45 96
45 98
45 99
45 101
45 102
45 105
45 108
45 110
45 111
45 112
45 116
45 117
45 118
45 121
45 123
45 124
45 125
45 128
45 129
45 130
45 131
45 132
45 136
45 137
45 140
45 141
45 142
45 143
45 144
45 146
45 147
45 148
45 149
45 150
45 151
45 152
45 154
45 161
45 163
45 165
45 166
45 167
45 168
45 172
45 174
45 175
45 177
45 178
45 182
45 183
45 185
45 187
45 190
45 191
45 192
45 195
45 196
45 198
46 47
46 49
46 52
46 54
46 55
46 56
46 57
46 60
46 61
46 63
46 66
46 71
46 72
46 73
46 75
46 76
46 77
46 79
46 80
46 81
46 84
46 85
46 86
46 89
46 90
46 92
46 93
46 94
46 95
46 96
46 98
46 99
46 100
46 102
46 103
46 107
46 108
46 109
46 111
46 114
46 115
46 117
46 120
46 123
46 124
46 125
46 128
46 130
46 131
46 133
46 136
46 139
46 141
46 142
46 143
46 145
46 146
46 147
46 148
46 151
46 152
46 153
46 154
46 155
46 157
46 158
46 160
46 162
46 169
46 170
46 174
46 175
46 177
46 180
46 182
46 187
46 189
46 191
46 193
46 195
46 196
46 197
46 198
46 199
47 49
47 50
47 51
47 52
47 55
47 57
47 62
47 66
47 68
47 69
47 70
47 71
47 72
47 74
47 75
47 77
47 78
47 79
47 81
47 82
47 83
47 84
47 86
47 87
47 88
47 90
47 91
47 93
47 95
47 97
47 98
47 100
47 101
47 103
47 106
47 108
47 109
47 110
47 112
47 114
47 115
47 118
47 123
47 124
47 125
47 128
47 130
47 131
47 132
47 133
47 134
47 136
47 137
47 140
47 143
47 144
47 146
47 148
47 149
47 152
47 153
47 156
47 157
47 160
47 162
47 163
47 167
47 169
47 173
47 175
47 177
47 178
47 181
47 186
47 188
47 189
47 190
47 195
47 197
47 198
47 199
48 49
48 51
48 52
48 53
48 54
48 55
48 59
48 60
48 61
48 62
48 63
48 67
48 69
48 70
48 72
48 74
48 76
48 77
48 78
48 79
48 80
48 81
48 82
48 83
48 84
48 86
48 87
48 88
48 93
48 94
48 97
48 98
48 99
48 101
48 104
48 106
48 107
48 109
48 112
48 116
48 117
48 118
48 122
48 123
48 124
48 126
48 127
48 130
48 132
48 133
48 134
48 135
48 136
48 140
48 141
48 142
48 143
48 145
48 146
48 149
48 150
48 151
48 152
48 153
48 156
48 157
48 159
48 163
48 167
48 168
48 169
48 172
48 175
48 176
48 177
48 180
48 181
48 182
48 183
48 185
48 187
48 190
48 192
48 193
48 194
48 195
48 196
48 198
48 199
49 52
49 54
49 59
49 60
49 62
49 70
49 71
49 74
49 79
49 80
49 81
49 82
49 86
49 87
49 88
49 89
49 92
49 94
49 95
49 97
49 99
49 100
49 102
49 103
49 105
49 108
49 109
49 111
49 112
49 115
49 116
49 117
49 119
49 121
49 122
49 123
49 124
49 125
49 126
49 127
49 128
49 129
49 130
49 132
49 133
49 134
49 135
49 136
49 138
49 139
49 141
49 142
49 145
49 146
49 147
49 149
49 151
49 152
49 153
49 155
49 156
49 157
49 158
49 160
49 162
49 163
49 165
49 166
49 167
49 168
49 170
49 172
49 174
49 177
49 178
49 179
49 180
49 181
49 183
49 185
49 186
49 189
49 193
49 194
49 196
49 197
49 199
50 52
50 55
50 60
50 62
50 63
50 64
50 65
50 67
50 68
50 69
50 71
50 73
50 75
50 76
50 77
50 78
50 79
50 80
50 81
50 82
50 83
50 84
50 85
50 86
50 87
50 88
50 89
50 91
50 93
50 94
50 95
50 96
50 97
50 98
50 99
50 101
50 102
50 105
50 106
50 110
50 112
50 113
50 115
50 116
50 119
50 120
50 121
50 124
50 126
50 127
50 128
50 129
50 130
50 135
50 137
50 139
50 140
50 141
50 145
50 146
50 148
50 149
50 151
50 153
50 154
50 155
50 156
50 157
50 161
50 164
50 166
50 167
50 168
50 170
50 172
50 176
50 178
50 179
50 180
50 181
50 182
50 184
50 185
50 186
50 188
50 190
50 191
50 193
50 194
50 197
50 198
51 52
51 54
51 55
51 57
51 60
51 62
51 64
51 65
51 68
51 71
51 73
51 75
51 76
51 77
51 78
51 81
51 82
51 83
51 86
51 87
51 88
51 89
51 90
51 92
51 94
51 95
51 99
51 100
51 102
51 104
51 105
51 107
51 109
51 111
51 113
51 115
51 116
51 118
51 119
51 122
51 125
51 126
51 127
51 129
51 130
51 134
51 135
51 136
51 137
51 140
51 141
51 143
51 144
51 145
51 148
51 149
51 151
51 155
51 159
51 162
51 163
51 165
51 170
51 171
51 172
51 173
51 177
51 178
51 179
51 184
51 185
51 186
51 187
51 188
51 189
51 192
51 193
51 194
52 53
52 55
52 56
52 57
52 58
52 59
52 60
52 62
52 63
52 65
52 66
52 67
52 68
52 69
52 70
52 71
52 72
52 74
52 75
52 76
52 77
52 78
52 79
52 80
52 81
52 86
52 87
52 91
52 92
52 93
52 95
52 96
52 98
52 105
52 106
52 107
52 108
52 109
52 110
52 113
52 115
52 117
52 119
52 122
52 123
52 127
52 128
52 129
52 130
52 133
52 134
52 136
52 137
52 138
52 140
52 141
52 142
52 146
52 147
52 149
52 150
52 152
52 154
52 157
52 158
52 160
52 161
52 162
52 164
52 167
52 170
52 172
52 174
52 176
52 178
52 180
52 182
52 183
52 184
52 186
52 188
52 189
52 190
52 192
52 193
52 194
52 195
52 197
52 198
52 199
53 54
53 55
53 56
53 57
53 60
53 61
53 62
53 63
53 64
53 66
53 67
53 69
53 73
53 74
53 76
53 77
53 78
53 81
53 83
53 85
53 86
53 87
53 88
53 89
53 90
53 93
53 96
53 97
53 98
53 99
53 100
53 101
53 102
53 104
53 105
53 108
53 109
53 113
53 115
53 116
53 118
53 119
53 121
53 122
53 123
53 124
53 125
53 129
53 130
53 131
53 132
53 138
53 139
53 140
53 143
53 144
53 145
53 146
53 147
53 148
53 149
53 151
53 152
53 154
53 157
53 159
53 161
53 162
53 163
53 164
53 167
53 168
53 170
53 171
53 172
53 174
53 175
53 176
53 177
53 178
53 180
53 181
53 183
53 185
53 186
53 187
53 188
53 189
53 190
53 191
53 192
53 194
53 196
53 198
53 199
54 55
54 56
54 57
54 58
54 59
54 60
54 62
54 64
54 66
54 67
54 68
54 69
54 70
54 71
54 72
54 73
54 75
54 77
54 79
54 80
54 82
54 84
54 85
54 86
54 87
54 88
54 89
54 90
54 93
54 95
54 96
54 98
54 99
54 102
54 104
54 105
54 106
54 107
54 110
54 111
54 112
54 117
54 120
54 121
54 122
54 123
54 124
54 125
54 126
54 128
54 130
54 131
54 132
54 135
54 136
54 137
54 138
54 139
54 142
54 144
54 145
54 147
54 148
54 149
54 150
54 151
54 152
54 154
54 155
54 157
54 158
54 159
54 160
54 161
54 162
54 164
54 166
54 171
54 172
54 174
54 175
54 176
54 178
54 181
54 182
54 183
54 184
54 186
54 187
54 188
54 189
54 190
54 191
54 192
54 194
54 195
54 196
54 198
54 199
55 57
55 60
55 61
55 63
55 64
55 66
55 67
55 69
55 70
55 74
55 75
55 76
55 77
55 78
55 79
55 80
55 83
55 84
55 85
55 86
55 87
55 89
55 91
55 92
55 93
55 96
55 99
55 100
55 101
55 102
55 103
55 104
55 105
55 107
55 113
55 114
55 115
55 116
55 117
55 118
55 119
55 120
55 121
55 122
55 123
55 124
55 125
55 126
55 127
55 128
55 129
55 130
55 131
55 133
55 135
55 136
55 138
55 139
55 141
55 142
55 143
55 144
55 146
55 147
55 148
55 149
55 152
55 153
55 154
55 155
55 156
55 158
55 159
55 160
55 161
55 163
55 165
55 168
55 170
55 171
55 172
55 175
55 177
55 181
55 182
55 183
55 184
55 185
55 186
55 188
55 189
55 191
55 192
55 193
55 194
55 195
55 197
55 198
56 60
56 61
56 63
56 64
56 65
56 67
56 68
56 70
56 71
56 72
56 73
56 74
56 75
56 78
56 79
56 80
56 84
56 87
56 89
56 91
56 93
56 96
56 97
56 98
56 99
56 102
56 104
56 106
56 107
56 108
56 110
56 111
56 112
56 113
56 116
56 117
56 118
56 121
56 124
56 126
56 128
56 130
56 131
56 134
56 135
56 136
56 138
56 139
56 140
56 141
56 142
56 145
56 146
56 147
56 148
56 151
56 152
56 153
56 154
56 155
56 160
56 161
56 165
56 166
56 167
56 170
56 171
56 172
56 175
56 177
56 178
56 179
56 180
56 181
56 186
56 187
56 188
56 189
56 191
56 193
56 196
56 197
56 198
56 199
57 58
57 66
57 67
57 71
57 73
57 74
57 75
57 76
57 78
57 79
57 81
57 85
57 86
57 87
57 88
57 89
57 90
57 92
57 95
57 96
57 98
57 99
57 100
57 102
57 104
57 105
57 106
57 108
57 110
57 111
57 112
57 114
57 115
57 116
57 117
57 119
57 120
57 122
57 124
57 125
57 127
57 128
57 132
57 133
57 134
57 135
57 137
57 138
57 140
57 148
57 149
57 152
57 153
57 155
57 156
57 157
57 158
57 159
57 160
57 161
57 167
57 170
57 171
57 172
57 175
57 177
57 179
57 180
57 181
57 182
57 184
57 186
57 187
57 189
57 194
57 195
57 197
58 59
58 61
58 63
58 65
58 66
58 67
58 69
58 70
58 71
58 73
58 75
58 76
58 77
58 78
58 79
58 81
58 82
58 84
58 85
58 90
58 91
58 92
58 96
58 98
58 100
58 103
58 104
58 105
58 107
58 111
58 112
58 113
58 115
58 116
58 117
58 118
58 121
58 122
58 123
58 126
58 128
58 130
58 131
58 132
58 133
58 135
58 137
58 138
58 139
58 142
58 146
58 148
58 149
58 150
58 151
58 154
58 155
58 156
58 157
58 159
58 160
58 161
58 162
58 163
58 165
58 166
58 170
58 173
58 174
58 176
58 178
58 179
58 181
58 182
58 183
58 185
58 188
58 189
58 190
58 191
58 193
58 194
58 195
58 198
59 60
59 61
59 62
59 64
59 65
59 68
59 69
59 74
59 76
59 77
59 80
59 82
59 83
59 85
59 87
59 88
59 89
59 92
59 94
59 95
59 97
59 98
59 100
59 101
59 102
59 104
59 105
59 107
59 108
59 109
59 110
59 111
59 112
59 113
59 114
59 115
59 116
59 119
59 120
59 121
59 123
59 126
59 128
59 129
59 131
59 132
59 133
59 134
59 135
59 138
59 139
59 140
59 141
59 142
59 144
59 147
59 148
59 149
59 150
59 151
59 153
59 154
59 156
59 157
59 160
59 161
59 163
59 166
59 168
59 169
59 170
59 171
59 172
59 173
59 175
59 176
59 178
59 180
59 181
59 183
59 184
59 186
59 187
59 191
59 192
59 193
59 196
60 62
60 63
60 64
60 65
60 67
60 68
60 69
60 70
60 71
60 72
60 73
60 74
60 78
60 80
60 82
60 86
60 89
60 92
60 93
60 96
60 97
60 100
60 102
60 103
60 105
60 107
60 109
60 110
60 112
60 113
60 114
60 116
60 118
60 119
60 121
60 122
60 123
60 124
60 125
60 129
60 130
60 132
60 133
60 134
60 135
60 136
60 137
60 140
60 141
60 142
60 144
60 145
60 146
60 151
60 154
60 155
60 156
60 168
60 169
60 174
60 178
60 180
60 182
60 183
60 184
60 185
60 186
60 187
60 192
60 194
60 196
60 197
60 198
60 199
61 62
61 64
61 65
61 66
61 68
61 70
61 71
61 73
61 75
61 76
61 79
61 80
61 81
61 85
61 87
61 88
61 90
61 96
61 97
61 99
61 100
61 101
61 102
61 105
61 106
61 107
61 108
61 109
61 110
61 111
61 112
61 113
61 114
61 117
61 118
61 119
61 121
61 122
61 123
61 124
61 126
61 128
61 129
61 130
61 131
61 132
61 133
61 134
61 135
61 136
61 137
61 138
61 139
61 140
61 145
61 146
61 148
61 149
61 150
61 151
61 152
61 153
61 154
61 156
61 158
61 159
61 160
61 161
61 162
61 164
61 165
61 166
61 168
61 169
61 170
61 171
61 173
61 174
61 175
61 177
61 179
61 180
61 181
61 182
61 183
61 184
61 186
61 188
61 189
61 190
61 192
61 194
61 195
61 197
61 198
61 199
62 64
62 65
62 66
62 69
62 70
62 71
62 73
62 74
62 75
62 76
62 81
62 83
62 84
62 86
62 87
62 89
62 90
62 92
62 94
62 95
62 96
62 98
62 103
62 104
62 105
62 106
62 108
62 110
62 112
62 113
62 114
62 115
62 118
62 119
62 120
62 123
62 128
62 129
62 130
62 131
62 132
62 135
62 136
62 137
62 139
62 141
62 142
62 144
62 145
62 146
62 147
62 149
62 151
62 153
62 154
62 155
62 156
62 158
62 159
62 160
62 162
62 163
62 164
62 165
62 168
62 169
62 170
62 172
62 173
62 174
62 176
62 177
62 179
62 180
62 181
62 182
62 183
62 184
62 187
62 188
62 189
62 190
62 191
62 196
62 198
62 199
63 65
63 68
63 70
63 72
63 78
63 80
63 81
63 82
63 83
63 84
63 85
63 87
63 90
63 91
63 93
63 94
63 95
63 96
63 97
63 98
63 99
63 102
63 104
63 108
63 109
63 111
63 115
63 116
63 117
63 118
63 119
63 122
63 125
63 126
63 129
63 130
63 135
63 137
63 138
63 139
63 142
63 143
63 144
63 145
63 146
63 147
63 148
63 149
63 150
63 151
63 152
63 155
63 160
63 163
63 164
63 166
63 168
63 169
63 172
63 173
63 174
63 176
63 177
63 178
63 179
63 180
63 181
63 184
63 185
63 189
63 190
63 193
63 194
63 195
63 196
63 199
64 66
64 67
64 68
64 69
64 71
64 72
64 73
64 75
64 76
64 77
64 78
64 79
64 82
64 83
64 85
64 88
64 89
64 90
64 92
64 96
64 97
64 98
64 100
64 102
64 103
64 104
64 105
64 107
64 108
64 111
64 112
64 113
64 115
64 116
64 117
64 118
64 119
64 123
64 124
64 125
64 129
64 132
64 134
64 135
64 137
64 138
64 139
64 141
64 143
64 144
64 145
64 146
64 149
64 151
64 152
64 153
64 154
64 156
64 157
64 158
64 159
64 161
64 163
64 164
64 165
64 167
64 173
64 174
64 176
64 177
64 179
64 180
64 182
64 185
64 187
64 188
64 191
64 192
64 193
64 194
64 195
64 197
64 199
65 66
65 69
65 70
65 74
65 75
65 77
65 78
65 80
65 81
65 82
65 83
65 87
65 88
65 91
65 94
65 95
65 96
65 97
65 99
65 100
65 101
65 102
65 103
65 106
65 107
65 108
65 111
65 115
65 116
65 119
65 120
65 122
65 123
65 124
65 125
65 126
65 128
65 130
65 131
65 132
65 133
65 134
65 135
65 137
65 138
65 140
65 142
65 143
65 145
65 146
65 149
65 150
65 151
65 153
65 154
65 157
65 158
65 159
65 160
65 161
65 162
65 163
65 164
65 165
65 167
65 168
65 169
65 173
65 174
65 175
65 176
65 178
65 179
65 180
65 182
65 183
65 185
65 186
65 188
65 189
65 190
65 191
65 193
65 194
65 196
65 197
65 198
66 67
66 68
66 70
66 71
66 73
66 74
66 75
66 76
66 77
66 79
66 80
66 81
66 84
66 86
66 87
66 88
66 90
66 94
66 95
66 96
66 97
66 98
66 102
66 104
66 106
66 108
66 109
66 112
66 116
66 119
66 120
66 121
66 122
66 127
66 129
66 131
66 132
66 133
66 134
66 136
66 138
66 139
66 140
66 141
66 144
66 146
66 150
66 152
66 155
66 157
66 158
66 159
66 161
66 163
66 164
66 165
66 167
66 170
66 173
66 176
66 179
66 180
66 183
66 186
66 187
66 188
66 189
66 191
66 192
66 193
66 194
66 195
66 197
66 198
67 68
67 70
67 71
67 72
67 74
67 76
67 77
67 80
67 84
67 86
67 89
67 90
67 91
67 92
67 93
67 95
67 100
67 102
67 103
67 104
67 105
67 106
67 108
67 109
67 111
67 112
67 113
67 115
67 116
67 117
67 121
67 122
67 125
67 127
67 129
67 131
67 133
67 138
67 139
67 142
67 143
67 144
67 145
67 146
67 147
67 148
67 149
67 150
67 151
67 152
67 153
67 154
67 156
67 161
67 165
67 166
67 167
67 168
67 169
67 170
67 173
67 176
67 177
67 178
67 179
67 180
67 181
67 188
67 190
67 191
67 193
67 197
67 198
67 199
68 70
68 72
68 73
68 75
68 76
68 77
68 78
68 79
68 83
68 85
68 86
68 88
68 89
68 91
68 93
68 94
68 95
68 97
68 98
68 99
68 102
68 105
68 106
68 111
68 112
68 113
68 117
68 118
68 120
68 122
68 123
68 124
68 125
68 126
68 127
68 128
68 130
68 131
68 133
68 134
68 138
68 139
68 141
68 142
68 143
68 144
68 145
68 147
68 148
68 149
68 152
68 156
68 159
68 160
68 161
68 163
68 164
68 167
68 168
68 169
68 170
68 171
68 172
68 174
68 176
68 181
68 182
68 186
68 188
68 191
68 192
68 193
68 195
68 196
68 198
69 70
69 71
69 72
69 73
69 76
69 78
69 80
69 82
69 84
69 85
69 86
69 87
69 88
69 89
69 90
69 91
69 92
69 93
69 94
69 96
69 97
69 98
69 100
69 102
69 103
69 105
69 107
69 108
69 109
69 112
69 113
69 116
69 117
69 118
69 120
69 121
69 122
69 123
69 125
69 129
69 130
69 131
69 134
69 135
69 136
69 138
69 140
69 141
69 142
69 145
69 147
69 149
69 150
69 151
69 152
69 153
69 157
69 160
69 161
69 162
69 163
69 164
69 165
69 166
69 167
69 168
69 169
69 171
69 172
69 174
69 175
69 176
69 177
69 180
69 181
69 182
69 183
69 184
69 186
69 189
69 190
69 193
69 195
69 197
69 198
69 199
70 75
70 76
70 77
70 78
70 79
70 81
70 83
70 84
70 85
70 86
70 87
70 88
70 89
70 92
70 94
70 95
70 96
70 99
70 100
70 102
70 103
70 104
70 105
70 108
70 109
70 111
70 113
70 114
70 115
70 116
70 120
70 121
70 122
70 123
70 125
70 126
70 129
70 131
70 132
70 135
70 136
70 137
70 138
70 139
70 140
70 142
70 143
70 144
70 145
70 146
70 149
70 152
70 154
70 155
70 156
70 157
70 158
70 160
70 161
70 162
70 163
70 164
70 168
70 169
70 170
70 171
70 173
70 174
70 176
70 177
70 178
70 181
70 182
70 184
70 185
70 188
70 189
70 191
70 193
70 195
70 196
70 197
70 198
70 199
71 73
71 75
71 76
71 78
71 80
71 81
71 82
71 83
71 84
71 85
71 87
71 88
71 89
71 90
71 92
71 94
71 96
71 97
71 101
71 102
71 105
71 106
71 108
71 110
71 112
71 114
71 115
71 116
71 118
71 122
71 123
71 124
71 125
71 126
71 127
71 129
71 130
71 132
71 133
71 134
71 135
71 136
71 137
71 138
71 143
71 144
71 145
71 146
71 147
71 148
71 149
71 150
71 151
71 152
71 153
71 155
71 157
71 159
71 162
71 164
71 166
71 167
71 168
71 170
71 171
71 173
71 175
71 178
71 179
71 181
71 182
71 186
71 188
71 189
71 190
71 191
71 192
71 195
71 197
71 198
71 199
72 73
72 74
72 75
72 77
72 79
72 80
72 82
72 83
72 84
72 85
72 86
72 87
72 90
72 91
72 92
72 94
72 95
72 96
72 97
72 99
72 100
72 101
72 104
72 106
72 107
72 108
72 109
72 110
72 111
72 112
72 114
72 116
72 117
72 119
72 120
72 121
72 123
72 128
72 129
72 131
72 132
72 137
72 139
72 140
72 142
72 143
72 146
72 147
72 148
72 149
72 150
72 151
72 152
72 155
72 156
72 157
72 159
72 160
72 161
72 163
72 164
72 165
72 167
72 168
72 169
72 171
72 174
72 175
72 176
72 177
72 179
72 180
72 181
72 182
72 183
72 185
72 186
72 188
72 190
72 192
72 194
72 196
72 197
72 199
73 74
73 75
73 77
73 78
73 80
73 81
73 83
73 84
73 85
73 86
73 88
73 89
73 90
73 91
73 92
73 94
73 95
73 96
73 97
73 98
73 99
73 100
73 103
73 104
73 108
73 109
73 110
73 111
73 112
73 113
73 114
73 115
73 116
73 117
73 118
73 121
73 124
73 125
73 126
73 127
73 129
73 133
73 135
73 136
73 138
73 139
73 140
73 142
73 143
73 144
73 146
73 149
73 150
73 151
73 153
73 154
73 155
73 157
73 159
73 160
73 161
73 164
73 165
73 166
73 168
73 169
73 170
73 172
73 175
73 176
73 177
73 178
73 179
73 180
73 184
73 185
73 186
73 187
73 191
73 193
73 194
73 195
73 197
73 199
74 75
74 77
74 79
74 80
74 81
74 85
74 89
74 90
74 91
74 92
74 93
74 94
74 96
74 97
74 101
74 104
74 105
74 107
74 109
74 113
74 114
74 115
74 117
74 119
74 120
74 121
74 122
74 123
74 124
74 125
74 128
74 131
74 134
74 135
74 136
74 137
74 138
74 139
74 141
74 143
74 144
74 145
74 146
74 147
74 149
74 150
74 152
74 153
74 154
74 155
74 158
74 159
74 160
74 161
74 162
74 163
74 165
74 166
74 168
74 169
74 171
74 173
74 176
74 177
74 179
74 181
74 183
74 187
74 188
74 189
74 191
74 193
74 196
74 197
74 198
75 76
75 77
75 78
75 82
75 83
75 84
75 85
75 87
75 88
75 92
75 93
75 94
75 96
75 98
75 99
75 104
75 107
75 109
75 111
75 113
75 114
75 116
75 117
75 118
75 119
75 121
75 125
75 126
75 127
75 128
75 129
75 130
75 131
75 132
75 133
75 135
75 138
75 140
75 142
75 143
75 145
75 146
75 147
75 150
75 151
75 153
75 155
75 157
75 158
75 159
75 162
75 164
75 165
75 168
75 169
75 173
75 174
75 177
75 178
75 180
75 182
75 183
75 186
75 187
75 190
75 192
75 196
75 197
75 198
75 199
76 77
76 78
76 80
76 83
76 84
76 85
76 86
76 89
76 90
76 92
76 94
76 95
76 96
76 101
76 102
76 104
76 105
76 106
76 107
76 111
76 114
76 115
76 117
76 118
76 119
76 120
76 123
76 126
76 127
76 128
76 129
76 130
76 131
76 132
76 133
76 134
76 135
76 137
76 138
76 139
76 140
76 141
76 142
76 145
76 148
76 149
76 151
76 154
76 155
76 156
76 157
76 159
76 161
76 163
76 165
76 167
76 168
76 169
76 170
76 171
76 173
76 175
76 179
76 181
76 182
76 183
76 184
76 185
76 186
76 190
76 191
76 192
76 193
76 194
76 197
76 199
77 78
77 79
77 81
77 84
77 87
77 89
77 90
77 92
77 93
77 95
77 97
77 98
77 100
77 101
77 103
77 105
77 108
77 109
77 113
77 115
77 116
77 117
77 119
77 120
77 123
77 124
77 125
77 126
77 128
77 130
77 133
77 134
77 136
77 137
77 138
77 139
77 141
77 142
77 144
77 147
77 148
77 149
77 150
77 152
77 153
77 154
77 155
77 156
77 157
77 159
77 160
77 162
77 163
77 164
77 165
77 166
77 171
77 174
77 175
77 178
77 181
77 183
77 184
77 186
77 187
77 188
77 189
77 190
77 192
77 193
77 194
77 195
77 196
77 198
77 199
78 79
78 82
78 84
78 85
78 86
78 88
78 89
78 90
78 91
78 93
78 94
78 96
78 97
78 98
78 99
78 101
78 102
78 103
78 105
78 106
78 108
78 109
78 110
78 111
78 112
78 114
78 118
78 119
78 120
78 122
78 123
78 126
78 127
78 128
78 129
78 130
78 131
78 132
78 133
78 134
78 135
78 136
78 138
78 141
78 142
78 143
78 144
78 145
78 146
78 148
78 149
78 150
78 151
78 154
78 155
78 156
78 158
78 159
78 162
78 163
78 164
78 166
78 167
78 168
78 169
78 170
78 171
78 173
78 175
78 176
78 177
78 179
78 180
78 181
78 182
78 185
78 186
78 188
78 190
78 193
78 194
78 195
78 196
78 198
78 199
79 84
79 86
79 87
79 90
79 91
79 93
79 94
79 95
79 97
79 99
79 100
79 101
79 102
79 103
79 104
79 105
79 107
79 108
79 109
79 110
79 111
79 113
79 115
79 116
79 117
79 118
79 121
79 122
79 123
79 124
79 125
79 126
79 127
79 128
79 129
79 130
79 131
79 132
79 133
79 134
79 137
79 139
79 142
79 146
79 147
79 150
79 152
79 153
79 157
79 158
79 161
79 164
79 165
79 170
79 171
79 172
79 173
79 174
79 175
79 176
79 178
79 181
79 183
79 184
79 187
79 188
79 190
79 192
79 193
79 194
79 196
79 197
79 198
79 199
80 81
80 83
80 86
80 88
80 90
80 91
80 93
80 94
80 96
80 99
80 101
80 102
80 104
80 106
80 108
80 109
80 110
80 111
80 112
80 113
80 114
80 115
80 118
80 121
80 122
80 123
80 127
80 131
80 132
80 133
80 134
80 137
80 141
80 142
80 143
80 147
80 149
80 152
80 154
80 156
80 157
80 158
80 159
80 161
80 162
80 167
80 169
80 170
80 172
80 173
80 174
80 176
80 177
80 178
80 182
80 185
80 186
80 187
80 189
80 190
80 192
80 193
80 194
80 195
80 197
81 82
81 86
81 87
81 88
81 89
81 90
81 91
81 92
81 93
81 94
81 97
81 99
81 102
81 103
81 104
81 106
81 107
81 110
81 112
81 113
81 114
81 115
81 116
81 117
81 118
81 119
81 123
81 124
81 127
81 128
81 129
81 131
81 132
81 133
81 134
81 135
81 136
81 138
81 139
81 140
81 143
81 144
81 147
81 148
81 149
81 153
81 158
81 159
81 161
81 163
81 164
81 166
81 168
81 170
81 171
81 173
81 176
81 177
81 178
81 180
81 181
81 184
81 187
81 188
81 189
81 192
81 196
81 197
81 198
82 83
82 84
82 86
82 88
82 89
82 92
82 93
82 95
82 96
82 99
82 100
82 101
82 102
82 103
82 105
82 107
82 108
82 109
82 110
82 112
82 113
82 114
82 115
82 116
82 117
82 122
82 123
82 124
82 125
82 126
82 128
82 130
82 131
82 132
82 133
82 134
82 135
82 136
82 140
82 141
82 142
82 145
82 146
82 151
82 153
82 156
82 157
82 159
82 160
82 161
82 164
82 165
82 167
82 168
82 169
82 170
82 171
82 173
82 174
82 175
82 177
82 178
82 179
82 181
82 182
82 185
82 186
82 187
82 191
82 193
82 194
82 196
82 197
82 198
82 199
83 85
83 86
83 87
83 89
83 90
83 95
83 97
83 99
83 101
83 102
83 105
83 107
83 108
83 109
83 110
83 111
83 113
83 115
83 116
83 118
83 119
83 121
83 123
83 124
83 125
83 126
83 128
83 129
83 130
83 133
83 134
83 135
83 139
83 140
83 142
83 143
83 144
83 146
83 147
83 151
83 152
83 154
83 155
83 156
83 157
83 158
83 159
83 160
83 162
83 163
83 164
83 165
83 166
83 169
83 170
83 171
83 172
83 173
83 174
83 175
83 176
83 177
83 179
83 180
83 181
83 182
83 184
83 186
83 188
83 189
83 191
83 193
83 194
83 195
83 196
83 197
84 85
84 87
84 90
84 92
84 93
84 95
84 96
84 97
84 98
84 99
84 101
84 102
84 103
84 106
84 108
84 109
84 110
84 112
84 113
84 114
84 115
84 117
84 119
84 120
84 121
84 122
84 123
84 124
84 127
84 128
84 132
84 133
84 136
84 138
84 139
84 140
84 142
84 145
84 148
84 149
84 150
84 151
84 152
84 153
84 154
84 156
84 158
84 160
84 161
84 164
84 165
84 166
84 170
84 172
84 173
84 174
84 176
84 179
84 180
84 183
84 184
84 188
84 190
84 191
84 192
84 193
84 194
84 195
84 199
85 86
85 87
85 88
85 95
85 96
85 98
85 102
85 103
85 104
85 105
85 108
85 109
85 110
85 111
85 112
85 113
85 114
85 116
85 117
85 121
85 122
85 125
85 126
85 127
85 128
85 129
85 130
85 132
85 133
85 134
85 135
85 136
85 137
85 138
85 141
85 142
85 143
85 144
85 145
85 146
85 148
85 149
85 150
85 152
85 153
85 154
85 155
85 157
85 159
85 160
85 162
85 169
85 170
85 171
85 173
85 174
85 175
85 176
85 177
85 178
85 179
85 180
85 181
85 182
85 185
85 186
85 189
85 190
85 191
85 194
85 195
85 196
85 198
85 199
86 87
86 89
86 90
86 93
86 94
86 95
86 96
86 98
86 103
86 105
86 109
86 110
86 111
86 112
86 113
86 114
86 115
86 116
86 117
86 118
86 119
86 120
86 121
86 123
86 125
86 126
86 128
86 129
86 130
86 132
86 133
86 135
86 136
86 137
86 138
86 140
86 142
86 143
86 145
86 147
86 148
86 150
86 151
86 153
86 154
86 157
86 159
86 161
86 162
86 164
86 165
86 166
86 167
86 168
86 170
86 171
86 172
86 174
86 177
86 178
86 179
86 183
86 187
86 188
86 189
86 190
86 193
86 194
86 195
86 196
86 199
87 91
87 92
87 93
87 94
87 96
87 97
87 98
87 99
87 102
87 103
87 106
87 108
87 110
87 111
87 114
87 116
87 117
87 123
87 124
87 125
87 127
87 128
87 129
87 130
87 131
87 133
87 137
87 138
87 139
87 142
87 144
87 145
87 147
87 150
87 152
87 153
87 154
87 156
87 157
87 158
87 159
87 161
87 162
87 163
87 164
87 165
87 169
87 170
87 171
87 172
87 173
87 174
87 175
87 176
87 178
87 181
87 182
87 183
87 185
87 186
87 187
87 188
87 189
87 191
87 192
87 193
87 194
87 195
87 196
87 197
87 198
88 89
88 91
88 92
88 95
88 96
88 97
88 98
88 99
88 100
88 101
88 102
88 103
88 104
88 105
88 106
88 109
88 110
88 111
88 112
88 113
88 115
88 118
88 121
88 122
88 123
88 124
88 125
88 126
88 127
88 128
88 131
88 133
88 134
88 135
88 139
88 140
88 141
88 142
88 143
88 144
88 147
88 150
88 152
88 153
88 154
88 156
88 159
88 165
88 169
88 170
88 172
88 174
88 175
88 176
88 177
88 178
88 179
88 181
88 182
88 185
88 186
88 187
88 190
88 196
88 198
88 199
89 91
89 92
89 93
89 94
89 95
89 97
89 99
89 100
89 101
89 102
89 103
89 105
89 106
89 109
89 110
89 113
89 115
89 117
89 119
89 120
89 121
89 124
89 125
89 127
89 130
89 131
89 133
89 134
89 135
89 137
89 138
89 139
89 140
89 141
89 142
89 145
89 146
89 152
89 153
89 156
89 158
89 160
89 163
89 166
89 167
89 169
89 171
89 172
89 173
89 175
89 176
89 177
89 179
89 183
89 185
89 187
89 191
89 192
89 194
89 195
89 196
89 198
90 93
90 97
90 98
90 100
90 101
90 102
90 103
90 105
90 106
90 107
90 108
90 109
90 112
90 116
90 117
90 121
90 127
90 128
90 129
90 131
90 134
90 135
90 137
90 138
90 139
90 140
90 141
90 142
90 143
90 144
90 145
90 146
90 147
90 148
90 149
90 150
90 151
90 152
90 153
90 154
90 155
90 157
90 158
90 160
90 164
90 165
90 166
90 167
90 171
90 172
90 175
90 176
90 177
90 178
90 179
90 180
90 181
90 182
90 183
90 185
90 186
90 187
90 191
90 192
90 193
90 194
90 195
90 196
90 197
90 198
91 92
91 94
91 95
91 97
91 98
91 99
91 100
91 101
91 102
91 103
91 104
91 105
91 106
91 107
91 108
91 109
91 110
91 111
91 112
91 117
91 118
91 121
91 122
91 124
91 125
91 126
91 128
91 129
91 130
91 131
91 133
91 135
91 136
91 137
91 138
91 140
91 141
91 142
91 143
91 145
91 146
91 150
91 152
91 153
91 156
91 157
91 160
91 161
91 162
91 163
91 164
91 165
91 166
91 167
91 169
91 171
91 175
91 176
91 177
91 183
91 184
91 185
91 186
91 187
91 190
91 191
91 193
91 194
91 195
91 196
91 199
92 93
92 94
92 96
92 97
92 98
92 99
92 101
92 103
92 104
92 107
92 108
92 110
92 112
92 114
92 115
92 116
92 117
92 120
92 122
92 123
92 124
92 125
92 126
92 128
92 129
92 130
92 131
92 132
92 133
92 134
92 136
92 137
92 138
92 139
92 140
92 142
92 143
92 146
92 149
92 152
92 157
92 158
92 160
92 161
92 162
92 164
92 166
92 168
92 171
92 172
92 174
92 176
92 177
92 179
92 180
92 181
92 182
92 189
92 190
92 192
92 193
92 195
92 196
92 197
93 94
93 96
93 101
93 102
93 104
93 107
93 108
93 111
93 112
93 113
93 114
93 115
93 118
93 121
93 122
93 123
93 125
93 127
93 128
93 130
93 132
93 133
93 136
93 137
93 138
93 140
93 143
93 144
93 145
93 146
93 147
93 148
93 151
93 154
93 156
93 157
93 158
93 161
93 162
93 163
93 167
93 168
93 169
93 170
93 172
93 173
93 176
93 179
93 180
93 181
93 183
93 185
93 186
93 188
93 189
93 190
93 191
93 193
93 194
93 195
93 197
93 198
93 199
94 100
94 101
94 102
94 104
94 105
94 106
94 107
94 108
94 109
94 110
94 113
94 114
94 115
94 116
94 117
94 119
94 120
94 121
94 122
94 126
94 127
94 129
94 132
94 133
94 139
94 140
94 142
94 143
94 144
94 145
94 146
94 147
94 148
94 149
94 150
94 151
94 153
94 155
94 157
94 160
94 162
94 163
94 164
94 165
94 166
94 167
94 170
94 171
94 172
94 175
94 179
94 180
94 182
94 183
94 184
94 185
94 189
94 192
94 195
94 196
94 197
94 199
95 96
95 97
95 98
95 101
95 103
95 104
95 106
95 107
95 108
95 109
95 110
95 112
95 114
95 115
95 116
95 118
95 119
95 120
95 123
95 124
95 126
95 127
95 130
95 131
95 132
95 134
95 135
95 139
95 141
95 143
95 144
95 147
95 148
95 149
95 150
95 151
95 152
95 154
95 156
95 157
95 158
95 160
95 163
95 164
95 165
95 166
95 168
95 170
95 171
95 172
95 176
95 177
95 178
95 180
95 182
95 183
95 184
95 185
95 186
95 187
95 189
95 191
95 194
95 195
95 196
96 98
96 103
96 106
96 107
96 112
96 113
96 115
96 116
96 117
96 119
96 120
96 121
96 122
96 124
96 125
96 127
96 129
96 131
96 135
96 137
96 139
96 142
96 144
96 147
96 148
96 149
96 151
96 153
96 154
96 155
96 156
96 159
96 161
96 162
96 166
96 168
96 170
96 171
96 173
96 174
96 175
96 178
96 179
96 180
96 182
96 183
96 184
96 187
96 188
96 190
96 191
96 193
96 194
96 195
96 196
96 198
96 199
97 98
97 100
97 102
97 103
97 107
97 108
97 110
97 111
97 113
97 114
97 115
97 116
97 117
97 118
97 120
97 122
97 123
97 124
97 126
97 127
97 129
97 136
97 137
97 138
97 139
97 140
97 143
97 145
97 150
97 151
97 152
97 153
97 156
97 157
97 158
97 159
97 160
97 162
97 164
97 167
97 168
97 169
97 170
97 171
97 174
97 175
97 176
97 177
97 178
97 179
97 182
97 183
97 184
97 185
97 188
97 189
97 190
97 191
97 192
97 193
97 195
97 197
97 198
98 100
98 102
98 104
98 105
98 106
98 107
98 111
98 112
98 114
98 116
98 117
98 118
98 120
98 121
98 125
98 131
98 133
98 136
98 137
98 138
98 139
98 141
98 143
98 144
98 147
98 149
98 151
98 152
98 153
98 154
98 155
98 156
98 157
98 158
98 160
98 161
98 162
98 163
98 164
98 165
98 166
98 169
98 170
98 171
98 173
98 174
98 176
98 177
98 180
98 181
98 182
98 185
98 186
98 189
98 190
98 194
98 196
98 198
98 199
99 100
99 101
99 102
99 103
99 106
99 107
99 108
99 110
99 116
99 117
99 120
99 129
99 131
99 133
99 134
99 136
99 137
99 141
99 142
99 143
99 144
99 145
99 146
99 147
99 148
99 149
99 150
99 151
99 152
99 153
99 154
99 155
99 158
99 161
99 162
99 163
99 164
99 165
99 166
99 168
99 169
99 172
99 173
99 174
99 175
99 177
99 178
99 179
99 180
99 183
99 184
99 185
99 187
99 188
99 189
99 190
99 191
99 192
99 193
99 194
99 198
99 199
100 103
100 104
100 105
100 106
100 110
100 111
100 112
100 114
100 119
100 120
100 121
100 122
100 123
100 124
100 125
100 129
100 130
100 132
100 133
100 135
100 138
100 139
100 141
100 144
100 149
100 151
100 152
100 155
100 157
100 158
100 159
100 160
100 163
100 165
100 167
100 169
100 170
100 171
100 172
100 173
100 174
100 175
100 176
100 177
100 184
100 186
100 187
100 188
100 189
100 190
100 193
100 194
100 195
100 196
100 198
100 199
101 102
101 103
101 106
101 109
101 111
101 113
101 114
101 117
101 118
101 124
101 127
101 128
101 129
101 134
101 135
101 136
101 137
101 138
101 144
101 145
101 147
101 148
101 151
101 152
101 153
101 154
101 155
101 156
101 157
101 160
101 161
101 163
101 165
101 166
101 170
101 173
101 176
101 177
101 178
101 179
101 180
101 182
101 184
101 185
101 187
101 188
101 190
101 192
101 194
101 195
101 196
101 199
102 103
102 104
102 106
102 107
102 109
102 110
102 111
102 112
102 119
102 126
102 127
102 130
102 131
102 132
102 133
102 134
102 135
102 138
102 142
102 143
102 144
102 146
102 147
102 148
102 151
102 152
102 153
102 155
102 156
102 158
102 159
102 161
102 162
102 163
102 165
102 167
102 168
102 169
102 170
102 172
102 174
102 175
102 176
102 178
102 179
102 183
102 184
102 186
102 187
102 190
102 192
102 193
102 194
102 195
102 198
102 199
103 105
103 106
103 107
103 108
103 109
103 111
103 112
103 113
103 114
103 115
103 116
103 117
103 122
103 123
103 125
103 127
103 129
103 130
103 131
103 134
103 135
103 136
103 137
103 139
103 141
103 142
103 144
103 146
103 147
103 148
103 151
103 152
103 154
103 155
103 156
103 157
103 158
103 160
103 161
103 165
103 166
103 167
103 168
103 169
103 170
103 173
103 175
103 178
103 179
103 180
103 181
103 182
103 184
103 185
103 188
103 190
103 191
103 192
103 193
103 194
103 195
103 196
103 199
104 105
104 106
104 110
104 111
104 112
104 113
104 115
104 120
104 121
104 122
104 123
104 124
104 125
104 126
104 127
104 128
104 132
104 133
104 134
104 138
104 139
104 141
104 142
104 143
104 145
104 151
104 152
104 155
104 158
104 160
104 162
104 166
104 167
104 170
104 171
104 172
104 173
104 178
104 179
104 180
104 181
104 184
104 185
104 186
104 187
104 188
104 189
104 191
104 193
104 194
104 195
104 198
105 106
105 107
105 109
105 110
105 111
105 112
105 113
105 114
105 115
105 116
105 118
105 119
105 127
105 128
105 132
105 133
105 136
105 137
105 139
105 140
105 141
105 142
105 143
105 144
105 146
105 149
105 150
105 151
105 153
105 156
105 157
105 159
105 160
105 162
105 163
105 167
105 169
105 170
105 172
105 173
105 174
105 175
105 176
105 178
105 181
105 182
105 183
105 184
105 186
105 187
105 188
105 189
105 190
105 191
105 193
105 194
105 195
105 197
105 199
106 107
106 108
106 110
106 111
106 112
106 113
106 114
106 116
106 117
106 118
106 120
106 124
106 125
106 126
106 127
106 128
106 131
106 135
106 137
106 138
106 139
106 140
106 141
106 142
106 145
106 147
106 148
106 151
106 153
106 154
106 155
106 156
106 157
106 158
106 159
106 162
106 167
106 170
106 171
106 172
106 173
106 174
106 176
106 177
106 180
106 181
106 182
106 183
106 184
106 188
106 189
106 191
106 195
106 196
106 197
106 198
106 199
107 108
107 109
107 110
107 111
107 114
107 115
107 117
107 118
107 121
107 122
107 124
107 125
107 126
107 127
107 129
107 130
107 131
107 135
107 138
107 140
107 141
107 142
107 143
107 146
107 147
107 148
107 153
107 155
107 158
107 160
107 163
107 164
107 166
107 167
107 170
107 171
107 172
107 173
107 174
107 177
107 179
107 181
107 182
107 183
107 185
107 187
107 189
107 190
107 191
107 192
107 195
107 197
107 199
108 111
108 117
108 118
108 121
108 123
108 126
108 128
108 129
108 131
108 132
108 134
108 137
108 140
108 141
108 142
108 144
108 145
108 146
108 148
108 149
108 156
108 158
108 159
108 162
108 166
108 167
108 168
108 169
108 170
108 171
108 172
108 173
108 174
108 176
108 179
108 183
108 184
108 185
108 186
108 187
108 193
108 194
108 195
108 196
108 197
108 198
108 199
109 110
109 114
109 115
109 116
109 117
109 118
109 119
109 123
109 125
109 127
109 128
109 129
109 133
109 134
109 135
109 137
109 138
109 141
109 142
109 143
109 146
109 147
109 148
109 149
109 150
109 151
109 152
109 154
109 157
109 158
109 160
109 161
109 165
109 166
109 168
109 169
109 171
109 172
109 173
109 174
109 175
109 176
109 178
109 179
109 180
109 181
109 184
109 187
109 188
109 190
109 191
109 193
109 195
110 111
110 112
110 113
110 116
110 117
110 118
110 119
110 122
110 124
110 125
110 126
110 127
110 128
110 129
110 133
110 134
110 137
110 139
110 144
110 148
110 150
110 152
110 156
110 157
110 158
110 159
110 160
110 161
110 162
110 163
110 166
110 167
110 168
110 169
110 171
110 172
110 175
110 176
110 178
110 183
110 184
110 185
110 187
110 188
110 189
110 190
110 191
110 192
110 193
110 195
110 196
110 198
110 199
111 112
111 113
111 115
111 116
111 117
111 118
111 119
111 120
111 121
111 122
111 123
111 125
111 126
111 127
111 132
111 134
111 136
111 138
111 139
111 141
111 142
111 144
111 146
111 147
111 148
111 151
111 153
111 157
111 158
111 159
111 161
111 163
111 164
111 167
111 170
111 171
111 173
111 174
111 176
111 177
111 180
111 181
111 182
111 183
111 184
111 185
111 186
111 187
111 188
111 189
111 191
111 192
111 194
111 195
111 196
111 197
111 198
112 113
112 116
112 120
112 121
112 123
112 126
112 127
112 128
112 131
112 133
112 135
112 136
112 137
112 138
112 139
112 141
112 142
112 143
112 145
112 146
112 147
112 148
112 149
112 151
112 152
112 153
112 154
112 155
112 156
112 157
112 158
112 160
112 162
112 163
112 164
112 165
112 168
112 171
112 173
112 174
112 175
112 176
112 177
112 178
112 179
112 181
112 184
112 185
112 187
112 188
112 190
112 191
112 192
112 193
112 194
112 196
112 197
112 198
113 114
113 118
113 119
113 120
113 121
113 122
113 123
113 126
113 127
113 128
113 129
113 130
113 132
113 133
113 134
113 137
113 138
113 139
113 141
113 142
113 143
113 147
113 148
113 150
113 152
113 153
113 154
113 156
113 158
113 161
113 162
113 167
113 169
113 170
113 172
113 176
113 179
113 180
113 182
113 183
113 184
113 185
113 186
113 187
113 188
113 192
113 193
113 195
113 199
114 115
114 117
114 119
114 120
114 121
114 122
114 124
114 125
114 126
114 127
114 129
114 130
114 131
114 132
114 133
114 135
114 137
114 140
114 141
114 142
114 145
114 146
114 148
114 150
114 151
114 152
114 153
114 154
114 156
114 158
114 160
114 161
114 162
114 165
114 167
114 171
114 172
114 176
114 177
114 179
114 180
114 182
114 183
114 185
114 187
114 188
114 189
114 190
114 192
114 194
114 196
114 198
115 117
115 118
115 119
115 120
115 125
115 126
115 129
115 131
115 133
115 134
115 135
115 136
115 139
115 140
115 141
115 142
115 144
115 145
115 146
115 148
115 152
115 155
115 156
115 159
115 160
115 161
115 163
115 164
115 166
115 168
115 170
115 171
115 172
115 173
115 176
115 177
115 179
115 180
115 181
115 183
115 184
115 185
115 188
115 190
115 191
115 193
115 194
115 195
115 196
115 197
116 117
116 118
116 121
116 122
116 123
116 124
116 125
116 127
116 129
116 130
116 132
116 133
116 134
116 136
116 137
116 138
116 139
116 140
116 143
116 144
116 145
116 149
116 151
116 153
116 154
116 155
116 156
116 157
116 159
116 161
116 168
116 169
116 171
116 172
116 175
116 179
116 181
116 182
116 183
116 184
116 185
116 186
116 187
116 189
116 190
116 191
116 192
116 197
116 199
117 118
117 119
117 123
117 125
117 127
117 129
117 130
117 131
117 132
117 133
117 135
117 136
117 138
117 140
117 141
117 142
117 144
117 145
117 148
117 149
117 150
117 151
117 153
117 154
117 156
117 157
117 159
117 161
117 162
117 163
117 164
117 165
117 166
117 169
117 170
117 172
117 174
117 175
117 176
117 177
117 179
117 181
117 182
117 183
117 184
117 185
117 186
117 187
117 188
117 189
117 192
117 193
117 194
117 195
117 196
117 197
117 198
117 199
118 119
118 121
118 123
118 128
118 129
118 131
118 133
118 134
118 136
118 138
118 141
118 147
118 148
118 149
118 150
118 151
118 152
118 153
118 154
118 156
118 157
118 158
118 159
118 160
118 162
118 164
118 165
118 166
118 168
118 169
118 170
118 171
118 172
118 174
118 175
118 179
118 181
118 182
118 183
118 186
118 187
118 189
118 190
118 192
118 193
118 194
118 195
118 198
119 121
119 126
119 127
119 129
119 133
119 134
119 136
119 137
119 140
119 141
119 142
119 143
119 145
119 148
119 149
119 152
119 153
119 154
119 156
119 157
119 158
119 159
119 162
119 164
119 165
119 168
119 171
119 172
119 173
119 174
119 175
119 180
119 182
119 183
119 184
119 188
119 192
119 195
119 196
119 197
119 198
119 199
120 121
120 122
120 124
120 126
120 127
120 130
120 131
120 133
120 134
120 137
120 139
120 141
120 142
120 143
120 145
120 147
120 148
120 151
120 153
120 156
120 157
120 158
120 164
120 165
120 166
120 167
120 168
120 170
120 173
120 176
120 179
120 180
120 184
120 187
120 189
120 190
120 191
120 193
120 194
120 195
120 196
120 197
120 199
121 122
121 123
121 124
121 125
121 126
121 127
121 128
121 130
121 131
121 132
121 134
121 135
121 136
121 142
121 143
121 145
121 147
121 148
121 149
121 150
121 153
121 154
121 155
121 157
121 160
121 161
121 163
121 164
121 165
121 167
121 168
121 172
121 177
121 178
121 180
121 181
121 184
121 185
121 186
121 188
121 191
121 193
121 194
121 195
121 196
121 197
121 198
122 126
122 127
122 128
122 130
122 131
122 132
122 133
122 134
122 135
122 137
122 138
122 141
122 142
122 143
122 146
122 150
122 151
122 152
122 156
122 157
122 158
122 159
122 160
122 162
122 163
122 164
122 165
122 166
122 167
122 168
122 169
122 171
122 172
122 173
122 174
122 175
122 176
122 178
122 179
122 180
122 181
122 186
122 187
122 188
122 189
122 190
122 192
122 194
122 195
122 196
122 197
122 199
123 125
123 126
123 127
123 128
123 129
123 130
123 131
123 132
123 133
123 134
123 135
123 136
123 140
123 141
123 142
123 143
123 144
123 147
123 149
123 151
123 153
123 154
123 156
123 162
123 163
123 164
123 167
123 170
123 171
123 173
123 176
123 177
123 180
123 181
123 182
123 183
123 185
123 186
123 187
123 188
123 193
123 194
123 195
124 125
124 126
124 128
124 129
124 132
124 133
124 134
124 135
124 138
124 139
124 140
124 141
124 142
124 143
124 144
124 145
124 146
124 147
124 148
124 150
124 151
124 152
124 153
124 154
124 155
124 156
124 158
124 159
124 160
124 161
124 162
124 163
124 166
124 168
124 170
124 172
124 175
124 176
124 178
124 180
124 181
124 182
124 184
124 185
124 186
124 188
124 189
124 190
124 192
124 193
124 194
124 195
124 196
124 198
124 199
125 126
125 128
125 130
125 131
125 132
125 133
125 134
125 138
125 139
125 140
125 145
125 148
125 154
125 155
125 157
125 158
125 161
125 164
125 165
125 170
125 172
125 173
125 175
125 176
125 177
125 178
125 179
125 180
125 181
125 182
125 183
125 184
125 185
125 186
125 187
125 188
125 189
125 191
125 193
125 195
125 196
125 197
125 198
125 199
126 128
126 129
126 130
126 132
126 133
126 134
126 135
126 136
126 141
126 143
126 146
126 147
126 150
126 151
126 152
126 154
126 155
126 157
126 162
126 163
126 164
126 165
126 166
126 167
126 168
126 169
126 170
126 171
126 177
126 179
126 180
126 181
126 182
126 184
126 185
126 186
126 187
126 189
126 192
126 193
126 194
126 195
127 128
127 129
127 130
127 132
127 134
127 135
127 139
127 141
127 142
127 143
127 144
127 146
127 148
127 149
127 150
127 153
127 154
127 155
127 156
127 157
127 158
127 159
127 160
127 161
127 162
127 163
127 164
127 166
127 167
127 168
127 169
127 170
127 171
127 172
127 173
127 177
127 178
127 180
127 186
127 187
127 191
127 192
127 193
127 194
127 195
128 129
128 130
128 131
128 134
128 136
128 138
128 140
128 141
128 142
128 144
128 145
128 147
128 148
128 152
128 153
128 157
128 160
128 163
128 164
128 165
128 166
128 168
128 169
128 170
128 171
128 172
128 173
128 174
128 175
128 176
128 177
128 180
128 181
128 182
128 184
128 185
128 186
128 187
128 191
128 193
128 194
128 198
128 199
129 130
129 132
129 133
129 134
129 135
129 136
129 138
129 140
129 141
129 142
129 143
129 144
129 146
129 148
129 149
129 151
129 153
129 154
129 156
129 159
129 162
129 165
129 167
129 170
129 171
129 172
129 175
129 178
129 180
129 181
129 182
129 183
129 184
129 185
129 188
129 189
129 193
129 195
129 197
129 199
130 132
130 133
130 134
130 135
130 136
130 138
130 140
130 141
130 142
130 151
130 152
130 153
130 154
130 155
130 156
130 158
130 161
130 162
130 163
130 165
130 166
130 167
130 169
130 171
130 172
130 175
130 176
130 177
130 178
130 181
130 182
130 185
130 186
130 187
130 188
130 189
130 190
130 191
130 193
130 196
130 197
130 198
130 199
131 133
131 134
131 135
131 136
131 137
131 139
131 143
131 146
131 148
131 149
131 151
131 152
131 154
131 155
131 156
131 157
131 158
131 159
131 160
131 161
131 162
131 164
131 165
131 166
131 168
131 169
131 170
131 172
131 173
131 176
131 177
131 179
131 181
131 182
131 184
131 186
131 187
131 188
131 190
131 191
131 192
131 193
131 196
131 197
132 140
132 141
132 142
132 143
132 144
132 145
132 148
132 149
132 150
132 151
132 152
132 154
132 155
132 157
132 158
132 162
132 164
132 165
132 166
132 167
132 168
132 170
132 173
132 174
132 175
132 176
132 177
132 179
132 180
132 184
132 185
132 186
132 187
132 189
132 190
132 191
132 192
132 193
132 194
132 195
133 134
133 135
133 136
133 139
133 140
133 141
133 142
133 143
133 144
133 147
133 151
133 152
133 154
133 155
133 157
133 158
133 159
133 161
133 162
133 163
133 164
133 165
133 166
133 167
133 168
133 170
133 171
133 172
133 173
133 174
133 176
133 177
133 179
133 180
133 182
133 183
133 184
133 185
133 187
133 189
133 190
133 191
133 194
133 195
133 196
133 198
134 135
134 136
134 139
134 143
134 149
134 150
134 152
134 154
134 155
134 157
134 158
134 159
134 161
134 162
134 163
134 164
134 165
134 167
134 168
134 169
134 170
134 173
134 176
134 178
134 179
134 180
134 182
134 183
134 185
134 186
134 187
134 188
134 190
134 191
134 192
134 193
134 194
134 195
134 196
134 197
135 136
135 138
135 140
135 141
135 143
135 145
135 146
135 147
135 148
135 150
135 152
135 153
135 154
135 156
135 157
135 159
135 160
135 161
135 164
135 165
135 166
135 169
135 170
135 171
135 173
135 174
135 175
135 178
135 180
135 181
135 183
135 185
135 189
135 191
135 193
135 194
135 195
135 196
135 198
135 199
136 137
136 138
136 140
136 141
136 142
136 145
136 146
136 147
136 149
136 150
136 151
136 154
136 155
136 156
136 158
136 159
136 160
136 161
136 163
136 164
136 167
136 170
136 176
136 177
136 179
136 180
136 181
136 182
136 183
136 184
136 185
136 186
136 187
136 193
136 195
136 198
136 199
137 139
137 140
137 141
137 143
137 144
137 146
137 147
137 152
137 154
137 156
137 159
137 162
137 163
137 165
137 166
137 167
137 168
137 169
137 170
137 171
137 172
137 173
137 174
137 176
137 179
137 180
137 181
137 182
137 186
137 188
137 189
137 192
137 193
137 195
137 197
137 198
138 139
138 140
138 142
138 143
138 144
138 145
138 146
138 147
138 148
138 149
138 150
138 151
138 154
138 155
138 156
138 157
138 158
138 159
138 160
138 161
138 162
138 163
138 166
138 169
138 170
138 171
138 174
138 175
138 176
138 179
138 181
138 183
138 184
138 187
138 188
138 190
138 191
138 192
138 194
138 196
138 198
139 140
139 141
139 143
139 145
139 149
139 150
139 151
139 152
139 153
139 154
139 157
139 158
139 161
139 162
139 164
139 165
139 166
139 167
139 170
139 172
139 173
139 174
139 175
139 178
139 180
139 182
139 183
139 184
139 186
139 188
139 189
139 192
139 193
139 194
139 195
139 196
139 197
139 198
139 199
140 142
140 143
140 145
140 147
140 148
140 149
140 151
140 153
140 154
140 155
140 156
140 157
140 158
140 159
140 160
140 161
140 163
140 164
140 166
140 167
140 168
140 170
140 171
140 172
140 173
140 174
140 175
140 176
140 177
140 178
140 180
140 181
140 184
140 185
140 186
140 187
140 191
140 195
140 197
141 142
141 143
141 145
141 146
141 148
141 149
141 150
141 151
141 152
141 153
141 154
141 155
141 156
141 157
141 158
141 162
141 164
141 165
141 169
141 170
141 173
141 174
141 176
141 179
141 181
141 183
141 184
141 185
141 186
141 188
141 190
141 193
141 195
142 143
142 144
142 148
142 149
142 151
142 152
142 153
142 154
142 157
142 158
142 159
142 160
142 161
142 163
142 164
142 166
142 167
142 168
142 169
142 170
142 171
142 172
142 173
142 175
142 176
142 177
142 179
142 182
142 184
142 185
142 186
142 187
142 188
142 189
142 191
142 193
142 194
142 198
142 199
143 145
143 146
143 148
143 149
143 150
143 151
143 153
143 154
143 155
143 157
143 158
143 159
143 162
143 163
143 164
143 165
143 166
143 167
143 168
143 169
143 170
143 171
143 172
143 174
143 175
143 176
143 177
143 178
143 180
143 181
143 182
143 183
143 186
143 187
143 189
143 190
143 193
143 194
143 195
143 197
143 199
144 145
144 148
144 149
144 152
144 155
144 156
144 157
144 160
144 161
144 162
144 168
144 170
144 173
144 174
144 175
144 176
144 177
144 178
144 179
144 181
144 183
144 184
144 185
144 187
144 188
144 190
144 191
144 192
144 195
144 196
144 198
144 199
145 149
145 150
145 155
145 160
145 161
145 162
145 163
145 164
145 165
145 166
145 167
145 168
145 169
145 170
145 171
145 172
145 173
145 175
145 176
145 177
145 180
145 181
145 183
145 184
145 185
145 186
145 187
145 188
145 190
145 191
145 192
145 193
145 194
145 196
145 197
145 198
146 147
146 149
146 151
146 152
146 154
146 157
146 162
146 165
146 167
146 168
146 169
146 170
146 171
146 172
146 173
146 175
146 178
146 179
146 181
146 184
146 185
146 187
146 190
146 191
146 193
146 194
146 196
146 197
146 198
147 148
147 149
147 150
147 151
147 154
147 156
147 159
147 160
147 161
147 162
147 166
147 167
147 168
147 173
147 176
147 177
147 180
147 181
147 182
147 187
147 188
147 192
147 193
147 194
147 195
147 196
147 197
147 199
148 151
148 153
148 154
148 156
148 157
148 162
148 163
148 166
148 167
148 169
148 171
148 172
148 173
148 175
148 178
148 179
148 181
148 182
148 183
148 184
148 185
148 187
148 188
148 189
148 190
148 191
148 192
148 195
148 197
148 199
149 150
149 151
149 152
149 156
149 157
149 159
149 160
149 161
149 162
149 163
149 165
149 167
149 170
149 172
149 173
149 174
149 175
149 176
149 180
149 181
149 182
149 183
149 185
149 186
149 187
149 189
149 190
149 191
149 192
149 195
149 197
149 198
149 199
150 151
150 152
150 153
150 154
150 155
150 158
150 161
150 162
150 164
150 166
150 169
150 170
150 171
150 172
150 173
150 174
150 176
150 179
150 180
150 181
150 182
150 185
150 186
150 187
150 188
150 190
150 191
150 192
150 193
150 196
150 199
151 152
151 153
151 155
151 157
151 159
151 160
151 162
151 163
151 166
151 169
151 171
151 172
151 174
151 176
151 177
151 180
151 181
151 182
151 183
151 185
151 188
151 189
151 191
151 192
151 193
151 194
151 195
151 196
151 197
151 199
152 153
152 156
152 158
152 160
152 162
152 166
152 167
152 168
152 169
152 171
152 175
152 177
152 178
152 179
152 180
152 182
152 185
152 188
152 189
152 190
152 191
152 194
152 197
152 198
152 199
153 154
153 155
153 159
153 160
153 161
153 163
153 164
153 165
153 167
153 169
153 170
153 171
153 172
153 173
153 174
153 175
153 176
153 177
153 180
153 186
153 188
153 189
153 193
153 194
153 199
154 155
154 156
154 158
154 159
154 160
154 161
154 162
154 163
154 164
154 165
154 166
154 167
154 169
154 170
154 171
154 172
154 173
154 174
154 175
154 177
154 179
154 180
154 182
154 184
154 185
154 186
154 188
154 189
154 190
154 193
154 194
154 195
154 196
154 197
155 156
155 157
155 162
155 163
155 166
155 167
155 170
155 171
155 172
155 173
155 174
155 177
155 178
155 179
155 181
155 182
155 184
155 185
155 186
155 187
155 188
155 191
155 192
155 193
155 194
155 195
155 196
156 159
156 160
156 162
156 163
156 164
156 165
156 167
156 168
156 170
156 171
156 173
156 176
156 177
156 179
156 181
156 183
156 184
156 185
156 186
156 188
156 190
156 191
156 193
156 194
156 195
156 196
156 197
156 198
157 158
157 159
157 160
157 164
157 165
157 166
157 167
157 168
157 169
157 170
157 171
157 173
157 174
157 175
157 176
157 178
157 179
157 180
157 183
157 184
157 188
157 189
157 190
157 191
157 192
157 193
157 194
157 195
157 196
158 159
158 160
158 161
158 163
158 165
158 167
158 168
158 170
158 174
158 175
158 176
158 177
158 179
158 181
158 183
158 184
158 189
158 193
158 194
158 195
158 196
158 197
158 198
158 199
159 160
159 161
159 165
159 166
159 167
159 168
159 169
159 170
159 171
159 173
159 174
159 175
159 176
159 184
159 185
159 188
159 190
159 191
159 193
159 194
159 196
159 197
159 198
159 199
160 161
160 162
160 166
160 167
160 168
160 169
160 170
160 172
160 174
160 175
160 176
160 177
160 178
160 179
160 180
160 181
160 184
160 185
160 186
160 187
160 190
160 191
160 193
160 194
160 195
160 197
160 198
161 162
161 163
161 164
161 166
161 168
161 170
161 174
161 175
161 176
161 177
161 178
161 180
161 183
161 184
161 186
161 189
161 191
161 192
161 195
161 199
162 163
162 167
162 168
162 170
162 171
162 173
162 175
162 177
162 179
162 180
162 183
162 184
162 185
162 189
162 190
162 191
162 194
162 196
163 165
163 166
163 167
163 168
163 172
163 174
163 175
163 176
163 179
163 180
163 183
163 184
163 186
163 188
163 189
163 191
163 192
163 193
163 194
163 195
163 196
163 197
163 198
164 165
164 166
164 170
164 171
164 172
164 177
164 178
164 180
164 182
164 184
164 185
164 186
164 187
164 190
164 191
164 192
164 193
164 194
164 195
164 197
164 198
165 166
165 169
165 170
165 171
165 172
165 174
165 175
165 176
165 178
165 179
165 180
165 183
165 185
165 187
165 190
165 193
165 194
165 195
165 198
166 169
166 172
166 173
166 175
166 176
166 177
166 181
166 182
166 188
166 191
166 192
166 194
166 196
166 199
167 169
167 170
167 171
167 172
167 174
167 175
167 176
167 177
167 179
167 180
167 181
167 182
167 184
167 185
167 187
167 189
167 190
167 191
167 192
167 193
167 194
167 196
167 197
167 198
168 169
168 170
168 171
168 173
168 174
168 175
168 177
168 179
168 180
168 181
168 183
168 184
168 189
168 191
168 193
168 194
168 195
168 196
168 198
168 199
169 170
169 173
169 174
169 175
169 176
169 177
169 178
169 180
169 183
169 184
169 186
169 187
169 188
169 190
169 191
169 192
169 194
169 195
169 197
169 199
170 175
170 176
170 177
170 178
170 179
170 180
170 181
170 183
170 184
170 186
170 189
170 190
170 195
170 197
170 199
171 172
171 173
171 174
171 175
171 178
171 179
171 180
171 181
171 184
171 188
171 190
171 191
171 192
171 193
171 194
171 195
171 196
171 197
171 198
171 199
172 173
172 174
172 175
172 177
172 178
172 179
172 182
172 184
172 186
172 187
172 189
172 190
172 191
172 192
172 194
172 196
172 198
172 199
173 175
173 176
173 177
173 180
173 182
173 183
173 189
173 190
173 191
173 193
173 194
173 196
174 175
174 177
174 178
174 181
174 183
174 184
174 186
174 187
174 188
174 189
174 192
174 196
174 197
175 177
175 178
175 180
175 182
175 183
175 185
175 188
175 189
175 190
175 194
175 195
175 196
175 198
175 199
176 179
176 180
176 181
176 182
176 183
176 184
176 185
176 187
176 189
176 190
176 192
176 199
177 178
177 179
177 184
177 185
177 187
177 188
177 189
177 190
177 191
177 192
177 193
177 195
177 197
177 198
178 179
178 180
178 183
178 186
178 188
178 189
178 190
178 192
178 194
178 197
178 198
178 199
179 180
179 181
179 184
179 187
179 188
179 189
179 190
179 191
179 192
179 195
179 196
179 197
179 199
180 183
180 184
180 185
180 186
180 187
180 188
180 190
180 192
180 194
180 196
180 197
180 199
181 182
181 183
181 184
181 187
181 189
181 190
181 191
181 192
181 193
181 194
181 195
181 197
181 198
181 199
182 186
182 188
182 189
182 190
182 191
182 192
182 194
182 195
182 197
182 198
183 184
183 185
183 186
183 187
183 190
183 191
183 193
183 194
183 195
183 197
183 198
183 199
184 188
184 191
184 193
184 194
184 196
184 197
184 199
185 187
185 190
185 191
185 193
185 194
185 196
185 197
185 199
186 188
186 189
186 191
186 192
186 193
186 194
186 195
186 196
186 197
186 198
187 191
187 193
187 194
187 195
187 196
188 189
188 190
188 191
188 194
188 195
188 196
188 197
188 198
188 199
189 191
189 192
189 195
189 196
189 197
189 198
189 199
190 191
190 192
190 193
190 194
190 196
190 197
191 192
191 193
191 194
191 198
191 199
192 193
192 195
192 196
192 197
192 198
193 194
193 196
193 197
194 195
194 197
194 198
195 196
195 197
195 199
196 198
196 199
198 199
7 44 5 167 173 150 73 64 72 61 82 29 106 55 136 195 103 23 90 97 120 71 122 114 112 35 160 176 155 140 4 108 16 81 164 12 115 168 40 0 180 92 3 22 172 15 177 32 98 130 137 91 14 79 59 24 66 62 87 84
101 124 178 151 174 43 133 94 143 17 107 153 166 95 63 121 9 182 58 1 149 65 70 116 11 38 47 161 100 10 169 128 42 138 26 49 196 67 179 144 50 139 75 129 89 199 105 156 117 19 28 8 165 134 189 194 126 85 197 83
48 162 78 31 77 147 86 102 158 41 39 80 159 25 193 135 33 190 104 111 154 181 27 51 146 56 142 152 46 192 18 60 119 191 2 93 183 68 53 99 37 13 175 76 163 198 52 170 21 20 69 118 127 74 188 45 30 185 125 131
109 186 88 141 184 110 57 157 6 36 123 113 187 132 171 148 145 96 54 34
