200
6091
7
68
35
14
50
57
89
74
0 2
0 5
0 7
0 22
0 24
0 28
0 39
0 42
0 43
0 44
0 45
0 49
0 51
0 53
0 54
0 56
0 69
0 71
0 72
0 75
0 76
0 78
0 80
0 84
0 87
0 89
0 94
0 95
0 100
0 105
0 106
0 108
0 111
0 112
0 121
0 124
0 127
0 129
0 131
0 132
0 134
0 153
0 158
0 160
0 161
0 162
0 163
0 166
0 167
0 168
0 170
0 172
0 173
0 177
0 178
0 179
0 182
0 183
0 184
0 186
0 187
0 190
0 196
0 198
1 4
1 5
1 9
1 12
1 19
1 20
1 22
1 30
1 31
1 34
1 40
1 46
1 47
1 53
1 57
1 59
1 61
1 63
1 65
1 66
1 67
1 68
1 69
1 72
1 73
1 78
1 84
1 85
1 88
1 90
1 91
1 95
1 98
1 102
1 108
1 110
1 114
1 115
1 116
1 117
1 126
1 135
1 138
1 142
1 143
1 147
1 150
1 151
1 159
1 162
1 166
1 170
1 174
1 177
1 179
1 184
1 186
1 189
1 190
1 192
1 194
1 199
2 5
2 10
2 18
2 19
2 20
2 21
2 24
2 28
2 30
2 41
2 42
2 45
2 48
2 53
2 54
2 60
2 72
2 75
2 76
2 78
2 79
2 80
2 82
2 90
2 92
2 98
2 100
2 106
2 108
2 115
2 120
2 121
2 123
2 151
2 152
2 154
2 158
2 161
2 163
2 166
2 167
2 168
2 170
2 171
2 174
2 177
2 178
2 179
2 180
2 182
2 186
2 198
3 4
3 7
3 8
3 16
3 26
3 38
3 40
3 41
3 58
3 76
3 77
3 85
3 92
3 95
3 97
3 104
3 114
3 115
3 117
3 118
3 119
3 120
3 121
3 124
3 130
3 134
3 141
3 144
3 146
3 149
3 151
3 152
3 156
3 159
3 160
3 161
3 167
3 171
3 172
3 175
3 176
3 187
3 189
3 190
3 192
3 194
3 195
3 197
4 6
4 9
4 14
4 16
4 17
4 18
4 19
4 22
4 25
4 30
4 31
4 33
4 35
4 36
4 46
4 47
4 56
4 60
4 67
4 68
4 72
4 73
4 77
4 81
4 82
4 88
4 91
4 96
4 97
4 101
4 102
4 106
4 109
4 110
4 111
4 113
4 117
4 119
4 121
4 123
4 124
4 128
4 130
4 131
4 132
4 141
4 145
4 147
4 151
4 155
4 158
4 160
4 161
4 164
4 167
4 171
4 173
4 176
4 177
4 178
4 184
4 188
4 189
4 192
4 199
5 9
5 13
5 17
5 19
5 20
5 30
5 36
5 41
5 44
5 45
5 51
5 55
5 62
5 63
5 72
5 73
5 76
5 80
5 82
5 85
5 86
5 88
5 96
5 104
5 108
5 110
5 112
5 113
5 115
5 117
5 118
5 121
5 123
5 126
5 127
5 132
5 137
5 140
5 141
5 144
5 146
5 158
5 160
5 163
5 164
5 166
5 169
5 175
5 177
5 181
5 183
5 186
5 190
5 191
5 192
5 196
5 197
5 198
6 10
6 12
6 13
6 22
6 24
6 27
6 28
6 30
6 32
6 34
6 37
6 38
6 42
6 44
6 46
6 49
6 50
6 53
6 54
6 55
6 58
6 71
6 74
6 77
6 80
6 83
6 84
6 86
6 89
6 93
6 94
6 95
6 96
6 98
6 104
6 106
6 114
6 125
6 129
6 134
6 137
6 140
6 141
6 144
6 152
6 153
6 156
6 159
6 165
6 172
6 176
6 180
6 184
6 185
6 186
6 187
6 190
7 13
7 22
7 23
7 27
7 35
7 36
7 37
7 40
7 41
7 44
7 48
7 51
7 52
7 55
7 57
7 58
7 59
7 65
7 72
7 73
7 75
7 80
7 81
7 83
7 85
7 87
7 88
7 89
7 90
7 93
7 94
7 98
7 102
7 105
7 108
7 110
7 111
7 116
7 119
7 121
7 125
7 137
7 139
7 140
7 147
7 149
7 155
7 159
7 160
7 165
7 166
7 168
7 176
7 193
7 194
7 195
7 197
7 199
8 10
8 13
8 15
8 22
8 23
8 24
8 27
8 29
8 36
8 40
8 41
8 46
8 47
8 52
8 54
8 56
8 57
8 58
8 59
8 63
8 68
8 73
8 75
8 78
8 80
8 81
8 83
8 84
8 85
8 88
8 90
8 93
8 98
8 103
8 105
8 113
8 114
8 116
8 118
8 123
8 124
8 125
8 127
8 130
8 136
8 137
8 140
8 141
8 145
8 146
8 149
8 150
8 152
8 158
8 161
8 162
8 164
8 173
8 174
8 180
8 184
8 185
8 195
9 14
9 15
9 19
9 21
9 22
9 26
9 30
9 32
9 34
9 36
9 40
9 41
9 42
9 46
9 47
9 49
9 57
9 58
9 61
9 62
9 72
9 75
9 78
9 80
9 81
9 86
9 89
9 94
9 96
9 98
9 99
9 103
9 105
9 107
9 112
9 114
9 116
9 117
9 119
9 121
9 122
9 126
9 128
9 129
9 133
9 136
9 141
9 144
9 149
9 150
9 152
9 156
9 158
9 168
9 172
9 175
9 177
9 181
9 183
9 188
9 193
10 12
10 16
10 19
10 22
10 23
10 24
10 28
10 36
10 42
10 43
10 48
10 50
10 53
10 58
10 60
10 64
10 68
10 73
10 78
10 81
10 84
10 88
10 90
10 96
10 98
10 100
10 101
10 103
10 104
10 105
10 107
10 110
10 113
10 117
10 119
10 126
10 128
10 133
10 139
10 140
10 142
10 145
10 148
10 149
10 154
10 161
10 162
10 163
10 165
10 167
10 173
10 179
10 180
10 186
11 12
11 15
11 19
11 21
11 25
11 28
11 29
11 31
11 32
11 33
11 35
11 40
11 42
11 46
11 48
11 49
11 50
11 57
11 59
11 62
11 65
11 79
11 83
11 85
11 86
11 91
11 93
11 96
11 98
11 99
11 100
11 108
11 109
11 112
11 118
11 119
11 132
11 137
11 140
11 144
11 146
11 148
11 154
11 156
11 159
11 161
11 175
11 177
11 183
11 187
11 194
11 199
12 13
12 14
12 15
12 18
12 21
12 25
12 26
12 27
12 28
12 31
12 33
12 35
12 39
12 47
12 54
12 57
12 59
12 73
12 76
12 78
12 80
12 89
12 96
12 100
12 101
12 103
12 106
12 111
12 112
12 114
12 115
12 119
12 121
12 127
12 128
12 129
12 130
12 133
12 134
12 135
12 136
12 138
12 141
12 142
12 145
12 147
12 148
12 151
12 153
12 155
12 158
12 166
12 168
12 172
12 181
12 186
12 187
12 190
12 191
12 196
12 198
12 199
13 20
13 27
13 37
13 42
13 44
13 45
13 46
13 47
13 53
13 56
13 58
13 62
13 65
13 73
13 76
13 79
13 81
13 82
13 85
13 90
13 91
13 92
13 95
13 97
13 98
13 101
13 102
13 106
13 109
13 110
13 112
13 113
13 114
13 117
13 120
13 121
13 122
13 127
13 130
13 132
13 136
13 137
13 139
13 143
13 145
13 148
13 156
13 163
13 165
13 167
13 168
13 169
13 170
13 173
13 175
13 177
13 183
13 186
13 190
14 18
14 19
14 24
14 28
14 30
14 40
14 41
14 45
14 47
14 55
14 62
14 63
14 64
14 71
14 74
14 79
14 83
14 84
14 86
14 87
14 88
14 90
14 92
14 99
14 100
14 106
14 107
14 109
14 114
14 119
14 132
14 133
14 137
14 142
14 143
14 149
14 152
14 153
14 154
14 155
14 159
14 162
14 167
14 168
14 178
14 179
14 185
14 189
14 194
14 196
15 16
15 17
15 18
15 20
15 22
15 24
15 26
15 31
15 33
15 34
15 37
15 38
15 39
15 40
15 51
15 55
15 61
15 62
15 63
15 67
15 70
15 72
15 77
15 78
15 79
15 90
15 98
15 101
15 104
15 106
15 112
15 113
15 116
15 117
15 119
15 120
15 121
15 123
15 124
15 126
15 128
15 130
15 148
15 149
15 157
15 168
15 174
15 178
15 181
15 184
15 189
15 190
15 191
15 196
15 197
16 17
16 23
16 25
16 27
16 29
16 31
16 37
16 40
16 41
16 44
16 50
16 57
16 65
16 71
16 73
16 76
16 80
16 83
16 84
16 95
16 98
16 100
16 101
16 102
16 103
16 105
16 108
16 109
16 110
16 113
16 114
16 117
16 119
16 121
16 124
16 126
16 128
16 130
16 131
16 137
16 143
16 144
16 149
16 151
16 153
16 155
16 165
16 166
16 171
16 172
16 174
16 178
16 179
16 180
16 181
16 182
16 184
16 190
16 196
17 18
17 23
17 25
17 26
17 27
17 36
17 40
17 45
17 50
17 52
17 58
17 59
17 66
17 68
17 69
17 70
17 71
17 72
17 79
17 87
17 92
17 94
17 97
17 103
17 104
17 106
17 109
17 110
17 112
17 115
17 117
17 121
17 123
17 124
17 127
17 130
17 144
17 145
17 149
17 151
17 161
17 162
17 164
17 169
17 177
17 184
17 185
17 190
17 193
17 195
18 23
18 24
18 27
18 29
18 34
18 36
18 37
18 38
18 44
18 47
18 50
18 51
18 56
18 59
18 64
18 67
18 70
18 72
18 76
18 78
18 80
18 82
18 83
18 84
18 92
18 94
18 96
18 101
18 102
18 107
18 109
18 115
18 116
18 120
18 123
18 124
18 126
18 128
18 135
18 138
18 140
18 142
18 150
18 157
18 162
18 164
18 166
18 168
18 174
18 175
18 181
18 183
18 185
18 187
18 196
18 199
19 20
19 23
19 31
19 32
19 36
19 38
19 41
19 45
19 60
19 68
19 69
19 72
19 81
19 82
19 84
19 86
19 87
19 91
19 93
19 95
19 99
19 101
19 105
19 106
19 108
19 109
19 110
19 114
19 115
19 121
19 124
19 128
19 130
19 133
19 135
19 137
19 141
19 142
19 143
19 145
19 146
19 151
19 153
19 154
19 156
19 160
19 163
19 166
19 169
19 170
19 171
19 180
19 185
19 186
19 189
19 192
19 194
19 197
19 199
20 23
20 25
20 27
20 28
20 29
20 32
20 34
20 37
20 40
20 42
20 49
20 54
20 56
20 57
20 64
20 65
20 68
20 74
20 78
20 79
20 81
20 82
20 88
20 89
20 93
20 97
20 101
20 102
20 103
20 107
20 110
20 114
20 115
20 125
20 127
20 129
20 133
20 141
20 142
20 143
20 147
20 148
20 151
20 156
20 157
20 165
20 170
20 174
20 175
20 178
20 181
20 185
20 186
20 187
20 189
20 191
21 22
21 23
21 26
21 32
21 36
21 38
21 39
21 44
21 49
21 51
21 67
21 69
21 72
21 73
21 75
21 76
21 78
21 83
21 85
21 86
21 89
21 90
21 95
21 97
21 101
21 102
21 115
21 118
21 119
21 122
21 123
21 126
21 130
21 133
21 138
21 140
21 148
21 149
21 152
21 156
21 159
21 161
21 162
21 167
21 169
21 180
21 182
21 187
21 191
21 192
21 197
22 23
22 26
22 30
22 34
22 36
22 40
22 46
22 58
22 60
22 63
22 64
22 75
22 78
22 84
22 85
22 87
22 90
22 94
22 98
22 99
22 102
22 106
22 107
22 108
22 109
22 122
22 131
22 132
22 136
22 138
22 140
22 141
22 142
22 144
22 146
22 153
22 154
22 155
22 158
22 163
22 165
22 166
22 169
22 171
22 173
22 174
22 175
22 176
22 177
22 181
22 186
22 196
22 197
22 198
23 24
23 28
23 30
23 33
23 35
23 37
23 44
23 45
23 47
23 54
23 58
23 62
23 63
23 64
23 68
23 70
23 71
23 73
23 75
23 77
23 79
23 83
23 89
23 92
23 93
23 95
23 97
23 101
23 106
23 107
23 109
23 112
23 115
23 120
23 129
23 133
23 134
23 142
23 143
23 146
23 149
23 151
23 157
23 159
23 162
23 171
23 173
23 186
23 187
23 189
23 190
23 191
23 192
24 30
24 31
24 32
24 35
24 37
24 39
24 42
24 45
24 49
24 52
24 53
24 55
24 79
24 80
24 81
24 84
24 85
24 88
24 91
24 94
24 100
24 102
24 106
24 109
24 115
24 116
24 121
24 124
24 125
24 129
24 131
24 134
24 136
24 137
24 138
24 139
24 141
24 145
24 148
24 155
24 156
24 158
24 160
24 161
24 162
24 166
24 167
24 175
24 176
24 179
24 182
24 189
24 190
24 194
24 197
25 32
25 38
25 40
25 42
25 45
25 53
25 55
25 56
25 58
25 64
25 66
25 67
25 74
25 75
25 76
25 79
25 84
25 91
25 94
25 95
25 102
25 103
25 104
25 113
25 116
25 120
25 127
25 129
25 132
25 133
25 141
25 143
25 145
25 146
25 147
25 153
25 159
25 160
25 161
25 164
25 170
25 171
25 173
25 179
25 181
25 184
25 189
25 190
25 191
25 195
25 196
26 31
26 36
26 37
26 41
26 42
26 44
26 46
26 48
26 50
26 51
26 55
26 56
26 59
26 60
26 61
26 64
26 65
26 66
26 67
26 71
26 72
26 84
26 87
26 88
26 89
26 94
26 98
26 106
26 111
26 115
26 117
26 120
26 121
26 122
26 126
26 127
26 133
26 136
26 138
26 140
26 145
26 147
26 150
26 152
26 155
26 157
26 159
26 165
26 168
26 169
26 170
26 173
26 180
26 184
26 193
26 197
27 28
27 30
27 31
27 42
27 45
27 47
27 54
27 55
27 56
27 59
27 62
27 64
27 69
27 70
27 71
27 77
27 83
27 93
27 95
27 100
27 104
27 105
27 111
27 113
27 114
27 116
27 133
27 134
27 143
27 144
27 145
27 147
27 152
27 158
27 162
27 164
27 173
27 175
27 176
27 177
27 179
27 185
27 195
27 197
28 35
28 37
28 38
28 43
28 44
28 45
28 48
28 49
28 50
28 53
28 54
28 57
28 59
28 63
28 67
28 68
28 69
28 70
28 78
28 84
28 96
28 97
28 98
28 101
28 102
28 105
28 109
28 112
28 122
28 131
28 133
28 134
28 137
28 139
28 143
28 144
28 148
28 150
28 151
28 154
28 158
28 159
28 161
28 168
28 172
28 173
28 174
28 180
28 181
28 183
28 184
28 185
28 191
28 194
28 195
28 197
28 199
29 31
29 47
29 48
29 49
29 51
29 56
29 57
29 66
29 70
29 71
29 76
29 78
29 81
29 83
29 84
29 85
29 93
29 99
29 105
29 108
29 111
29 113
29 116
29 118
29 123
29 131
29 139
29 141
29 142
29 146
29 151
29 154
29 155
29 161
29 162
29 164
29 168
29 171
29 175
29 183
29 187
29 189
29 191
29 193
29 197
29 198
29 199
30 31
30 34
30 36
30 39
30 46
30 48
30 51
30 53
30 54
30 57
30 58
30 68
30 72
30 74
30 76
30 78
30 80
30 81
30 83
30 85
30 89
30 93
30 96
30 97
30 101
30 104
30 111
30 114
30 118
30 119
30 128
30 129
30 133
30 136
30 137
30 142
30 149
30 156
30 157
30 158
30 162
30 167
30 172
30 176
30 177
30 182
30 185
30 193
30 195
31 32
31 38
31 40
31 44
31 45
31 46
31 48
31 53
31 54
31 56
31 57
31 58
31 60
31 62
31 67
31 68
31 69
31 73
31 77
31 91
31 92
31 94
31 102
31 108
31 113
31 125
31 128
31 131
31 135
31 136
31 137
31 139
31 140
31 145
31 146
31 147
31 148
31 151
31 154
31 157
31 160
31 163
31 165
31 166
31 167
31 168
31 169
31 170
31 177
31 179
31 181
31 185
31 189
31 194
31 197
32 34
32 41
32 42
32 43
32 46
32 49
32 50
32 52
32 54
32 57
32 59
32 60
32 62
32 64
32 65
32 68
32 69
32 70
32 74
32 75
32 76
32 81
32 83
32 85
32 89
32 90
32 93
32 94
32 96
32 97
32 102
32 104
32 115
32 116
32 120
32 123
32 132
32 133
32 135
32 136
32 137
32 139
32 152
32 156
32 158
32 160
32 164
32 165
32 173
32 176
32 179
32 180
32 185
32 187
32 188
32 191
32 192
32 194
32 195
33 36
33 37
33 39
33 41
33 46
33 52
33 54
33 55
33 60
33 62
33 63
33 64
33 69
33 71
33 73
33 75
33 76
33 78
33 79
33 83
33 86
33 87
33 90
33 101
33 102
33 104
33 108
33 109
33 113
33 115
33 116
33 124
33 126
33 129
33 130
33 131
33 132
33 137
33 154
33 159
33 165
33 167
33 169
33 170
33 171
33 178
33 180
33 183
33 188
33 197
34 40
34 46
34 47
34 49
34 53
34 55
34 56
34 58
34 59
34 60
34 63
34 67
34 69
34 73
34 82
34 85
34 88
34 89
34 94
34 96
34 97
34 100
34 101
34 102
34 103
34 108
34 112
34 114
34 120
34 124
34 125
34 126
34 128
34 131
34 133
34 136
34 139
34 140
34 141
34 149
34 150
34 157
34 158
34 159
34 160
34 178
34 193
34 195
34 197
34 198
34 199
35 36
35 37
35 39
35 40
35 46
35 47
35 50
35 51
35 55
35 59
35 60
35 63
35 64
35 65
35 71
35 73
35 80
35 82
35 86
35 92
35 94
35 101
35 102
35 104
35 109
35 111
35 115
35 125
35 130
35 132
35 139
35 143
35 148
35 149
35 152
35 159
35 163
35 165
35 170
35 173
35 176
35 179
35 181
35 184
35 187
35 189
35 190
35 193
35 198
35 199
36 38
36 41
36 43
36 44
36 46
36 59
36 66
36 67
36 72
36 74
36 76
36 77
36 78
36 79
36 80
36 81
36 87
36 92
36 94
36 96
36 103
36 106
36 108
36 109
36 117
36 123
36 127
36 131
36 132
36 133
36 143
36 144
36 147
36 150
36 159
36 161
36 168
36 169
36 172
36 174
36 176
36 177
36 184
36 186
36 191
36 193
36 196
36 197
36 198
37 38
37 44
37 46
37 48
37 49
37 50
37 53
37 54
37 57
37 58
37 63
37 64
37 65
37 66
37 67
37 75
37 80
37 82
37 83
37 86
37 87
37 90
37 93
37 106
37 115
37 116
37 119
37 122
37 131
37 135
37 139
37 140
37 146
37 147
37 148
37 149
37 154
37 155
37 161
37 164
37 168
37 170
37 178
37 181
37 183
37 184
37 193
38 50
38 51
38 53
38 56
38 64
38 68
38 70
38 75
38 77
38 85
38 86
38 90
38 93
38 94
38 96
38 99
38 100
38 105
38 108
38 121
38 123
38 124
38 131
38 133
38 135
38 136
38 143
38 159
38 160
38 165
38 167
38 168
38 170
38 174
38 177
38 181
38 182
38 185
38 187
38 189
38 190
38 192
38 193
38 194
38 197
39 40
39 43
39 47
39 53
39 54
39 55
39 56
39 58
39 62
39 63
39 64
39 65
39 73
39 75
39 77
39 78
39 79
39 84
39 88
39 89
39 91
39 92
39 94
39 96
39 101
39 103
39 106
39 108
39 109
39 110
39 111
39 119
39 123
39 124
39 125
39 128
39 130
39 135
39 138
39 139
39 140
39 142
39 145
39 149
39 150
39 151
39 153
39 160
39 170
39 171
39 172
39 174
39 178
39 180
39 181
39 186
39 192
39 193
39 195
39 197
39 198
39 199
40 41
40 44
40 45
40 46
40 47
40 49
40 53
40 55
40 56
40 57
40 62
40 64
40 66
40 67
40 68
40 70
40 71
40 75
40 79
40 85
40 87
40 89
40 91
40 94
40 98
40 101
40 102
40 103
40 107
40 109
40 113
40 117
40 121
40 123
40 125
40 128
40 132
40 140
40 141
40 142
40 143
40 147
40 149
40 150
40 155
40 157
40 162
40 178
40 179
40 185
40 195
41 46
41 47
41 50
41 53
41 54
41 57
41 65
41 67
41 71
41 77
41 83
41 87
41 92
41 93
41 96
41 105
41 111
41 114
41 116
41 120
41 126
41 129
41 134
41 136
41 139
41 143
41 146
41 148
41 150
41 153
41 154
41 156
41 157
41 165
41 169
41 171
41 172
41 175
41 178
41 179
41 184
41 185
41 186
41 187
41 188
41 191
41 195
41 199
42 43
42 45
42 63
42 65
42 68
42 70
42 74
42 75
42 77
42 78
42 83
42 85
42 90
42 94
42 96
42 99
42 103
42 107
42 108
42 110
42 112
42 118
42 122
42 123
42 124
42 133
42 134
42 138
42 140
42 149
42 153
42 154
42 157
42 158
42 162
42 163
42 166
42 172
42 173
42 175
42 179
42 183
42 186
42 190
42 191
42 194
42 197
42 199
43 51
43 54
43 55
43 58
43 60
43 63
43 65
43 69
43 72
43 74
43 76
43 77
43 78
43 79
43 80
43 82
43 95
43 96
43 97
43 98
43 101
43 102
43 104
43 106
43 107
43 111
43 112
43 122
43 123
43 126
43 127
43 139
43 140
43 142
43 143
43 147
43 155
43 163
43 170
43 173
43 174
43 175
43 176
43 178
43 180
43 181
43 183
43 184
43 185
43 188
43 189
43 194
43 199
44 52
44 55
44 65
44 68
44 71
44 72
44 73
44 80
44 81
44 85
44 86
44 87
44 89
44 92
44 96
44 98
44 101
44 104
44 109
44 113
44 115
44 118
44 121
44 122
44 126
44 134
44 135
44 136
44 138
44 142
44 143
44 153
44 155
44 160
44 161
44 170
44 177
44 182
44 187
44 189
44 192
44 196
45 49
45 56
45 59
45 60
45 61
45 62
45 65
45 66
45 67
45 70
45 71
45 74
45 83
45 86
45 89
45 90
45 96
45 97
45 98
45 100
45 101
45 102
45 104
45 106
45 109
45 111
45 114
45 118
45 122
45 123
45 128
45 131
45 135
45 137
45 147
45 151
45 152
45 156
45 157
45 158
45 159
45 162
45 163
45 169
45 171
45 172
45 179
45 180
45 185
45 191
46 48
46 49
46 50
46 55
46 57
46 61
46 64
46 65
46 66
46 67
46 69
46 72
46 78
46 81
46 92
46 96
46 97
46 98
46 100
46 102
46 106
46 113
46 115
46 118
46 123
46 132
46 136
46 137
46 142
46 143
46 149
46 151
46 157
46 162
46 171
46 173
46 175
46 180
46 182
46 183
46 184
46 187
46 188
46 190
46 192
46 193
47 48
47 50
47 57
47 63
47 66
47 77
47 78
47 95
47 96
47 103
47 105
47 107
47 109
47 115
47 119
47 121
47 123
47 128
47 137
47 140
47 143
47 145
47 148
47 149
47 167
47 170
47 176
47 178
47 181
47 186
47 187
47 188
47 191
47 197
47 198
47 199
48 50
48 51
48 56
48 58
48 62
48 69
48 71
48 73
48 74
48 78
48 80
48 86
48 87
48 90
48 95
48 99
48 109
48 110
48 112
48 115
48 116
48 119
48 120
48 121
48 123
48 124
48 126
48 128
48 130
48 131
48 133
48 134
48 137
48 139
48 140
48 141
48 142
48 143
48 145
48 146
48 152
48 160
48 161
48 165
48 168
48 173
48 175
48 179
48 184
48 187
48 192
48 194
48 195
48 196
49 51
49 52
49 53
49 66
49 68
49 70
49 71
49 78
49 80
49 83
49 92
49 93
49 94
49 96
49 100
49 101
49 104
49 106
49 112
49 120
49 122
49 124
49 127
49 131
49 141
49 143
49 144
49 148
49 151
49 152
49 153
49 154
49 155
49 157
49 158
49 166
49 168
49 169
49 172
49 173
49 179
49 180
49 183
49 184
49 188
49 189
49 192
49 193
49 196
50 61
50 63
50 69
50 70
50 72
50 76
50 77
50 78
50 79
50 80
50 81
50 83
50 86
50 87
50 91
50 93
50 95
50 96
50 97
50 99
50 102
50 104
50 108
50 110
50 113
50 114
50 115
50 120
50 122
50 131
50 134
50 137
50 139
50 140
50 141
50 148
50 152
50 160
50 163
50 166
50 167
50 170
50 172
50 179
50 180
50 186
50 187
50 189
50 190
50 192
50 194
50 198
51 53
51 57
51 65
51 67
51 68
51 73
51 74
51 75
51 77
51 79
51 84
51 86
51 87
51 89
51 91
51 92
51 94
51 102
51 106
51 114
51 122
51 123
51 125
51 126
51 138
51 141
51 150
51 153
51 157
51 158
51 159
51 162
51 167
51 168
51 174
51 175
51 181
51 189
51 192
51 196
51 199
52 56
52 59
52 60
52 63
52 64
52 65
52 68
52 83
52 91
52 95
52 99
52 102
52 105
52 110
52 111
52 117
52 122
52 128
52 131
52 139
52 145
52 146
52 149
52 150
52 153
52 154
52 156
52 157
52 164
52 165
52 169
52 172
52 176
52 178
52 179
52 193
52 195
52 197
52 198
52 199
53 55
53 67
53 68
53 70
53 71
53 72
53 75
53 80
53 82
53 84
53 85
53 91
53 92
53 99
53 100
53 102
53 104
53 107
53 108
53 109
53 110
53 112
53 116
53 135
53 142
53 143
53 145
53 150
53 157
53 158
53 162
53 163
53 165
53 168
53 170
53 177
53 178
53 181
53 182
53 184
53 193
54 59
54 63
54 64
54 67
54 68
54 70
54 72
54 74
54 75
54 76
54 79
54 80
54 84
54 85
54 87
54 88
54 90
54 91
54 92
54 96
54 98
54 104
54 109
54 110
54 117
54 118
54 122
54 123
54 124
54 125
54 136
54 137
54 139
54 140
54 153
54 158
54 166
54 169
54 171
54 176
54 178
54 179
54 180
54 182
54 193
54 194
54 198
55 57
55 59
55 61
55 62
55 63
55 64
55 66
55 69
55 75
55 76
55 79
55 87
55 90
55 100
55 102
55 104
55 105
55 108
55 109
55 111
55 112
55 113
55 114
55 116
55 117
55 123
55 128
55 130
55 131
55 137
55 138
55 139
55 140
55 150
55 151
55 153
55 156
55 158
55 159
55 167
55 172
55 175
55 177
55 179
55 198
55 199
56 58
56 59
56 60
56 66
56 73
56 74
56 75
56 79
56 84
56 87
56 98
56 101
56 106
56 109
56 110
56 111
56 112
56 115
56 117
56 124
56 126
56 129
56 135
56 139
56 142
56 144
56 145
56 150
56 161
56 165
56 168
56 170
56 171
56 174
56 175
56 177
56 180
56 182
56 183
56 185
56 186
56 187
56 189
56 190
56 192
56 193
56 196
56 199
57 60
57 64
57 77
57 79
57 91
57 92
57 94
57 96
57 102
57 106
57 108
57 117
57 123
57 127
57 141
57 146
57 151
57 153
57 154
57 157
57 159
57 161
57 165
57 166
57 170
57 172
57 176
57 177
57 180
57 182
57 184
57 187
57 191
57 195
58 61
58 62
58 70
58 72
58 73
58 74
58 75
58 77
58 81
58 82
58 86
58 87
58 92
58 95
58 96
58 109
58 113
58 118
58 120
58 121
58 128
58 130
58 138
58 146
58 147
58 152
58 153
58 155
58 156
58 158
58 165
58 167
58 168
58 172
58 173
58 177
58 180
58 181
58 183
58 188
58 190
58 191
58 193
58 194
58 197
59 66
59 70
59 73
59 87
59 88
59 90
59 93
59 97
59 103
59 110
59 116
59 117
59 122
59 125
59 126
59 132
59 135
59 136
59 138
59 145
59 147
59 148
59 149
59 159
59 168
59 169
59 171
59 172
59 174
59 178
59 179
59 187
59 188
59 193
59 195
59 199
60 62
60 64
60 68
60 69
60 70
60 72
60 73
60 75
60 79
60 82
60 83
60 88
60 90
60 92
60 93
60 97
60 100
60 103
60 104
60 106
60 109
60 111
60 115
60 128
60 129
60 134
60 140
60 141
60 143
60 144
60 145
60 148
60 153
60 155
60 162
60 164
60 165
60 168
60 169
60 170
60 171
60 178
60 179
60 182
60 184
60 187
60 189
60 192
60 193
60 198
60 199
61 63
61 65
61 66
61 68
61 71
61 75
61 76
61 79
61 83
61 84
61 85
61 86
61 91
61 92
61 93
61 100
61 105
61 108
61 110
61 111
61 117
61 125
61 128
61 131
61 134
61 135
61 136
61 137
61 139
61 146
61 153
61 155
61 158
61 159
61 160
61 164
61 165
61 169
61 173
61 175
61 176
61 177
61 178
61 180
61 186
61 189
61 191
61 195
61 198
62 63
62 67
62 69
62 73
62 76
62 82
62 94
62 96
62 107
62 108
62 112
62 117
62 120
62 122
62 125
62 140
62 142
62 144
62 150
62 154
62 156
62 163
62 167
62 169
62 171
62 174
62 178
62 184
62 185
62 186
62 188
62 190
63 66
63 67
63 68
63 69
63 75
63 76
63 82
63 85
63 87
63 90
63 91
63 95
63 97
63 98
63 104
63 112
63 114
63 117
63 118
63 124
63 129
63 131
63 132
63 137
63 140
63 142
63 143
63 146
63 147
63 148
63 164
63 166
63 168
63 173
63 174
63 178
63 186
63 187
63 190
63 191
63 193
63 197
64 65
64 66
64 68
64 72
64 77
64 78
64 82
64 91
64 92
64 97
64 98
64 103
64 115
64 117
64 121
64 122
64 123
64 126
64 128
64 141
64 142
64 152
64 156
64 157
64 158
64 161
64 168
64 172
64 174
64 175
64 182
64 183
64 193
65 66
65 67
65 68
65 79
65 80
65 81
65 82
65 86
65 89
65 92
65 93
65 96
65 103
65 106
65 108
65 109
65 116
65 118
65 120
65 126
65 132
65 138
65 140
65 141
65 143
65 145
65 150
65 155
65 158
65 163
65 169
65 175
65 180
65 181
65 182
65 185
65 186
65 191
65 193
65 196
65 199
66 72
66 73
66 80
66 84
66 87
66 90
66 100
66 101
66 102
66 119
66 121
66 124
66 125
66 126
66 129
66 130
66 131
66 132
66 147
66 149
66 150
66 152
66 153
66 165
66 166
66 176
66 177
66 179
66 181
66 184
66 185
66 187
66 188
66 190
66 199
67 68
67 69
67 75
67 76
67 78
67 79
67 80
67 81
67 83
67 85
67 86
67 89
67 92
67 93
67 94
67 98
67 107
67 108
67 114
67 115
67 117
67 121
67 123
67 131
67 135
67 145
67 151
67 152
67 153
67 157
67 159
67 161
67 162
67 164
67 166
67 167
67 169
67 170
67 173
67 178
67 179
67 180
67 181
67 186
67 192
67 193
67 199
68 72
68 74
68 76
68 77
68 80
68 83
68 84
68 85
68 88
68 91
68 102
68 104
68 107
68 114
68 115
68 116
68 118
68 124
68 127
68 130
68 136
68 144
68 149
68 150
68 156
68 157
68 166
68 167
68 170
68 173
68 176
68 177
68 180
68 189
68 190
68 195
69 78
69 79
69 80
69 86
69 87
69 88
69 91
69 97
69 98
69 106
69 112
69 115
69 119
69 121
69 123
69 124
69 125
69 128
69 129
69 135
69 136
69 139
69 142
69 154
69 158
69 159
69 164
69 171
69 174
69 175
69 176
69 177
69 178
69 184
69 187
70 74
70 75
70 77
70 78
70 94
70 95
70 96
70 97
70 99
70 100
70 103
70 105
70 106
70 107
70 111
70 112
70 114
70 117
70 119
70 123
70 126
70 127
70 128
70 139
70 140
70 147
70 148
70 150
70 153
70 156
70 157
70 158
70 163
70 165
70 166
70 171
70 178
70 179
70 182
70 188
70 189
70 190
70 192
70 193
70 194
70 198
71 82
71 86
71 89
71 93
71 95
71 97
71 99
71 105
71 106
71 112
71 114
71 115
71 119
71 126
71 131
71 135
71 144
71 149
71 151
71 152
71 159
71 162
71 166
71 169
71 172
71 174
71 177
71 178
71 179
71 180
71 181
71 183
71 185
71 188
71 189
71 195
72 79
72 82
72 84
72 87
72 98
72 100
72 101
72 106
72 107
72 108
72 111
72 113
72 114
72 120
72 125
72 126
72 128
72 146
72 147
72 148
72 150
72 153
72 154
72 159
72 161
72 165
72 166
72 169
72 172
72 175
72 177
72 180
72 181
72 183
72 185
72 188
72 189
72 190
72 191
72 196
73 74
73 76
73 77
73 83
73 88
73 92
73 94
73 99
73 101
73 103
73 107
73 109
73 113
73 114
73 120
73 122
73 123
73 127
73 128
73 130
73 132
73 133
73 135
73 137
73 138
73 143
73 144
73 148
73 153
73 161
73 162
73 163
73 165
73 166
73 168
73 170
73 171
73 174
73 175
73 179
73 183
73 184
73 187
73 189
73 191
73 192
73 195
74 83
74 88
74 90
74 91
74 98
74 99
74 100
74 103
74 104
74 106
74 109
74 110
74 112
74 114
74 116
74 117
74 119
74 121
74 124
74 126
74 129
74 130
74 134
74 138
74 139
74 141
74 142
74 145
74 151
74 152
74 155
74 164
74 169
74 171
74 172
74 173
74 175
74 176
74 179
74 180
74 182
74 186
74 192
74 194
74 195
74 199
75 77
75 83
75 84
75 85
75 101
75 105
75 109
75 115
75 118
75 122
75 128
75 130
75 132
75 133
75 142
75 143
75 145
75 146
75 150
75 155
75 158
75 159
75 160
75 162
75 164
75 169
75 173
75 174
75 175
75 176
75 180
75 183
75 185
75 187
75 188
75 190
75 196
76 79
76 81
76 91
76 94
76 106
76 114
76 115
76 118
76 119
76 124
76 131
76 133
76 134
76 136
76 139
76 141
76 144
76 147
76 151
76 153
76 154
76 155
76 159
76 161
76 162
76 166
76 170
76 172
76 174
76 176
76 181
76 183
76 186
76 190
76 192
76 194
77 79
77 83
77 85
77 86
77 88
77 89
77 90
77 99
77 101
77 104
77 106
77 110
77 112
77 114
77 119
77 121
77 123
77 125
77 126
77 128
77 134
77 141
77 146
77 147
77 150
77 151
77 152
77 154
77 159
77 160
77 163
77 166
77 167
77 171
77 172
77 174
77 175
77 180
77 181
77 185
77 186
77 187
77 190
77 191
77 195
77 196
78 79
78 81
78 83
78 84
78 87
78 88
78 90
78 92
78 96
78 97
78 99
78 100
78 102
78 106
78 108
78 110
78 112
78 115
78 116
78 117
78 119
78 121
78 122
78 123
78 127
78 128
78 132
78 137
78 138
78 140
78 142
78 154
78 158
78 159
78 166
78 172
78 173
78 179
78 180
78 181
78 184
78 193
78 194
79 81
79 84
79 85
79 87
79 96
79 98
79 100
79 104
79 105
79 107
79 116
79 117
79 118
79 123
79 125
79 131
79 132
79 133
79 134
79 140
79 141
79 145
79 147
79 151
79 153
79 157
79 159
79 161
79 164
79 166
79 171
79 172
79 180
79 181
79 183
79 184
79 186
79 190
79 192
80 90
80 91
80 92
80 94
80 100
80 106
80 107
80 109
80 112
80 113
80 118
80 120
80 122
80 123
80 129
80 130
80 136
80 140
80 143
80 145
80 155
80 156
80 158
80 164
80 170
80 171
80 175
80 178
80 181
80 184
80 188
80 191
80 194
80 196
81 84
81 85
81 88
81 89
81 90
81 91
81 98
81 101
81 102
81 114
81 115
81 117
81 123
81 127
81 128
81 130
81 135
81 143
81 152
81 154
81 160
81 164
81 167
81 178
81 182
81 183
81 189
81 190
81 192
81 195
82 83
82 92
82 96
82 98
82 99
82 101
82 103
82 105
82 106
82 111
82 113
82 115
82 117
82 124
82 125
82 130
82 141
82 143
82 144
82 146
82 151
82 152
82 158
82 161
82 165
82 168
82 176
82 183
82 190
82 191
82 194
82 196
83 85
83 86
83 90
83 97
83 98
83 102
83 112
83 113
83 115
83 119
83 123
83 129
83 133
83 136
83 137
83 138
83 139
83 143
83 144
83 147
83 148
83 153
83 155
83 157
83 159
83 164
83 165
83 168
83 170
83 172
83 173
83 175
83 180
83 186
83 189
84 87
84 88
84 91
84 93
84 99
84 104
84 105
84 106
84 107
84 110
84 114
84 116
84 119
84 121
84 124
84 126
84 128
84 132
84 133
84 136
84 140
84 153
84 154
84 155
84 160
84 161
84 163
84 164
84 169
84 174
84 175
84 176
84 179
84 182
84 183
84 192
84 194
84 195
85 91
85 93
85 94
85 96
85 97
85 99
85 104
85 114
85 119
85 123
85 124
85 130
85 131
85 134
85 139
85 143
85 145
85 146
85 149
85 154
85 158
85 160
85 161
85 170
85 171
85 173
85 177
85 178
85 189
85 195
86 87
86 93
86 96
86 97
86 100
86 102
86 103
86 104
86 111
86 113
86 114
86 117
86 118
86 120
86 124
86 131
86 134
86 137
86 146
86 149
86 152
86 154
86 155
86 158
86 160
86 164
86 165
86 169
86 172
86 173
86 174
86 176
86 179
86 180
86 184
86 193
86 197
87 89
87 94
87 95
87 98
87 100
87 105
87 106
87 107
87 110
87 111
87 112
87 113
87 116
87 122
87 124
87 126
87 127
87 136
87 147
87 148
87 157
87 160
87 168
87 175
87 178
87 179
87 180
87 186
87 188
87 189
87 191
87 193
88 93
88 100
88 101
88 105
88 108
88 111
88 117
88 126
88 127
88 143
88 147
88 150
88 159
88 166
88 167
88 169
88 172
88 175
88 180
88 187
88 190
88 193
88 194
88 197
89 90
89 91
89 94
89 96
89 97
89 101
89 103
89 109
89 111
89 117
89 124
89 127
89 129
89 134
89 136
89 138
89 141
89 142
89 143
89 145
89 146
89 148
89 153
89 156
89 158
89 164
89 165
89 172
89 173
89 174
89 177
89 178
89 180
89 181
89 182
89 184
89 192
89 193
89 197
90 91
90 93
90 96
90 98
90 99
90 105
90 109
90 110
90 112
90 113
90 115
90 116
90 117
90 123
90 126
90 130
90 134
90 141
90 144
90 147
90 149
90 150
90 153
90 159
90 160
90 168
90 170
90 172
90 176
90 184
90 188
90 190
90 198
90 199
91 93
91 97
91 98
91 99
91 104
91 105
91 107
91 108
91 114
91 121
91 125
91 126
91 129
91 131
91 132
91 136
91 140
91 142
91 147
91 148
91 149
91 151
91 152
91 161
91 162
91 163
91 167
91 168
91 172
91 178
91 182
91 184
91 186
91 188
91 194
91 198
92 109
92 110
92 115
92 120
92 122
92 124
92 126
92 131
92 139
92 143
92 144
92 146
92 148
92 150
92 162
92 166
92 168
92 170
92 171
92 175
92 178
92 179
92 186
92 187
93 100
93 102
93 104
93 112
93 114
93 117
93 125
93 128
93 129
93 132
93 133
93 137
93 140
93 146
93 147
93 151
93 161
93 164
93 170
93 175
93 178
93 180
93 181
93 183
93 188
93 190
93 191
93 192
93 199
94 95
94 96
94 102
94 105
94 109
94 110
94 111
94 112
94 118
94 119
94 120
94 126
94 133
94 136
94 137
94 140
94 141
94 142
94 152
94 155
94 157
94 158
94 163
94 164
94 165
94 171
94 172
94 173
94 176
94 180
94 181
94 184
94 185
94 193
94 194
94 195
94 196
94 197
95 98
95 99
95 114
95 118
95 122
95 136
95 138
95 140
95 141
95 143
95 144
95 152
95 153
95 154
95 162
95 166
95 171
95 172
95 173
95 176
95 177
95 183
95 184
95 186
95 187
95 190
95 193
95 195
95 197
96 98
96 99
96 100
96 101
96 103
96 104
96 109
96 110
96 117
96 118
96 119
96 122
96 123
96 124
96 125
96 128
96 130
96 132
96 138
96 140
96 149
96 151
96 154
96 156
96 157
96 158
96 164
96 165
96 166
96 168
96 171
96 172
96 175
96 180
96 181
96 184
96 189
96 192
96 196
96 197
96 199
97 101
97 108
97 109
97 115
97 116
97 118
97 122
97 127
97 131
97 135
97 136
97 137
97 138
97 146
97 148
97 150
97 152
97 168
97 172
97 173
97 174
97 175
97 181
97 190
97 193
97 194
97 195
97 196
98 101
98 103
98 107
98 108
98 110
98 114
98 123
98 128
98 129
98 132
98 137
98 138
98 141
98 146
98 148
98 149
98 152
98 155
98 159
98 161
98 162
98 165
98 171
98 175
98 176
98 177
98 179
98 180
98 182
98 185
98 191
98 194
98 197
98 199
99 103
99 106
99 107
99 108
99 109
99 123
99 125
99 126
99 128
99 129
99 138
99 141
99 142
99 151
99 154
99 156
99 162
99 163
99 164
99 165
99 170
99 176
99 177
99 180
99 187
99 189
99 191
99 192
99 194
100 104
100 105
100 109
100 112
100 114
100 115
100 117
100 119
100 122
100 125
100 126
100 142
100 143
100 144
100 158
100 161
100 164
100 168
100 171
100 172
100 174
100 176
100 188
100 189
100 190
100 194
100 195
100 198
101 102
101 113
101 114
101 115
101 117
101 118
101 121
101 122
101 127
101 131
101 132
101 139
101 145
101 146
101 147
101 150
101 151
101 159
101 161
101 173
101 176
101 179
101 183
101 185
101 193
101 195
101 196
102 107
102 111
102 112
102 114
102 126
102 127
102 128
102 131
102 134
102 135
102 136
102 138
102 141
102 142
102 144
102 145
102 146
102 147
102 148
102 150
102 151
102 152
102 153
102 154
102 157
102 162
102 163
102 164
102 165
102 166
102 167
102 177
102 179
102 181
102 185
102 186
102 190
102 192
102 196
102 199
103 104
103 106
103 108
103 109
103 110
103 113
103 116
103 122
103 126
103 139
103 152
103 159
103 167
103 169
103 170
103 172
103 175
103 176
103 177
103 180
103 181
103 188
103 190
103 192
103 193
103 199
104 110
104 114
104 115
104 116
104 118
104 119
104 123
104 124
104 126
104 130
104 132
104 133
104 138
104 145
104 148
104 152
104 155
104 160
104 162
104 167
104 169
104 171
104 173
104 181
104 187
104 188
104 189
104 192
104 193
104 194
104 197
104 199
105 109
105 110
105 112
105 114
105 122
105 125
105 129
105 131
105 135
105 136
105 137
105 138
105 139
105 142
105 145
105 147
105 149
105 156
105 158
105 160
105 165
105 166
105 169
105 170
105 172
105 180
105 181
105 186
105 192
105 196
105 198
105 199
106 108
106 110
106 121
106 125
106 126
106 133
106 137
106 139
106 148
106 151
106 157
106 158
106 162
106 163
106 171
106 172
106 176
106 182
106 185
106 190
106 191
106 194
107 111
107 117
107 123
107 126
107 130
107 140
107 141
107 142
107 153
107 154
107 160
107 162
107 171
107 174
107 177
107 179
107 191
108 109
108 112
108 113
108 126
108 129
108 132
108 134
108 136
108 141
108 145
108 149
108 152
108 153
108 157
108 158
108 169
108 171
108 172
108 175
108 176
108 179
108 184
108 186
108 187
108 188
108 189
108 192
108 193
108 194
108 195
108 197
109 110
109 115
109 119
109 122
109 130
109 131
109 133
109 134
109 138
109 155
109 159
109 161
109 163
109 168
109 169
109 170
109 171
109 179
109 183
109 184
109 188
109 191
109 192
110 113
110 122
110 123
110 125
110 126
110 127
110 129
110 130
110 135
110 136
110 137
110 143
110 147
110 150
110 153
110 156
110 158
110 160
110 161
110 164
110 170
110 173
110 175
110 187
110 189
110 190
110 191
110 193
110 196
110 197
111 113
111 116
111 119
111 131
111 143
111 147
111 151
111 152
111 155
111 160
111 162
111 163
111 168
111 169
111 170
111 174
111 176
111 178
111 181
111 188
111 195
112 113
112 115
112 117
112 121
112 122
112 123
112 124
112 126
112 127
112 128
112 129
112 131
112 133
112 134
112 137
112 140
112 141
112 147
112 151
112 159
112 161
112 170
112 174
112 175
112 176
112 179
112 181
112 184
112 192
112 194
112 199
113 116
113 119
113 120
113 122
113 125
113 127
113 129
113 131
113 139
113 140
113 141
113 143
113 144
113 145
113 146
113 147
113 149
113 151
113 152
113 157
113 159
113 162
113 164
113 172
113 177
113 182
113 183
113 186
113 187
113 197
113 198
113 199
114 115
114 123
114 124
114 128
114 131
114 132
114 142
114 145
114 149
114 153
114 157
114 158
114 159
114 162
114 163
114 165
114 171
114 177
114 179
114 182
114 185
114 186
114 188
114 190
114 192
114 198
115 116
115 117
115 119
115 123
115 130
115 139
115 140
115 142
115 147
115 148
115 150
115 153
115 154
115 160
115 168
115 173
115 174
115 184
115 185
115 188
115 191
115 192
116 120
116 121
116 122
116 123
116 124
116 125
116 127
116 128
116 138
116 139
116 140
116 149
116 152
116 154
116 155
116 163
116 167
116 169
116 172
116 176
116 178
116 179
116 181
116 182
116 184
116 188
116 196
116 198
117 119
117 120
117 122
117 124
117 130
117 144
117 145
117 148
117 151
117 154
117 155
117 158
117 163
117 167
117 177
117 179
117 182
117 183
117 189
117 190
117 194
117 197
117 199
118 119
118 120
118 128
118 129
118 130
118 131
118 135
118 140
118 147
118 150
118 152
118 153
118 154
118 158
118 160
118 161
118 162
118 163
118 164
118 169
118 170
118 183
118 190
118 192
119 120
119 121
119 125
119 126
119 128
119 129
119 130
119 136
119 137
119 138
119 141
119 146
119 148
119 151
119 159
119 164
119 167
119 170
119 177
119 178
119 181
119 182
119 183
119 184
119 187
119 188
119 197
120 123
120 124
120 127
120 128
120 130
120 131
120 132
120 139
120 140
120 142
120 147
120 148
120 151
120 152
120 154
120 157
120 165
120 168
120 169
120 170
120 172
120 173
120 175
120 176
120 179
120 182
120 188
120 196
121 123
121 126
121 127
121 128
121 138
121 139
121 142
121 147
121 152
121 158
121 167
121 169
121 178
121 179
121 192
121 193
121 195
121 197
121 198
121 199
122 124
122 125
122 128
122 132
122 140
122 141
122 145
122 149
122 151
122 152
122 159
122 162
122 163
122 164
122 172
122 174
122 177
122 180
122 184
122 185
122 186
122 190
122 193
122 196
123 135
123 137
123 138
123 140
123 145
123 156
123 160
123 164
123 169
123 175
123 177
123 178
123 179
123 184
123 186
123 187
123 188
123 189
123 190
123 193
123 195
123 197
124 127
124 128
124 133
124 139
124 142
124 147
124 148
124 149
124 151
124 155
124 159
124 165
124 166
124 167
124 169
124 174
124 180
124 186
124 187
124 193
124 198
124 199
125 127
125 131
125 135
125 143
125 151
125 152
125 159
125 160
125 168
125 172
125 179
125 187
125 189
125 193
125 194
125 199
126 127
126 131
126 135
126 137
126 142
126 147
126 149
126 152
126 155
126 156
126 157
126 160
126 161
126 163
126 164
126 166
126 167
126 168
126 173
126 177
126 178
126 182
126 187
126 188
126 189
127 130
127 137
127 139
127 141
127 143
127 150
127 151
127 153
127 157
127 164
127 167
127 168
127 172
127 176
127 180
127 181
127 187
127 190
127 192
127 194
127 195
127 197
127 198
128 130
128 133
128 135
128 146
128 149
128 153
128 154
128 156
128 157
128 158
128 160
128 163
128 167
128 170
128 174
128 178
128 186
128 188
128 190
128 191
128 193
128 194
128 197
128 198
128 199
129 133
129 138
129 139
129 140
129 141
129 142
129 146
129 155
129 162
129 164
129 171
129 179
129 186
129 188
129 192
129 196
129 199
130 135
130 138
130 139
130 141
130 142
130 143
130 144
130 149
130 151
130 153
130 154
130 156
130 159
130 170
130 177
130 178
130 183
130 185
130 187
130 190
130 193
130 194
130 195
131 132
131 134
131 135
131 136
131 141
131 143
131 146
131 148
131 149
131 151
131 152
131 154
131 155
131 156
131 162
131 164
131 168
131 171
131 172
131 183
131 185
131 188
131 193
131 195
131 196
131 197
132 133
132 144
132 149
132 150
132 152
132 155
132 158
132 160
132 164
132 168
132 170
132 175
132 176
132 179
132 180
132 185
132 190
132 191
132 192
132 196
133 135
133 138
133 145
133 147
133 148
133 149
133 158
133 161
133 163
133 170
133 174
133 177
133 178
133 191
133 196
133 197
134 135
134 137
134 139
134 142
134 145
134 147
134 148
134 149
134 153
134 156
134 160
134 161
134 162
134 166
134 168
134 169
134 177
134 178
134 179
134 183
134 184
134 187
134 188
134 192
134 195
134 199
135 136
135 143
135 145
135 156
135 162
135 163
135 166
135 167
135 181
135 182
135 188
135 198
136 139
136 149
136 151
136 153
136 161
136 163
136 164
136 166
136 169
136 172
136 177
136 178
136 180
136 186
136 187
136 188
136 190
136 192
137 141
137 150
137 155
137 158
137 159
137 163
137 164
137 165
137 167
137 172
137 181
137 183
137 185
137 186
137 188
137 191
137 192
137 194
138 139
138 142
138 143
138 145
138 148
138 157
138 158
138 165
138 171
138 173
138 174
138 179
138 180
138 181
138 186
138 190
138 191
139 144
139 147
139 150
139 154
139 155
139 156
139 157
139 161
139 164
139 166
139 174
139 176
139 177
139 178
139 179
139 181
139 182
139 183
139 185
139 186
139 189
139 190
139 195
139 199
140 141
140 145
140 146
140 149
140 152
140 153
140 157
140 159
140 162
140 167
140 176
140 180
140 187
140 189
140 192
140 193
140 194
140 198
141 142
141 144
141 146
141 149
141 152
141 153
141 157
141 158
141 161
141 162
141 163
141 167
141 169
141 171
141 172
141 177
141 178
141 181
141 183
141 184
141 185
141 188
141 190
141 195
141 199
142 143
142 144
142 146
142 147
142 152
142 154
142 160
142 161
142 162
142 164
142 169
142 172
142 173
142 175
142 177
142 182
142 192
142 195
142 197
142 198
142 199
143 145
143 146
143 152
143 154
143 155
143 156
143 158
143 164
143 167
143 169
143 172
143 175
143 177
143 178
143 180
143 181
143 182
143 183
143 184
143 185
143 188
143 190
144 151
144 154
144 158
144 164
144 165
144 170
144 176
144 178
144 180
144 185
144 192
144 193
144 194
145 149
145 150
145 153
145 162
145 173
145 177
145 180
145 183
145 184
145 187
145 193
145 199
146 153
146 161
146 166
146 167
146 169
146 173
146 183
146 186
146 187
146 188
146 190
146 191
146 199
147 148
147 160
147 163
147 169
147 172
147 176
147 178
147 179
147 180
147 181
147 182
147 187
147 190
147 191
147 193
147 196
147 197
147 199
148 151
148 152
148 163
148 164
148 175
148 184
148 189
148 192
148 196
148 197
148 198
148 199
149 155
149 156
149 157
149 158
149 159
149 160
149 161
149 162
149 165
149 171
149 173
149 174
149 175
149 176
149 177
149 178
149 179
149 181
149 183
149 185
149 188
149 196
150 152
150 154
150 159
150 164
150 165
150 167
150 177
150 181
150 184
150 194
150 195
150 198
150 199
151 153
151 154
151 157
151 158
151 159
151 161
151 164
151 166
151 167
151 172
151 176
151 177
151 178
151 185
151 190
152 154
152 157
152 167
152 168
152 173
152 176
152 178
152 183
152 186
152 191
152 193
153 158
153 159
153 161
153 163
153 171
153 182
153 185
153 190
153 191
153 193
153 196
153 197
153 198
154 156
154 158
154 159
154 162
154 169
154 172
154 174
154 178
154 180
154 183
154 185
154 187
154 189
154 192
154 193
154 194
154 196
154 197
155 157
155 160
155 163
155 165
155 168
155 169
155 173
155 181
155 185
155 195
155 199
156 159
156 162
156 164
156 165
156 167
156 168
156 172
156 174
156 177
156 184
156 186
156 194
156 195
156 198
156 199
157 161
157 166
157 171
157 174
157 178
157 181
157 182
157 184
157 186
157 192
157 196
157 198
158 159
158 160
158 162
158 165
158 181
158 184
158 193
158 194
158 196
158 197
158 198
159 162
159 164
159 167
159 173
159 176
159 177
159 181
159 183
159 189
159 192
159 196
159 198
159 199
160 169
160 170
160 174
160 178
160 184
160 185
160 187
160 191
160 192
160 193
160 195
161 163
161 164
161 172
161 182
161 185
161 187
161 188
161 189
161 192
161 196
162 163
162 164
162 165
162 166
162 168
162 170
162 177
162 181
162 186
162 189
162 199
163 171
163 173
163 174
163 175
163 177
163 178
163 179
163 181
163 183
163 185
163 186
163 188
163 189
163 194
163 196
164 166
164 171
164 175
164 178
164 180
164 182
164 185
164 187
164 189
164 192
164 195
164 199
165 171
165 172
165 173
165 175
165 177
165 181
165 183
165 190
165 191
165 195
165 197
165 198
166 167
166 169
166 170
166 171
166 173
166 175
166 176
166 181
166 182
166 187
166 188
166 193
166 197
166 199
167 169
167 172
167 173
167 183
167 188
167 194
167 195
168 172
168 177
168 180
168 198
169 170
169 171
169 173
169 175
169 176
169 179
169 182
169 183
169 184
169 188
169 190
169 193
170 172
170 176
170 179
170 181
170 183
170 188
170 193
170 195
170 197
171 172
171 175
171 178
171 179
171 180
171 187
171 192
171 194
171 196
171 197
171 198
172 181
172 182
172 185
172 190
172 193
172 194
172 195
172 196
173 174
173 175
173 176
173 178
173 181
173 186
173 187
173 191
173 196
174 189
174 191
174 193
174 198
175 178
175 181
175 184
175 185
175 186
175 188
175 190
175 192
175 196
175 199
176 177
176 178
176 183
176 184
176 185
176 198
177 179
177 181
177 182
177 185
177 186
177 188
177 191
177 192
177 194
177 197
178 179
178 180
178 181
178 183
178 187
178 188
178 194
178 195
178 196
178 198
178 199
179 182
179 183
179 184
179 186
179 187
179 190
179 191
179 193
179 196
179 197
180 181
180 184
180 190
180 193
180 194
180 198
181 188
181 189
181 191
181 193
181 194
182 183
182 185
182 187
182 189
182 192
182 198
182 199
183 184
183 185
183 190
184 189
184 190
184 194
184 198
184 199
185 187
185 188
185 189
185 197
185 198
186 188
186 189
186 190
186 192
186 199
187 189
188 191
188 195
188 197
188 199
189 191
189 192
189 193
189 195
189 196
189 197
189 198
189 199
190 191
190 198
191 193
191 196
191 197
192 198
193 196
194 196
194 197
195 197
196 197
198 199
73 112 25 125 179 47 87 193 177 9 153 119 128 183 40 49 199 22 171 192 0 120 187 129 117 20 196 35 135 168
110 182 122 103 158 101 184 10 88 41 150 45 54 76 194 91 189 124 102 38 167 155 151 127 148 164 178 83 80 3
26 107 8 58 104 79 113 144 85 78 191 1 132 24 114 89 121 143 31 61 30 23 90 34 44 142 65 169 123 14
27 186 137 185 56 174 75 29 81 50 74 156 71 165 157 100 152 17 7 53 138 46 15 55 106 195 139 170 4 13
94 130 51 126 131 93 57 105 67 118 161 95 96 146 77 166 163 149 172 108 133 141 32 86 147 48 82 92 63 52
19 134 33 69 116 68 197 180 37 140 43 66 181 162 59 198 145 18 84 173 176 62 36 42 159 98 64 175 115 60
190 154 2 136 28 111 109 12 97 39 70 188 72 99 5 160 6 16 21 11
