300
8907
7
49
26
82
36
8
35
58
0 1
0 27
0 33
0 51
0 52
0 59
0 64
0 67
0 72
0 82
0 84
0 86
0 95
0 98
0 100
0 104
0 107
0 111
0 112
0 114
0 118
0 122
0 136
0 137
0 141
0 143
0 148
0 150
0 154
0 161
0 163
0 169
0 187
0 194
0 195
0 211
0 213
0 217
0 223
0 225
0 238
0 241
0 250
0 256
0 257
0 260
0 263
0 269
0 270
0 271
0 275
0 278
0 282
0 286
0 298
0 299
1 23
1 25
1 26
1 28
1 41
1 42
1 45
1 46
1 51
1 55
1 68
1 71
1 73
1 79
1 87
1 97
1 106
1 112
1 113
1 116
1 123
1 124
1 140
1 141
1 145
1 147
1 152
1 158
1 168
1 172
1 179
1 181
1 187
1 192
1 193
1 203
1 217
1 219
1 223
1 226
1 236
1 238
1 246
1 254
1 260
1 271
1 272
1 277
1 292
1 293
2 6
2 8
2 21
2 29
2 34
2 38
2 42
2 44
2 46
2 52
2 53
2 56
2 62
2 67
2 70
2 77
2 79
2 84
2 92
2 94
2 108
2 113
2 124
2 125
2 126
2 132
2 134
2 135
2 148
2 150
2 152
2 153
2 160
2 165
2 166
2 201
2 204
2 206
2 209
2 210
2 224
2 226
2 235
2 236
2 240
2 242
2 247
2 248
2 254
2 261
2 262
2 276
2 281
2 287
2 291
2 296
3 4
3 13
3 16
3 20
3 22
3 24
3 29
3 32
3 47
3 49
3 50
3 51
3 60
3 73
3 79
3 82
3 87
3 88
3 92
3 95
3 96
3 97
3 114
3 117
3 121
3 126
3 137
3 145
3 148
3 150
3 153
3 157
3 159
3 163
3 173
3 179
3 195
3 200
3 217
3 228
3 232
3 233
3 234
3 235
3 239
3 240
3 242
3 246
3 251
3 257
3 271
3 275
3 282
3 288
3 289
3 298
4 15
4 16
4 18
4 20
4 21
4 31
4 34
4 36
4 38
4 40
4 43
4 51
4 53
4 60
4 76
4 78
4 85
4 87
4 90
4 96
4 97
4 114
4 115
4 116
4 119
4 123
4 138
4 147
4 148
4 155
4 165
4 166
4 168
4 171
4 172
4 173
4 176
4 177
4 179
4 187
4 192
4 198
4 200
4 204
4 218
4 223
4 227
4 228
4 230
4 242
4 247
4 250
4 260
4 261
4 267
4 272
4 278
4 289
4 294
5 10
5 23
5 24
5 27
5 28
5 29
5 41
5 43
5 46
5 53
5 62
5 63
5 66
5 78
5 86
5 94
5 96
5 99
5 101
5 104
5 107
5 108
5 110
5 112
5 120
5 127
5 128
5 144
5 153
5 163
5 168
5 170
5 178
5 185
5 186
5 188
5 195
5 202
5 206
5 208
5 211
5 214
5 215
5 222
5 225
5 230
5 233
5 234
5 235
5 239
5 247
5 251
5 263
5 276
5 286
5 292
5 296
6 9
6 24
6 27
6 28
6 30
6 47
6 53
6 55
6 60
6 61
6 76
6 77
6 81
6 83
6 84
6 92
6 96
6 97
6 105
6 112
6 114
6 117
6 123
6 143
6 147
6 148
6 152
6 161
6 162
6 163
6 164
6 165
6 173
6 174
6 180
6 193
6 197
6 204
6 205
6 210
6 212
6 216
6 217
6 227
6 231
6 236
6 239
6 242
6 244
6 251
6 256
6 271
6 275
6 281
6 285
6 299
7 11
7 22
7 27
7 38
7 40
7 49
7 62
7 70
7 77
7 80
7 83
7 91
7 99
7 111
7 129
7 135
7 139
7 141
7 150
7 152
7 157
7 163
7 167
7 172
7 189
7 199
7 200
7 202
7 205
7 214
7 215
7 221
7 222
7 223
7 231
7 233
7 237
7 249
7 255
7 258
7 259
7 261
7 278
7 283
7 285
7 297
7 298
8 18
8 19
8 20
8 29
8 42
8 46
8 49
8 56
8 61
8 77
8 80
8 92
8 108
8 113
8 117
8 120
8 124
8 125
8 127
8 129
8 133
8 134
8 147
8 148
8 163
8 176
8 184
8 185
8 188
8 194
8 202
8 207
8 210
8 218
8 228
8 244
8 248
8 256
8 263
8 273
8 285
8 288
8 293
8 294
8 296
8 299
9 18
9 21
9 22
9 24
9 33
9 37
9 43
9 47
9 51
9 55
9 61
9 65
9 67
9 70
9 73
9 81
9 92
9 96
9 102
9 103
9 108
9 116
9 122
9 126
9 137
9 142
9 148
9 154
9 158
9 164
9 171
9 175
9 176
9 180
9 185
9 186
9 188
9 190
9 198
9 201
9 205
9 207
9 208
9 210
9 215
9 219
9 221
9 222
9 223
9 224
9 244
9 251
9 252
9 254
9 265
9 272
9 274
9 283
9 286
9 290
10 17
10 18
10 24
10 34
10 36
10 51
10 62
10 75
10 89
10 101
10 104
10 109
10 114
10 116
10 117
10 118
10 126
10 132
10 137
10 154
10 165
10 182
10 184
10 189
10 192
10 196
10 197
10 199
10 202
10 203
10 204
10 210
10 215
10 216
10 217
10 218
10 227
10 231
10 235
10 237
10 240
10 241
10 247
10 248
10 254
10 270
10 274
10 278
10 290
10 298
11 12
11 13
11 15
11 19
11 21
11 26
11 29
11 33
11 35
11 37
11 39
11 42
11 43
11 46
11 48
11 59
11 61
11 62
11 64
11 67
11 73
11 77
11 79
11 81
11 92
11 94
11 106
11 113
11 114
11 125
11 128
11 132
11 134
11 148
11 151
11 153
11 159
11 165
11 170
11 171
11 180
11 192
11 193
11 194
11 196
11 199
11 202
11 207
11 212
11 217
11 225
11 232
11 235
11 241
11 244
11 248
11 253
11 260
11 272
11 277
11 280
11 283
11 291
11 292
12 20
12 24
12 25
12 26
12 28
12 31
12 32
12 33
12 40
12 41
12 50
12 53
12 56
12 62
12 65
12 100
12 107
12 110
12 117
12 123
12 125
12 133
12 134
12 138
12 143
12 149
12 156
12 158
12 161
12 162
12 165
12 166
12 174
12 179
12 192
12 198
12 200
12 211
12 223
12 228
12 229
12 234
12 236
12 237
12 248
12 255
12 275
12 286
12 287
12 288
12 295
12 299
13 18
13 24
13 26
13 47
13 57
13 63
13 64
13 66
13 71
13 76
13 79
13 80
13 81
13 82
13 85
13 87
13 90
13 96
13 99
13 105
13 106
13 108
13 113
13 116
13 117
13 118
13 120
13 121
13 125
13 126
13 129
13 133
13 134
13 140
13 143
13 150
13 155
13 156
13 171
13 176
13 178
13 180
13 182
13 185
13 189
13 195
13 197
13 203
13 210
13 211
13 216
13 224
13 230
13 234
13 246
13 247
13 249
13 252
13 256
13 264
13 265
13 266
13 268
13 271
13 278
13 281
13 283
13 287
13 290
13 297
14 20
14 25
14 30
14 31
14 53
14 57
14 63
14 65
14 71
14 78
14 102
14 113
14 115
14 123
14 124
14 140
14 143
14 156
14 158
14 171
14 176
14 185
14 186
14 187
14 190
14 192
14 193
14 195
14 204
14 207
14 210
14 216
14 218
14 219
14 226
14 242
14 245
14 253
14 261
14 263
14 276
14 282
14 285
14 287
14 294
15 20
15 28
15 29
15 40
15 44
15 46
15 51
15 60
15 62
15 66
15 67
15 68
15 71
15 72
15 73
15 74
15 96
15 103
15 105
15 106
15 111
15 119
15 121
15 124
15 127
15 130
15 131
15 132
15 134
15 137
15 143
15 145
15 148
15 157
15 160
15 168
15 184
15 189
15 193
15 200
15 202
15 210
15 211
15 216
15 217
15 221
15 225
15 228
15 241
15 245
15 251
15 261
15 270
15 271
15 274
15 276
15 286
15 290
15 293
16 21
16 23
16 24
16 37
16 43
16 46
16 48
16 59
16 71
16 75
16 79
16 81
16 82
16 86
16 87
16 90
16 95
16 99
16 102
16 109
16 111
16 119
16 120
16 123
16 124
16 140
16 145
16 156
16 157
16 164
16 170
16 173
16 177
16 179
16 180
16 182
16 186
16 194
16 199
16 205
16 217
16 223
16 224
16 228
16 232
16 234
16 241
16 244
16 252
16 280
16 292
16 293
17 19
17 21
17 23
17 30
17 37
17 39
17 47
17 49
17 50
17 52
17 53
17 54
17 57
17 66
17 67
17 68
17 73
17 75
17 76
17 78
17 82
17 87
17 94
17 96
17 97
17 100
17 104
17 106
17 108
17 110
17 112
17 116
17 120
17 122
17 124
17 125
17 128
17 134
17 145
17 160
17 163
17 165
17 169
17 174
17 175
17 180
17 181
17 182
17 183
17 194
17 195
17 209
17 214
17 218
17 225
17 242
17 243
17 250
17 252
17 253
17 254
17 256
17 284
17 287
17 293
18 20
18 27
18 29
18 30
18 32
18 35
18 41
18 47
18 48
18 51
18 52
18 58
18 67
18 72
18 81
18 90
18 93
18 95
18 97
18 105
18 110
18 113
18 117
18 118
18 125
18 130
18 132
18 133
18 134
18 136
18 141
18 148
18 152
18 155
18 157
18 169
18 185
18 186
18 194
18 202
18 206
18 210
18 211
18 219
18 222
18 234
18 238
18 240
18 252
18 253
18 264
18 267
18 269
18 274
18 286
18 290
18 299
19 20
19 28
19 38
19 41
19 42
19 51
19 52
19 54
19 60
19 63
19 72
19 73
19 76
19 79
19 89
19 93
19 94
19 99
19 109
19 116
19 128
19 135
19 137
19 139
19 140
19 141
19 152
19 156
19 162
19 178
19 180
19 185
19 186
19 189
19 197
19 203
19 210
19 212
19 213
19 214
19 219
19 224
19 230
19 235
19 249
19 250
19 255
19 260
19 263
19 266
19 269
19 275
19 285
19 289
19 292
20 21
20 25
20 28
20 31
20 33
20 36
20 39
20 41
20 44
20 51
20 56
20 58
20 66
20 75
20 76
20 85
20 95
20 96
20 101
20 102
20 108
20 111
20 116
20 127
20 128
20 132
20 136
20 137
20 143
20 145
20 152
20 154
20 156
20 161
20 165
20 168
20 170
20 176
20 188
20 195
20 199
20 205
20 206
20 210
20 215
20 226
20 229
20 239
20 258
20 259
20 267
20 270
20 276
20 280
20 282
20 283
20 285
20 290
20 294
20 295
20 299
21 23
21 29
21 39
21 41
21 49
21 58
21 87
21 96
21 115
21 126
21 135
21 138
21 140
21 150
21 157
21 159
21 162
21 163
21 169
21 173
21 181
21 186
21 188
21 190
21 198
21 208
21 213
21 217
21 219
21 220
21 221
21 227
21 241
21 243
21 244
21 252
21 257
21 265
21 267
21 292
21 299
22 28
22 37
22 42
22 54
22 55
22 59
22 60
22 69
22 71
22 80
22 82
22 84
22 88
22 90
22 102
22 103
22 108
22 114
22 118
22 123
22 125
22 129
22 132
22 133
22 138
22 141
22 143
22 151
22 153
22 170
22 174
22 183
22 187
22 191
22 194
22 206
22 209
22 211
22 212
22 213
22 221
22 234
22 238
22 242
22 243
22 244
22 247
22 249
22 253
22 254
22 255
22 265
22 268
22 269
22 277
22 278
22 281
22 289
23 31
23 34
23 42
23 44
23 48
23 52
23 53
23 55
23 59
23 61
23 64
23 71
23 77
23 88
23 92
23 99
23 106
23 109
23 111
23 114
23 119
23 126
23 129
23 136
23 142
23 148
23 160
23 165
23 169
23 173
23 174
23 176
23 178
23 181
23 183
23 190
23 201
23 202
23 203
23 204
23 209
23 213
23 228
23 229
23 232
23 246
23 247
23 253
23 255
23 256
23 263
23 267
23 269
23 274
23 275
23 276
23 280
23 281
23 283
23 287
23 288
23 293
24 25
24 31
24 33
24 46
24 55
24 68
24 79
24 85
24 91
24 93
24 95
24 98
24 106
24 111
24 115
24 118
24 126
24 130
24 134
24 136
24 142
24 143
24 160
24 174
24 178
24 181
24 186
24 192
24 193
24 194
24 202
24 203
24 205
24 209
24 219
24 227
24 244
24 246
24 247
24 251
24 255
24 258
24 262
24 266
24 267
24 273
24 281
24 292
24 297
24 299
25 29
25 43
25 50
25 55
25 57
25 63
25 65
25 77
25 83
25 94
25 97
25 99
25 101
25 103
25 117
25 125
25 126
25 128
25 132
25 133
25 137
25 139
25 144
25 147
25 149
25 155
25 161
25 164
25 167
25 179
25 180
25 193
25 195
25 197
25 199
25 201
25 204
25 205
25 210
25 212
25 215
25 220
25 225
25 231
25 234
25 237
25 241
25 243
25 247
25 253
25 262
25 274
25 275
25 276
25 277
25 278
25 283
25 289
25 293
25 294
26 27
26 29
26 34
26 43
26 44
26 57
26 66
26 69
26 72
26 77
26 82
26 84
26 89
26 103
26 104
26 105
26 112
26 115
26 135
26 140
26 145
26 146
26 163
26 165
26 166
26 168
26 172
26 175
26 177
26 178
26 180
26 182
26 183
26 187
26 194
26 202
26 203
26 215
26 218
26 225
26 226
26 233
26 241
26 242
26 244
26 245
26 246
26 251
26 260
26 264
26 266
26 268
26 271
26 274
26 279
26 283
26 286
26 290
26 292
26 296
27 40
27 42
27 43
27 44
27 53
27 58
27 63
27 70
27 82
27 87
27 89
27 90
27 92
27 95
27 105
27 122
27 126
27 132
27 134
27 135
27 141
27 142
27 148
27 152
27 153
27 155
27 159
27 160
27 168
27 169
27 175
27 176
27 177
27 188
27 189
27 195
27 197
27 207
27 208
27 211
27 213
27 214
27 220
27 226
27 228
27 237
27 243
27 251
27 260
27 262
27 270
27 275
27 278
27 281
27 293
28 38
28 40
28 43
28 49
28 62
28 64
28 70
28 89
28 96
28 97
28 104
28 106
28 110
28 128
28 130
28 138
28 142
28 147
28 152
28 153
28 154
28 160
28 163
28 167
28 176
28 178
28 181
28 185
28 188
28 194
28 200
28 205
28 206
28 207
28 212
28 213
28 214
28 221
28 223
28 228
28 229
28 232
28 233
28 237
28 248
28 250
28 254
28 255
28 256
28 260
28 269
28 270
28 275
28 277
28 278
28 279
28 290
28 291
28 293
28 294
29 33
29 34
29 36
29 39
29 43
29 44
29 54
29 56
29 57
29 58
29 59
29 63
29 66
29 68
29 71
29 75
29 86
29 88
29 91
29 92
29 101
29 105
29 111
29 116
29 117
29 118
29 129
29 136
29 150
29 152
29 153
29 158
29 159
29 168
29 170
29 175
29 177
29 193
29 195
29 229
29 235
29 236
29 239
29 244
29 257
29 268
29 270
29 273
29 279
29 281
29 282
29 289
29 295
30 35
30 45
30 53
30 58
30 60
30 63
30 73
30 75
30 81
30 85
30 88
30 92
30 93
30 94
30 96
30 98
30 99
30 101
30 106
30 107
30 109
30 112
30 116
30 126
30 130
30 135
30 139
30 146
30 149
30 150
30 166
30 171
30 173
30 180
30 185
30 192
30 193
30 203
30 212
30 223
30 225
30 234
30 235
30 238
30 239
30 245
30 253
30 265
30 266
30 268
30 272
30 274
30 275
30 280
30 299
31 33
31 36
31 48
31 51
31 55
31 56
31 58
31 64
31 65
31 68
31 75
31 76
31 79
31 84
31 87
31 100
31 102
31 103
31 106
31 111
31 112
31 114
31 119
31 121
31 127
31 136
31 142
31 145
31 149
31 150
31 151
31 153
31 155
31 161
31 162
31 163
31 164
31 167
31 173
31 174
31 181
31 198
31 205
31 209
31 210
31 213
31 220
31 223
31 226
31 227
31 238
31 249
31 251
31 255
31 261
31 265
31 266
31 278
31 281
31 286
31 293
32 33
32 34
32 46
32 47
32 49
32 55
32 56
32 76
32 79
32 92
32 94
32 107
32 113
32 116
32 123
32 128
32 137
32 141
32 142
32 143
32 145
32 146
32 151
32 155
32 161
32 170
32 178
32 185
32 186
32 188
32 194
32 201
32 205
32 213
32 226
32 232
32 236
32 237
32 238
32 241
32 252
32 253
32 270
32 274
32 276
32 279
32 287
32 291
32 297
32 298
33 42
33 51
33 55
33 62
33 64
33 65
33 69
33 72
33 79
33 85
33 86
33 91
33 101
33 102
33 117
33 120
33 122
33 123
33 134
33 138
33 144
33 151
33 155
33 159
33 165
33 168
33 176
33 178
33 180
33 183
33 198
33 200
33 206
33 209
33 217
33 220
33 223
33 232
33 233
33 247
33 261
33 263
33 265
33 283
33 293
34 39
34 43
34 46
34 49
34 50
34 51
34 58
34 60
34 66
34 80
34 81
34 92
34 104
34 109
34 111
34 114
34 115
34 124
34 127
34 130
34 132
34 134
34 140
34 149
34 151
34 152
34 156
34 158
34 162
34 165
34 166
34 168
34 174
34 177
34 182
34 189
34 191
34 197
34 207
34 212
34 215
34 217
34 219
34 224
34 225
34 227
34 230
34 234
34 238
34 239
34 241
34 242
34 248
34 250
34 255
34 260
34 265
34 272
34 274
34 282
35 47
35 49
35 53
35 59
35 62
35 64
35 67
35 71
35 75
35 78
35 81
35 91
35 94
35 98
35 102
35 106
35 107
35 118
35 119
35 125
35 129
35 135
35 141
35 144
35 145
35 151
35 158
35 159
35 162
35 163
35 174
35 180
35 187
35 189
35 190
35 194
35 198
35 199
35 205
35 219
35 229
35 232
35 236
35 240
35 249
35 256
35 266
35 268
35 285
35 286
35 292
35 298
36 45
36 48
36 52
36 54
36 56
36 57
36 60
36 66
36 67
36 68
36 70
36 72
36 83
36 85
36 86
36 88
36 97
36 100
36 102
36 108
36 112
36 116
36 123
36 128
36 134
36 135
36 136
36 140
36 142
36 147
36 151
36 154
36 158
36 160
36 163
36 167
36 170
36 172
36 186
36 190
36 193
36 199
36 201
36 204
36 222
36 229
36 234
36 250
36 256
36 258
36 269
36 281
36 282
36 288
36 291
36 293
36 294
36 295
36 296
36 297
37 48
37 67
37 74
37 80
37 82
37 84
37 90
37 93
37 95
37 111
37 113
37 127
37 128
37 130
37 136
37 146
37 150
37 154
37 156
37 157
37 172
37 179
37 180
37 201
37 212
37 213
37 215
37 218
37 223
37 230
37 231
37 233
37 234
37 241
37 254
37 256
37 258
37 263
37 269
37 271
37 275
37 278
37 281
37 292
37 295
38 44
38 45
38 47
38 49
38 65
38 69
38 70
38 71
38 75
38 81
38 94
38 105
38 111
38 115
38 120
38 123
38 126
38 128
38 134
38 139
38 144
38 150
38 151
38 159
38 160
38 169
38 170
38 172
38 179
38 180
38 186
38 195
38 207
38 221
38 229
38 231
38 232
38 270
38 274
38 279
38 285
38 287
38 295
39 50
39 51
39 52
39 55
39 59
39 60
39 61
39 63
39 66
39 75
39 76
39 80
39 82
39 85
39 87
39 92
39 95
39 102
39 104
39 111
39 114
39 117
39 138
39 140
39 156
39 159
39 168
39 170
39 171
39 176
39 177
39 179
39 184
39 185
39 191
39 193
39 203
39 204
39 210
39 211
39 212
39 220
39 221
39 227
39 235
39 237
39 240
39 250
39 267
39 275
39 280
39 284
39 294
40 41
40 54
40 59
40 60
40 70
40 72
40 75
40 77
40 80
40 83
40 84
40 90
40 99
40 102
40 103
40 110
40 111
40 112
40 113
40 114
40 124
40 125
40 126
40 144
40 146
40 149
40 154
40 159
40 176
40 187
40 196
40 198
40 207
40 212
40 214
40 227
40 229
40 238
40 247
40 254
40 261
40 267
40 268
40 269
40 276
40 281
40 291
40 294
41 58
41 61
41 62
41 73
41 86
41 94
41 95
41 97
41 101
41 102
41 104
41 112
41 119
41 121
41 123
41 130
41 132
41 135
41 139
41 141
41 144
41 155
41 163
41 170
41 171
41 172
41 176
41 182
41 188
41 194
41 200
41 204
41 205
41 210
41 212
41 219
41 227
41 240
41 241
41 246
41 262
41 270
41 274
41 275
41 277
41 279
41 281
41 283
41 288
41 294
41 299
42 43
42 49
42 52
42 54
42 63
42 64
42 65
42 73
42 76
42 77
42 79
42 80
42 87
42 88
42 93
42 98
42 102
42 110
42 112
42 116
42 122
42 123
42 124
42 128
42 139
42 142
42 149
42 151
42 153
42 159
42 164
42 166
42 169
42 172
42 175
42 180
42 200
42 202
42 204
42 217
42 222
42 224
42 226
42 227
42 230
42 240
42 247
42 256
42 262
42 264
42 270
42 275
42 277
42 281
42 292
43 46
43 53
43 60
43 61
43 62
43 64
43 65
43 66
43 72
43 74
43 76
43 80
43 83
43 86
43 88
43 90
43 91
43 95
43 97
43 102
43 103
43 106
43 107
43 114
43 119
43 135
43 141
43 152
43 153
43 165
43 170
43 171
43 173
43 175
43 182
43 187
43 197
43 198
43 199
43 203
43 204
43 205
43 206
43 208
43 217
43 222
43 227
43 231
43 241
43 244
43 245
43 253
43 262
43 264
43 265
43 270
43 285
43 286
43 296
43 299
44 48
44 67
44 68
44 70
44 73
44 80
44 95
44 104
44 112
44 115
44 122
44 126
44 133
44 139
44 146
44 152
44 158
44 160
44 173
44 176
44 188
44 198
44 201
44 203
44 207
44 209
44 213
44 225
44 228
44 231
44 235
44 238
44 239
44 244
44 251
44 263
44 266
44 290
44 291
44 294
44 296
44 297
44 298
45 46
45 51
45 61
45 64
45 66
45 68
45 72
45 85
45 86
45 100
45 101
45 109
45 111
45 112
45 118
45 124
45 126
45 132
45 133
45 134
45 137
45 147
45 154
45 161
45 164
45 166
45 174
45 177
45 186
45 187
45 191
45 193
45 196
45 197
45 205
45 206
45 214
45 224
45 232
45 233
45 253
45 257
45 263
45 266
45 267
45 268
45 278
45 279
45 298
45 299
46 51
46 52
46 57
46 58
46 60
46 63
46 69
46 70
46 75
46 82
46 84
46 88
46 93
46 97
46 98
46 99
46 104
46 107
46 114
46 135
46 137
46 146
46 150
46 153
46 158
46 159
46 160
46 162
46 163
46 167
46 174
46 176
46 179
46 184
46 185
46 187
46 193
46 197
46 198
46 212
46 213
46 222
46 234
46 238
46 240
46 242
46 244
46 245
46 247
46 250
46 254
46 272
46 273
46 274
46 275
46 276
46 285
46 286
46 289
46 291
46 294
46 295
47 48
47 50
47 51
47 59
47 93
47 98
47 99
47 101
47 113
47 118
47 124
47 125
47 127
47 128
47 140
47 162
47 164
47 166
47 168
47 176
47 185
47 186
47 187
47 197
47 209
47 211
47 215
47 220
47 221
47 225
47 227
47 243
47 244
47 252
47 253
47 254
47 257
47 263
47 266
47 271
47 291
47 292
48 50
48 54
48 57
48 59
48 66
48 75
48 79
48 85
48 89
48 91
48 96
48 99
48 103
48 110
48 114
48 124
48 128
48 129
48 135
48 137
48 145
48 152
48 153
48 159
48 163
48 164
48 172
48 182
48 195
48 198
48 211
48 214
48 226
48 227
48 236
48 240
48 249
48 260
48 265
48 266
48 268
48 274
48 282
48 283
48 288
48 289
48 293
48 297
49 50
49 53
49 56
49 59
49 61
49 63
49 65
49 69
49 70
49 78
49 79
49 82
49 83
49 86
49 87
49 102
49 113
49 114
49 116
49 121
49 124
49 125
49 127
49 131
49 132
49 137
49 139
49 151
49 155
49 156
49 162
49 167
49 168
49 169
49 184
49 189
49 193
49 200
49 211
49 212
49 213
49 220
49 226
49 233
49 235
49 250
49 262
49 264
49 265
49 283
49 299
50 54
50 61
50 62
50 70
50 75
50 78
50 81
50 83
50 85
50 90
50 91
50 101
50 103
50 104
50 108
50 112
50 113
50 116
50 127
50 130
50 131
50 132
50 133
50 137
50 141
50 149
50 152
50 159
50 160
50 169
50 178
50 187
50 188
50 193
50 204
50 218
50 223
50 228
50 231
50 254
50 261
50 280
50 286
50 288
50 290
50 293
50 295
50 299
51 55
51 58
51 76
51 77
51 89
51 95
51 99
51 104
51 105
51 108
51 123
51 124
51 126
51 130
51 131
51 137
51 142
51 144
51 152
51 159
51 164
51 166
51 168
51 184
51 196
51 197
51 215
51 217
51 226
51 241
51 246
51 247
51 249
51 254
51 256
51 257
51 258
51 270
51 279
51 280
51 282
51 284
51 289
51 294
51 299
52 55
52 68
52 74
52 86
52 87
52 101
52 102
52 108
52 109
52 112
52 114
52 117
52 120
52 132
52 136
52 137
52 152
52 153
52 154
52 157
52 160
52 163
52 165
52 166
52 171
52 175
52 181
52 184
52 195
52 213
52 217
52 222
52 223
52 232
52 240
52 249
52 262
52 267
52 282
52 285
52 294
53 54
53 57
53 62
53 73
53 74
53 78
53 83
53 96
53 100
53 104
53 109
53 119
53 122
53 123
53 125
53 128
53 129
53 141
53 153
53 157
53 164
53 165
53 169
53 171
53 179
53 182
53 184
53 185
53 192
53 193
53 202
53 203
53 209
53 217
53 223
53 226
53 228
53 233
53 241
53 248
53 255
53 257
53 260
53 276
53 298
53 299
54 62
54 64
54 65
54 66
54 74
54 81
54 86
54 88
54 107
54 127
54 128
54 136
54 137
54 140
54 147
54 151
54 153
54 156
54 159
54 167
54 168
54 172
54 174
54 183
54 185
54 188
54 192
54 196
54 205
54 215
54 223
54 226
54 231
54 236
54 239
54 248
54 249
54 253
54 255
54 256
54 259
54 260
54 263
54 264
54 267
54 268
54 277
54 285
54 287
54 289
54 290
54 296
54 298
54 299
55 58
55 65
55 66
55 71
55 72
55 77
55 79
55 80
55 83
55 103
55 107
55 110
55 112
55 113
55 117
55 118
55 126
55 129
55 138
55 142
55 145
55 152
55 163
55 166
55 170
55 177
55 178
55 183
55 187
55 188
55 195
55 196
55 201
55 218
55 225
55 231
55 233
55 235
55 240
55 241
55 244
55 252
55 253
55 271
55 273
55 278
55 279
55 292
55 299
56 63
56 77
56 82
56 87
56 88
56 89
56 102
56 106
56 110
56 111
56 115
56 118
56 121
56 138
56 144
56 145
56 146
56 147
56 149
56 166
56 168
56 169
56 182
56 185
56 195
56 197
56 203
56 204
56 205
56 208
56 214
56 221
56 222
56 229
56 234
56 235
56 238
56 239
56 245
56 248
56 253
56 254
56 263
56 266
56 274
56 278
56 282
56 288
56 290
57 64
57 67
57 72
57 79
57 83
57 84
57 87
57 89
57 98
57 102
57 105
57 106
57 107
57 109
57 112
57 119
57 122
57 123
57 142
57 148
57 149
57 155
57 160
57 161
57 164
57 170
57 177
57 179
57 188
57 195
57 197
57 203
57 206
57 208
57 209
57 212
57 213
57 215
57 216
57 222
57 228
57 239
57 240
57 242
57 247
57 251
57 252
57 256
57 260
57 272
57 273
57 283
57 286
57 288
57 297
58 61
58 66
58 76
58 86
58 91
58 107
58 110
58 124
58 126
58 131
58 136
58 141
58 147
58 154
58 159
58 161
58 173
58 176
58 185
58 195
58 203
58 222
58 223
58 227
58 231
58 232
58 239
58 240
58 243
58 247
58 248
58 252
58 264
58 270
58 271
58 278
58 282
59 79
59 81
59 82
59 90
59 95
59 100
59 108
59 110
59 113
59 118
59 121
59 126
59 130
59 133
59 135
59 146
59 147
59 153
59 166
59 167
59 176
59 178
59 181
59 186
59 189
59 195
59 196
59 201
59 204
59 206
59 208
59 213
59 214
59 215
59 222
59 226
59 227
59 229
59 232
59 235
59 237
59 241
59 248
59 254
59 255
59 260
59 264
59 267
59 269
59 271
59 276
59 282
59 287
59 289
59 295
60 64
60 71
60 74
60 75
60 82
60 91
60 92
60 106
60 110
60 119
60 123
60 126
60 128
60 130
60 133
60 136
60 158
60 162
60 164
60 166
60 168
60 182
60 183
60 185
60 193
60 195
60 196
60 197
60 207
60 224
60 226
60 233
60 241
60 253
60 254
60 256
60 263
60 264
60 270
60 283
60 284
60 292
60 293
60 295
60 298
61 63
61 64
61 70
61 72
61 73
61 77
61 80
61 83
61 84
61 91
61 94
61 97
61 98
61 108
61 109
61 120
61 123
61 135
61 138
61 143
61 148
61 151
61 153
61 155
61 160
61 162
61 163
61 168
61 172
61 173
61 180
61 192
61 197
61 199
61 203
61 212
61 213
61 216
61 218
61 224
61 231
61 240
61 241
61 247
61 250
61 253
61 254
61 258
61 261
61 263
61 264
61 265
61 268
61 270
61 275
61 278
61 281
61 282
61 294
62 74
62 78
62 79
62 84
62 101
62 107
62 108
62 125
62 127
62 130
62 133
62 136
62 144
62 146
62 168
62 170
62 171
62 177
62 182
62 183
62 193
62 197
62 199
62 200
62 203
62 220
62 230
62 238
62 242
62 248
62 254
62 257
62 265
62 269
62 270
62 271
62 272
62 276
62 280
62 285
62 286
62 287
62 291
62 293
62 297
63 74
63 76
63 77
63 78
63 81
63 83
63 84
63 85
63 86
63 92
63 93
63 101
63 105
63 109
63 115
63 120
63 138
63 154
63 158
63 160
63 167
63 184
63 187
63 189
63 191
63 192
63 207
63 208
63 217
63 222
63 223
63 225
63 226
63 238
63 255
63 258
63 272
63 273
63 275
63 283
63 286
63 290
63 293
63 298
64 79
64 83
64 84
64 85
64 91
64 99
64 103
64 104
64 111
64 115
64 117
64 120
64 141
64 145
64 149
64 150
64 163
64 164
64 188
64 191
64 199
64 203
64 204
64 211
64 214
64 219
64 220
64 228
64 233
64 241
64 248
64 252
64 257
64 270
64 271
64 273
64 291
64 292
64 296
65 71
65 76
65 79
65 81
65 83
65 84
65 95
65 98
65 104
65 116
65 118
65 121
65 124
65 126
65 137
65 150
65 155
65 172
65 180
65 184
65 191
65 193
65 200
65 203
65 207
65 209
65 212
65 224
65 225
65 249
65 250
65 253
65 259
65 262
65 267
65 269
65 272
65 280
65 284
65 285
65 291
65 297
66 73
66 75
66 79
66 80
66 82
66 84
66 97
66 115
66 127
66 128
66 133
66 142
66 144
66 152
66 155
66 156
66 159
66 160
66 168
66 169
66 172
66 187
66 188
66 191
66 194
66 207
66 208
66 212
66 221
66 226
66 232
66 233
66 238
66 240
66 241
66 243
66 254
66 256
66 270
66 275
66 279
66 285
66 286
66 294
67 75
67 79
67 82
67 83
67 89
67 96
67 97
67 102
67 106
67 107
67 108
67 120
67 125
67 126
67 132
67 133
67 147
67 152
67 169
67 177
67 178
67 179
67 180
67 187
67 194
67 197
67 201
67 202
67 205
67 216
67 217
67 234
67 235
67 239
67 244
67 247
67 250
67 259
67 263
67 267
67 270
67 273
67 278
67 279
67 286
67 292
67 294
67 296
68 71
68 74
68 76
68 86
68 87
68 93
68 95
68 98
68 106
68 108
68 112
68 113
68 120
68 122
68 126
68 141
68 147
68 151
68 157
68 159
68 163
68 167
68 172
68 174
68 182
68 183
68 184
68 185
68 190
68 193
68 200
68 202
68 205
68 207
68 208
68 212
68 218
68 226
68 231
68 238
68 247
68 249
68 250
68 276
69 74
69 75
69 81
69 86
69 99
69 106
69 116
69 117
69 120
69 123
69 126
69 131
69 132
69 136
69 137
69 143
69 159
69 160
69 162
69 165
69 168
69 169
69 173
69 174
69 179
69 184
69 188
69 190
69 200
69 210
69 215
69 221
69 223
69 232
69 236
69 240
69 242
69 244
69 249
69 254
69 261
69 268
69 269
69 278
69 280
69 290
69 293
69 299
70 76
70 88
70 95
70 97
70 99
70 100
70 106
70 112
70 115
70 123
70 124
70 128
70 133
70 134
70 135
70 139
70 140
70 141
70 144
70 153
70 157
70 165
70 171
70 176
70 180
70 183
70 190
70 195
70 202
70 215
70 216
70 219
70 224
70 231
70 236
70 244
70 254
70 256
70 257
70 274
70 279
70 280
70 282
70 283
70 287
70 289
70 292
70 296
71 76
71 79
71 82
71 85
71 87
71 93
71 94
71 95
71 97
71 107
71 121
71 122
71 124
71 130
71 137
71 139
71 140
71 149
71 154
71 156
71 159
71 163
71 166
71 168
71 172
71 182
71 189
71 195
71 201
71 206
71 209
71 215
71 218
71 221
71 222
71 232
71 238
71 240
71 243
71 244
71 246
71 256
71 257
71 258
71 269
71 273
71 281
71 282
71 283
71 285
71 290
71 294
72 74
72 78
72 95
72 98
72 104
72 107
72 113
72 114
72 117
72 127
72 132
72 134
72 136
72 147
72 152
72 155
72 159
72 161
72 166
72 167
72 168
72 169
72 174
72 185
72 189
72 191
72 195
72 199
72 200
72 205
72 210
72 216
72 221
72 222
72 227
72 228
72 237
72 238
72 239
72 243
72 244
72 247
72 248
72 249
72 255
72 261
72 269
72 274
72 276
72 282
72 284
72 286
72 289
72 294
72 298
73 74
73 77
73 86
73 90
73 95
73 106
73 109
73 110
73 118
73 126
73 131
73 146
73 147
73 149
73 150
73 151
73 152
73 157
73 165
73 169
73 172
73 178
73 190
73 192
73 193
73 196
73 202
73 203
73 211
73 213
73 236
73 240
73 245
73 249
73 250
73 251
73 254
73 258
73 262
73 264
73 268
73 274
73 280
73 285
73 288
73 290
73 294
73 298
74 76
74 84
74 94
74 100
74 104
74 126
74 138
74 146
74 148
74 150
74 157
74 163
74 165
74 171
74 176
74 181
74 187
74 190
74 196
74 198
74 201
74 205
74 208
74 209
74 213
74 215
74 222
74 224
74 225
74 236
74 239
74 240
74 242
74 243
74 256
74 257
74 258
74 261
74 265
74 268
74 280
74 285
74 290
74 298
75 76
75 78
75 79
75 80
75 91
75 100
75 109
75 110
75 111
75 114
75 115
75 136
75 147
75 150
75 152
75 154
75 158
75 159
75 160
75 163
75 165
75 170
75 173
75 175
75 176
75 179
75 183
75 184
75 186
75 190
75 191
75 195
75 205
75 207
75 225
75 226
75 228
75 243
75 246
75 248
75 256
75 258
75 263
75 264
75 265
75 267
75 269
75 270
75 273
75 279
75 284
75 286
75 289
75 291
75 298
76 81
76 89
76 93
76 98
76 103
76 112
76 113
76 121
76 127
76 129
76 140
76 145
76 151
76 153
76 156
76 157
76 164
76 171
76 172
76 187
76 188
76 193
76 203
76 215
76 222
76 223
76 224
76 227
76 228
76 232
76 237
76 238
76 258
76 260
76 271
76 272
76 276
76 279
76 281
76 282
76 284
76 287
76 288
76 295
77 81
77 83
77 96
77 100
77 105
77 108
77 110
77 111
77 116
77 119
77 120
77 121
77 134
77 139
77 153
77 154
77 159
77 164
77 172
77 173
77 175
77 185
77 186
77 191
77 195
77 199
77 205
77 209
77 215
77 219
77 222
77 231
77 235
77 236
77 242
77 249
77 258
77 260
77 262
77 267
77 268
77 270
77 272
77 282
77 292
77 299
78 79
78 81
78 83
78 85
78 97
78 100
78 104
78 113
78 114
78 115
78 116
78 119
78 129
78 137
78 153
78 167
78 172
78 173
78 175
78 186
78 188
78 189
78 194
78 197
78 203
78 210
78 212
78 214
78 228
78 232
78 236
78 237
78 240
78 241
78 242
78 246
78 251
78 252
78 259
78 260
78 265
78 272
78 279
78 284
78 287
78 288
78 290
78 296
79 85
79 90
79 94
79 102
79 103
79 104
79 110
79 113
79 116
79 121
79 123
79 125
79 127
79 128
79 131
79 135
79 137
79 145
79 148
79 150
79 153
79 175
79 177
79 206
79 207
79 212
79 215
79 218
79 222
79 225
79 226
79 229
79 230
79 235
79 241
79 250
79 255
79 262
79 266
79 269
79 270
79 274
79 285
79 286
79 296
79 297
80 85
80 95
80 98
80 103
80 109
80 111
80 112
80 135
80 139
80 143
80 145
80 147
80 150
80 152
80 157
80 161
80 163
80 167
80 175
80 180
80 185
80 190
80 200
80 212
80 214
80 215
80 227
80 229
80 233
80 234
80 235
80 238
80 239
80 245
80 254
80 258
80 268
80 275
80 276
80 278
80 281
80 283
80 293
80 296
80 298
81 85
81 88
81 104
81 112
81 115
81 117
81 128
81 139
81 141
81 142
81 143
81 149
81 150
81 153
81 158
81 161
81 166
81 179
81 184
81 192
81 202
81 205
81 208
81 216
81 221
81 231
81 234
81 235
81 236
81 243
81 244
81 246
81 250
81 251
81 254
81 264
81 269
81 272
81 278
81 281
81 285
81 288
81 290
81 292
81 293
81 299
82 84
82 88
82 90
82 100
82 106
82 107
82 121
82 131
82 132
82 135
82 137
82 143
82 144
82 148
82 157
82 162
82 165
82 169
82 175
82 178
82 180
82 182
82 187
82 191
82 199
82 202
82 207
82 218
82 219
82 223
82 228
82 237
82 239
82 249
82 253
82 254
82 256
82 259
82 260
82 261
82 264
82 273
82 275
82 276
82 286
82 289
82 296
82 299
83 105
83 109
83 110
83 113
83 115
83 118
83 123
83 128
83 136
83 142
83 146
83 148
83 149
83 152
83 155
83 156
83 159
83 167
83 170
83 176
83 177
83 195
83 200
83 206
83 216
83 219
83 221
83 231
83 233
83 234
83 237
83 248
83 255
83 262
83 267
83 275
83 277
83 296
83 299
84 92
84 96
84 99
84 107
84 109
84 111
84 117
84 120
84 122
84 123
84 125
84 131
84 135
84 142
84 148
84 152
84 155
84 161
84 163
84 170
84 171
84 189
84 195
84 199
84 207
84 213
84 216
84 221
84 224
84 230
84 240
84 243
84 248
84 249
84 251
84 259
84 262
84 268
84 269
84 272
84 274
84 279
84 280
84 289
84 291
85 87
85 106
85 107
85 109
85 119
85 120
85 122
85 126
85 127
85 134
85 138
85 140
85 147
85 151
85 154
85 158
85 160
85 162
85 165
85 172
85 173
85 183
85 188
85 198
85 202
85 224
85 235
85 236
85 243
85 245
85 257
85 261
85 266
85 267
85 277
85 283
85 285
85 286
85 288
85 292
85 293
85 297
86 91
86 95
86 102
86 108
86 111
86 117
86 130
86 142
86 143
86 145
86 152
86 156
86 157
86 158
86 160
86 161
86 162
86 172
86 175
86 177
86 179
86 192
86 194
86 200
86 201
86 203
86 212
86 220
86 224
86 226
86 231
86 236
86 242
86 246
86 248
86 253
86 263
86 268
86 272
86 275
86 287
86 288
87 91
87 94
87 97
87 105
87 118
87 124
87 125
87 139
87 141
87 143
87 146
87 150
87 154
87 170
87 172
87 173
87 179
87 181
87 182
87 192
87 194
87 201
87 204
87 209
87 215
87 219
87 220
87 224
87 225
87 227
87 228
87 231
87 233
87 235
87 237
87 238
87 240
87 242
87 246
87 247
87 250
87 254
87 256
87 264
87 267
87 269
87 279
87 281
87 296
87 297
88 95
88 96
88 103
88 109
88 113
88 119
88 122
88 132
88 138
88 144
88 145
88 149
88 156
88 157
88 174
88 179
88 181
88 182
88 213
88 215
88 218
88 221
88 225
88 226
88 227
88 232
88 234
88 238
88 241
88 247
88 249
88 251
88 263
88 264
88 270
88 274
88 278
88 279
88 281
88 291
88 293
89 97
89 112
89 115
89 120
89 121
89 132
89 133
89 136
89 146
89 148
89 150
89 151
89 152
89 159
89 164
89 175
89 187
89 196
89 204
89 212
89 215
89 226
89 239
89 243
89 251
89 258
89 260
89 261
89 266
89 276
89 281
89 285
89 288
89 291
89 294
89 299
90 96
90 99
90 101
90 103
90 106
90 119
90 121
90 122
90 123
90 126
90 131
90 136
90 141
90 145
90 155
90 156
90 162
90 172
90 180
90 183
90 188
90 197
90 201
90 204
90 209
90 210
90 211
90 216
90 217
90 222
90 230
90 232
90 233
90 236
90 240
90 243
90 252
90 255
90 256
90 257
90 263
90 279
90 283
90 288
91 93
91 94
91 96
91 98
91 100
91 101
91 102
91 106
91 123
91 140
91 142
91 146
91 150
91 154
91 155
91 178
91 180
91 182
91 189
91 191
91 202
91 203
91 213
91 218
91 221
91 224
91 225
91 231
91 232
91 241
91 243
91 250
91 259
91 264
91 265
91 268
91 269
91 270
91 276
91 289
91 294
91 297
92 94
92 95
92 100
92 102
92 116
92 117
92 121
92 122
92 141
92 148
92 149
92 150
92 155
92 157
92 164
92 167
92 169
92 171
92 174
92 178
92 183
92 187
92 200
92 201
92 202
92 205
92 219
92 223
92 233
92 234
92 235
92 240
92 242
92 244
92 246
92 249
92 250
92 254
92 257
92 258
92 270
92 272
92 277
92 282
92 286
92 294
92 298
93 103
93 104
93 109
93 114
93 115
93 116
93 129
93 131
93 151
93 152
93 154
93 155
93 157
93 169
93 172
93 174
93 178
93 181
93 185
93 192
93 195
93 202
93 207
93 209
93 215
93 217
93 221
93 222
93 226
93 231
93 232
93 238
93 247
93 254
93 258
93 284
93 290
93 293
93 297
94 95
94 96
94 104
94 106
94 111
94 113
94 122
94 125
94 135
94 141
94 146
94 149
94 152
94 153
94 157
94 161
94 162
94 168
94 169
94 177
94 179
94 186
94 189
94 192
94 196
94 203
94 204
94 208
94 215
94 227
94 230
94 234
94 244
94 245
94 250
94 259
94 260
94 263
94 267
94 268
94 271
94 283
94 284
94 286
94 288
94 293
94 295
94 296
94 299
95 99
95 101
95 102
95 103
95 108
95 109
95 118
95 132
95 135
95 153
95 156
95 157
95 159
95 164
95 165
95 173
95 182
95 184
95 186
95 193
95 194
95 197
95 199
95 206
95 208
95 211
95 221
95 222
95 223
95 231
95 240
95 242
95 245
95 264
95 268
95 270
95 272
95 273
95 278
95 290
95 296
95 298
96 97
96 105
96 110
96 121
96 124
96 134
96 141
96 142
96 144
96 150
96 154
96 164
96 169
96 170
96 182
96 190
96 198
96 204
96 205
96 206
96 212
96 216
96 223
96 225
96 227
96 232
96 236
96 237
96 238
96 243
96 254
96 262
96 263
96 271
96 274
96 288
96 290
96 291
96 298
97 99
97 112
97 117
97 126
97 127
97 133
97 137
97 158
97 175
97 176
97 177
97 179
97 183
97 191
97 196
97 213
97 214
97 220
97 222
97 225
97 230
97 249
97 250
97 251
97 256
97 263
97 272
97 275
97 290
97 293
97 298
97 299
98 99
98 112
98 113
98 114
98 115
98 118
98 128
98 129
98 130
98 132
98 134
98 136
98 138
98 139
98 148
98 162
98 163
98 164
98 166
98 167
98 172
98 179
98 184
98 196
98 197
98 199
98 202
98 210
98 226
98 232
98 234
98 240
98 245
98 246
98 248
98 252
98 255
98 256
98 275
98 280
98 286
99 100
99 108
99 112
99 114
99 122
99 132
99 138
99 141
99 146
99 162
99 169
99 172
99 173
99 182
99 183
99 186
99 196
99 206
99 208
99 210
99 211
99 217
99 222
99 233
99 241
99 245
99 248
99 252
99 255
99 257
99 258
99 261
99 264
99 268
99 280
99 286
99 287
99 292
99 298
100 102
100 113
100 115
100 117
100 118
100 132
100 133
100 135
100 138
100 143
100 147
100 151
100 169
100 170
100 180
100 192
100 195
100 198
100 199
100 201
100 207
100 208
100 213
100 215
100 217
100 219
100 222
100 224
100 228
100 231
100 245
100 251
100 252
100 276
100 287
100 289
100 291
100 292
100 293
100 297
100 298
100 299
101 105
101 110
101 121
101 122
101 123
101 132
101 144
101 152
101 153
101 154
101 164
101 173
101 183
101 194
101 195
101 197
101 199
101 216
101 219
101 221
101 223
101 237
101 246
101 250
101 253
101 260
101 262
101 268
101 269
101 275
101 277
101 278
101 282
101 289
101 294
102 104
102 107
102 109
102 115
102 118
102 123
102 125
102 126
102 130
102 134
102 147
102 155
102 156
102 166
102 170
102 175
102 203
102 204
102 206
102 213
102 233
102 234
102 236
102 242
102 244
102 246
102 257
102 262
102 268
102 271
102 279
102 283
102 289
102 295
103 125
103 132
103 135
103 139
103 141
103 152
103 162
103 166
103 184
103 186
103 206
103 217
103 224
103 231
103 233
103 251
103 252
103 263
103 264
103 271
103 275
103 278
103 281
103 286
103 288
103 289
103 296
104 115
104 116
104 119
104 120
104 124
104 126
104 133
104 145
104 147
104 154
104 172
104 179
104 181
104 186
104 191
104 196
104 208
104 212
104 213
104 216
104 217
104 218
104 220
104 224
104 225
104 232
104 233
104 241
104 246
104 252
104 256
104 258
104 261
104 263
104 268
104 272
104 274
104 281
104 283
104 284
104 286
104 291
104 297
104 298
105 107
105 115
105 141
105 143
105 147
105 165
105 167
105 168
105 172
105 177
105 179
105 181
105 182
105 183
105 192
105 198
105 204
105 217
105 219
105 222
105 231
105 232
105 238
105 244
105 248
105 250
105 259
105 262
105 272
105 273
105 280
105 295
105 296
106 112
106 113
106 117
106 120
106 128
106 132
106 140
106 141
106 142
106 151
106 154
106 160
106 162
106 163
106 166
106 168
106 171
106 176
106 177
106 178
106 185
106 186
106 189
106 190
106 197
106 204
106 219
106 224
106 231
106 235
106 245
106 247
106 251
106 252
106 255
106 257
106 267
106 282
106 290
106 294
107 112
107 119
107 121
107 123
107 124
107 125
107 129
107 131
107 133
107 137
107 138
107 146
107 148
107 152
107 153
107 157
107 159
107 164
107 175
107 178
107 191
107 194
107 197
107 205
107 206
107 208
107 211
107 215
107 223
107 233
107 240
107 250
107 254
107 255
107 261
107 267
107 280
107 285
107 287
107 288
107 291
107 293
107 294
108 110
108 113
108 131
108 135
108 137
108 156
108 158
108 166
108 169
108 172
108 178
108 179
108 193
108 207
108 214
108 217
108 219
108 226
108 233
108 237
108 238
108 241
108 257
108 263
108 271
108 285
108 286
108 288
109 110
109 113
109 117
109 118
109 136
109 139
109 153
109 155
109 160
109 161
109 162
109 167
109 172
109 177
109 178
109 179
109 180
109 185
109 208
109 210
109 218
109 219
109 220
109 221
109 224
109 225
109 227
109 229
109 232
109 234
109 247
109 250
109 251
109 258
109 260
109 261
109 262
109 268
109 271
109 272
109 273
109 275
109 279
109 284
109 286
109 296
110 116
110 117
110 128
110 137
110 140
110 142
110 148
110 151
110 156
110 162
110 165
110 167
110 177
110 183
110 201
110 213
110 218
110 220
110 222
110 223
110 228
110 235
110 238
110 260
110 264
110 270
110 272
110 282
110 284
110 285
110 290
110 293
110 297
111 115
111 116
111 122
111 123
111 124
111 125
111 132
111 137
111 162
111 165
111 167
111 168
111 170
111 172
111 179
111 181
111 182
111 186
111 187
111 189
111 192
111 199
111 213
111 214
111 219
111 231
111 232
111 234
111 256
111 265
111 267
111 271
111 277
111 279
111 282
111 287
111 288
111 294
112 114
112 117
112 119
112 120
112 122
112 128
112 129
112 136
112 143
112 151
112 156
112 164
112 175
112 178
112 180
112 192
112 195
112 201
112 208
112 228
112 233
112 245
112 263
112 286
112 287
112 289
112 295
112 297
112 299
113 117
113 124
113 125
113 126
113 130
113 132
113 137
113 146
113 147
113 154
113 160
113 162
113 163
113 166
113 178
113 182
113 185
113 189
113 190
113 193
113 195
113 203
113 212
113 217
113 223
113 229
113 233
113 247
113 248
113 252
113 272
113 273
113 278
113 283
113 284
113 290
113 295
113 296
114 115
114 116
114 127
114 136
114 138
114 144
114 152
114 154
114 168
114 171
114 172
114 179
114 181
114 184
114 191
114 193
114 200
114 209
114 223
114 230
114 234
114 248
114 250
114 259
114 262
114 265
114 284
114 288
114 296
114 297
114 298
115 118
115 127
115 128
115 131
115 137
115 149
115 153
115 158
115 163
115 165
115 167
115 172
115 176
115 181
115 185
115 186
115 195
115 216
115 221
115 224
115 226
115 228
115 229
115 235
115 239
115 244
115 249
115 267
115 270
115 272
115 278
115 279
115 292
115 293
116 120
116 122
116 124
116 130
116 132
116 133
116 137
116 138
116 142
116 143
116 144
116 154
116 162
116 165
116 170
116 172
116 184
116 186
116 188
116 194
116 201
116 207
116 208
116 211
116 218
116 224
116 225
116 226
116 236
116 244
116 250
116 277
116 284
116 294
116 295
116 299
117 135
117 139
117 144
117 150
117 151
117 152
117 162
117 168
117 169
117 174
117 175
117 180
117 182
117 184
117 187
117 190
117 194
117 196
117 197
117 200
117 204
117 206
117 211
117 223
117 224
117 225
117 230
117 231
117 247
117 248
117 250
117 267
117 272
117 278
117 280
117 287
117 288
117 295
117 298
118 119
118 120
118 123
118 127
118 133
118 136
118 141
118 145
118 146
118 147
118 149
118 151
118 159
118 160
118 161
118 162
118 164
118 177
118 179
118 180
118 183
118 186
118 193
118 194
118 199
118 202
118 203
118 217
118 218
118 233
118 234
118 236
118 240
118 255
118 256
118 261
118 265
118 273
118 274
118 277
118 294
119 121
119 122
119 124
119 126
119 130
119 131
119 135
119 137
119 138
119 146
119 150
119 163
119 165
119 170
119 173
119 174
119 193
119 195
119 196
119 201
119 210
119 211
119 214
119 215
119 216
119 217
119 219
119 227
119 234
119 245
119 249
119 253
119 268
119 270
119 276
119 277
119 282
119 285
119 292
119 294
119 295
119 298
119 299
120 121
120 123
120 125
120 134
120 137
120 140
120 146
120 151
120 169
120 172
120 173
120 178
120 181
120 195
120 199
120 200
120 201
120 210
120 217
120 224
120 226
120 233
120 245
120 259
120 280
120 282
120 289
121 133
121 135
121 144
121 147
121 150
121 151
121 154
121 155
121 159
121 160
121 162
121 166
121 168
121 169
121 176
121 180
121 183
121 184
121 188
121 191
121 193
121 201
121 205
121 218
121 221
121 225
121 226
121 230
121 237
121 239
121 245
121 247
121 249
121 254
121 260
121 261
121 265
121 269
121 271
121 279
121 284
122 130
122 137
122 139
122 145
122 148
122 152
122 153
122 156
122 161
122 168
122 172
122 177
122 180
122 184
122 191
122 196
122 199
122 201
122 204
122 214
122 230
122 231
122 241
122 265
122 266
122 270
122 276
122 281
122 283
122 285
122 292
122 296
123 125
123 128
123 135
123 139
123 143
123 148
123 152
123 161
123 164
123 165
123 166
123 169
123 183
123 186
123 196
123 198
123 205
123 206
123 220
123 223
123 227
123 233
123 234
123 240
123 241
123 246
123 247
123 249
123 255
123 273
123 277
123 288
123 290
124 126
124 129
124 132
124 133
124 136
124 139
124 140
124 145
124 146
124 149
124 157
124 158
124 159
124 169
124 171
124 193
124 216
124 223
124 224
124 232
124 237
124 238
124 239
124 242
124 245
124 247
124 252
124 253
124 256
124 257
124 263
124 265
124 268
124 270
124 278
124 282
124 284
124 285
124 287
124 289
124 297
124 299
125 131
125 137
125 142
125 144
125 160
125 162
125 170
125 172
125 174
125 175
125 177
125 180
125 197
125 204
125 205
125 206
125 215
125 216
125 217
125 224
125 225
125 239
125 240
125 241
125 242
125 245
125 247
125 254
125 261
125 263
125 269
125 276
125 277
125 278
125 287
125 292
125 295
125 299
126 132
126 141
126 146
126 149
126 158
126 159
126 161
126 162
126 165
126 174
126 183
126 192
126 194
126 200
126 205
126 206
126 207
126 214
126 217
126 224
126 229
126 232
126 243
126 246
126 250
126 252
126 256
126 258
126 267
126 268
126 271
126 272
126 275
126 295
127 132
127 137
127 147
127 148
127 151
127 152
127 156
127 158
127 162
127 163
127 166
127 167
127 184
127 196
127 197
127 198
127 200
127 204
127 206
127 214
127 219
127 221
127 224
127 226
127 228
127 230
127 238
127 247
127 248
127 268
127 278
127 283
127 285
127 286
127 291
128 129
128 132
128 137
128 145
128 147
128 149
128 159
128 171
128 177
128 181
128 185
128 187
128 188
128 189
128 190
128 194
128 195
128 196
128 199
128 201
128 202
128 207
128 208
128 211
128 213
128 217
128 219
128 232
128 233
128 234
128 237
128 246
128 250
128 265
128 267
128 269
128 272
128 275
128 286
128 288
128 294
128 299
129 133
129 137
129 140
129 149
129 153
129 159
129 162
129 164
129 167
129 168
129 170
129 173
129 174
129 178
129 180
129 185
129 191
129 204
129 210
129 213
129 218
129 219
129 223
129 225
129 241
129 244
129 248
129 253
129 256
129 260
129 266
129 267
129 268
129 270
129 273
129 274
129 299
130 133
130 136
130 142
130 149
130 150
130 166
130 170
130 171
130 172
130 179
130 186
130 191
130 197
130 201
130 206
130 210
130 220
130 222
130 224
130 228
130 232
130 233
130 244
130 245
130 246
130 247
130 249
130 252
130 254
130 256
130 265
130 267
130 270
130 271
130 272
130 279
130 291
130 298
130 299
131 135
131 136
131 139
131 140
131 150
131 153
131 158
131 174
131 175
131 183
131 194
131 202
131 204
131 205
131 212
131 215
131 217
131 219
131 221
131 226
131 229
131 230
131 232
131 235
131 236
131 249
131 254
131 255
131 257
131 260
131 265
131 272
131 273
131 277
131 287
131 291
131 294
132 136
132 140
132 141
132 152
132 154
132 163
132 167
132 175
132 181
132 186
132 188
132 193
132 201
132 202
132 206
132 207
132 225
132 234
132 240
132 243
132 249
132 259
132 260
132 266
132 273
132 274
132 279
132 286
132 293
132 295
132 299
133 134
133 148
133 159
133 168
133 171
133 175
133 179
133 182
133 189
133 192
133 198
133 203
133 213
133 222
133 234
133 235
133 237
133 240
133 248
133 254
133 269
133 270
133 273
133 282
133 290
133 297
133 299
134 137
134 143
134 150
134 153
134 157
134 168
134 179
134 196
134 209
134 214
134 218
134 222
134 226
134 229
134 237
134 257
134 259
134 272
134 276
134 278
134 280
134 284
134 293
135 137
135 138
135 140
135 142
135 144
135 145
135 149
135 150
135 166
135 206
135 207
135 214
135 215
135 222
135 223
135 225
135 228
135 231
135 240
135 247
135 251
135 254
135 261
135 270
135 279
135 283
135 291
135 296
135 298
136 142
136 143
136 145
136 154
136 158
136 160
136 161
136 165
136 170
136 173
136 181
136 193
136 194
136 195
136 201
136 202
136 208
136 210
136 211
136 222
136 231
136 234
136 241
136 242
136 243
136 245
136 256
136 257
136 261
136 263
136 270
136 276
136 282
136 285
136 289
136 293
136 294
136 297
137 139
137 156
137 157
137 160
137 172
137 177
137 178
137 180
137 181
137 184
137 191
137 193
137 200
137 202
137 205
137 208
137 211
137 215
137 218
137 221
137 222
137 235
137 237
137 239
137 241
137 243
137 245
137 246
137 256
137 264
137 266
137 269
137 271
137 279
137 281
137 285
137 290
137 291
137 299
138 156
138 169
138 172
138 173
138 176
138 179
138 181
138 189
138 194
138 208
138 210
138 211
138 214
138 229
138 230
138 231
138 235
138 239
138 245
138 253
138 255
138 276
138 279
138 285
138 288
138 292
139 145
139 146
139 153
139 154
139 164
139 165
139 168
139 178
139 186
139 195
139 202
139 207
139 212
139 213
139 220
139 223
139 235
139 239
139 252
139 270
139 272
139 274
139 279
139 285
139 287
139 288
139 294
139 295
140 147
140 153
140 166
140 169
140 177
140 187
140 189
140 190
140 195
140 200
140 201
140 205
140 215
140 217
140 223
140 226
140 227
140 233
140 248
140 249
140 250
140 252
140 257
140 260
140 261
140 270
140 275
140 285
140 292
140 293
140 294
141 143
141 146
141 148
141 155
141 157
141 170
141 171
141 172
141 175
141 181
141 185
141 196
141 201
141 204
141 207
141 217
141 224
141 233
141 234
141 242
141 245
141 246
141 257
141 258
141 264
141 267
141 269
141 271
141 274
141 284
141 286
141 293
142 143
142 166
142 170
142 171
142 176
142 186
142 193
142 204
142 205
142 211
142 212
142 215
142 219
142 220
142 223
142 234
142 235
142 240
142 253
142 256
142 258
142 266
142 273
142 276
142 277
142 285
142 290
142 298
143 146
143 149
143 150
143 154
143 160
143 163
143 169
143 170
143 174
143 176
143 184
143 188
143 193
143 194
143 197
143 207
143 213
143 218
143 219
143 223
143 233
143 236
143 239
143 241
143 243
143 245
143 251
143 253
143 256
143 260
143 262
143 263
143 264
143 267
143 268
143 272
143 278
143 280
143 283
143 284
143 286
143 296
143 299
144 146
144 152
144 157
144 167
144 169
144 171
144 174
144 179
144 186
144 217
144 222
144 235
144 236
144 238
144 242
144 252
144 254
144 255
144 257
144 259
144 273
144 281
144 284
144 289
144 290
145 151
145 161
145 172
145 176
145 180
145 190
145 192
145 195
145 200
145 205
145 212
145 225
145 227
145 231
145 248
145 251
145 253
145 255
145 256
145 257
145 260
145 287
145 292
145 294
145 298
146 153
146 162
146 164
146 174
146 176
146 177
146 182
146 189
146 194
146 195
146 201
146 208
146 212
146 214
146 215
146 216
146 220
146 224
146 225
146 229
146 232
146 233
146 235
146 237
146 243
146 249
146 252
146 256
146 271
146 272
146 280
146 293
146 296
146 297
146 298
146 299
147 148
147 156
147 158
147 172
147 178
147 185
147 189
147 192
147 195
147 219
147 220
147 237
147 241
147 246
147 249
147 250
147 254
147 267
147 277
147 290
147 291
147 292
147 294
147 296
147 297
147 298
148 165
148 169
148 172
148 174
148 178
148 180
148 190
148 193
148 202
148 203
148 210
148 212
148 217
148 221
148 224
148 231
148 234
148 236
148 244
148 252
148 259
148 263
148 267
148 271
148 291
148 292
148 295
148 297
149 153
149 158
149 161
149 162
149 164
149 168
149 169
149 171
149 172
149 182
149 204
149 208
149 212
149 215
149 217
149 226
149 240
149 243
149 251
149 253
149 260
149 265
149 266
149 277
149 279
149 285
149 294
149 295
149 298
150 156
150 160
150 165
150 168
150 171
150 173
150 181
150 186
150 187
150 188
150 193
150 198
150 200
150 201
150 204
150 206
150 210
150 218
150 225
150 240
150 248
150 255
150 258
150 263
150 267
150 270
150 271
150 278
150 280
150 285
150 289
150 292
150 293
150 295
151 155
151 158
151 168
151 169
151 171
151 174
151 178
151 179
151 182
151 184
151 191
151 194
151 204
151 221
151 229
151 230
151 232
151 236
151 237
151 242
151 249
151 250
151 251
151 255
151 267
151 270
151 274
151 278
151 279
151 290
151 291
152 162
152 168
152 169
152 173
152 175
152 176
152 180
152 183
152 184
152 187
152 191
152 195
152 199
152 203
152 204
152 209
152 217
152 218
152 226
152 229
152 234
152 238
152 241
152 244
152 245
152 265
152 267
152 272
152 273
152 275
152 276
152 280
152 285
153 154
153 155
153 156
153 167
153 169
153 170
153 173
153 175
153 176
153 203
153 206
153 211
153 221
153 227
153 239
153 243
153 246
153 250
153 259
153 264
153 267
153 269
153 275
153 282
153 283
153 298
154 155
154 156
154 157
154 167
154 171
154 174
154 181
154 209
154 220
154 223
154 230
154 242
154 262
154 263
154 270
154 273
154 274
154 276
154 277
154 280
154 282
154 292
154 294
154 298
155 163
155 170
155 172
155 173
155 184
155 186
155 199
155 205
155 222
155 226
155 230
155 236
155 255
155 258
155 271
155 273
155 275
155 278
155 284
155 286
155 288
155 292
155 297
155 299
156 159
156 161
156 162
156 173
156 175
156 184
156 189
156 194
156 200
156 201
156 202
156 208
156 212
156 220
156 225
156 226
156 227
156 231
156 235
156 240
156 241
156 247
156 252
156 253
156 254
156 267
156 270
156 271
156 272
156 273
156 278
156 281
156 283
156 289
156 293
157 161
157 174
157 177
157 184
157 200
157 203
157 204
157 205
157 212
157 222
157 226
157 228
157 248
157 252
157 254
157 260
157 262
157 263
157 271
157 275
157 280
157 296
158 160
158 161
158 163
158 165
158 171
158 176
158 177
158 178
158 185
158 188
158 195
158 198
158 199
158 201
158 203
158 216
158 217
158 219
158 221
158 228
158 229
158 247
158 250
158 255
158 256
158 268
158 273
158 287
158 299
159 165
159 182
159 183
159 192
159 206
159 207
159 217
159 219
159 225
159 231
159 244
159 245
159 247
159 256
159 279
159 283
159 290
159 296
160 165
160 175
160 176
160 199
160 218
160 227
160 229
160 234
160 235
160 236
160 237
160 244
160 246
160 262
160 270
160 279
160 284
160 288
160 294
161 170
161 190
161 192
161 203
161 206
161 208
161 216
161 222
161 224
161 225
161 227
161 236
161 237
161 242
161 244
161 245
161 253
161 255
161 263
161 283
161 286
161 297
161 299
162 170
162 174
162 175
162 178
162 183
162 188
162 206
162 215
162 218
162 242
162 244
162 250
162 254
162 262
162 265
162 272
162 277
162 278
162 279
162 281
162 283
162 285
162 286
162 294
163 176
163 182
163 188
163 210
163 214
163 221
163 225
163 233
163 235
163 237
163 240
163 243
163 250
163 255
163 258
163 269
163 272
163 276
163 279
163 284
163 286
163 298
164 165
164 177
164 180
164 185
164 205
164 206
164 215
164 219
164 221
164 228
164 234
164 239
164 240
164 243
164 246
164 247
164 250
164 257
164 258
164 267
164 288
165 167
165 171
165 178
165 180
165 182
165 185
165 187
165 192
165 200
165 209
165 210
165 211
165 216
165 227
165 228
165 230
165 234
165 237
165 248
165 254
165 256
165 263
165 264
165 269
165 273
165 274
165 276
165 279
165 281
165 297
166 168
166 170
166 176
166 180
166 184
166 190
166 193
166 195
166 197
166 199
166 201
166 204
166 209
166 214
166 223
166 228
166 233
166 247
166 257
166 262
166 274
166 276
166 277
166 279
166 284
166 289
166 293
166 298
167 168
167 172
167 174
167 179
167 181
167 187
167 190
167 195
167 199
167 202
167 205
167 210
167 212
167 216
167 217
167 223
167 248
167 254
167 258
167 260
167 269
167 271
167 283
167 284
167 285
167 290
167 296
167 297
168 177
168 185
168 186
168 190
168 191
168 194
168 198
168 201
168 202
168 206
168 207
168 212
168 219
168 222
168 225
168 226
168 230
168 233
168 239
168 240
168 248
168 252
168 257
168 262
168 272
168 291
168 292
168 298
169 172
169 175
169 179
169 188
169 191
169 201
169 204
169 212
169 213
169 214
169 216
169 218
169 222
169 226
169 245
169 246
169 250
169 251
169 256
169 257
169 262
169 263
169 276
169 277
169 280
169 284
169 287
169 289
169 295
169 296
169 297
169 299
170 175
170 177
170 178
170 180
170 181
170 183
170 184
170 189
170 193
170 196
170 199
170 201
170 210
170 214
170 215
170 217
170 219
170 229
170 233
170 236
170 242
170 247
170 251
170 260
170 266
170 270
170 279
170 281
170 283
170 294
171 175
171 177
171 178
171 179
171 186
171 193
171 207
171 227
171 228
171 237
171 246
171 247
171 259
171 262
171 263
171 272
171 275
171 285
171 290
172 175
172 179
172 180
172 181
172 194
172 196
172 204
172 206
172 217
172 219
172 226
172 236
172 239
172 240
172 251
172 253
172 265
172 267
172 274
172 279
172 282
172 297
173 174
173 179
173 182
173 188
173 191
173 193
173 202
173 203
173 206
173 214
173 217
173 229
173 230
173 238
173 243
173 247
173 250
173 255
173 260
173 261
173 262
173 277
173 282
173 284
173 289
173 292
174 181
174 183
174 186
174 188
174 190
174 191
174 193
174 205
174 206
174 214
174 216
174 219
174 228
174 235
174 236
174 239
174 247
174 248
174 250
174 254
174 264
174 270
174 281
174 289
174 291
175 178
175 183
175 190
175 201
175 206
175 208
175 215
175 219
175 220
175 227
175 232
175 238
175 242
175 249
175 257
175 259
175 263
175 272
175 278
176 179
176 184
176 191
176 193
176 195
176 200
176 202
176 203
176 205
176 209
176 215
176 216
176 226
176 228
176 230
176 244
176 245
176 253
176 257
176 261
176 263
176 266
176 269
176 274
176 289
176 292
176 296
177 181
177 182
177 192
177 205
177 207
177 208
177 210
177 214
177 216
177 227
177 235
177 237
177 242
177 246
177 250
177 255
177 257
177 260
177 262
177 263
177 264
177 271
177 277
177 283
177 291
177 298
178 180
178 181
178 184
178 187
178 193
178 195
178 197
178 198
178 201
178 202
178 203
178 220
178 233
178 243
178 248
178 249
178 254
178 259
178 260
178 274
178 277
178 284
178 287
178 288
178 291
178 295
178 298
179 182
179 188
179 191
179 195
179 196
179 197
179 203
179 217
179 218
179 219
179 224
179 239
179 240
179 255
179 270
179 274
179 277
179 281
179 282
179 283
179 286
179 287
179 295
179 298
180 182
180 193
180 198
180 203
180 204
180 207
180 208
180 209
180 213
180 216
180 220
180 224
180 226
180 229
180 231
180 239
180 240
180 243
180 250
180 254
180 255
180 257
180 272
180 275
180 283
180 290
180 293
180 294
180 295
181 182
181 184
181 185
181 188
181 200
181 201
181 202
181 205
181 208
181 209
181 211
181 212
181 214
181 220
181 224
181 227
181 230
181 242
181 243
181 244
181 246
181 257
181 262
181 269
181 270
181 273
181 276
181 279
181 287
181 288
181 292
181 293
181 296
182 184
182 185
182 204
182 209
182 215
182 216
182 217
182 218
182 219
182 220
182 227
182 230
182 233
182 242
182 246
182 249
182 251
182 254
182 263
182 275
182 283
182 285
182 291
182 295
183 186
183 194
183 195
183 196
183 199
183 203
183 206
183 215
183 216
183 220
183 225
183 234
183 236
183 239
183 246
183 247
183 256
183 264
183 265
183 270
183 271
183 273
183 274
183 276
183 285
183 294
183 298
184 185
184 187
184 192
184 200
184 201
184 203
184 205
184 215
184 223
184 234
184 242
184 245
184 246
184 252
184 253
184 257
184 258
184 259
184 260
184 262
184 264
184 265
184 274
184 281
184 290
184 292
184 294
184 298
184 299
185 191
185 196
185 203
185 208
185 211
185 213
185 216
185 219
185 225
185 226
185 231
185 238
185 241
185 249
185 257
185 261
185 268
185 272
185 274
185 279
185 282
185 285
185 287
185 290
185 291
185 293
185 294
185 299
186 190
186 191
186 192
186 197
186 208
186 226
186 230
186 235
186 241
186 246
186 248
186 256
186 258
186 272
186 284
186 285
186 287
186 290
186 292
186 296
187 188
187 189
187 195
187 200
187 208
187 213
187 214
187 217
187 220
187 229
187 230
187 234
187 235
187 238
187 240
187 242
187 248
187 257
187 259
187 260
187 262
187 263
187 266
187 268
187 270
187 273
187 276
187 292
188 195
188 203
188 204
188 206
188 209
188 212
188 213
188 220
188 223
188 224
188 225
188 227
188 229
188 230
188 232
188 233
188 238
188 244
188 249
188 251
188 258
188 263
188 264
188 265
188 269
188 270
188 271
188 274
188 287
188 288
188 294
188 296
189 192
189 197
189 208
189 217
189 220
189 235
189 237
189 243
189 245
189 249
189 255
189 259
189 265
189 276
189 280
189 282
189 284
189 291
189 296
189 299
190 193
190 194
190 195
190 203
190 205
190 206
190 221
190 222
190 223
190 224
190 226
190 229
190 241
190 260
190 263
190 272
190 273
190 275
190 277
190 279
190 288
190 290
190 292
190 293
190 295
191 193
191 200
191 203
191 218
191 221
191 222
191 225
191 246
191 247
191 262
191 264
191 266
191 275
191 288
191 291
191 297
192 195
192 196
192 197
192 202
192 207
192 211
192 219
192 220
192 234
192 237
192 242
192 245
192 247
192 271
192 272
192 275
192 276
192 286
192 291
193 202
193 217
193 219
193 223
193 240
193 252
193 254
193 255
193 260
193 263
193 265
193 268
193 274
193 278
193 283
193 284
193 298
194 198
194 202
194 203
194 208
194 219
194 222
194 223
194 233
194 234
194 238
194 240
194 243
194 245
194 251
194 252
194 253
194 254
194 259
194 263
194 275
194 287
194 288
194 298
194 299
195 207
195 210
195 221
195 226
195 227
195 230
195 242
195 245
195 246
195 247
195 250
195 251
195 262
195 268
195 275
195 277
195 280
195 283
195 284
195 292
195 297
195 299
196 198
196 204
196 211
196 224
196 231
196 239
196 245
196 252
196 259
196 265
196 270
196 277
196 283
196 291
196 298
197 204
197 212
197 226
197 228
197 234
197 236
197 269
197 272
197 279
197 285
197 291
198 199
198 202
198 214
198 215
198 231
198 234
198 238
198 239
198 243
198 244
198 254
198 261
198 262
198 265
198 273
198 279
198 281
198 285
198 288
198 290
198 293
198 299
199 200
199 204
199 213
199 215
199 218
199 229
199 230
199 237
199 238
199 240
199 249
199 265
199 269
199 283
199 289
199 291
199 292
199 296
200 204
200 206
200 207
200 214
200 220
200 224
200 238
200 249
200 250
200 251
200 258
200 268
200 275
200 277
200 278
200 284
200 286
200 287
200 288
200 289
200 291
200 299
201 202
201 215
201 217
201 220
201 221
201 224
201 229
201 232
201 236
201 245
201 247
201 249
201 251
201 252
201 260
201 261
201 264
201 270
201 271
201 281
202 218
202 222
202 224
202 225
202 228
202 235
202 249
202 251
202 259
202 261
202 265
202 267
202 272
202 281
202 287
202 288
203 207
203 213
203 220
203 223
203 226
203 231
203 235
203 237
203 242
203 245
203 246
203 253
203 257
203 258
203 274
203 286
203 292
203 299
204 206
204 210
204 215
204 218
204 226
204 231
204 239
204 241
204 246
204 248
204 260
204 264
204 270
204 272
204 275
204 277
205 209
205 212
205 220
205 226
205 230
205 232
205 239
205 243
205 246
205 252
205 253
205 255
205 257
205 259
205 260
205 263
205 266
205 268
205 270
205 271
205 272
205 284
205 288
205 290
205 294
205 295
206 207
206 214
206 224
206 232
206 233
206 234
206 235
206 240
206 241
206 248
206 254
206 257
206 260
206 265
206 268
206 270
206 272
206 282
206 283
206 288
206 292
206 293
206 297
206 299
207 213
207 215
207 227
207 228
207 232
207 237
207 241
207 242
207 244
207 255
207 265
207 281
207 290
207 298
208 211
208 216
208 232
208 238
208 240
208 251
208 256
208 263
208 264
208 265
208 267
208 269
208 280
208 285
208 287
208 289
208 292
209 212
209 213
209 214
209 234
209 236
209 237
209 241
209 253
209 259
209 260
209 266
209 280
209 283
209 289
209 292
209 294
210 216
210 222
210 230
210 231
210 234
210 236
210 238
210 252
210 253
210 266
210 270
210 273
210 277
210 291
210 292
210 298
211 212
211 226
211 241
211 244
211 249
211 266
211 273
211 279
211 284
211 285
211 290
212 215
212 218
212 239
212 240
212 241
212 247
212 254
212 258
212 263
212 265
212 270
212 272
212 275
212 288
212 292
212 297
212 298
213 215
213 217
213 221
213 226
213 229
213 231
213 234
213 242
213 244
213 251
213 260
213 264
213 265
213 268
213 271
213 280
213 289
213 292
213 298
214 218
214 220
214 226
214 227
214 232
214 235
214 246
214 247
214 254
214 255
214 256
214 259
214 262
214 265
214 282
214 286
214 290
214 295
215 221
215 222
215 229
215 231
215 234
215 243
215 247
215 248
215 251
215 258
215 263
215 264
215 267
215 274
215 279
215 284
215 287
215 298
216 222
216 232
216 237
216 240
216 241
216 242
216 251
216 254
216 257
216 286
216 288
216 291
216 292
216 293
216 299
217 220
217 225
217 227
217 232
217 247
217 248
217 261
217 264
217 267
217 275
217 283
217 295
217 297
218 220
218 229
218 235
218 238
218 240
218 247
218 254
218 259
218 278
218 292
218 293
218 297
218 298
219 221
219 223
219 224
219 231
219 239
219 241
219 249
219 257
219 259
219 262
219 266
219 271
219 277
219 287
219 297
220 221
220 225
220 238
220 239
220 241
220 243
220 247
220 251
220 252
220 258
220 262
220 266
220 268
220 271
220 276
220 279
220 283
220 286
221 222
221 223
221 234
221 235
221 238
221 244
221 246
221 250
221 251
221 252
221 264
221 268
221 271
221 273
221 276
221 278
221 281
221 282
221 288
221 289
221 293
221 296
222 234
222 237
222 245
222 259
222 261
222 265
222 279
222 283
223 226
223 229
223 232
223 233
223 234
223 237
223 248
223 249
223 256
223 258
223 267
223 271
223 276
223 292
223 295
223 296
223 297
223 298
224 228
224 229
224 230
224 240
224 245
224 247
224 251
224 258
224 261
224 267
224 268
224 285
224 289
224 298
224 299
225 226
225 229
225 230
225 233
225 238
225 240
225 243
225 245
225 257
225 261
225 263
225 265
225 269
225 291
225 292
225 299
226 227
226 231
226 232
226 233
226 242
226 257
226 259
226 264
226 273
226 280
226 285
226 287
226 289
226 291
226 292
226 295
226 299
227 229
227 237
227 238
227 260
227 270
227 272
227 276
227 279
227 282
228 229
228 240
228 241
228 248
228 250
228 270
228 274
228 278
228 286
228 288
229 231
229 237
229 242
229 253
229 254
229 257
229 263
229 270
229 276
229 279
229 280
229 289
229 298
230 233
230 235
230 237
230 238
230 257
230 258
230 264
230 284
230 287
230 288
230 297
231 237
231 238
231 240
231 242
231 263
231 269
231 273
231 276
231 278
231 281
231 285
231 288
232 239
232 242
232 245
232 247
232 254
232 258
232 263
232 268
232 270
232 283
232 290
232 297
233 235
233 241
233 242
233 243
233 245
233 246
233 252
233 257
233 258
233 260
233 281
233 292
233 293
234 237
234 240
234 247
234 248
234 250
234 255
234 256
234 258
234 260
234 263
234 274
234 281
234 287
234 291
234 294
235 238
235 240
235 247
235 248
235 252
235 260
235 265
235 269
235 273
235 275
235 279
235 286
235 298
236 246
236 253
236 259
236 271
236 275
236 286
236 293
237 241
237 245
237 246
237 254
237 258
237 264
237 269
237 270
237 271
237 282
237 285
237 287
237 288
237 292
237 293
238 246
238 251
238 261
238 263
238 278
238 281
238 282
238 285
238 286
238 287
238 290
238 294
238 295
238 298
239 241
239 244
239 249
239 251
239 260
239 263
239 268
239 270
239 274
239 282
239 285
239 286
239 287
239 291
239 293
240 242
240 246
240 248
240 249
240 256
240 257
240 265
240 273
240 282
240 284
240 291
240 292
240 295
240 298
241 246
241 254
241 258
241 262
241 268
241 275
241 283
241 291
241 292
241 293
241 294
241 296
241 298
242 245
242 256
242 260
242 266
242 270
242 272
242 280
242 282
242 284
242 292
242 293
242 296
243 244
243 246
243 247
243 250
243 256
243 262
243 270
243 278
243 286
243 290
243 299
244 245
244 257
244 259
244 266
244 269
244 283
244 284
244 290
244 291
244 296
244 298
245 246
245 248
245 269
245 270
245 277
245 278
245 279
245 282
245 283
245 284
246 254
246 263
246 272
246 275
246 280
246 290
246 291
246 297
247 251
247 257
247 258
247 264
247 269
247 275
247 281
247 283
247 284
247 286
248 254
248 256
248 273
248 276
248 277
248 281
248 292
248 299
249 250
249 251
249 253
249 259
249 260
249 265
249 267
249 269
249 278
249 286
249 289
249 290
249 293
249 296
250 256
250 264
250 267
250 275
250 282
250 287
250 288
250 291
250 292
251 262
251 270
251 277
251 279
251 280
251 284
251 286
251 291
251 292
251 295
252 256
252 257
252 272
252 276
252 277
252 285
252 289
252 290
253 262
253 268
253 270
253 274
253 280
253 283
253 291
253 293
253 294
253 295
254 264
254 265
254 267
254 268
254 269
254 271
254 275
254 276
254 281
254 288
254 290
254 292
254 293
255 264
255 266
255 268
255 269
255 272
255 275
255 279
255 285
255 286
255 290
255 291
255 294
255 296
255 298
256 263
256 266
256 268
256 279
256 288
256 289
256 296
256 298
257 259
257 260
257 264
257 276
257 288
257 291
257 293
257 295
257 298
258 268
258 272
258 273
258 281
258 284
258 286
258 289
258 292
258 296
259 261
259 268
259 270
259 272
259 279
259 285
259 292
260 264
260 266
260 267
260 269
260 270
260 271
260 272
260 278
260 284
260 286
260 295
260 299
261 266
261 267
261 276
261 277
261 282
261 294
261 295
262 265
262 270
262 274
262 275
262 280
262 291
262 293
262 294
263 266
263 267
263 274
263 278
263 289
263 291
263 294
264 272
264 278
264 282
264 289
264 293
264 294
264 299
265 268
265 271
265 284
265 285
265 286
265 290
265 291
266 283
266 295
266 297
267 271
267 272
267 281
267 295
268 274
268 282
268 285
268 295
268 299
269 272
269 286
269 293
270 278
270 279
270 281
270 289
270 291
270 293
270 296
271 280
271 288
271 292
271 293
272 274
272 280
272 295
272 298
273 274
273 276
273 283
273 290
273 295
274 279
274 286
274 288
274 291
274 292
274 296
275 283
275 284
275 286
275 289
275 291
275 299
276 277
276 287
276 291
276 299
277 278
277 283
277 284
277 288
277 289
278 281
278 290
278 291
278 297
278 299
279 289
279 294
279 295
279 296
279 299
280 281
280 284
280 288
280 290
280 293
281 289
281 293
281 296
281 297
282 283
282 286
282 290
282 297
283 285
283 287
283 294
283 295
283 296
284 286
284 288
284 290
284 292
284 295
284 296
285 286
285 293
285 296
286 292
286 293
287 294
287 299
288 290
289 299
290 299
291 296
291 298
292 298
293 298
294 295
295 297
295 298
79 260 57 49 294 132 41 67 179 212 297 226 268 189 142 12 256 158 174 105 83 86 299 237 29 34 82 69 116 146 232 143 17 203 11 176 115 295 149 135 276 288 210 63 134
65 53 59 120 278 81 290 74 214 205 199 48 234 233 236 93 7 251 76 161 98 172 196 90 23 24 182 217 127 91 168 219 192 264 64 118 96 263 108 124 280 32 298 231 99
230 117 218 188 156 164 150 122 178 239 28 222 208 3 16 180 62 267 36 144 37 51 19 166 145 200 54 258 247 22 195 287 45 44 211 43 154 262 209 4 152 221 238 197 274
80 72 14 30 100 266 202 240 46 292 255 52 39 272 254 284 121 133 155 286 87 42 94 50 207 26 201 130 97 235 126 13 245 183 102 173 248 5 110 147 106 170 279 25 157
136 257 277 77 27 61 73 289 296 10 88 190 139 31 273 66 107 198 171 162 261 270 131 40 243 293 0 101 281 269 193 128 114 84 241 47 103 181 6 275 225 194 141 137 68
215 71 285 18 204 291 187 250 223 35 111 125 75 228 253 15 163 60 252 119 38 227 229 20 55 185 216 123 140 175 167 259 1 244 159 148 92 8 85 213 184 220 169 33 78
160 138 56 95 265 58 249 242 89 224 177 113 246 206 112 109 186 191 2 104 283 271 153 21 165 282 70 129 9 151
