300
13495
4
69
38
64
83
0 7
0 11
0 16
0 23
0 26
0 30
0 32
0 33
0 36
0 38
0 42
0 48
0 49
0 50
0 53
0 59
0 62
0 63
0 64
0 67
0 69
0 71
0 73
0 77
0 78
0 79
0 81
0 83
0 88
0 95
0 96
0 99
0 101
0 103
0 107
0 108
0 116
0 117
0 118
0 121
0 122
0 129
0 130
0 131
0 136
0 137
0 139
0 140
0 142
0 149
0 155
0 157
0 164
0 166
0 169
0 172
0 173
0 178
0 179
0 192
0 194
0 200
0 203
0 204
0 208
0 209
0 211
0 212
0 214
0 216
0 222
0 225
0 228
0 229
0 232
0 238
0 241
0 243
0 244
0 251
0 252
0 255
0 262
0 264
0 266
0 268
0 279
0 280
0 282
0 286
0 292
0 296
0 297
0 298
0 299
1 4
1 8
1 9
1 11
1 12
1 21
1 22
1 25
1 27
1 33
1 37
1 42
1 44
1 45
1 47
1 49
1 53
1 56
1 61
1 63
1 68
1 70
1 75
1 78
1 82
1 92
1 96
1 102
1 103
1 104
1 105
1 112
1 113
1 114
1 118
1 119
1 120
1 122
1 127
1 128
1 132
1 137
1 138
1 139
1 142
1 144
1 145
1 149
1 150
1 152
1 158
1 159
1 160
1 162
1 164
1 168
1 169
1 174
1 175
1 176
1 183
1 185
1 187
1 191
1 195
1 196
1 200
1 203
1 207
1 208
1 209
1 213
1 214
1 216
1 219
1 225
1 226
1 227
1 230
1 231
1 235
1 239
1 259
1 264
1 273
1 274
1 276
1 279
1 280
1 281
1 282
1 286
1 290
1 292
1 294
1 296
2 5
2 9
2 11
2 28
2 29
2 32
2 35
2 37
2 38
2 41
2 45
2 47
2 50
2 53
2 63
2 66
2 67
2 68
2 69
2 70
2 71
2 74
2 84
2 88
2 89
2 92
2 101
2 102
2 103
2 107
2 108
2 111
2 124
2 128
2 131
2 134
2 135
2 137
2 143
2 145
2 148
2 150
2 154
2 161
2 164
2 169
2 171
2 173
2 174
2 175
2 176
2 177
2 178
2 180
2 191
2 192
2 198
2 200
2 202
2 203
2 204
2 205
2 206
2 212
2 219
2 222
2 227
2 229
2 235
2 236
2 237
2 241
2 247
2 255
2 256
2 257
2 261
2 267
2 276
2 279
2 283
2 285
2 286
2 288
2 293
2 298
2 299
3 5
3 6
3 10
3 13
3 16
3 18
3 26
3 35
3 40
3 44
3 45
3 46
3 50
3 51
3 57
3 71
3 73
3 78
3 79
3 80
3 83
3 89
3 90
3 93
3 97
3 98
3 99
3 100
3 101
3 107
3 112
3 113
3 114
3 119
3 122
3 127
3 130
3 134
3 140
3 142
3 143
3 145
3 148
3 151
3 156
3 161
3 163
3 165
3 170
3 171
3 178
3 181
3 187
3 190
3 192
3 193
3 196
3 198
3 203
3 210
3 214
3 225
3 228
3 230
3 236
3 244
3 245
3 252
3 257
3 259
3 260
3 261
3 264
3 271
3 275
3 279
3 284
3 294
3 295
3 296
3 299
4 7
4 12
4 16
4 20
4 21
4 22
4 25
4 29
4 32
4 35
4 37
4 39
4 45
4 48
4 50
4 51
4 54
4 57
4 71
4 73
4 82
4 84
4 90
4 91
4 96
4 101
4 103
4 105
4 106
4 107
4 110
4 113
4 117
4 118
4 123
4 129
4 134
4 136
4 138
4 141
4 146
4 148
4 150
4 151
4 152
4 153
4 154
4 159
4 160
4 168
4 169
4 173
4 174
4 175
4 178
4 179
4 180
4 181
4 188
4 190
4 193
4 194
4 200
4 201
4 207
4 213
4 219
4 224
4 227
4 235
4 237
4 238
4 243
4 246
4 247
4 250
4 251
4 253
4 257
4 259
4 261
4 263
4 264
4 266
4 269
4 270
4 280
4 282
4 284
4 285
4 290
4 295
4 297
4 298
5 6
5 7
5 11
5 13
5 20
5 25
5 26
5 27
5 30
5 36
5 37
5 38
5 41
5 43
5 51
5 54
5 59
5 61
5 65
5 67
5 68
5 71
5 72
5 75
5 77
5 79
5 82
5 84
5 86
5 91
5 94
5 100
5 105
5 106
5 110
5 116
5 118
5 120
5 124
5 127
5 136
5 137
5 138
5 139
5 148
5 149
5 154
5 155
5 158
5 159
5 163
5 170
5 171
5 173
5 175
5 185
5 192
5 203
5 205
5 208
5 210
5 213
5 217
5 219
5 221
5 227
5 228
5 229
5 234
5 236
5 239
5 255
5 257
5 258
5 261
5 262
5 266
5 271
5 277
5 278
5 283
5 284
5 288
5 290
5 291
5 294
6 7
6 9
6 10
6 12
6 14
6 15
6 18
6 22
6 24
6 26
6 27
6 28
6 29
6 30
6 31
6 39
6 42
6 45
6 46
6 53
6 59
6 61
6 67
6 73
6 76
6 78
6 80
6 89
6 90
6 91
6 95
6 97
6 99
6 102
6 103
6 107
6 111
6 114
6 118
6 127
6 128
6 129
6 130
6 132
6 133
6 136
6 138
6 140
6 145
6 149
6 151
6 155
6 160
6 166
6 169
6 174
6 175
6 180
6 181
6 182
6 183
6 186
6 190
6 192
6 196
6 197
6 199
6 200
6 201
6 202
6 204
6 212
6 215
6 219
6 225
6 226
6 227
6 228
6 237
6 241
6 245
6 248
6 250
6 253
6 261
6 262
6 263
6 269
6 270
6 272
6 275
6 276
6 280
6 283
6 286
6 292
7 10
7 18
7 20
7 21
7 22
7 24
7 25
7 28
7 31
7 33
7 35
7 50
7 51
7 57
7 59
7 60
7 61
7 66
7 67
7 70
7 73
7 75
7 78
7 80
7 83
7 85
7 86
7 89
7 90
7 92
7 97
7 99
7 100
7 103
7 104
7 111
7 114
7 119
7 123
7 126
7 128
7 133
7 138
7 139
7 140
7 141
7 148
7 154
7 156
7 158
7 161
7 163
7 164
7 165
7 180
7 186
7 187
7 189
7 192
7 196
7 199
7 202
7 206
7 210
7 212
7 213
7 223
7 226
7 227
7 229
7 230
7 231
7 236
7 243
7 244
7 245
7 246
7 247
7 249
7 257
7 262
7 263
7 264
7 266
7 268
7 270
7 284
7 290
7 291
7 292
7 293
7 299
8 13
8 18
8 20
8 26
8 31
8 32
8 42
8 43
8 44
8 46
8 54
8 55
8 56
8 58
8 59
8 62
8 72
8 74
8 78
8 80
8 89
8 92
8 103
8 106
8 112
8 116
8 117
8 120
8 121
8 123
8 124
8 127
8 130
8 132
8 133
8 134
8 136
8 148
8 153
8 160
8 161
8 164
8 166
8 169
8 175
8 180
8 181
8 185
8 191
8 192
8 193
8 196
8 202
8 212
8 225
8 232
8 233
8 234
8 236
8 237
8 238
8 242
8 243
8 245
8 250
8 251
8 257
8 261
8 268
8 271
8 274
8 278
8 279
8 283
8 288
8 293
8 295
9 11
9 12
9 14
9 15
9 23
9 24
9 29
9 30
9 31
9 32
9 39
9 41
9 44
9 46
9 51
9 63
9 64
9 70
9 76
9 78
9 81
9 86
9 87
9 93
9 95
9 96
9 104
9 108
9 109
9 111
9 112
9 116
9 119
9 120
9 125
9 129
9 130
9 136
9 145
9 147
9 149
9 152
9 155
9 156
9 160
9 162
9 164
9 165
9 166
9 168
9 171
9 172
9 175
9 176
9 178
9 184
9 188
9 190
9 191
9 192
9 196
9 199
9 207
9 209
9 212
9 213
9 215
9 219
9 220
9 222
9 225
9 226
9 227
9 228
9 232
9 233
9 234
9 241
9 242
9 243
9 246
9 247
9 254
9 255
9 256
9 258
9 261
9 264
9 267
9 270
9 272
9 278
9 279
9 283
9 284
9 285
9 293
9 296
10 13
10 16
10 26
10 30
10 38
10 40
10 45
10 47
10 53
10 56
10 61
10 72
10 73
10 81
10 84
10 87
10 95
10 96
10 100
10 106
10 108
10 109
10 110
10 112
10 114
10 122
10 124
10 125
10 128
10 130
10 131
10 133
10 134
10 135
10 138
10 139
10 140
10 143
10 147
10 148
10 151
10 156
10 157
10 158
10 159
10 160
10 161
10 167
10 168
10 170
10 172
10 173
10 180
10 182
10 187
10 188
10 190
10 192
10 195
10 201
10 203
10 207
10 211
10 212
10 215
10 218
10 222
10 223
10 227
10 230
10 231
10 234
10 236
10 237
10 243
10 245
10 246
10 253
10 258
10 263
10 267
10 271
10 277
10 278
10 279
10 280
10 291
10 294
10 297
10 298
10 299
11 18
11 20
11 23
11 25
11 30
11 32
11 35
11 41
11 47
11 48
11 50
11 61
11 64
11 67
11 69
11 70
11 76
11 78
11 79
11 80
11 81
11 82
11 85
11 87
11 93
11 96
11 97
11 98
11 99
11 108
11 113
11 114
11 115
11 116
11 117
11 123
11 124
11 126
11 130
11 132
11 133
11 139
11 142
11 146
11 152
11 155
11 158
11 166
11 169
11 170
11 178
11 180
11 181
11 183
11 185
11 188
11 192
11 200
11 202
11 206
11 209
11 211
11 215
11 220
11 221
11 229
11 231
11 238
11 239
11 242
11 243
11 247
11 248
11 251
11 254
11 256
11 257
11 269
11 272
11 277
11 282
11 286
11 289
11 291
11 293
12 13
12 20
12 25
12 31
12 38
12 40
12 41
12 43
12 44
12 47
12 49
12 51
12 56
12 60
12 62
12 67
12 71
12 72
12 73
12 77
12 79
12 81
12 86
12 93
12 95
12 96
12 99
12 102
12 106
12 110
12 111
12 112
12 113
12 115
12 124
12 125
12 126
12 130
12 133
12 137
12 139
12 149
12 151
12 154
12 156
12 163
12 165
12 175
12 177
12 179
12 180
12 181
12 185
12 188
12 191
12 196
12 211
12 212
12 213
12 222
12 225
12 232
12 234
12 235
12 239
12 240
12 242
12 243
12 251
12 258
12 260
12 263
12 264
12 268
12 269
12 272
12 274
12 279
12 286
12 292
13 14
13 15
13 16
13 17
13 19
13 25
13 26
13 27
13 30
13 32
13 39
13 43
13 45
13 47
13 51
13 52
13 53
13 55
13 57
13 59
13 63
13 65
13 67
13 68
13 79
13 81
13 82
13 85
13 86
13 87
13 96
13 98
13 109
13 115
13 117
13 118
13 125
13 129
13 130
13 131
13 134
13 136
13 139
13 140
13 142
13 144
13 146
13 148
13 159
13 161
13 167
13 169
13 170
13 180
13 183
13 186
13 189
13 191
13 194
13 195
13 201
13 202
13 205
13 206
13 207
13 211
13 212
13 215
13 223
13 225
13 237
13 246
13 250
13 252
13 254
13 257
13 259
13 263
13 267
13 272
13 273
13 276
13 280
13 281
13 287
13 289
13 290
13 291
13 292
13 296
14 19
14 25
14 29
14 41
14 45
14 48
14 53
14 62
14 63
14 67
14 69
14 71
14 72
14 85
14 86
14 93
14 94
14 97
14 102
14 103
14 104
14 106
14 115
14 116
14 121
14 126
14 129
14 134
14 135
14 137
14 138
14 139
14 146
14 147
14 150
14 154
14 162
14 167
14 169
14 170
14 171
14 174
14 178
14 181
14 185
14 187
14 192
14 198
14 202
14 203
14 206
14 209
14 211
14 214
14 221
14 224
14 226
14 228
14 242
14 243
14 244
14 247
14 250
14 251
14 256
14 266
14 267
14 272
14 279
14 286
14 289
14 292
14 295
14 298
15 18
15 21
15 23
15 24
15 30
15 36
15 40
15 41
15 48
15 62
15 64
15 66
15 71
15 72
15 73
15 77
15 78
15 79
15 80
15 83
15 85
15 90
15 93
15 97
15 101
15 104
15 108
15 109
15 110
15 114
15 116
15 118
15 121
15 123
15 129
15 130
15 136
15 140
15 142
15 144
15 148
15 150
15 151
15 152
15 154
15 158
15 163
15 164
15 167
15 171
15 174
15 177
15 180
15 182
15 191
15 199
15 205
15 212
15 217
15 219
15 222
15 225
15 227
15 230
15 231
15 235
15 236
15 240
15 244
15 259
15 261
15 266
15 269
15 271
15 277
15 280
15 281
15 285
15 287
15 292
15 293
15 294
15 297
15 298
16 17
16 18
16 23
16 28
16 29
16 35
16 38
16 39
16 49
16 52
16 54
16 59
16 68
16 69
16 70
16 73
16 74
16 81
16 84
16 85
16 89
16 92
16 99
16 100
16 101
16 103
16 104
16 106
16 113
16 114
16 116
16 117
16 121
16 125
16 126
16 137
16 139
16 142
16 144
16 145
16 146
16 150
16 151
16 162
16 164
16 167
16 170
16 171
16 175
16 176
16 177
16 180
16 188
16 195
16 208
16 210
16 211
16 214
16 218
16 220
16 226
16 228
16 229
16 230
16 231
16 235
16 241
16 242
16 244
16 245
16 250
16 252
16 254
16 257
16 258
16 260
16 261
16 266
16 269
16 270
16 272
16 274
16 280
16 283
16 284
16 285
16 288
16 289
16 290
16 291
17 21
17 25
17 26
17 34
17 41
17 44
17 50
17 58
17 59
17 64
17 68
17 71
17 74
17 76
17 77
17 78
17 88
17 90
17 91
17 92
17 93
17 95
17 101
17 103
17 105
17 106
17 107
17 108
17 109
17 111
17 114
17 120
17 121
17 129
17 130
17 132
17 135
17 142
17 143
17 146
17 147
17 148
17 151
17 152
17 154
17 159
17 160
17 164
17 173
17 177
17 183
17 186
17 188
17 192
17 195
17 196
17 202
17 203
17 204
17 206
17 207
17 209
17 211
17 221
17 225
17 228
17 229
17 230
17 231
17 233
17 238
17 244
17 246
17 248
17 250
17 252
17 255
17 258
17 260
17 266
17 267
17 268
17 269
17 273
17 276
17 278
17 291
17 293
17 296
17 297
17 298
18 22
18 28
18 31
18 32
18 34
18 35
18 36
18 37
18 38
18 40
18 42
18 44
18 50
18 53
18 58
18 64
18 69
18 70
18 71
18 73
18 78
18 83
18 96
18 101
18 111
18 112
18 115
18 119
18 120
18 122
18 127
18 128
18 129
18 131
18 132
18 143
18 149
18 152
18 153
18 154
18 156
18 158
18 159
18 164
18 171
18 173
18 175
18 177
18 182
18 184
18 189
18 191
18 194
18 195
18 200
18 205
18 207
18 210
18 211
18 213
18 215
18 218
18 222
18 223
18 224
18 225
18 226
18 228
18 229
18 231
18 238
18 241
18 242
18 243
18 246
18 249
18 252
18 253
18 256
18 257
18 258
18 259
18 264
18 265
18 267
18 268
18 273
18 275
18 283
18 285
18 288
18 289
18 290
18 293
19 29
19 30
19 35
19 36
19 37
19 45
19 47
19 49
19 60
19 62
19 65
19 66
19 67
19 70
19 73
19 75
19 76
19 80
19 81
19 83
19 84
19 86
19 99
19 101
19 104
19 106
19 108
19 109
19 112
19 114
19 118
19 123
19 126
19 130
19 135
19 140
19 143
19 146
19 148
19 151
19 154
19 157
19 158
19 161
19 162
19 170
19 173
19 178
19 179
19 184
19 188
19 190
19 198
19 201
19 202
19 205
19 207
19 209
19 215
19 217
19 219
19 223
19 228
19 229
19 232
19 233
19 235
19 238
19 246
19 249
19 256
19 261
19 267
19 268
19 272
19 273
19 277
19 278
19 279
19 284
19 285
19 286
19 295
19 298
20 21
20 22
20 23
20 27
20 35
20 36
20 39
20 40
20 42
20 43
20 44
20 47
20 56
20 58
20 59
20 60
20 61
20 62
20 63
20 67
20 69
20 72
20 73
20 80
20 83
20 88
20 95
20 96
20 97
20 100
20 114
20 122
20 123
20 130
20 133
20 136
20 137
20 138
20 146
20 158
20 161
20 168
20 177
20 178
20 180
20 182
20 184
20 185
20 187
20 189
20 191
20 198
20 201
20 209
20 211
20 215
20 216
20 217
20 220
20 223
20 227
20 228
20 236
20 242
20 245
20 250
20 255
20 256
20 257
20 259
20 260
20 261
20 265
20 267
20 274
20 275
20 276
20 279
20 280
20 288
20 296
20 297
21 24
21 25
21 33
21 38
21 39
21 42
21 44
21 46
21 47
21 49
21 53
21 54
21 58
21 61
21 63
21 68
21 72
21 75
21 81
21 85
21 88
21 89
21 90
21 91
21 93
21 96
21 98
21 100
21 107
21 108
21 112
21 114
21 116
21 117
21 118
21 119
21 120
21 121
21 126
21 127
21 129
21 132
21 136
21 137
21 140
21 144
21 145
21 147
21 148
21 149
21 151
21 155
21 157
21 162
21 163
21 167
21 170
21 174
21 180
21 183
21 185
21 186
21 188
21 193
21 194
21 195
21 208
21 209
21 210
21 213
21 214
21 220
21 221
21 223
21 224
21 227
21 228
21 229
21 230
21 232
21 233
21 238
21 239
21 240
21 248
21 253
21 264
21 266
21 271
21 274
21 276
21 283
21 287
22 26
22 27
22 28
22 30
22 32
22 33
22 36
22 37
22 39
22 44
22 48
22 49
22 55
22 58
22 60
22 61
22 64
22 66
22 67
22 68
22 79
22 81
22 85
22 86
22 89
22 91
22 92
22 94
22 97
22 98
22 102
22 103
22 106
22 108
22 113
22 115
22 116
22 120
22 122
22 125
22 128
22 131
22 140
22 141
22 142
22 144
22 145
22 161
22 162
22 166
22 167
22 169
22 170
22 171
22 174
22 177
22 182
22 185
22 194
22 199
22 200
22 201
22 209
22 210
22 213
22 215
22 216
22 218
22 226
22 227
22 229
22 235
22 238
22 240
22 242
22 246
22 248
22 250
22 251
22 256
22 259
22 263
22 264
22 266
22 270
22 272
22 273
22 280
22 285
22 286
22 288
22 289
22 291
22 292
23 33
23 43
23 45
23 47
23 50
23 52
23 57
23 58
23 60
23 61
23 68
23 78
23 82
23 89
23 101
23 102
23 108
23 109
23 111
23 112
23 113
23 114
23 117
23 122
23 125
23 126
23 131
23 138
23 141
23 146
23 147
23 153
23 154
23 161
23 165
23 171
23 172
23 176
23 182
23 186
23 187
23 191
23 195
23 196
23 207
23 208
23 209
23 210
23 214
23 216
23 218
23 224
23 225
23 226
23 228
23 231
23 232
23 238
23 244
23 248
23 250
23 254
23 258
23 259
23 261
23 262
23 270
23 272
23 279
23 280
23 281
23 283
23 284
23 288
23 292
23 293
24 25
24 31
24 36
24 39
24 40
24 46
24 48
24 49
24 50
24 66
24 67
24 70
24 72
24 73
24 74
24 76
24 95
24 98
24 106
24 107
24 109
24 110
24 115
24 119
24 121
24 124
24 126
24 127
24 133
24 136
24 143
24 144
24 145
24 157
24 162
24 166
24 167
24 170
24 179
24 188
24 189
24 195
24 196
24 198
24 199
24 201
24 215
24 222
24 225
24 226
24 228
24 233
24 234
24 235
24 241
24 244
24 245
24 247
24 248
24 249
24 252
24 256
24 257
24 262
24 265
24 267
24 269
24 270
24 274
24 282
24 283
24 286
24 287
24 291
24 292
24 298
25 26
25 27
25 32
25 37
25 43
25 45
25 51
25 58
25 61
25 62
25 70
25 72
25 76
25 78
25 80
25 85
25 87
25 88
25 90
25 98
25 104
25 106
25 111
25 117
25 119
25 129
25 133
25 135
25 136
25 144
25 145
25 146
25 148
25 152
25 160
25 162
25 163
25 174
25 179
25 184
25 185
25 191
25 192
25 194
25 199
25 200
25 210
25 212
25 213
25 216
25 222
25 226
25 234
25 236
25 237
25 249
25 252
25 253
25 257
25 259
25 260
25 263
25 274
25 281
25 284
25 286
25 287
25 290
25 291
25 295
25 298
26 32
26 39
26 40
26 49
26 51
26 56
26 59
26 63
26 65
26 67
26 86
26 87
26 88
26 89
26 96
26 99
26 101
26 103
26 107
26 109
26 112
26 114
26 116
26 117
26 122
26 124
26 125
26 127
26 132
26 133
26 134
26 145
26 147
26 148
26 154
26 160
26 161
26 163
26 164
26 173
26 175
26 178
26 192
26 206
26 209
26 217
26 220
26 233
26 242
26 245
26 248
26 251
26 252
26 254
26 258
26 269
26 270
26 271
26 273
26 274
26 276
26 277
26 281
26 289
26 291
26 294
26 295
27 34
27 37
27 40
27 47
27 52
27 56
27 57
27 62
27 64
27 65
27 66
27 70
27 73
27 74
27 75
27 78
27 80
27 82
27 86
27 88
27 89
27 93
27 95
27 97
27 99
27 100
27 103
27 104
27 110
27 114
27 117
27 120
27 122
27 123
27 124
27 132
27 133
27 137
27 138
27 143
27 144
27 145
27 146
27 149
27 150
27 151
27 156
27 160
27 161
27 162
27 164
27 166
27 169
27 182
27 185
27 191
27 205
27 206
27 207
27 211
27 213
27 214
27 224
27 228
27 232
27 233
27 236
27 239
27 251
27 257
27 261
27 264
27 267
27 270
27 280
27 285
27 293
27 295
27 299
28 31
28 34
28 35
28 42
28 45
28 46
28 52
28 58
28 60
28 62
28 66
28 68
28 73
28 76
28 77
28 78
28 80
28 81
28 84
28 90
28 96
28 97
28 98
28 99
28 100
28 102
28 104
28 106
28 110
28 118
28 119
28 120
28 123
28 125
28 131
28 132
28 133
28 135
28 137
28 154
28 156
28 160
28 161
28 162
28 164
28 167
28 171
28 174
28 177
28 178
28 180
28 182
28 183
28 184
28 186
28 190
28 191
28 193
28 199
28 202
28 204
28 215
28 218
28 219
28 220
28 221
28 225
28 229
28 235
28 237
28 238
28 239
28 244
28 249
28 250
28 251
28 253
28 257
28 258
28 260
28 261
28 265
28 267
28 271
28 272
28 276
28 284
28 286
28 287
28 289
29 36
29 37
29 40
29 43
29 46
29 51
29 53
29 57
29 59
29 61
29 66
29 68
29 86
29 87
29 88
29 89
29 91
29 92
29 95
29 100
29 101
29 105
29 108
29 109
29 117
29 122
29 123
29 126
29 127
29 135
29 138
29 140
29 146
29 149
29 155
29 158
29 159
29 168
29 173
29 176
29 178
29 179
29 181
29 182
29 183
29 184
29 191
29 193
29 195
29 200
29 212
29 216
29 219
29 221
29 223
29 227
29 229
29 237
29 238
29 242
29 245
29 256
29 259
29 260
29 267
29 270
29 273
29 275
29 279
29 292
29 293
29 296
29 297
29 299
30 33
30 34
30 37
30 47
30 56
30 62
30 68
30 72
30 74
30 75
30 79
30 85
30 89
30 92
30 95
30 101
30 102
30 106
30 108
30 110
30 111
30 123
30 126
30 128
30 136
30 139
30 140
30 142
30 145
30 146
30 148
30 149
30 151
30 152
30 158
30 159
30 162
30 164
30 167
30 171
30 173
30 181
30 182
30 185
30 187
30 194
30 196
30 198
30 199
30 201
30 204
30 208
30 209
30 210
30 229
30 232
30 233
30 242
30 250
30 258
30 263
30 264
30 266
30 267
30 272
30 276
30 279
30 280
30 282
30 285
30 289
30 291
30 298
31 35
31 38
31 43
31 44
31 45
31 64
31 72
31 81
31 83
31 85
31 88
31 89
31 91
31 96
31 101
31 102
31 103
31 107
31 109
31 112
31 116
31 117
31 119
31 120
31 122
31 125
31 126
31 127
31 135
31 136
31 138
31 142
31 145
31 148
31 157
31 161
31 162
31 166
31 169
31 172
31 174
31 178
31 180
31 184
31 189
31 191
31 193
31 195
31 197
31 199
31 200
31 207
31 208
31 215
31 234
31 235
31 237
31 238
31 241
31 242
31 243
31 247
31 248
31 250
31 260
31 261
31 269
31 270
31 273
31 276
31 277
31 278
31 282
31 283
31 284
31 286
31 288
31 291
31 292
31 295
31 296
31 298
31 299
32 33
32 38
32 39
32 43
32 48
32 49
32 57
32 58
32 59
32 60
32 63
32 65
32 66
32 67
32 70
32 78
32 80
32 83
32 88
32 90
32 92
32 93
32 95
32 96
32 97
32 99
32 105
32 110
32 113
32 116
32 117
32 118
32 124
32 131
32 135
32 141
32 147
32 149
32 151
32 155
32 158
32 164
32 167
32 168
32 175
32 179
32 180
32 186
32 187
32 191
32 202
32 205
32 207
32 210
32 211
32 212
32 216
32 222
32 223
32 228
32 230
32 231
32 235
32 238
32 247
32 248
32 249
32 255
32 258
32 267
32 276
32 278
32 280
32 282
32 287
32 289
32 294
32 296
32 297
33 34
33 41
33 43
33 47
33 50
33 53
33 54
33 58
33 59
33 63
33 72
33 73
33 74
33 79
33 82
33 83
33 87
33 90
33 95
33 96
33 97
33 99
33 101
33 102
33 105
33 110
33 120
33 121
33 124
33 125
33 127
33 129
33 130
33 138
33 139
33 144
33 147
33 152
33 156
33 158
33 161
33 162
33 164
33 165
33 168
33 171
33 174
33 177
33 178
33 179
33 188
33 191
33 196
33 199
33 200
33 201
33 202
33 203
33 206
33 218
33 224
33 226
33 230
33 232
33 242
33 247
33 253
33 261
33 263
33 276
33 281
33 284
33 285
33 290
33 292
33 294
33 296
33 298
34 38
34 41
34 47
34 48
34 49
34 51
34 57
34 60
34 66
34 70
34 74
34 91
34 93
34 98
34 99
34 100
34 101
34 106
34 109
34 110
34 114
34 117
34 124
34 126
34 132
34 138
34 146
34 156
34 157
34 159
34 160
34 163
34 165
34 167
34 168
34 169
34 172
34 173
34 174
34 179
34 193
34 197
34 198
34 201
34 202
34 208
34 212
34 215
34 221
34 228
34 234
34 236
34 239
34 240
34 241
34 242
34 243
34 247
34 252
34 253
34 260
34 265
34 271
34 277
34 278
34 281
34 283
34 286
34 289
34 292
34 293
34 294
34 298
35 36
35 43
35 45
35 47
35 49
35 59
35 62
35 64
35 68
35 80
35 81
35 84
35 88
35 99
35 102
35 103
35 106
35 107
35 112
35 115
35 122
35 127
35 130
35 131
35 132
35 134
35 137
35 139
35 140
35 142
35 149
35 152
35 153
35 162
35 166
35 167
35 170
35 171
35 183
35 188
35 190
35 192
35 195
35 200
35 202
35 204
35 205
35 213
35 217
35 223
35 225
35 229
35 230
35 231
35 236
35 237
35 238
35 246
35 253
35 259
35 261
35 265
35 267
35 269
35 273
35 276
35 291
35 293
35 295
35 296
36 37
36 40
36 44
36 45
36 46
36 49
36 50
36 58
36 60
36 62
36 68
36 71
36 83
36 90
36 91
36 95
36 96
36 97
36 104
36 108
36 111
36 114
36 115
36 117
36 118
36 120
36 122
36 124
36 126
36 129
36 130
36 136
36 137
36 139
36 141
36 142
36 143
36 144
36 146
36 148
36 151
36 159
36 162
36 164
36 166
36 168
36 170
36 182
36 186
36 189
36 191
36 197
36 198
36 202
36 204
36 205
36 207
36 210
36 211
36 213
36 217
36 218
36 220
36 232
36 235
36 238
36 241
36 245
36 247
36 251
36 262
36 264
36 271
36 274
36 276
36 278
36 279
36 284
36 295
36 296
37 38
37 43
37 44
37 45
37 46
37 47
37 48
37 53
37 54
37 58
37 65
37 67
37 68
37 69
37 74
37 79
37 85
37 89
37 93
37 94
37 96
37 103
37 105
37 106
37 114
37 118
37 120
37 122
37 123
37 133
37 134
37 147
37 148
37 153
37 157
37 162
37 165
37 171
37 174
37 178
37 182
37 186
37 187
37 190
37 191
37 196
37 197
37 204
37 205
37 214
37 215
37 220
37 221
37 239
37 241
37 243
37 245
37 251
37 252
37 253
37 254
37 261
37 266
37 267
37 270
37 272
37 281
37 285
37 288
37 292
38 39
38 44
38 45
38 47
38 50
38 54
38 58
38 64
38 65
38 69
38 81
38 82
38 90
38 93
38 94
38 98
38 99
38 101
38 105
38 106
38 107
38 110
38 112
38 116
38 117
38 122
38 123
38 127
38 130
38 133
38 134
38 135
38 136
38 139
38 140
38 141
38 143
38 147
38 149
38 151
38 152
38 157
38 158
38 160
38 165
38 169
38 170
38 179
38 189
38 192
38 193
38 197
38 199
38 202
38 204
38 205
38 208
38 211
38 212
38 215
38 217
38 219
38 224
38 225
38 228
38 234
38 238
38 250
38 256
38 259
38 260
38 261
38 263
38 265
38 267
38 268
38 273
38 283
38 285
38 288
38 293
38 298
39 40
39 45
39 46
39 48
39 51
39 55
39 56
39 57
39 62
39 64
39 65
39 70
39 71
39 72
39 76
39 77
39 78
39 79
39 80
39 81
39 82
39 85
39 91
39 92
39 101
39 105
39 107
39 109
39 113
39 117
39 122
39 124
39 132
39 134
39 136
39 138
39 139
39 140
39 144
39 149
39 160
39 161
39 162
39 163
39 165
39 168
39 179
39 180
39 187
39 188
39 196
39 201
39 204
39 206
39 207
39 210
39 211
39 212
39 218
39 222
39 223
39 224
39 228
39 229
39 232
39 237
39 241
39 245
39 247
39 249
39 250
39 252
39 254
39 260
39 267
39 269
39 272
39 276
39 279
39 281
39 282
39 285
39 287
39 289
39 296
39 297
40 46
40 47
40 50
40 51
40 55
40 66
40 67
40 68
40 82
40 83
40 98
40 101
40 103
40 105
40 106
40 107
40 115
40 116
40 124
40 127
40 132
40 136
40 138
40 139
40 141
40 142
40 151
40 161
40 162
40 165
40 166
40 168
40 172
40 173
40 175
40 179
40 183
40 185
40 186
40 194
40 196
40 202
40 203
40 208
40 212
40 215
40 217
40 222
40 225
40 227
40 229
40 233
40 237
40 238
40 239
40 241
40 245
40 249
40 252
40 254
40 255
40 256
40 259
40 265
40 266
40 268
40 270
40 273
40 280
40 289
40 292
40 295
41 43
41 44
41 49
41 50
41 53
41 56
41 57
41 58
41 61
41 62
41 64
41 65
41 66
41 69
41 71
41 75
41 77
41 78
41 80
41 86
41 90
41 93
41 94
41 110
41 111
41 116
41 122
41 124
41 127
41 133
41 140
41 147
41 148
41 149
41 154
41 156
41 158
41 160
41 166
41 167
41 174
41 178
41 180
41 184
41 190
41 194
41 195
41 200
41 204
41 221
41 222
41 224
41 225
41 226
41 227
41 232
41 234
41 236
41 245
41 246
41 247
41 254
41 255
41 256
41 257
41 259
41 260
41 261
41 265
41 266
41 267
41 269
41 272
41 273
41 275
41 279
41 280
41 285
41 286
41 287
41 292
41 296
41 297
41 299
42 47
42 49
42 55
42 59
42 62
42 66
42 70
42 71
42 73
42 75
42 78
42 79
42 82
42 86
42 88
42 89
42 90
42 91
42 94
42 104
42 106
42 108
42 113
42 117
42 119
42 120
42 123
42 125
42 126
42 128
42 131
42 135
42 138
42 139
42 141
42 143
42 144
42 147
42 149
42 151
42 154
42 165
42 174
42 178
42 179
42 182
42 183
42 185
42 186
42 190
42 193
42 195
42 197
42 198
42 199
42 200
42 201
42 202
42 203
42 204
42 210
42 212
42 218
42 219
42 220
42 221
42 226
42 229
42 233
42 235
42 237
42 244
42 245
42 247
42 249
42 256
42 258
42 259
42 266
42 267
42 270
42 272
42 282
42 285
42 292
42 293
42 295
42 296
42 297
43 45
43 46
43 53
43 60
43 62
43 66
43 73
43 74
43 75
43 76
43 77
43 84
43 86
43 88
43 90
43 91
43 92
43 94
43 100
43 104
43 105
43 106
43 107
43 108
43 112
43 116
43 126
43 129
43 133
43 134
43 135
43 136
43 141
43 142
43 144
43 148
43 154
43 155
43 158
43 159
43 167
43 174
43 181
43 190
43 191
43 198
43 203
43 204
43 205
43 209
43 210
43 212
43 213
43 214
43 223
43 227
43 241
43 247
43 250
43 255
43 258
43 266
43 268
43 279
43 294
43 295
43 298
43 299
44 45
44 46
44 51
44 54
44 66
44 67
44 68
44 74
44 75
44 91
44 95
44 99
44 104
44 107
44 108
44 111
44 112
44 113
44 120
44 122
44 130
44 134
44 138
44 140
44 147
44 168
44 169
44 172
44 175
44 176
44 179
44 182
44 187
44 191
44 194
44 198
44 201
44 205
44 216
44 225
44 229
44 230
44 231
44 232
44 235
44 239
44 240
44 241
44 242
44 244
44 247
44 248
44 252
44 254
44 260
44 261
44 266
44 267
44 269
44 271
44 275
44 277
44 278
44 280
44 282
44 288
44 289
44 296
45 48
45 57
45 64
45 68
45 69
45 70
45 71
45 74
45 79
45 82
45 84
45 86
45 97
45 99
45 100
45 101
45 105
45 108
45 110
45 112
45 114
45 115
45 117
45 125
45 127
45 128
45 129
45 130
45 132
45 134
45 137
45 145
45 147
45 149
45 151
45 153
45 159
45 162
45 164
45 165
45 167
45 174
45 175
45 177
45 179
45 183
45 186
45 194
45 196
45 197
45 200
45 202
45 206
45 207
45 208
45 212
45 213
45 216
45 220
45 222
45 227
45 228
45 238
45 239
45 247
45 250
45 255
45 257
45 260
45 264
45 266
45 268
45 272
45 281
45 285
45 288
45 290
45 293
45 297
45 298
46 48
46 50
46 51
46 52
46 60
46 63
46 66
46 67
46 72
46 81
46 84
46 87
46 89
46 98
46 101
46 107
46 114
46 118
46 122
46 123
46 130
46 133
46 136
46 140
46 143
46 144
46 149
46 151
46 153
46 155
46 162
46 164
46 166
46 171
46 173
46 175
46 177
46 183
46 187
46 194
46 196
46 197
46 198
46 200
46 204
46 207
46 208
46 210
46 215
46 217
46 221
46 227
46 230
46 231
46 232
46 234
46 235
46 236
46 239
46 241
46 245
46 250
46 253
46 255
46 259
46 260
46 263
46 267
46 269
46 272
46 273
46 274
46 279
46 282
46 285
46 287
46 289
46 291
46 294
46 296
46 298
47 48
47 55
47 56
47 57
47 58
47 59
47 60
47 61
47 62
47 64
47 65
47 66
47 71
47 75
47 77
47 81
47 84
47 95
47 100
47 102
47 103
47 109
47 110
47 112
47 113
47 114
47 116
47 120
47 121
47 122
47 127
47 139
47 146
47 152
47 154
47 157
47 160
47 162
47 167
47 172
47 173
47 174
47 175
47 180
47 182
47 183
47 185
47 186
47 192
47 195
47 197
47 201
47 203
47 206
47 207
47 208
47 209
47 210
47 211
47 214
47 216
47 221
47 224
47 232
47 239
47 242
47 249
47 252
47 257
47 260
47 263
47 271
47 273
47 278
47 280
47 284
47 286
47 293
48 51
48 53
48 54
48 59
48 63
48 70
48 73
48 77
48 78
48 81
48 86
48 88
48 90
48 93
48 97
48 106
48 110
48 112
48 113
48 123
48 126
48 131
48 134
48 136
48 142
48 143
48 144
48 146
48 147
48 149
48 156
48 166
48 170
48 175
48 179
48 182
48 183
48 184
48 189
48 190
48 197
48 198
48 199
48 201
48 215
48 219
48 223
48 224
48 227
48 231
48 238
48 239
48 240
48 244
48 246
48 247
48 248
48 249
48 253
48 258
48 268
48 273
48 278
48 283
48 285
48 292
48 295
48 297
48 298
49 54
49 55
49 64
49 68
49 70
49 76
49 78
49 79
49 88
49 89
49 91
49 92
49 94
49 95
49 96
49 99
49 102
49 103
49 107
49 109
49 111
49 113
49 120
49 123
49 124
49 125
49 126
49 128
49 129
49 130
49 134
49 135
49 149
49 156
49 158
49 159
49 161
49 162
49 163
49 165
49 166
49 169
49 170
49 171
49 172
49 174
49 175
49 177
49 184
49 189
49 190
49 192
49 193
49 196
49 201
49 202
49 203
49 209
49 210
49 218
49 220
49 223
49 226
49 229
49 232
49 233
49 238
49 239
49 244
49 249
49 252
49 255
49 262
49 264
49 265
49 269
49 271
49 272
49 277
49 287
49 288
49 290
49 292
50 51
50 56
50 59
50 60
50 65
50 68
50 69
50 78
50 83
50 85
50 86
50 87
50 89
50 92
50 93
50 94
50 97
50 105
50 106
50 107
50 109
50 110
50 111
50 119
50 139
50 147
50 152
50 153
50 154
50 155
50 160
50 162
50 163
50 164
50 166
50 179
50 181
50 185
50 189
50 192
50 196
50 203
50 209
50 210
50 215
50 218
50 228
50 231
50 232
50 233
50 234
50 239
50 241
50 244
50 247
50 251
50 254
50 258
50 259
50 263
50 264
50 269
50 271
50 272
50 273
50 277
50 283
50 285
50 286
50 290
50 292
50 294
50 295
50 296
51 53
51 61
51 65
51 71
51 73
51 77
51 82
51 83
51 84
51 90
51 96
51 97
51 98
51 102
51 105
51 110
51 111
51 112
51 113
51 114
51 116
51 117
51 122
51 130
51 139
51 143
51 150
51 155
51 156
51 158
51 159
51 161
51 162
51 163
51 164
51 166
51 169
51 174
51 181
51 184
51 186
51 192
51 198
51 205
51 206
51 207
51 217
51 221
51 222
51 223
51 237
51 238
51 247
51 249
51 253
51 254
51 255
51 257
51 259
51 260
51 264
51 266
51 269
51 270
51 279
51 281
51 282
51 283
51 286
51 287
51 297
51 299
52 54
52 56
52 60
52 62
52 66
52 69
52 70
52 72
52 74
52 80
52 81
52 86
52 87
52 90
52 92
52 97
52 98
52 100
52 105
52 106
52 109
52 111
52 112
52 114
52 122
52 124
52 129
52 132
52 134
52 135
52 138
52 141
52 143
52 156
52 157
52 159
52 163
52 164
52 169
52 171
52 175
52 176
52 179
52 181
52 185
52 187
52 192
52 193
52 198
52 199
52 206
52 207
52 211
52 213
52 215
52 216
52 220
52 224
52 228
52 229
52 231
52 233
52 244
52 246
52 248
52 249
52 255
52 256
52 257
52 258
52 259
52 264
52 266
52 269
52 270
52 271
52 276
52 281
52 283
52 285
52 287
52 292
52 294
52 295
52 297
53 55
53 60
53 63
53 70
53 71
53 74
53 77
53 78
53 83
53 84
53 86
53 88
53 92
53 94
53 96
53 99
53 102
53 104
53 105
53 107
53 108
53 126
53 130
53 133
53 137
53 138
53 141
53 142
53 146
53 150
53 152
53 155
53 156
53 163
53 167
53 173
53 181
53 185
53 188
53 196
53 197
53 198
53 207
53 210
53 211
53 214
53 225
53 226
53 228
53 230
53 234
53 236
53 237
53 243
53 245
53 246
53 247
53 249
53 258
53 259
53 261
53 263
53 264
53 266
53 269
53 270
53 271
53 272
53 276
53 277
53 280
53 281
53 283
53 284
53 287
53 290
53 291
53 296
54 56
54 57
54 58
54 59
54 65
54 66
54 68
54 70
54 75
54 76
54 78
54 79
54 84
54 85
54 86
54 93
54 94
54 95
54 97
54 99
54 107
54 108
54 113
54 119
54 122
54 123
54 126
54 128
54 129
54 130
54 131
54 132
54 133
54 137
54 139
54 142
54 143
54 153
54 156
54 158
54 161
54 162
54 164
54 166
54 173
54 179
54 186
54 189
54 190
54 197
54 202
54 203
54 206
54 209
54 224
54 229
54 230
54 242
54 243
54 245
54 246
54 247
54 249
54 250
54 251
54 254
54 256
54 266
54 270
54 274
54 275
54 276
54 279
54 281
54 284
54 285
54 286
54 288
54 290
54 292
54 297
54 298
55 60
55 62
55 64
55 65
55 66
55 71
55 74
55 75
55 79
55 80
55 81
55 82
55 84
55 86
55 88
55 89
55 93
55 99
55 100
55 102
55 104
55 107
55 114
55 119
55 122
55 123
55 125
55 131
55 134
55 136
55 139
55 149
55 151
55 162
55 165
55 168
55 173
55 180
55 183
55 185
55 187
55 190
55 193
55 195
55 201
55 202
55 203
55 204
55 205
55 211
55 213
55 214
55 221
55 223
55 224
55 225
55 227
55 230
55 231
55 232
55 233
55 235
55 239
55 241
55 244
55 245
55 248
55 249
55 253
55 256
55 263
55 265
55 266
55 273
55 276
55 293
55 294
55 296
55 297
56 57
56 58
56 59
56 65
56 74
56 81
56 89
56 91
56 100
56 105
56 113
56 118
56 122
56 124
56 127
56 128
56 131
56 134
56 135
56 137
56 138
56 140
56 143
56 144
56 145
56 146
56 149
56 151
56 156
56 157
56 158
56 164
56 166
56 168
56 177
56 188
56 189
56 198
56 202
56 204
56 205
56 211
56 216
56 220
56 222
56 227
56 231
56 233
56 243
56 244
56 247
56 248
56 251
56 253
56 255
56 256
56 257
56 259
56 262
56 263
56 264
56 265
56 266
56 267
56 269
56 271
56 273
56 275
56 283
56 285
56 288
56 289
56 292
56 294
56 298
57 59
57 78
57 82
57 85
57 86
57 87
57 91
57 101
57 102
57 104
57 105
57 112
57 114
57 115
57 122
57 124
57 125
57 126
57 127
57 129
57 133
57 134
57 136
57 138
57 143
57 147
57 150
57 159
57 162
57 163
57 164
57 169
57 170
57 172
57 173
57 175
57 176
57 180
57 182
57 185
57 188
57 191
57 194
57 201
57 203
57 206
57 207
57 210
57 216
57 217
57 226
57 232
57 233
57 234
57 239
57 244
57 248
57 249
57 251
57 256
57 263
57 268
57 276
57 278
57 281
57 284
57 285
57 286
57 290
57 293
57 294
57 296
57 299
58 60
58 64
58 66
58 67
58 69
58 72
58 73
58 79
58 80
58 81
58 85
58 88
58 95
58 100
58 103
58 104
58 109
58 112
58 114
58 115
58 117
58 121
58 122
58 123
58 129
58 130
58 132
58 134
58 135
58 140
58 141
58 154
58 157
58 160
58 161
58 163
58 164
58 165
58 168
58 175
58 176
58 177
58 178
58 182
58 184
58 189
58 190
58 191
58 193
58 194
58 195
58 196
58 198
58 200
58 204
58 206
58 211
58 212
58 213
58 214
58 216
58 218
58 221
58 226
58 233
58 242
58 248
58 250
58 254
58 257
58 258
58 259
58 261
58 266
58 270
58 274
58 282
58 286
58 290
59 60
59 61
59 63
59 64
59 73
59 75
59 76
59 77
59 82
59 85
59 86
59 88
59 96
59 99
59 102
59 103
59 107
59 115
59 122
59 126
59 128
59 129
59 134
59 137
59 139
59 140
59 141
59 142
59 143
59 146
59 151
59 156
59 167
59 170
59 172
59 173
59 174
59 176
59 180
59 181
59 186
59 187
59 189
59 190
59 191
59 192
59 193
59 196
59 197
59 202
59 211
59 212
59 214
59 215
59 219
59 220
59 221
59 223
59 224
59 225
59 226
59 228
59 229
59 236
59 237
59 242
59 244
59 247
59 249
59 252
59 259
59 260
59 261
59 263
59 265
59 268
59 269
59 275
59 281
59 287
59 289
59 295
60 61
60 72
60 74
60 81
60 82
60 83
60 90
60 91
60 99
60 104
60 106
60 109
60 112
60 120
60 121
60 122
60 125
60 126
60 128
60 130
60 133
60 134
60 135
60 137
60 139
60 142
60 147
60 148
60 149
60 150
60 155
60 156
60 159
60 164
60 165
60 170
60 173
60 175
60 180
60 181
60 182
60 189
60 196
60 201
60 204
60 206
60 210
60 211
60 214
60 222
60 223
60 231
60 234
60 239
60 240
60 241
60 247
60 251
60 257
60 260
60 261
60 267
60 270
60 272
60 277
60 279
60 281
60 284
60 285
60 287
60 292
60 293
60 294
60 296
60 297
61 64
61 66
61 72
61 73
61 78
61 85
61 90
61 91
61 96
61 105
61 110
61 111
61 115
61 118
61 120
61 136
61 144
61 148
61 150
61 151
61 152
61 154
61 156
61 157
61 162
61 163
61 166
61 167
61 171
61 178
61 179
61 180
61 181
61 184
61 187
61 189
61 191
61 194
61 195
61 201
61 204
61 210
61 212
61 215
61 221
61 222
61 223
61 226
61 227
61 228
61 230
61 234
61 236
61 239
61 240
61 243
61 246
61 248
61 254
61 259
61 261
61 262
61 263
61 271
61 275
61 276
61 280
61 282
61 283
61 292
61 293
61 297
61 298
62 63
62 70
62 75
62 78
62 79
62 99
62 100
62 105
62 106
62 109
62 119
62 121
62 122
62 123
62 126
62 127
62 130
62 141
62 145
62 148
62 150
62 152
62 154
62 157
62 166
62 169
62 170
62 190
62 194
62 195
62 199
62 201
62 211
62 215
62 218
62 222
62 225
62 230
62 241
62 244
62 245
62 248
62 254
62 256
62 259
62 260
62 264
62 265
62 267
62 273
62 280
62 284
62 287
62 289
62 298
62 299
63 65
63 70
63 71
63 72
63 79
63 80
63 87
63 89
63 92
63 100
63 105
63 106
63 107
63 108
63 110
63 111
63 115
63 119
63 121
63 132
63 137
63 138
63 145
63 150
63 158
63 162
63 171
63 172
63 175
63 178
63 179
63 181
63 184
63 187
63 191
63 195
63 197
63 198
63 213
63 219
63 226
63 229
63 231
63 232
63 238
63 241
63 251
63 256
63 259
63 260
63 270
63 276
63 278
63 281
63 285
63 297
63 299
64 65
64 66
64 71
64 77
64 79
64 81
64 84
64 85
64 88
64 93
64 95
64 99
64 102
64 103
64 111
64 113
64 115
64 118
64 120
64 122
64 128
64 141
64 142
64 146
64 147
64 148
64 149
64 151
64 153
64 154
64 157
64 161
64 169
64 170
64 178
64 180
64 183
64 184
64 187
64 190
64 192
64 194
64 195
64 200
64 208
64 209
64 210
64 214
64 215
64 216
64 217
64 228
64 236
64 237
64 238
64 239
64 245
64 247
64 253
64 259
64 261
64 262
64 276
64 278
64 280
64 286
64 289
64 293
64 295
64 297
65 66
65 77
65 79
65 81
65 82
65 85
65 87
65 90
65 92
65 93
65 97
65 99
65 100
65 103
65 104
65 110
65 111
65 112
65 118
65 119
65 122
65 124
65 125
65 126
65 127
65 131
65 134
65 136
65 137
65 139
65 140
65 148
65 154
65 155
65 157
65 159
65 161
65 170
65 173
65 175
65 183
65 185
65 187
65 188
65 195
65 203
65 207
65 210
65 215
65 225
65 227
65 228
65 229
65 233
65 234
65 236
65 239
65 240
65 241
65 244
65 247
65 250
65 251
65 252
65 255
65 259
65 273
65 276
65 280
65 281
65 283
65 289
65 293
65 295
65 296
65 297
66 69
66 70
66 71
66 74
66 78
66 79
66 80
66 83
66 86
66 92
66 98
66 100
66 101
66 102
66 105
66 107
66 110
66 115
66 116
66 124
66 127
66 131
66 134
66 136
66 138
66 146
66 147
66 149
66 150
66 153
66 154
66 156
66 158
66 163
66 166
66 178
66 180
66 183
66 185
66 186
66 200
66 209
66 214
66 220
66 225
66 232
66 233
66 237
66 239
66 246
66 247
66 250
66 252
66 256
66 258
66 262
66 263
66 265
66 266
66 273
66 277
66 279
66 284
66 289
66 292
66 299
67 72
67 75
67 77
67 79
67 81
67 82
67 83
67 84
67 85
67 87
67 88
67 95
67 99
67 101
67 120
67 121
67 122
67 123
67 124
67 125
67 127
67 128
67 131
67 133
67 139
67 149
67 152
67 156
67 157
67 159
67 163
67 170
67 171
67 175
67 177
67 184
67 188
67 192
67 195
67 198
67 199
67 201
67 209
67 212
67 215
67 216
67 223
67 229
67 230
67 232
67 237
67 239
67 240
67 243
67 246
67 247
67 251
67 254
67 256
67 260
67 262
67 265
67 266
67 267
67 271
67 272
67 277
67 278
67 280
67 286
67 295
68 69
68 71
68 79
68 89
68 91
68 96
68 98
68 99
68 101
68 104
68 112
68 113
68 118
68 123
68 124
68 126
68 129
68 133
68 136
68 140
68 143
68 145
68 150
68 154
68 159
68 161
68 163
68 166
68 167
68 169
68 174
68 178
68 182
68 184
68 191
68 192
68 196
68 197
68 201
68 205
68 208
68 209
68 215
68 216
68 218
68 224
68 226
68 229
68 232
68 234
68 241
68 246
68 251
68 252
68 254
68 257
68 259
68 265
68 272
68 278
68 280
68 282
68 283
68 285
68 286
68 289
68 293
68 297
69 73
69 74
69 75
69 76
69 77
69 78
69 83
69 84
69 97
69 101
69 106
69 108
69 110
69 120
69 121
69 123
69 126
69 133
69 135
69 138
69 140
69 143
69 144
69 147
69 148
69 149
69 155
69 157
69 159
69 161
69 162
69 168
69 179
69 183
69 186
69 187
69 188
69 190
69 191
69 196
69 200
69 204
69 212
69 214
69 221
69 222
69 225
69 227
69 231
69 233
69 235
69 240
69 241
69 247
69 248
69 251
69 254
69 256
69 261
69 263
69 269
69 270
69 273
69 276
69 279
69 281
69 288
69 290
69 296
70 71
70 73
70 74
70 78
70 80
70 91
70 92
70 93
70 98
70 99
70 101
70 102
70 107
70 109
70 111
70 119
70 120
70 125
70 127
70 129
70 132
70 135
70 136
70 139
70 141
70 142
70 144
70 145
70 149
70 160
70 169
70 170
70 174
70 175
70 178
70 183
70 188
70 190
70 191
70 195
70 198
70 200
70 201
70 202
70 203
70 206
70 208
70 211
70 214
70 215
70 218
70 224
70 227
70 230
70 232
70 244
70 247
70 250
70 257
70 262
70 263
70 271
70 273
70 275
70 276
70 279
70 283
70 284
70 292
70 293
70 294
70 298
70 299
71 72
71 73
71 75
71 76
71 81
71 84
71 86
71 88
71 89
71 93
71 95
71 103
71 105
71 107
71 108
71 110
71 116
71 117
71 124
71 130
71 131
71 138
71 140
71 141
71 147
71 148
71 150
71 151
71 156
71 161
71 162
71 163
71 164
71 165
71 166
71 169
71 173
71 176
71 177
71 181
71 184
71 188
71 190
71 191
71 193
71 196
71 200
71 206
71 207
71 210
71 212
71 214
71 219
71 223
71 224
71 227
71 230
71 231
71 234
71 237
71 239
71 240
71 243
71 245
71 250
71 253
71 263
71 265
71 267
71 281
71 282
71 285
71 288
71 289
71 297
71 298
71 299
72 73
72 75
72 76
72 83
72 84
72 87
72 88
72 93
72 94
72 98
72 99
72 104
72 107
72 117
72 118
72 130
72 132
72 134
72 136
72 143
72 146
72 152
72 157
72 158
72 162
72 165
72 170
72 173
72 174
72 175
72 178
72 179
72 184
72 189
72 190
72 192
72 196
72 197
72 198
72 199
72 205
72 206
72 207
72 208
72 210
72 212
72 216
72 218
72 220
72 225
72 229
72 232
72 234
72 240
72 241
72 244
72 246
72 247
72 254
72 259
72 262
72 263
72 268
72 272
72 273
72 281
72 283
72 287
72 293
72 296
72 298
73 75
73 76
73 77
73 78
73 90
73 92
73 93
73 96
73 100
73 102
73 106
73 109
73 112
73 116
73 121
73 123
73 124
73 133
73 134
73 135
73 136
73 138
73 142
73 149
73 151
73 152
73 156
73 158
73 160
73 161
73 162
73 164
73 167
73 168
73 172
73 182
73 185
73 189
73 194
73 197
73 198
73 202
73 203
73 206
73 208
73 209
73 212
73 213
73 216
73 218
73 219
73 220
73 227
73 228
73 235
73 238
73 247
73 251
73 252
73 253
73 254
73 258
73 267
73 269
73 271
73 272
73 278
73 280
73 283
73 286
73 291
73 296
74 77
74 78
74 81
74 85
74 89
74 107
74 113
74 115
74 121
74 123
74 124
74 128
74 134
74 138
74 139
74 141
74 143
74 144
74 152
74 158
74 161
74 162
74 164
74 165
74 166
74 167
74 168
74 172
74 174
74 182
74 184
74 186
74 188
74 191
74 192
74 204
74 205
74 211
74 222
74 223
74 226
74 229
74 233
74 238
74 241
74 258
74 260
74 264
74 265
74 273
74 279
74 283
74 287
74 289
74 293
74 295
74 298
75 77
75 78
75 80
75 83
75 93
75 94
75 95
75 96
75 97
75 100
75 106
75 111
75 113
75 116
75 119
75 122
75 123
75 126
75 132
75 134
75 138
75 139
75 141
75 143
75 144
75 145
75 151
75 163
75 165
75 166
75 168
75 170
75 171
75 172
75 173
75 174
75 175
75 177
75 179
75 180
75 183
75 187
75 189
75 195
75 196
75 197
75 200
75 203
75 209
75 210
75 214
75 217
75 218
75 220
75 223
75 225
75 227
75 239
75 240
75 241
75 243
75 246
75 247
75 248
75 251
75 252
75 253
75 254
75 261
75 271
75 285
75 288
75 290
75 291
75 292
75 294
75 299
76 85
76 90
76 94
76 96
76 98
76 105
76 109
76 112
76 117
76 119
76 120
76 122
76 125
76 126
76 129
76 130
76 136
76 138
76 139
76 152
76 153
76 154
76 155
76 160
76 161
76 162
76 163
76 165
76 167
76 168
76 172
76 178
76 181
76 184
76 186
76 188
76 194
76 195
76 199
76 202
76 203
76 209
76 210
76 221
76 222
76 223
76 226
76 227
76 232
76 238
76 242
76 243
76 244
76 248
76 249
76 251
76 252
76 259
76 260
76 263
76 265
76 269
76 270
76 283
76 288
76 289
76 296
77 83
77 85
77 86
77 89
77 94
77 95
77 97
77 98
77 99
77 104
77 106
77 107
77 109
77 123
77 127
77 136
77 141
77 142
77 145
77 146
77 148
77 149
77 155
77 159
77 162
77 163
77 170
77 171
77 172
77 174
77 185
77 187
77 191
77 194
77 196
77 206
77 208
77 212
77 215
77 216
77 217
77 221
77 226
77 231
77 236
77 242
77 243
77 246
77 251
77 253
77 255
77 256
77 257
77 260
77 262
77 265
77 274
77 277
77 283
77 285
77 288
77 293
77 294
77 296
77 298
77 299
78 79
78 80
78 84
78 85
78 100
78 102
78 103
78 107
78 114
78 117
78 121
78 126
78 130
78 142
78 149
78 151
78 159
78 163
78 164
78 165
78 166
78 167
78 170
78 174
78 178
78 179
78 180
78 184
78 186
78 187
78 192
78 194
78 198
78 199
78 200
78 203
78 207
78 210
78 212
78 217
78 221
78 222
78 223
78 237
78 239
78 243
78 244
78 245
78 246
78 251
78 253
78 254
78 255
78 260
78 265
78 271
78 275
78 276
78 278
78 280
78 292
78 294
78 295
79 81
79 83
79 88
79 92
79 98
79 102
79 103
79 111
79 116
79 118
79 125
79 127
79 128
79 131
79 135
79 139
79 143
79 144
79 146
79 149
79 150
79 153
79 154
79 155
79 156
79 159
79 161
79 163
79 165
79 167
79 168
79 170
79 174
79 187
79 189
79 190
79 192
79 198
79 205
79 209
79 210
79 212
79 213
79 214
79 216
79 224
79 226
79 228
79 229
79 231
79 234
79 243
79 244
79 246
79 251
79 254
79 261
79 269
79 270
79 271
79 272
79 273
79 275
79 278
79 280
79 281
79 294
79 295
79 297
79 298
79 299
80 83
80 84
80 86
80 89
80 95
80 99
80 103
80 107
80 111
80 112
80 114
80 118
80 123
80 128
80 130
80 132
80 136
80 137
80 139
80 140
80 143
80 146
80 147
80 151
80 152
80 154
80 160
80 161
80 164
80 166
80 168
80 173
80 176
80 183
80 188
80 194
80 201
80 205
80 208
80 211
80 216
80 219
80 220
80 225
80 226
80 229
80 230
80 233
80 235
80 236
80 238
80 240
80 252
80 253
80 254
80 256
80 261
80 263
80 289
80 290
80 296
80 298
80 299
81 83
81 101
81 110
81 116
81 118
81 123
81 128
81 134
81 138
81 139
81 140
81 143
81 147
81 154
81 158
81 160
81 162
81 163
81 165
81 167
81 168
81 175
81 177
81 185
81 190
81 195
81 197
81 200
81 201
81 202
81 204
81 209
81 210
81 214
81 216
81 217
81 218
81 219
81 228
81 231
81 239
81 241
81 245
81 246
81 254
81 269
81 270
81 271
81 272
81 276
81 286
81 287
81 291
82 83
82 84
82 87
82 89
82 94
82 99
82 103
82 106
82 107
82 110
82 111
82 113
82 115
82 119
82 124
82 126
82 129
82 130
82 134
82 139
82 141
82 142
82 146
82 150
82 151
82 158
82 159
82 160
82 161
82 162
82 168
82 169
82 170
82 174
82 176
82 178
82 181
82 183
82 184
82 185
82 193
82 196
82 198
82 200
82 204
82 205
82 208
82 212
82 214
82 219
82 220
82 222
82 227
82 228
82 237
82 238
82 245
82 246
82 249
82 250
82 254
82 256
82 259
82 262
82 265
82 272
82 281
82 296
83 85
83 87
83 90
83 91
83 92
83 93
83 96
83 103
83 105
83 106
83 113
83 116
83 130
83 133
83 136
83 138
83 141
83 145
83 146
83 147
83 148
83 152
83 154
83 155
83 156
83 159
83 162
83 167
83 176
83 177
83 178
83 182
83 186
83 189
83 194
83 205
83 206
83 208
83 209
83 212
83 216
83 219
83 224
83 225
83 235
83 236
83 239
83 244
83 247
83 248
83 253
83 259
83 260
83 265
83 266
83 267
83 268
83 275
83 276
83 277
83 278
83 281
83 284
83 285
83 288
83 292
83 295
84 87
84 90
84 91
84 93
84 94
84 101
84 103
84 107
84 109
84 124
84 132
84 138
84 145
84 146
84 153
84 155
84 164
84 179
84 187
84 201
84 203
84 206
84 215
84 218
84 219
84 221
84 224
84 229
84 232
84 234
84 236
84 238
84 243
84 244
84 245
84 248
84 253
84 255
84 262
84 272
84 275
84 276
84 277
84 284
84 285
84 287
84 288
84 294
84 296
85 98
85 102
85 103
85 106
85 112
85 113
85 116
85 117
85 120
85 121
85 130
85 139
85 143
85 144
85 167
85 168
85 172
85 176
85 179
85 180
85 182
85 185
85 186
85 187
85 188
85 192
85 201
85 202
85 211
85 218
85 221
85 223
85 228
85 231
85 235
85 238
85 239
85 243
85 249
85 253
85 273
85 276
85 280
85 281
85 282
85 284
85 286
85 292
85 294
85 295
86 90
86 105
86 109
86 111
86 115
86 118
86 119
86 122
86 123
86 127
86 129
86 130
86 131
86 135
86 137
86 144
86 146
86 147
86 149
86 150
86 152
86 154
86 159
86 160
86 161
86 165
86 177
86 178
86 188
86 193
86 194
86 198
86 209
86 210
86 212
86 217
86 219
86 220
86 222
86 224
86 228
86 231
86 238
86 239
86 240
86 249
86 257
86 259
86 261
86 262
86 264
86 266
86 268
86 273
86 276
86 283
86 284
86 289
86 290
86 291
86 296
86 299
87 88
87 89
87 92
87 95
87 101
87 105
87 108
87 110
87 115
87 117
87 122
87 123
87 124
87 127
87 134
87 142
87 144
87 154
87 155
87 159
87 160
87 162
87 165
87 167
87 169
87 171
87 172
87 173
87 174
87 180
87 181
87 182
87 184
87 185
87 188
87 191
87 197
87 198
87 202
87 207
87 208
87 210
87 213
87 217
87 220
87 221
87 224
87 225
87 226
87 233
87 240
87 242
87 249
87 254
87 264
87 272
87 273
87 285
87 286
87 293
87 294
87 299
88 99
88 100
88 104
88 105
88 106
88 110
88 113
88 117
88 119
88 120
88 122
88 126
88 139
88 142
88 145
88 146
88 149
88 151
88 152
88 154
88 158
88 160
88 162
88 163
88 164
88 176
88 177
88 188
88 196
88 200
88 204
88 206
88 207
88 212
88 215
88 217
88 220
88 221
88 223
88 224
88 225
88 228
88 232
88 242
88 249
88 250
88 255
88 256
88 257
88 259
88 264
88 268
88 270
88 273
88 274
88 275
88 277
88 282
88 285
88 286
88 289
88 295
88 297
89 91
89 92
89 93
89 96
89 99
89 103
89 109
89 112
89 116
89 119
89 120
89 128
89 137
89 139
89 142
89 144
89 150
89 151
89 155
89 157
89 163
89 165
89 167
89 173
89 175
89 179
89 186
89 191
89 192
89 195
89 211
89 212
89 213
89 214
89 216
89 218
89 219
89 227
89 229
89 239
89 240
89 241
89 242
89 243
89 244
89 247
89 248
89 250
89 257
89 260
89 262
89 265
89 266
89 269
89 271
89 276
89 280
89 281
89 285
89 292
89 293
89 295
89 296
89 297
90 91
90 99
90 104
90 107
90 119
90 122
90 123
90 127
90 128
90 129
90 130
90 138
90 143
90 145
90 151
90 154
90 155
90 156
90 159
90 162
90 168
90 169
90 170
90 173
90 178
90 179
90 182
90 184
90 185
90 191
90 193
90 198
90 199
90 206
90 207
90 208
90 213
90 215
90 216
90 218
90 222
90 227
90 229
90 231
90 240
90 242
90 244
90 246
90 249
90 252
90 254
90 256
90 260
90 271
90 272
90 273
90 277
90 279
90 280
90 281
90 288
90 289
90 290
90 292
90 297
91 92
91 94
91 95
91 98
91 99
91 100
91 105
91 106
91 108
91 120
91 123
91 129
91 130
91 132
91 133
91 136
91 137
91 141
91 142
91 148
91 156
91 159
91 168
91 171
91 174
91 175
91 176
91 180
91 181
91 182
91 190
91 192
91 205
91 206
91 207
91 212
91 215
91 221
91 235
91 238
91 239
91 241
91 246
91 259
91 261
91 262
91 263
91 267
91 268
91 272
91 273
91 283
91 285
91 287
91 289
91 292
91 295
91 299
92 93
92 94
92 98
92 102
92 103
92 106
92 125
92 128
92 130
92 133
92 141
92 143
92 145
92 156
92 159
92 161
92 167
92 169
92 175
92 179
92 180
92 183
92 184
92 187
92 188
92 191
92 192
92 194
92 195
92 201
92 209
92 212
92 217
92 218
92 221
92 222
92 223
92 235
92 237
92 241
92 250
92 262
92 265
92 267
92 273
92 281
92 282
92 285
92 286
92 292
92 295
92 296
93 95
93 99
93 100
93 102
93 103
93 105
93 110
93 111
93 112
93 114
93 115
93 117
93 119
93 120
93 124
93 127
93 128
93 129
93 136
93 137
93 139
93 143
93 149
93 152
93 156
93 157
93 160
93 163
93 167
93 168
93 175
93 182
93 183
93 186
93 193
93 200
93 202
93 203
93 204
93 206
93 211
93 217
93 220
93 224
93 226
93 228
93 235
93 239
93 240
93 243
93 245
93 246
93 248
93 258
93 261
93 263
93 267
93 268
93 270
93 278
93 284
93 287
93 295
93 298
94 95
94 96
94 97
94 99
94 100
94 101
94 102
94 103
94 111
94 112
94 114
94 118
94 122
94 130
94 131
94 139
94 140
94 143
94 145
94 153
94 156
94 157
94 160
94 163
94 165
94 170
94 173
94 178
94 181
94 182
94 188
94 191
94 195
94 208
94 209
94 210
94 211
94 217
94 220
94 232
94 234
94 235
94 237
94 238
94 240
94 241
94 244
94 249
94 250
94 257
94 258
94 266
94 272
94 275
94 276
94 277
94 278
94 281
94 282
94 283
94 290
94 292
94 298
94 299
95 98
95 99
95 102
95 106
95 107
95 108
95 109
95 111
95 116
95 118
95 121
95 123
95 125
95 127
95 130
95 132
95 138
95 141
95 147
95 158
95 160
95 164
95 166
95 168
95 171
95 176
95 178
95 179
95 180
95 182
95 184
95 188
95 191
95 192
95 195
95 200
95 215
95 216
95 222
95 228
95 233
95 244
95 246
95 248
95 251
95 252
95 254
95 256
95 263
95 268
95 270
95 276
95 280
95 285
95 292
95 295
95 297
95 298
96 100
96 105
96 106
96 108
96 109
96 113
96 115
96 119
96 128
96 130
96 133
96 134
96 137
96 145
96 147
96 157
96 158
96 159
96 161
96 162
96 166
96 168
96 174
96 177
96 185
96 188
96 189
96 192
96 195
96 197
96 199
96 203
96 204
96 205
96 206
96 210
96 212
96 221
96 223
96 234
96 239
96 240
96 241
96 242
96 246
96 250
96 251
96 254
96 258
96 262
96 265
96 270
96 275
96 277
96 286
96 293
96 294
96 296
97 101
97 102
97 105
97 106
97 109
97 114
97 115
97 117
97 121
97 125
97 131
97 132
97 136
97 139
97 141
97 149
97 153
97 156
97 160
97 164
97 165
97 170
97 179
97 181
97 182
97 184
97 188
97 192
97 195
97 196
97 197
97 204
97 205
97 211
97 215
97 216
97 219
97 221
97 223
97 226
97 228
97 229
97 237
97 238
97 239
97 241
97 246
97 255
97 258
97 259
97 261
97 267
97 271
97 272
97 273
97 276
97 278
97 280
97 281
97 287
97 291
97 296
97 298
98 99
98 103
98 105
98 111
98 112
98 114
98 119
98 123
98 127
98 130
98 131
98 136
98 137
98 140
98 141
98 144
98 145
98 151
98 152
98 154
98 155
98 159
98 160
98 161
98 162
98 163
98 166
98 167
98 178
98 188
98 190
98 195
98 201
98 208
98 209
98 215
98 222
98 223
98 226
98 230
98 231
98 234
98 235
98 244
98 245
98 246
98 251
98 253
98 254
98 256
98 264
98 267
98 268
98 269
98 271
98 272
98 276
98 279
98 282
98 284
98 286
98 287
98 288
98 295
98 299
99 101
99 102
99 103
99 104
99 105
99 106
99 107
99 108
99 113
99 115
99 117
99 120
99 132
99 133
99 136
99 138
99 141
99 145
99 146
99 147
99 149
99 150
99 151
99 152
99 157
99 158
99 159
99 160
99 165
99 169
99 174
99 175
99 179
99 180
99 181
99 184
99 186
99 189
99 190
99 193
99 196
99 198
99 202
99 205
99 218
99 220
99 221
99 223
99 225
99 227
99 237
99 247
99 250
99 251
99 258
99 261
99 264
99 265
99 266
99 267
99 275
99 278
99 279
99 283
99 285
99 291
99 293
99 294
99 295
99 296
99 297
100 105
100 108
100 110
100 112
100 117
100 119
100 124
100 127
100 135
100 137
100 139
100 144
100 145
100 146
100 151
100 152
100 157
100 165
100 169
100 171
100 181
100 184
100 186
100 188
100 189
100 190
100 195
100 201
100 202
100 205
100 213
100 214
100 217
100 221
100 227
100 230
100 233
100 234
100 235
100 239
100 240
100 241
100 244
100 246
100 252
100 255
100 261
100 262
100 263
100 266
100 267
100 268
100 270
100 272
100 277
100 290
100 292
100 296
101 102
101 117
101 118
101 119
101 120
101 122
101 123
101 126
101 127
101 132
101 137
101 140
101 142
101 144
101 150
101 152
101 153
101 159
101 161
101 165
101 166
101 178
101 180
101 186
101 191
101 192
101 196
101 205
101 210
101 214
101 217
101 218
101 219
101 221
101 223
101 231
101 236
101 237
101 239
101 240
101 249
101 251
101 252
101 255
101 258
101 261
101 266
101 272
101 276
101 280
101 289
101 292
101 293
101 294
101 298
102 104
102 109
102 110
102 115
102 118
102 121
102 123
102 125
102 127
102 132
102 136
102 140
102 145
102 152
102 153
102 155
102 156
102 161
102 166
102 167
102 172
102 174
102 176
102 181
102 182
102 198
102 205
102 207
102 213
102 214
102 215
102 219
102 220
102 222
102 223
102 224
102 227
102 233
102 236
102 237
102 241
102 245
102 246
102 249
102 252
102 255
102 260
102 263
102 268
102 282
102 284
102 286
102 288
102 290
102 293
102 298
103 108
103 110
103 111
103 114
103 115
103 118
103 119
103 122
103 123
103 124
103 127
103 129
103 134
103 141
103 143
103 144
103 150
103 151
103 152
103 154
103 155
103 158
103 160
103 162
103 163
103 168
103 172
103 174
103 178
103 179
103 181
103 182
103 187
103 188
103 190
103 191
103 195
103 198
103 199
103 201
103 202
103 206
103 207
103 209
103 217
103 218
103 224
103 226
103 227
103 228
103 230
103 231
103 237
103 238
103 239
103 241
103 249
103 251
103 252
103 255
103 257
103 258
103 267
103 268
103 270
103 271
103 287
103 297
104 106
104 109
104 111
104 114
104 115
104 124
104 125
104 126
104 127
104 130
104 133
104 137
104 140
104 142
104 144
104 149
104 155
104 156
104 160
104 161
104 162
104 164
104 167
104 172
104 187
104 188
104 204
104 205
104 206
104 207
104 212
104 213
104 214
104 218
104 220
104 221
104 223
104 227
104 230
104 233
104 236
104 238
104 240
104 243
104 251
104 252
104 253
104 259
104 264
104 266
104 269
104 271
104 276
104 278
104 280
104 289
104 293
104 295
104 296
105 108
105 109
105 110
105 113
105 122
105 123
105 126
105 127
105 129
105 135
105 137
105 141
105 142
105 143
105 144
105 147
105 153
105 154
105 157
105 162
105 167
105 169
105 171
105 172
105 177
105 180
105 181
105 186
105 189
105 192
105 193
105 195
105 198
105 203
105 207
105 208
105 209
105 211
105 212
105 213
105 217
105 221
105 222
105 228
105 229
105 234
105 236
105 238
105 239
105 241
105 242
105 245
105 246
105 252
105 263
105 264
105 265
105 268
105 270
105 271
105 273
105 274
105 279
105 281
105 282
105 284
105 289
105 290
106 108
106 113
106 114
106 115
106 118
106 120
106 126
106 129
106 131
106 136
106 148
106 152
106 155
106 157
106 159
106 161
106 162
106 165
106 168
106 171
106 183
106 184
106 186
106 187
106 191
106 192
106 193
106 195
106 196
106 197
106 207
106 208
106 212
106 213
106 215
106 217
106 219
106 220
106 221
106 228
106 241
106 242
106 243
106 244
106 259
106 260
106 265
106 268
106 271
106 272
106 274
106 275
106 279
106 280
106 281
106 283
106 287
106 291
106 292
106 295
106 297
106 298
107 109
107 114
107 116
107 121
107 125
107 130
107 134
107 135
107 136
107 137
107 138
107 139
107 141
107 145
107 149
107 151
107 152
107 154
107 155
107 157
107 164
107 165
107 168
107 169
107 171
107 172
107 173
107 179
107 181
107 185
107 186
107 187
107 198
107 205
107 209
107 211
107 217
107 223
107 226
107 228
107 232
107 241
107 249
107 250
107 259
107 263
107 265
107 266
107 273
107 278
107 280
107 284
107 286
107 287
107 288
107 298
107 299
108 109
108 112
108 113
108 116
108 117
108 125
108 127
108 128
108 135
108 138
108 139
108 141
108 143
108 146
108 147
108 148
108 158
108 160
108 163
108 165
108 166
108 167
108 168
108 171
108 174
108 175
108 176
108 182
108 184
108 191
108 193
108 196
108 199
108 200
108 203
108 209
108 210
108 211
108 215
108 216
108 218
108 221
108 222
108 223
108 227
108 228
108 230
108 231
108 237
108 238
108 239
108 249
108 250
108 254
108 257
108 265
108 266
108 268
108 274
108 277
108 278
108 279
108 280
108 281
108 282
108 285
108 287
108 291
108 295
108 296
108 298
108 299
109 112
109 113
109 114
109 118
109 123
109 129
109 130
109 135
109 136
109 141
109 142
109 143
109 145
109 148
109 152
109 156
109 157
109 160
109 163
109 178
109 179
109 184
109 186
109 188
109 189
109 190
109 191
109 195
109 198
109 206
109 208
109 214
109 221
109 230
109 231
109 235
109 236
109 238
109 242
109 244
109 249
109 252
109 254
109 255
109 261
109 262
109 263
109 266
109 267
109 269
109 271
109 273
109 274
109 278
109 279
109 281
109 284
109 286
109 289
109 292
109 293
109 297
109 298
110 113
110 115
110 118
110 120
110 124
110 131
110 135
110 141
110 144
110 147
110 150
110 152
110 153
110 157
110 158
110 159
110 160
110 161
110 163
110 168
110 169
110 170
110 175
110 176
110 180
110 181
110 183
110 185
110 186
110 188
110 189
110 191
110 193
110 195
110 196
110 197
110 202
110 210
110 211
110 214
110 216
110 219
110 224
110 225
110 227
110 231
110 232
110 237
110 245
110 253
110 254
110 259
110 260
110 263
110 264
110 265
110 267
110 270
110 272
110 273
110 277
110 280
110 287
110 289
110 290
110 292
110 296
110 299
111 113
111 115
111 117
111 120
111 124
111 125
111 126
111 130
111 131
111 134
111 137
111 140
111 153
111 157
111 161
111 164
111 165
111 167
111 168
111 171
111 176
111 177
111 178
111 186
111 188
111 190
111 191
111 197
111 208
111 212
111 213
111 218
111 219
111 223
111 225
111 231
111 239
111 241
111 242
111 245
111 247
111 249
111 250
111 257
111 258
111 269
111 271
111 279
111 284
111 290
111 297
112 120
112 123
112 124
112 125
112 126
112 129
112 132
112 140
112 143
112 156
112 158
112 159
112 161
112 162
112 167
112 170
112 172
112 174
112 176
112 177
112 179
112 184
112 189
112 197
112 200
112 203
112 209
112 210
112 211
112 214
112 216
112 218
112 219
112 221
112 234
112 240
112 241
112 242
112 246
112 258
112 262
112 263
112 269
112 274
112 275
112 276
112 277
112 282
112 288
112 296
113 114
113 115
113 124
113 127
113 132
113 133
113 136
113 139
113 143
113 148
113 149
113 152
113 159
113 161
113 164
113 166
113 170
113 171
113 177
113 180
113 181
113 203
113 206
113 208
113 209
113 215
113 217
113 224
113 225
113 227
113 231
113 232
113 234
113 238
113 239
113 243
113 245
113 249
113 251
113 253
113 255
113 263
113 270
113 283
113 289
113 290
113 293
113 294
113 297
114 121
114 122
114 123
114 125
114 126
114 129
114 130
114 131
114 143
114 146
114 148
114 152
114 168
114 169
114 170
114 171
114 174
114 175
114 176
114 179
114 180
114 184
114 189
114 190
114 194
114 197
114 204
114 207
114 209
114 210
114 213
114 214
114 217
114 218
114 221
114 224
114 229
114 230
114 231
114 233
114 234
114 240
114 242
114 244
114 245
114 248
114 251
114 253
114 254
114 256
114 257
114 263
114 264
114 272
114 276
114 283
114 285
114 288
114 289
114 292
114 295
114 298
115 118
115 119
115 121
115 123
115 125
115 127
115 129
115 130
115 131
115 140
115 142
115 144
115 145
115 146
115 149
115 150
115 152
115 156
115 157
115 164
115 165
115 178
115 181
115 183
115 190
115 197
115 198
115 199
115 200
115 206
115 210
115 212
115 217
115 220
115 221
115 222
115 226
115 230
115 232
115 233
115 235
115 240
115 244
115 255
115 256
115 257
115 259
115 261
115 265
115 266
115 269
115 271
115 279
115 281
115 287
115 289
115 293
115 294
115 298
116 119
116 120
116 125
116 127
116 130
116 142
116 154
116 160
116 161
116 165
116 170
116 175
116 176
116 179
116 186
116 187
116 197
116 200
116 201
116 202
116 203
116 204
116 208
116 209
116 212
116 216
116 217
116 219
116 223
116 233
116 237
116 243
116 246
116 256
116 258
116 259
116 262
116 274
116 277
116 282
116 284
116 286
116 292
116 294
116 295
116 296
116 297
117 122
117 124
117 127
117 128
117 130
117 138
117 142
117 150
117 155
117 156
117 157
117 159
117 160
117 168
117 170
117 172
117 173
117 174
117 177
117 178
117 179
117 180
117 184
117 193
117 195
117 199
117 201
117 203
117 205
117 208
117 212
117 218
117 220
117 224
117 231
117 233
117 236
117 238
117 239
117 243
117 244
117 246
117 248
117 252
117 262
117 263
117 264
117 268
117 271
117 274
117 276
117 277
117 286
117 288
117 292
117 293
117 294
117 295
117 297
118 120
118 122
118 132
118 136
118 139
118 145
118 152
118 154
118 155
118 156
118 163
118 169
118 170
118 175
118 176
118 177
118 183
118 185
118 187
118 192
118 199
118 203
118 206
118 213
118 215
118 218
118 221
118 222
118 234
118 237
118 239
118 241
118 247
118 249
118 258
118 262
118 264
118 266
118 267
118 270
118 271
118 272
118 278
118 280
118 281
118 286
118 297
118 299
119 121
119 124
119 125
119 126
119 128
119 131
119 135
119 139
119 141
119 142
119 149
119 155
119 156
119 160
119 162
119 165
119 166
119 171
119 172
119 178
119 190
119 199
119 207
119 226
119 231
119 235
119 239
119 240
119 246
119 247
119 248
119 259
119 260
119 262
119 268
119 277
119 278
119 282
119 284
119 288
119 290
119 293
119 298
119 299
120 121
120 126
120 128
120 133
120 136
120 140
120 142
120 145
120 149
120 150
120 151
120 156
120 157
120 159
120 164
120 170
120 172
120 173
120 175
120 176
120 177
120 179
120 182
120 185
120 187
120 194
120 204
120 206
120 209
120 211
120 220
120 222
120 223
120 224
120 229
120 231
120 234
120 236
120 237
120 238
120 240
120 243
120 245
120 247
120 248
120 260
120 269
120 271
120 273
120 275
120 276
120 278
120 280
120 282
120 283
120 284
120 291
120 293
120 296
121 124
121 133
121 137
121 143
121 147
121 148
121 151
121 152
121 154
121 157
121 160
121 162
121 165
121 168
121 170
121 172
121 175
121 176
121 178
121 183
121 191
121 198
121 204
121 205
121 206
121 207
121 208
121 209
121 217
121 220
121 221
121 222
121 223
121 229
121 230
121 231
121 242
121 243
121 245
121 247
121 250
121 259
121 260
121 267
121 272
121 275
121 277
121 281
121 284
121 289
121 299
122 123
122 124
122 125
122 126
122 127
122 129
122 130
122 132
122 139
122 140
122 141
122 143
122 148
122 152
122 155
122 157
122 160
122 161
122 166
122 167
122 170
122 171
122 174
122 182
122 186
122 187
122 189
122 190
122 191
122 192
122 202
122 203
122 204
122 208
122 210
122 214
122 215
122 224
122 228
122 233
122 234
122 246
122 249
122 253
122 254
122 255
122 262
122 268
122 274
122 280
122 281
122 283
122 284
122 287
122 292
122 293
122 294
122 298
122 299
123 128
123 131
123 132
123 133
123 139
123 151
123 152
123 156
123 161
123 174
123 175
123 178
123 184
123 188
123 195
123 197
123 210
123 212
123 213
123 215
123 219
123 220
123 224
123 227
123 228
123 229
123 230
123 232
123 234
123 238
123 239
123 249
123 254
123 255
123 261
123 267
123 268
123 269
123 270
123 277
123 280
123 283
123 287
123 290
123 291
124 127
124 128
124 131
124 132
124 136
124 137
124 139
124 140
124 142
124 145
124 146
124 148
124 149
124 154
124 161
124 162
124 164
124 173
124 174
124 175
124 179
124 180
124 183
124 185
124 188
124 198
124 200
124 202
124 206
124 208
124 211
124 212
124 215
124 218
124 220
124 221
124 224
124 227
124 233
124 235
124 236
124 247
124 262
124 272
124 278
124 282
124 284
124 286
124 289
124 290
124 293
124 297
124 299
125 128
125 129
125 133
125 135
125 138
125 139
125 142
125 145
125 146
125 148
125 149
125 151
125 153
125 155
125 156
125 157
125 160
125 164
125 165
125 171
125 172
125 174
125 175
125 178
125 179
125 181
125 182
125 185
125 193
125 194
125 197
125 199
125 202
125 203
125 207
125 210
125 215
125 219
125 220
125 222
125 225
125 227
125 228
125 230
125 238
125 239
125 240
125 242
125 246
125 249
125 251
125 252
125 256
125 261
125 265
125 268
125 269
125 270
125 273
125 274
125 277
125 278
125 279
125 290
125 292
125 298
126 127
126 129
126 130
126 134
126 135
126 136
126 139
126 141
126 144
126 145
126 148
126 150
126 151
126 157
126 158
126 159
126 160
126 163
126 164
126 169
126 170
126 174
126 180
126 188
126 193
126 195
126 199
126 201
126 207
126 208
126 212
126 221
126 223
126 231
126 235
126 242
126 247
126 256
126 257
126 258
126 261
126 265
126 268
126 276
126 277
126 279
126 285
126 289
126 291
126 298
127 128
127 130
127 131
127 134
127 142
127 144
127 145
127 150
127 152
127 162
127 163
127 165
127 173
127 175
127 176
127 177
127 179
127 180
127 183
127 187
127 189
127 192
127 193
127 202
127 203
127 208
127 209
127 211
127 213
127 216
127 219
127 220
127 223
127 225
127 226
127 227
127 228
127 234
127 236
127 242
127 244
127 245
127 250
127 255
127 256
127 258
127 259
127 260
127 261
127 266
127 268
127 269
127 276
127 277
127 278
127 290
127 291
127 298
128 135
128 139
128 142
128 143
128 144
128 146
128 153
128 155
128 161
128 172
128 174
128 176
128 184
128 186
128 187
128 194
128 195
128 199
128 201
128 210
128 211
128 212
128 216
128 219
128 224
128 227
128 230
128 239
128 242
128 245
128 250
128 257
128 262
128 264
128 270
128 271
128 273
128 274
128 277
128 279
128 283
128 290
128 299
129 145
129 150
129 154
129 163
129 164
129 169
129 171
129 178
129 179
129 180
129 181
129 183
129 185
129 191
129 199
129 205
129 211
129 214
129 219
129 220
129 224
129 229
129 231
129 232
129 235
129 236
129 237
129 239
129 240
129 243
129 247
129 253
129 256
129 270
129 271
129 277
129 278
129 279
129 282
129 285
129 296
130 142
130 151
130 152
130 154
130 156
130 165
130 166
130 168
130 169
130 172
130 175
130 177
130 179
130 180
130 181
130 183
130 184
130 186
130 188
130 191
130 193
130 194
130 196
130 198
130 201
130 205
130 209
130 212
130 216
130 218
130 223
130 225
130 226
130 232
130 236
130 241
130 247
130 249
130 252
130 257
130 258
130 259
130 262
130 263
130 269
130 272
130 276
130 281
130 284
130 288
130 294
130 299
131 134
131 135
131 136
131 142
131 149
131 151
131 159
131 162
131 164
131 167
131 170
131 171
131 180
131 186
131 188
131 190
131 197
131 210
131 211
131 223
131 224
131 226
131 229
131 230
131 231
131 233
131 234
131 237
131 240
131 245
131 246
131 248
131 249
131 253
131 258
131 264
131 267
131 268
131 269
131 273
131 275
131 276
131 279
131 280
131 284
131 285
131 291
131 292
131 295
131 298
132 133
132 148
132 151
132 162
132 165
132 166
132 167
132 174
132 175
132 176
132 179
132 182
132 187
132 189
132 190
132 195
132 196
132 198
132 206
132 207
132 213
132 216
132 220
132 221
132 225
132 237
132 239
132 242
132 248
132 250
132 251
132 252
132 253
132 257
132 259
132 260
132 264
132 268
132 271
132 273
132 275
132 277
132 278
132 281
132 284
132 291
132 298
133 135
133 137
133 138
133 141
133 143
133 144
133 145
133 146
133 148
133 149
133 153
133 160
133 169
133 170
133 173
133 175
133 181
133 184
133 186
133 188
133 190
133 193
133 199
133 207
133 211
133 214
133 221
133 228
133 229
133 231
133 238
133 240
133 241
133 246
133 247
133 252
133 256
133 258
133 260
133 263
133 269
133 280
133 284
133 290
133 293
134 135
134 138
134 140
134 146
134 149
134 150
134 153
134 156
134 166
134 168
134 169
134 175
134 179
134 184
134 185
134 188
134 191
134 192
134 195
134 199
134 200
134 201
134 202
134 203
134 204
134 208
134 214
134 220
134 222
134 229
134 232
134 238
134 244
134 249
134 250
134 252
134 256
134 257
134 260
134 264
134 266
134 272
134 273
134 278
134 283
134 284
134 286
134 287
134 290
134 295
134 298
135 137
135 142
135 144
135 146
135 147
135 148
135 151
135 153
135 156
135 162
135 163
135 164
135 166
135 171
135 172
135 174
135 175
135 178
135 179
135 185
135 187
135 189
135 190
135 198
135 203
135 205
135 207
135 209
135 210
135 211
135 214
135 217
135 221
135 222
135 223
135 224
135 227
135 230
135 232
135 233
135 234
135 236
135 238
135 239
135 243
135 244
135 248
135 262
135 263
135 267
135 269
135 272
135 280
135 285
135 286
135 291
135 294
135 298
136 138
136 141
136 144
136 148
136 149
136 152
136 154
136 156
136 159
136 164
136 165
136 171
136 176
136 177
136 189
136 199
136 201
136 204
136 212
136 217
136 222
136 225
136 226
136 232
136 235
136 240
136 243
136 246
136 249
136 252
136 253
136 254
136 261
136 262
136 265
136 266
136 267
136 268
136 270
136 275
136 279
136 291
136 296
137 141
137 148
137 150
137 151
137 154
137 156
137 162
137 163
137 164
137 165
137 166
137 171
137 177
137 179
137 184
137 185
137 191
137 199
137 200
137 202
137 203
137 208
137 210
137 211
137 220
137 222
137 225
137 226
137 228
137 230
137 235
137 239
137 241
137 246
137 250
137 254
137 258
137 260
137 274
137 276
137 280
137 283
137 285
137 287
137 291
137 294
137 296
137 299
138 140
138 141
138 142
138 144
138 150
138 155
138 157
138 159
138 160
138 165
138 167
138 169
138 171
138 174
138 180
138 182
138 185
138 188
138 189
138 191
138 196
138 199
138 205
138 207
138 208
138 210
138 211
138 212
138 213
138 215
138 219
138 220
138 224
138 230
138 231
138 239
138 243
138 245
138 252
138 253
138 254
138 262
138 263
138 267
138 269
138 285
138 287
138 288
138 291
138 295
138 298
139 140
139 148
139 154
139 158
139 159
139 160
139 163
139 164
139 165
139 168
139 170
139 173
139 176
139 178
139 184
139 186
139 195
139 196
139 198
139 201
139 202
139 203
139 208
139 212
139 214
139 215
139 219
139 220
139 221
139 225
139 227
139 230
139 235
139 240
139 242
139 248
139 251
139 254
139 256
139 260
139 263
139 265
139 273
139 277
139 281
139 283
139 286
139 297
140 146
140 149
140 153
140 155
140 156
140 162
140 163
140 164
140 166
140 175
140 176
140 180
140 184
140 187
140 189
140 190
140 192
140 195
140 197
140 204
140 205
140 210
140 211
140 212
140 214
140 215
140 218
140 219
140 222
140 223
140 228
140 236
140 242
140 255
140 256
140 259
140 263
140 266
140 271
140 272
140 273
140 276
140 277
140 278
140 281
140 283
140 285
140 286
140 287
140 289
140 294
141 142
141 145
141 146
141 164
141 168
141 170
141 183
141 189
141 192
141 194
141 197
141 199
141 202
141 206
141 208
141 214
141 218
141 222
141 223
141 224
141 228
141 237
141 243
141 246
141 253
141 265
141 268
141 269
141 277
141 279
141 281
141 286
141 288
141 296
141 298
142 145
142 147
142 148
142 150
142 151
142 154
142 155
142 156
142 159
142 160
142 162
142 165
142 166
142 168
142 171
142 172
142 175
142 176
142 180
142 182
142 184
142 188
142 193
142 195
142 200
142 202
142 204
142 218
142 221
142 223
142 229
142 234
142 235
142 246
142 253
142 254
142 258
142 259
142 264
142 266
142 272
142 273
142 275
142 276
142 277
142 280
142 281
142 285
142 287
142 289
142 291
142 296
142 297
143 149
143 155
143 159
143 164
143 166
143 168
143 178
143 181
143 194
143 203
143 205
143 207
143 218
143 219
143 225
143 233
143 234
143 239
143 242
143 243
143 250
143 256
143 257
143 258
143 261
143 266
143 267
143 269
143 273
143 274
143 276
143 277
143 278
143 285
143 287
143 293
143 296
143 298
144 145
144 147
144 154
144 155
144 160
144 164
144 165
144 170
144 175
144 188
144 189
144 198
144 201
144 205
144 214
144 215
144 226
144 230
144 235
144 240
144 241
144 249
144 251
144 256
144 258
144 259
144 260
144 266
144 274
144 275
144 276
144 277
144 281
144 283
144 287
144 288
144 290
144 291
144 292
144 297
145 149
145 150
145 158
145 163
145 172
145 174
145 179
145 180
145 185
145 187
145 188
145 189
145 190
145 194
145 196
145 200
145 204
145 205
145 209
145 210
145 213
145 215
145 216
145 219
145 220
145 228
145 231
145 239
145 241
145 242
145 244
145 248
145 254
145 255
145 258
145 264
145 271
145 275
145 276
145 277
145 278
145 279
145 292
145 295
146 151
146 157
146 158
146 161
146 162
146 165
146 171
146 173
146 174
146 175
146 179
146 180
146 181
146 187
146 188
146 193
146 196
146 201
146 202
146 206
146 215
146 217
146 220
146 222
146 233
146 235
146 248
146 249
146 252
146 257
146 260
146 264
146 267
146 271
146 275
146 278
146 283
146 291
146 292
146 294
146 298
146 299
147 148
147 153
147 155
147 159
147 160
147 163
147 167
147 170
147 171
147 172
147 178
147 179
147 181
147 182
147 185
147 191
147 194
147 195
147 199
147 202
147 209
147 211
147 215
147 219
147 221
147 227
147 229
147 230
147 231
147 243
147 244
147 245
147 251
147 253
147 256
147 259
147 262
147 266
147 269
147 272
147 278
147 279
147 280
147 282
147 285
147 287
147 289
147 292
147 294
147 296
148 157
148 160
148 164
148 167
148 168
148 170
148 171
148 172
148 184
148 187
148 189
148 192
148 195
148 196
148 199
148 205
148 211
148 213
148 215
148 219
148 221
148 225
148 233
148 238
148 240
148 243
148 250
148 254
148 262
148 263
148 270
148 271
148 275
148 279
148 280
148 281
148 282
148 284
148 289
148 290
148 291
148 293
148 299
149 157
149 160
149 161
149 164
149 167
149 171
149 174
149 176
149 179
149 180
149 181
149 187
149 188
149 193
149 197
149 198
149 199
149 200
149 214
149 218
149 219
149 222
149 227
149 234
149 236
149 238
149 241
149 242
149 244
149 249
149 257
149 264
149 265
149 266
149 271
149 274
149 277
149 278
149 280
149 287
149 290
150 151
150 153
150 154
150 158
150 159
150 161
150 163
150 171
150 172
150 179
150 186
150 187
150 188
150 193
150 194
150 195
150 197
150 198
150 199
150 200
150 204
150 209
150 211
150 212
150 214
150 215
150 222
150 225
150 237
150 240
150 244
150 246
150 247
150 249
150 257
150 261
150 262
150 266
150 267
150 268
150 271
150 279
150 282
150 288
150 292
151 152
151 159
151 165
151 166
151 169
151 172
151 176
151 181
151 195
151 196
151 198
151 202
151 203
151 204
151 211
151 216
151 217
151 223
151 225
151 226
151 232
151 238
151 247
151 249
151 251
151 252
151 253
151 254
151 256
151 257
151 260
151 268
151 272
151 274
151 279
151 280
151 282
151 283
151 287
151 289
151 290
151 292
152 159
152 164
152 167
152 168
152 174
152 175
152 182
152 191
152 193
152 194
152 197
152 201
152 211
152 213
152 215
152 218
152 219
152 223
152 224
152 227
152 228
152 229
152 237
152 238
152 242
152 247
152 249
152 253
152 254
152 255
152 256
152 263
152 265
152 270
152 271
152 272
152 277
152 279
152 282
152 283
152 284
152 288
152 289
152 294
152 299
153 154
153 155
153 156
153 160
153 163
153 169
153 171
153 175
153 177
153 180
153 185
153 187
153 189
153 192
153 196
153 199
153 200
153 205
153 209
153 217
153 218
153 224
153 225
153 227
153 228
153 231
153 233
153 246
153 247
153 250
153 252
153 254
153 255
153 256
153 264
153 267
153 269
153 273
153 274
153 276
153 277
153 279
153 280
153 286
153 287
153 289
153 291
154 161
154 164
154 166
154 173
154 175
154 182
154 186
154 190
154 193
154 200
154 203
154 206
154 207
154 209
154 210
154 211
154 217
154 220
154 221
154 222
154 224
154 226
154 228
154 229
154 231
154 234
154 235
154 236
154 239
154 241
154 245
154 248
154 251
154 259
154 264
154 265
154 275
154 277
154 281
154 285
154 287
154 288
154 293
154 295
154 298
155 161
155 162
155 168
155 169
155 170
155 172
155 178
155 181
155 187
155 188
155 189
155 190
155 192
155 205
155 209
155 212
155 222
155 224
155 230
155 233
155 239
155 240
155 246
155 248
155 253
155 260
155 262
155 264
155 267
155 269
155 271
155 276
155 280
155 282
155 284
155 291
155 293
155 298
156 158
156 162
156 165
156 166
156 167
156 170
156 171
156 173
156 176
156 177
156 180
156 181
156 182
156 185
156 188
156 190
156 193
156 194
156 196
156 199
156 203
156 204
156 210
156 215
156 216
156 217
156 220
156 223
156 224
156 225
156 226
156 229
156 231
156 238
156 239
156 240
156 242
156 243
156 246
156 249
156 251
156 252
156 254
156 258
156 259
156 260
156 263
156 266
156 271
156 277
156 278
156 279
156 280
156 281
156 282
156 290
156 291
156 294
156 298
157 160
157 167
157 169
157 172
157 173
157 174
157 176
157 177
157 179
157 180
157 182
157 186
157 189
157 191
157 192
157 194
157 197
157 207
157 216
157 219
157 224
157 225
157 229
157 231
157 233
157 239
157 243
157 246
157 250
157 254
157 260
157 261
157 262
157 268
157 271
157 273
157 281
157 282
157 287
157 289
157 291
157 292
157 293
157 294
157 295
157 298
157 299
158 165
158 167
158 168
158 170
158 176
158 184
158 185
158 186
158 188
158 190
158 191
158 193
158 194
158 196
158 199
158 200
158 203
158 214
158 218
158 219
158 223
158 228
158 230
158 233
158 240
158 243
158 247
158 248
158 255
158 260
158 261
158 265
158 268
158 273
158 275
158 276
158 277
158 279
158 280
158 284
158 286
158 289
158 291
158 295
158 297
158 299
159 161
159 168
159 172
159 175
159 177
159 179
159 197
159 198
159 202
159 210
159 211
159 216
159 218
159 221
159 222
159 224
159 225
159 228
159 230
159 236
159 240
159 243
159 250
159 253
159 254
159 255
159 260
159 261
159 265
159 266
159 273
159 277
159 278
159 280
159 281
159 283
159 285
159 291
159 292
159 297
159 298
160 164
160 176
160 178
160 182
160 189
160 191
160 194
160 195
160 200
160 201
160 210
160 212
160 217
160 219
160 221
160 225
160 226
160 229
160 234
160 235
160 236
160 240
160 241
160 253
160 257
160 260
160 262
160 263
160 266
160 268
160 270
160 282
160 283
160 291
160 299
161 169
161 171
161 173
161 174
161 176
161 186
161 189
161 193
161 197
161 201
161 204
161 205
161 207
161 208
161 213
161 215
161 216
161 221
161 225
161 229
161 231
161 232
161 239
161 241
161 242
161 248
161 258
161 260
161 261
161 262
161 278
161 280
161 281
161 282
161 283
161 290
161 294
161 296
162 164
162 170
162 173
162 175
162 179
162 185
162 188
162 189
162 193
162 197
162 212
162 214
162 215
162 224
162 231
162 235
162 238
162 239
162 243
162 244
162 246
162 252
162 262
162 263
162 265
162 266
162 267
162 272
162 273
162 278
162 281
162 283
162 286
162 287
162 288
162 291
162 296
162 298
163 165
163 170
163 172
163 176
163 180
163 182
163 185
163 192
163 193
163 194
163 204
163 207
163 210
163 216
163 217
163 219
163 227
163 228
163 229
163 231
163 233
163 236
163 239
163 243
163 245
163 247
163 250
163 252
163 253
163 258
163 260
163 261
163 265
163 266
163 270
163 271
163 272
163 273
163 277
163 278
163 281
163 282
163 283
163 285
163 289
163 297
163 299
164 170
164 174
164 175
164 176
164 177
164 179
164 184
164 186
164 190
164 194
164 199
164 206
164 209
164 211
164 213
164 214
164 217
164 219
164 223
164 225
164 228
164 231
164 232
164 236
164 239
164 240
164 242
164 243
164 246
164 248
164 254
164 256
164 258
164 266
164 273
164 275
164 278
164 283
164 287
164 289
164 297
164 298
165 169
165 170
165 172
165 175
165 181
165 183
165 186
165 187
165 188
165 191
165 193
165 196
165 204
165 209
165 213
165 218
165 219
165 223
165 226
165 229
165 231
165 234
165 243
165 244
165 248
165 252
165 256
165 258
165 259
165 264
165 266
165 268
165 269
165 271
165 272
165 275
165 276
165 281
165 282
165 285
165 287
165 289
165 291
165 294
165 296
165 297
166 167
166 173
166 176
166 177
166 179
166 182
166 183
166 184
166 196
166 204
166 206
166 209
166 214
166 217
166 221
166 224
166 230
166 231
166 234
166 237
166 241
166 245
166 246
166 247
166 252
166 254
166 265
166 266
166 271
166 276
166 279
166 280
166 282
166 284
166 286
166 287
167 168
167 173
167 182
167 192
167 196
167 197
167 201
167 203
167 209
167 211
167 213
167 216
167 217
167 220
167 226
167 230
167 232
167 234
167 237
167 240
167 246
167 248
167 251
167 252
167 254
167 255
167 260
167 264
167 265
167 273
167 276
167 284
167 290
167 291
167 292
167 294
167 295
167 297
168 169
168 171
168 172
168 174
168 179
168 180
168 185
168 186
168 187
168 190
168 191
168 194
168 199
168 203
168 206
168 208
168 216
168 221
168 223
168 231
168 234
168 243
168 249
168 259
168 263
168 267
168 270
168 271
168 277
168 281
168 285
168 286
168 287
168 292
168 295
169 173
169 174
169 178
169 179
169 186
169 187
169 192
169 195
169 200
169 208
169 212
169 213
169 214
169 215
169 218
169 223
169 227
169 230
169 234
169 235
169 237
169 241
169 242
169 244
169 245
169 246
169 252
169 253
169 256
169 257
169 260
169 263
169 264
169 272
169 275
169 278
169 295
170 174
170 182
170 191
170 193
170 194
170 195
170 198
170 200
170 214
170 215
170 216
170 218
170 219
170 227
170 231
170 233
170 234
170 237
170 238
170 242
170 246
170 248
170 252
170 254
170 255
170 256
170 260
170 268
170 269
170 273
170 280
170 285
170 286
170 288
170 289
170 294
170 299
171 176
171 177
171 179
171 180
171 182
171 183
171 184
171 201
171 204
171 205
171 210
171 212
171 213
171 216
171 220
171 223
171 228
171 229
171 231
171 232
171 234
171 245
171 249
171 250
171 255
171 258
171 259
171 260
171 271
171 278
171 284
171 286
171 289
171 290
171 293
171 296
171 299
172 174
172 177
172 178
172 179
172 184
172 189
172 190
172 192
172 193
172 196
172 201
172 204
172 208
172 211
172 215
172 216
172 217
172 218
172 221
172 222
172 225
172 226
172 227
172 228
172 256
172 258
172 264
172 265
172 279
172 280
172 281
172 282
172 283
172 284
172 286
172 287
172 289
172 290
172 291
172 296
173 175
173 176
173 178
173 181
173 183
173 190
173 191
173 192
173 193
173 199
173 200
173 206
173 213
173 216
173 219
173 231
173 234
173 241
173 244
173 246
173 252
173 253
173 254
173 266
173 270
173 273
173 276
173 279
173 281
173 283
173 289
173 292
173 294
173 295
173 299
174 181
174 182
174 183
174 184
174 196
174 198
174 206
174 212
174 213
174 217
174 231
174 234
174 235
174 241
174 244
174 250
174 254
174 257
174 258
174 267
174 270
174 277
174 278
174 280
174 283
175 181
175 182
175 183
175 185
175 189
175 190
175 199
175 200
175 203
175 204
175 205
175 207
175 208
175 214
175 216
175 219
175 223
175 227
175 235
175 238
175 239
175 240
175 242
175 244
175 251
175 256
175 264
175 268
175 269
175 271
175 273
175 284
175 288
175 290
176 177
176 180
176 181
176 184
176 188
176 190
176 192
176 195
176 196
176 203
176 204
176 207
176 209
176 210
176 211
176 219
176 221
176 222
176 227
176 230
176 234
176 236
176 237
176 242
176 248
176 249
176 250
176 254
176 255
176 258
176 263
176 266
176 270
176 271
176 273
176 274
176 276
176 277
176 279
176 284
176 287
176 293
176 294
176 295
176 299
177 178
177 184
177 188
177 189
177 190
177 199
177 201
177 206
177 207
177 208
177 212
177 214
177 217
177 225
177 226
177 227
177 228
177 230
177 233
177 239
177 244
177 245
177 248
177 252
177 253
177 254
177 257
177 262
177 266
177 269
177 271
177 273
177 278
177 279
177 287
177 288
177 289
178 182
178 184
178 186
178 192
178 193
178 194
178 196
178 198
178 203
178 207
178 208
178 212
178 213
178 216
178 217
178 220
178 223
178 225
178 228
178 231
178 232
178 234
178 235
178 236
178 237
178 244
178 247
178 249
178 253
178 257
178 258
178 260
178 269
178 271
178 272
178 274
178 276
178 278
178 280
178 281
178 282
178 283
178 286
178 287
178 292
178 293
178 294
178 298
179 183
179 187
179 193
179 196
179 201
179 202
179 204
179 207
179 208
179 211
179 212
179 216
179 218
179 220
179 222
179 230
179 240
179 244
179 251
179 253
179 254
179 257
179 262
179 264
179 269
179 274
179 275
179 280
179 281
179 291
179 294
179 296
179 297
180 184
180 185
180 189
180 194
180 196
180 200
180 205
180 207
180 211
180 212
180 217
180 221
180 222
180 225
180 228
180 236
180 239
180 244
180 246
180 247
180 249
180 251
180 252
180 254
180 258
180 259
180 260
180 261
180 262
180 271
180 277
180 282
180 286
180 288
180 289
180 292
180 297
180 299
181 182
181 188
181 191
181 194
181 196
181 197
181 205
181 212
181 213
181 221
181 223
181 225
181 227
181 230
181 233
181 234
181 238
181 239
181 240
181 244
181 248
181 249
181 250
181 256
181 257
181 258
181 259
181 261
181 264
181 266
181 270
181 274
181 280
181 282
181 288
181 289
181 294
181 299
182 183
182 194
182 196
182 204
182 208
182 210
182 211
182 212
182 214
182 215
182 216
182 219
182 220
182 221
182 222
182 223
182 226
182 230
182 231
182 232
182 235
182 241
182 242
182 245
182 247
182 248
182 259
182 260
182 266
182 270
182 272
182 273
182 274
182 276
182 280
182 284
182 286
182 287
182 290
182 291
182 293
182 296
182 297
183 184
183 192
183 197
183 199
183 209
183 210
183 212
183 221
183 224
183 225
183 238
183 246
183 247
183 255
183 258
183 259
183 264
183 267
183 268
183 273
183 278
183 280
183 283
183 285
183 286
183 290
183 293
183 295
183 298
184 188
184 191
184 197
184 199
184 203
184 204
184 205
184 216
184 217
184 218
184 220
184 221
184 222
184 224
184 225
184 228
184 230
184 231
184 232
184 233
184 248
184 250
184 251
184 256
184 257
184 258
184 262
184 267
184 269
184 273
184 274
184 275
184 277
184 283
184 287
184 291
184 292
184 295
184 298
185 190
185 191
185 197
185 205
185 206
185 214
185 215
185 217
185 221
185 224
185 225
185 227
185 231
185 236
185 246
185 247
185 248
185 249
185 251
185 259
185 260
185 263
185 266
185 272
185 275
185 276
185 277
185 283
185 284
185 285
185 286
185 287
185 289
185 290
185 293
185 297
185 298
186 187
186 188
186 192
186 196
186 197
186 198
186 200
186 205
186 208
186 209
186 210
186 211
186 212
186 213
186 214
186 215
186 216
186 221
186 223
186 229
186 230
186 234
186 235
186 238
186 243
186 244
186 245
186 249
186 252
186 255
186 257
186 259
186 269
186 275
186 277
186 279
186 285
186 286
186 288
186 289
186 290
186 295
186 296
186 297
186 298
187 190
187 191
187 197
187 199
187 201
187 203
187 205
187 206
187 213
187 214
187 218
187 219
187 220
187 225
187 234
187 235
187 239
187 244
187 246
187 247
187 248
187 254
187 256
187 263
187 266
187 270
187 271
187 273
187 275
187 278
187 288
187 290
187 296
187 298
187 299
188 189
188 190
188 191
188 193
188 195
188 197
188 198
188 199
188 202
188 205
188 207
188 213
188 218
188 220
188 222
188 224
188 233
188 234
188 236
188 240
188 242
188 243
188 250
188 251
188 252
188 255
188 258
188 260
188 262
188 267
188 275
188 283
188 285
188 290
188 292
188 293
188 294
188 298
188 299
189 192
189 194
189 200
189 210
189 225
189 228
189 232
189 234
189 240
189 241
189 242
189 243
189 244
189 245
189 249
189 251
189 252
189 255
189 268
189 270
189 275
189 276
189 278
189 280
189 292
190 191
190 193
190 196
190 198
190 199
190 200
190 206
190 217
190 218
190 221
190 222
190 223
190 225
190 227
190 234
190 238
190 242
190 243
190 244
190 248
190 249
190 250
190 253
190 257
190 262
190 265
190 267
190 271
190 285
190 286
190 289
190 292
190 296
190 298
190 299
191 193
191 194
191 201
191 202
191 204
191 206
191 207
191 209
191 211
191 213
191 216
191 219
191 222
191 224
191 227
191 228
191 229
191 231
191 235
191 237
191 242
191 248
191 250
191 257
191 263
191 264
191 269
191 271
191 278
191 279
191 285
191 286
192 198
192 199
192 202
192 206
192 210
192 211
192 215
192 216
192 224
192 225
192 230
192 239
192 250
192 253
192 257
192 259
192 260
192 261
192 264
192 265
192 267
192 268
192 272
192 274
192 277
192 282
192 286
192 287
192 290
192 297
193 196
193 197
193 198
193 201
193 212
193 217
193 224
193 225
193 227
193 233
193 242
193 244
193 245
193 249
193 251
193 252
193 253
193 263
193 271
193 279
193 284
193 286
193 290
193 294
194 197
194 199
194 200
194 203
194 214
194 217
194 219
194 222
194 225
194 229
194 237
194 238
194 242
194 245
194 246
194 247
194 248
194 249
194 250
194 272
194 274
194 275
194 278
194 280
194 282
194 287
194 293
194 294
194 295
195 197
195 199
195 201
195 207
195 208
195 209
195 215
195 216
195 222
195 224
195 226
195 229
195 232
195 233
195 235
195 242
195 245
195 246
195 247
195 248
195 251
195 255
195 266
195 271
195 273
195 276
195 277
195 285
195 286
195 287
195 290
195 294
195 296
195 297
196 197
196 201
196 202
196 204
196 206
196 207
196 209
196 210
196 211
196 212
196 215
196 219
196 222
196 223
196 224
196 226
196 229
196 237
196 240
196 249
196 250
196 251
196 254
196 255
196 262
196 275
196 277
196 281
196 282
196 283
196 285
196 288
196 289
196 293
196 294
196 296
196 298
197 201
197 203
197 204
197 205
197 207
197 208
197 210
197 212
197 213
197 217
197 218
197 219
197 224
197 228
197 233
197 235
197 236
197 238
197 240
197 241
197 242
197 244
197 249
197 250
197 252
197 256
197 260
197 268
197 274
197 281
197 285
197 288
197 290
197 293
197 296
198 203
198 206
198 208
198 209
198 225
198 236
198 240
198 245
198 247
198 253
198 254
198 255
198 262
198 268
198 271
198 277
198 286
198 288
198 289
198 290
198 293
198 296
199 201
199 216
199 220
199 221
199 226
199 233
199 241
199 247
199 256
199 269
199 271
199 273
199 275
199 277
199 279
199 280
199 283
199 294
199 295
199 298
199 299
200 206
200 207
200 209
200 217
200 218
200 229
200 235
200 237
200 239
200 240
200 241
200 251
200 258
200 261
200 268
200 269
200 274
200 278
200 279
200 281
200 284
200 285
200 287
200 288
200 290
200 295
200 296
200 297
201 205
201 208
201 211
201 227
201 233
201 237
201 243
201 248
201 251
201 252
201 255
201 256
201 259
201 261
201 263
201 265
201 266
201 270
201 276
201 281
201 284
201 285
201 288
201 289
201 293
201 297
201 298
201 299
202 214
202 216
202 228
202 230
202 231
202 243
202 245
202 249
202 251
202 255
202 257
202 258
202 261
202 263
202 266
202 268
202 270
202 271
202 273
202 276
202 277
202 280
202 282
202 283
202 289
202 294
203 208
203 218
203 220
203 221
203 222
203 224
203 227
203 228
203 229
203 231
203 233
203 237
203 241
203 244
203 245
203 254
203 255
203 256
203 261
203 269
203 278
203 282
203 283
203 284
203 286
203 288
203 299
204 208
204 209
204 210
204 213
204 214
204 220
204 222
204 228
204 229
204 232
204 242
204 244
204 248
204 251
204 253
204 256
204 259
204 261
204 262
204 264
204 273
204 276
204 280
204 281
204 284
204 287
204 288
204 289
204 294
204 299
205 218
205 223
205 224
205 226
205 228
205 229
205 231
205 232
205 233
205 234
205 242
205 243
205 249
205 253
205 255
205 257
205 259
205 265
205 269
205 275
205 289
205 290
205 294
206 207
206 208
206 211
206 212
206 221
206 224
206 229
206 234
206 235
206 238
206 241
206 242
206 246
206 252
206 253
206 257
206 258
206 259
206 260
206 264
206 265
206 268
206 271
206 276
206 280
206 281
206 282
206 290
206 292
206 293
207 210
207 213
207 214
207 220
207 228
207 232
207 233
207 239
207 243
207 245
207 251
207 252
207 257
207 258
207 263
207 265
207 267
207 268
207 272
207 273
207 274
207 277
207 279
207 280
207 282
207 288
207 293
207 295
207 296
207 299
208 211
208 213
208 214
208 217
208 226
208 232
208 242
208 244
208 248
208 256
208 257
208 259
208 262
208 266
208 268
208 269
208 273
208 281
208 283
208 286
208 289
208 295
209 210
209 212
209 214
209 217
209 218
209 219
209 224
209 227
209 228
209 229
209 232
209 233
209 234
209 237
209 239
209 241
209 242
209 245
209 246
209 247
209 250
209 251
209 257
209 259
209 261
209 262
209 264
209 273
209 275
209 285
209 287
209 288
209 289
209 295
209 299
210 213
210 215
210 220
210 223
210 224
210 226
210 233
210 235
210 242
210 243
210 245
210 248
210 249
210 254
210 255
210 256
210 257
210 258
210 261
210 263
210 266
210 267
210 268
210 269
210 272
210 273
210 274
210 277
210 278
210 284
210 286
210 287
210 291
210 292
210 295
210 297
210 298
210 299
211 212
211 215
211 217
211 220
211 239
211 248
211 254
211 256
211 269
211 270
211 271
211 273
211 274
211 276
211 281
211 292
211 296
211 298
211 299
212 214
212 216
212 217
212 218
212 219
212 221
212 224
212 226
212 229
212 230
212 233
212 234
212 237
212 239
212 244
212 247
212 250
212 254
212 257
212 260
212 268
212 275
212 276
212 279
212 283
212 288
212 290
213 218
213 220
213 222
213 224
213 225
213 228
213 229
213 234
213 235
213 236
213 249
213 251
213 252
213 253
213 255
213 258
213 260
213 262
213 264
213 273
213 279
213 283
213 285
213 286
213 288
213 290
213 291
213 292
213 293
213 294
213 295
214 215
214 217
214 218
214 228
214 230
214 239
214 240
214 243
214 244
214 245
214 248
214 254
214 256
214 257
214 258
214 265
214 266
214 270
214 277
214 278
214 279
214 282
214 283
214 289
214 291
214 292
214 295
214 296
215 217
215 219
215 222
215 223
215 224
215 225
215 226
215 227
215 228
215 231
215 235
215 237
215 238
215 242
215 248
215 258
215 260
215 261
215 262
215 267
215 271
215 273
215 274
215 275
215 276
215 278
215 279
215 280
215 281
215 283
215 284
215 285
215 291
215 292
215 293
215 297
215 298
216 221
216 223
216 225
216 229
216 237
216 238
216 246
216 247
216 250
216 252
216 254
216 259
216 262
216 267
216 268
216 270
216 277
216 280
216 281
216 285
216 287
216 290
216 292
216 298
217 223
217 224
217 226
217 231
217 234
217 238
217 242
217 246
217 247
217 248
217 249
217 250
217 251
217 253
217 254
217 258
217 262
217 266
217 272
217 274
217 277
217 279
217 283
217 286
217 287
217 289
217 293
217 296
217 297
217 298
218 219
218 232
218 235
218 236
218 242
218 244
218 247
218 249
218 250
218 256
218 260
218 262
218 264
218 265
218 267
218 268
218 270
218 271
218 285
218 286
218 287
218 288
218 289
218 296
218 297
219 222
219 224
219 226
219 228
219 233
219 235
219 238
219 240
219 244
219 245
219 247
219 265
219 266
219 273
219 278
219 280
219 281
219 282
219 283
219 284
219 285
219 287
219 289
219 293
220 223
220 235
220 238
220 245
220 246
220 247
220 249
220 259
220 263
220 267
220 270
220 271
220 274
220 276
220 278
220 281
220 286
220 298
220 299
221 222
221 224
221 230
221 231
221 239
221 246
221 249
221 259
221 270
221 273
221 275
221 276
221 277
221 280
221 289
221 291
221 294
221 296
222 223
222 235
222 236
222 238
222 239
222 248
222 252
222 256
222 260
222 261
222 262
222 265
222 271
222 282
222 291
222 292
223 225
223 228
223 240
223 244
223 246
223 247
223 252
223 253
223 254
223 259
223 263
223 264
223 266
223 269
223 272
223 274
223 277
223 278
223 279
223 280
223 283
223 286
223 288
223 290
223 291
223 294
224 230
224 232
224 240
224 244
224 251
224 252
224 257
224 258
224 261
224 267
224 271
224 272
224 273
224 276
224 280
224 283
224 286
224 287
224 292
225 227
225 232
225 233
225 236
225 239
225 248
225 254
225 256
225 258
225 259
225 260
225 264
225 271
225 273
225 275
225 277
225 280
225 287
225 292
226 228
226 229
226 239
226 240
226 241
226 242
226 244
226 247
226 248
226 250
226 252
226 255
226 259
226 261
226 262
226 264
226 267
226 270
226 275
226 276
226 277
226 278
226 281
226 283
226 287
226 289
226 293
227 233
227 235
227 238
227 241
227 243
227 245
227 246
227 247
227 248
227 250
227 251
227 253
227 255
227 257
227 259
227 261
227 262
227 263
227 265
227 266
227 269
227 273
227 276
227 278
227 284
227 285
227 288
227 289
227 291
227 298
227 299
228 230
228 243
228 245
228 250
228 256
228 257
228 259
228 260
228 272
228 273
228 274
228 277
228 280
228 284
228 285
228 293
228 295
228 297
229 233
229 234
229 238
229 239
229 241
229 242
229 243
229 250
229 253
229 257
229 261
229 262
229 265
229 276
229 279
229 281
229 285
229 286
229 287
229 288
229 289
229 292
229 295
229 296
229 298
230 231
230 232
230 237
230 240
230 245
230 246
230 251
230 254
230 255
230 258
230 262
230 265
230 266
230 268
230 269
230 272
230 274
230 281
230 288
230 294
230 295
230 297
230 298
231 235
231 242
231 245
231 246
231 247
231 248
231 251
231 262
231 264
231 266
231 269
231 271
231 272
231 279
231 287
231 288
231 290
231 293
231 296
232 236
232 242
232 250
232 256
232 257
232 267
232 272
232 275
232 278
232 285
232 286
232 295
232 297
232 298
233 240
233 241
233 242
233 255
233 261
233 263
233 267
233 272
233 280
233 286
233 293
233 295
233 297
233 299
234 239
234 242
234 244
234 252
234 254
234 255
234 256
234 261
234 266
234 268
234 269
234 275
234 282
234 284
234 286
234 289
234 293
234 295
235 243
235 245
235 250
235 251
235 254
235 255
235 261
235 262
235 263
235 264
235 266
235 271
235 274
235 276
235 285
235 286
235 289
235 292
235 294
235 298
236 239
236 240
236 248
236 251
236 255
236 257
236 258
236 261
236 262
236 263
236 268
236 269
236 270
236 278
236 280
236 286
236 290
236 293
236 299
237 242
237 245
237 249
237 252
237 253
237 256
237 258
237 259
237 261
237 263
237 265
237 267
237 268
237 269
237 270
237 271
237 276
237 278
237 279
237 282
237 289
237 290
237 291
238 240
238 241
238 242
238 243
238 244
238 247
238 253
238 257
238 260
238 262
238 263
238 266
238 268
238 269
238 272
238 281
238 282
238 286
238 287
238 288
238 290
238 292
238 294
238 299
239 246
239 248
239 251
239 252
239 255
239 256
239 258
239 260
239 267
239 269
239 271
239 273
239 274
239 276
239 281
239 285
239 287
239 290
239 296
239 299
240 241
240 243
240 244
240 246
240 247
240 248
240 250
240 251
240 253
240 261
240 262
240 264
240 266
240 267
240 282
240 288
240 291
240 297
241 243
241 245
241 250
241 251
241 253
241 255
241 257
241 265
241 266
241 268
241 269
241 277
241 278
241 279
241 281
241 287
241 291
241 295
241 298
241 299
242 243
242 246
242 253
242 254
242 255
242 257
242 261
242 263
242 269
242 270
242 276
242 277
242 278
242 281
242 282
242 286
242 287
242 288
242 292
242 293
242 294
242 298
242 299
243 251
243 252
243 253
243 256
243 257
243 258
243 259
243 260
243 261
243 262
243 263
243 265
243 273
243 276
243 277
243 278
243 280
243 282
243 283
243 286
243 296
244 246
244 248
244 252
244 254
244 255
244 262
244 265
244 271
244 274
244 276
244 285
244 286
244 292
244 293
244 294
244 299
245 247
245 248
245 261
245 264
245 267
245 269
245 270
245 272
245 273
245 277
245 284
245 288
245 290
245 293
245 294
245 295
245 297
245 299
246 248
246 256
246 265
246 268
246 269
246 270
246 273
246 280
246 286
246 288
246 289
246 292
246 293
246 294
246 299
247 251
247 253
247 254
247 266
247 268
247 270
247 271
247 277
247 294
247 295
247 299
248 250
248 254
248 255
248 256
248 257
248 263
248 269
248 270
248 272
248 273
248 276
248 279
248 283
248 284
248 285
248 288
248 294
248 295
248 297
248 298
249 250
249 252
249 254
249 255
249 256
249 262
249 265
249 266
249 267
249 268
249 278
249 282
249 284
249 285
249 294
249 296
249 298
250 252
250 257
250 258
250 263
250 264
250 271
250 273
250 274
250 276
250 277
250 278
250 283
250 284
250 289
250 290
250 291
250 293
250 294
250 296
251 252
251 277
251 281
251 282
251 286
251 295
251 297
252 253
252 254
252 255
252 258
252 260
252 262
252 265
252 266
252 274
252 275
252 286
252 290
252 294
252 296
253 255
253 257
253 259
253 263
253 264
253 267
253 268
253 273
253 274
253 276
253 277
253 286
253 287
253 288
253 291
253 292
253 294
253 296
253 297
254 255
254 256
254 258
254 260
254 261
254 265
254 270
254 277
254 280
254 284
254 287
254 288
254 289
254 298
255 259
255 260
255 269
255 272
255 273
255 278
255 283
255 286
255 288
255 293
255 296
255 297
256 266
256 267
256 269
256 271
256 283
256 284
256 286
256 288
256 294
257 261
257 267
257 272
257 281
257 292
257 293
257 298
258 263
258 265
258 266
258 268
258 269
258 270
258 271
258 275
258 280
258 285
258 286
258 290
258 292
258 293
258 295
259 264
259 266
259 267
259 269
259 270
259 276
259 277
259 283
259 285
259 288
259 292
259 296
260 262
260 269
260 270
260 271
260 272
260 273
260 277
260 281
260 282
260 296
260 297
260 299
261 262
261 263
261 266
261 268
261 271
261 272
261 276
261 279
261 280
261 283
261 285
261 293
261 294
262 263
262 268
262 269
262 274
262 280
262 294
262 295
262 296
262 299
263 264
263 271
263 272
263 273
263 276
263 281
263 284
263 286
263 291
263 292
264 267
264 269
264 271
264 278
264 279
264 285
264 288
264 290
264 295
264 296
264 298
265 273
265 274
265 275
265 276
265 278
265 282
265 283
265 284
265 285
265 286
265 287
265 288
265 290
265 292
265 294
265 296
265 298
266 267
266 273
266 276
266 278
266 285
266 298
267 268
267 269
267 275
267 276
267 278
267 282
267 283
267 287
267 290
267 299
268 275
268 277
268 283
268 292
268 294
268 296
268 298
269 271
269 272
269 273
269 274
269 276
269 277
269 280
269 281
269 284
269 290
269 293
269 294
270 274
270 276
270 278
270 280
270 285
270 288
270 291
270 293
270 294
271 272
271 274
271 277
271 283
271 286
271 289
271 290
271 292
272 273
272 279
272 286
272 299
273 279
273 280
273 281
273 286
273 290
273 292
274 275
274 278
274 280
274 281
274 282
274 286
274 288
274 289
274 293
274 297
275 286
275 288
275 294
275 295
275 299
276 279
276 281
276 283
276 284
276 286
276 291
276 295
276 296
276 298
277 279
277 287
277 289
277 291
277 293
277 294
277 297
277 299
278 281
278 285
278 287
278 291
278 297
279 282
279 284
279 287
279 289
279 290
279 293
279 295
280 286
280 293
280 296
280 299
281 282
281 285
281 291
281 292
281 299
282 283
282 286
282 296
282 298
283 284
283 289
283 290
283 291
284 286
284 293
284 296
284 298
285 286
285 287
285 291
285 295
285 296
285 299
286 288
286 289
286 290
286 295
286 299
287 288
287 290
287 295
288 293
288 294
289 290
289 295
290 292
290 293
290 298
291 295
292 295
292 296
292 298
293 295
293 297
293 298
294 296
295 296
295 297
295 299
296 299
298 299
174 220 229 122 237 165 201 134 29 114 298 253 261 183 266 228 213 274 86 265 206 92 133 167 202 129 193 6 186 160 244 230 281 62 131 233 54 175 171 187 144 32 208 78 53 26 115 140 245 18 108 41 227 99 81 162 30 146 190 100 126 21 270 3 79 89 63 257 241 93 199 141 284 16 185
169 283 225 178 293 67 25 200 182 40 19 121 59 136 194 271 7 195 157 207 267 234 97 184 158 22 276 102 149 263 15 52 247 117 272 268 9 57 249 222 156 189 1 159 240 179 96 152 10 4 256 180 113 291 142 155 74 64 72 219 125 290 128 0 28 83 37 36 147 288 280 106 58 294 204
211 110 94 85 14 5 177 297 168 273 203 82 123 150 119 68 138 23 95 198 109 139 34 145 31 252 214 60 104 66 188 143 278 47 289 260 87 166 39 27 172 248 107 210 112 33 161 45 176 287 258 215 111 56 124 277 103 38 238 51 196 101 296 255 84 164 77 151 243 88 216 275 135 70 286
163 20 13 285 24 170 130 105 153 236 137 127 197 181 46 231 61 75 48 246 217 118 17 132 120 173 50 116 43 221 154 250 191 279 254 2 299 205 212 232 218 11 91 192 148 262 49 76 90 73 235 35 264 259 224 223 55 44 71 12 239 69 292 80 242 8 269 42 282 251 226 98 209 295 65
