30
212
4
91
87
64
96
0 2
0 3
0 4
0 7
0 8
0 12
0 16
0 18
0 20
0 23
0 27
0 28
1 2
1 3
1 4
1 5
1 6
1 9
1 11
1 12
1 13
1 14
1 15
1 20
1 21
1 23
1 28
1 29
2 3
2 4
2 5
2 6
2 10
2 11
2 12
2 14
2 15
2 16
2 17
2 18
2 19
2 20
2 21
2 22
2 23
2 26
2 27
2 28
3 5
3 9
3 10
3 11
3 13
3 17
3 21
3 23
3 24
3 25
3 28
4 5
4 8
4 9
4 10
4 11
4 13
4 18
4 20
4 21
4 25
4 27
5 6
5 8
5 10
5 13
5 16
5 19
5 24
5 25
6 10
6 11
6 12
6 14
6 17
6 18
6 19
6 24
6 25
6 26
6 27
6 28
6 29
7 8
7 10
7 11
7 12
7 13
7 14
7 15
7 19
7 20
7 22
7 23
7 25
7 27
7 28
7 29
8 9
8 13
8 14
8 15
8 16
8 22
8 23
8 26
8 28
8 29
9 12
9 13
9 16
9 18
9 19
9 20
9 22
9 23
9 24
9 26
9 27
10 11
10 17
10 18
10 19
10 20
10 22
10 23
10 26
10 28
10 29
11 12
11 14
11 17
11 18
11 20
11 22
11 23
11 27
11 29
12 15
12 18
12 20
12 22
12 24
12 25
12 27
12 29
13 14
13 18
13 19
13 20
13 22
13 26
14 17
14 26
14 27
14 28
15 16
15 21
15 22
15 26
15 27
15 29
16 20
16 21
16 23
16 24
16 25
16 27
17 18
17 22
17 24
17 28
17 29
18 19
18 20
18 21
18 22
18 23
18 26
18 29
19 27
19 28
20 21
20 23
20 24
20 26
20 27
21 25
21 27
21 29
22 23
22 25
22 27
22 29
23 24
23 25
23 27
23 28
23 29
24 26
25 27
25 28
26 27
27 29
8 29 21 12 10 23 3 20 27
28 22 7 17 0 9 6 14 24
5 25 4 19 1 11 18 2 13
15 26 16
