300
8935
10
83
38
3
54
73
90
96
10
25
63
0 5
0 9
0 11
0 13
0 17
0 29
0 47
0 48
0 51
0 52
0 54
0 56
0 64
0 66
0 71
0 76
0 81
0 82
0 84
0 92
0 97
0 100
0 105
0 106
0 108
0 109
0 111
0 113
0 116
0 119
0 120
0 121
0 125
0 126
0 131
0 138
0 146
0 148
0 158
0 162
0 165
0 168
0 173
0 174
0 189
0 195
0 201
0 202
0 217
0 218
0 224
0 226
0 236
0 250
0 251
0 252
0 255
0 262
0 263
0 272
0 278
0 281
0 287
0 291
0 295
0 297
1 4
1 9
1 13
1 18
1 21
1 23
1 25
1 29
1 37
1 42
1 43
1 46
1 47
1 54
1 55
1 60
1 67
1 75
1 76
1 80
1 84
1 85
1 90
1 93
1 103
1 106
1 110
1 112
1 114
1 120
1 121
1 122
1 126
1 127
1 128
1 133
1 140
1 141
1 142
1 146
1 147
1 151
1 154
1 158
1 166
1 177
1 181
1 184
1 193
1 205
1 211
1 212
1 220
1 231
1 234
1 238
1 243
1 259
1 271
1 281
1 291
1 294
1 296
1 299
2 4
2 29
2 31
2 38
2 41
2 59
2 66
2 68
2 70
2 73
2 77
2 81
2 88
2 92
2 94
2 96
2 111
2 125
2 134
2 138
2 141
2 146
2 157
2 161
2 163
2 173
2 177
2 194
2 196
2 199
2 205
2 209
2 219
2 236
2 243
2 244
2 251
2 258
2 262
2 270
2 273
2 275
2 284
2 286
2 287
2 293
2 296
3 14
3 16
3 19
3 23
3 31
3 34
3 35
3 37
3 41
3 47
3 48
3 58
3 60
3 61
3 66
3 68
3 70
3 76
3 81
3 104
3 108
3 113
3 117
3 118
3 130
3 132
3 137
3 139
3 142
3 143
3 148
3 149
3 160
3 165
3 172
3 173
3 189
3 191
3 199
3 203
3 206
3 208
3 214
3 217
3 223
3 227
3 233
3 258
3 260
3 261
3 269
3 272
3 295
4 9
4 16
4 33
4 36
4 40
4 50
4 56
4 57
4 59
4 61
4 69
4 74
4 77
4 81
4 84
4 92
4 94
4 100
4 106
4 110
4 112
4 117
4 129
4 131
4 133
4 136
4 141
4 147
4 161
4 171
4 181
4 186
4 188
4 193
4 194
4 197
4 200
4 212
4 234
4 238
4 243
4 244
4 250
4 254
4 255
4 258
4 259
4 265
4 268
4 284
4 296
5 11
5 13
5 14
5 16
5 24
5 29
5 32
5 35
5 37
5 38
5 46
5 51
5 55
5 58
5 60
5 65
5 66
5 78
5 82
5 85
5 86
5 99
5 112
5 113
5 114
5 121
5 130
5 131
5 133
5 138
5 140
5 145
5 152
5 159
5 170
5 175
5 187
5 193
5 194
5 195
5 198
5 204
5 211
5 222
5 224
5 226
5 229
5 246
5 254
5 257
5 262
5 263
5 264
5 267
5 275
5 283
5 284
5 287
5 289
5 292
5 296
6 7
6 21
6 22
6 31
6 37
6 42
6 45
6 48
6 52
6 53
6 54
6 55
6 60
6 66
6 67
6 76
6 83
6 90
6 98
6 100
6 106
6 112
6 113
6 115
6 118
6 122
6 135
6 139
6 145
6 151
6 161
6 162
6 165
6 169
6 171
6 175
6 181
6 185
6 187
6 189
6 190
6 196
6 201
6 206
6 208
6 210
6 211
6 225
6 227
6 233
6 234
6 244
6 246
6 256
6 259
6 261
6 265
6 271
6 272
6 275
6 281
6 288
6 289
6 291
6 292
6 293
6 295
6 299
7 8
7 9
7 10
7 13
7 20
7 24
7 26
7 27
7 29
7 38
7 39
7 44
7 50
7 57
7 58
7 60
7 65
7 73
7 75
7 80
7 86
7 88
7 91
7 101
7 109
7 116
7 119
7 120
7 125
7 127
7 128
7 136
7 143
7 144
7 152
7 154
7 157
7 159
7 160
7 161
7 163
7 172
7 177
7 181
7 187
7 194
7 200
7 203
7 212
7 213
7 218
7 222
7 226
7 229
7 231
7 239
7 250
7 253
7 258
7 261
7 263
7 268
7 272
7 274
7 279
7 280
7 282
7 283
7 286
7 288
7 289
7 296
8 21
8 31
8 41
8 43
8 46
8 52
8 56
8 57
8 63
8 65
8 71
8 74
8 77
8 81
8 89
8 93
8 94
8 103
8 104
8 105
8 107
8 114
8 116
8 118
8 120
8 129
8 136
8 140
8 152
8 156
8 158
8 160
8 167
8 196
8 199
8 202
8 207
8 208
8 212
8 217
8 218
8 220
8 223
8 230
8 238
8 248
8 250
8 272
8 278
8 280
8 282
8 286
8 288
8 290
8 294
9 11
9 15
9 17
9 23
9 29
9 34
9 38
9 39
9 43
9 48
9 55
9 56
9 58
9 65
9 73
9 79
9 80
9 87
9 89
9 104
9 106
9 120
9 125
9 126
9 134
9 144
9 146
9 147
9 154
9 161
9 174
9 176
9 177
9 180
9 183
9 185
9 187
9 188
9 191
9 198
9 203
9 207
9 211
9 215
9 216
9 234
9 236
9 241
9 242
9 243
9 249
9 250
9 257
9 259
9 270
9 276
9 281
9 286
9 288
9 297
10 11
10 14
10 16
10 17
10 20
10 21
10 27
10 28
10 33
10 35
10 38
10 56
10 58
10 60
10 62
10 68
10 69
10 88
10 92
10 103
10 104
10 117
10 120
10 129
10 134
10 136
10 138
10 141
10 146
10 150
10 151
10 153
10 191
10 196
10 204
10 206
10 208
10 221
10 226
10 232
10 250
10 255
10 264
10 270
10 271
10 279
10 293
11 14
11 17
11 23
11 26
11 35
11 39
11 52
11 56
11 59
11 67
11 87
11 90
11 93
11 95
11 100
11 104
11 120
11 121
11 123
11 130
11 133
11 139
11 141
11 144
11 150
11 154
11 160
11 164
11 165
11 172
11 176
11 177
11 179
11 186
11 198
11 210
11 212
11 224
11 228
11 229
11 232
11 234
11 235
11 236
11 257
11 260
11 268
11 271
11 277
11 282
11 284
11 285
11 289
11 295
11 299
12 18
12 19
12 31
12 32
12 33
12 41
12 45
12 47
12 50
12 51
12 59
12 61
12 66
12 79
12 82
12 85
12 91
12 92
12 96
12 99
12 100
12 105
12 112
12 115
12 124
12 131
12 141
12 142
12 148
12 151
12 152
12 157
12 159
12 161
12 164
12 171
12 174
12 177
12 178
12 179
12 185
12 186
12 192
12 196
12 198
12 200
12 202
12 210
12 213
12 218
12 224
12 231
12 240
12 244
12 245
12 250
12 259
12 260
12 263
12 265
12 266
12 298
13 19
13 24
13 32
13 35
13 40
13 41
13 42
13 45
13 53
13 61
13 69
13 70
13 95
13 114
13 116
13 120
13 126
13 134
13 137
13 149
13 161
13 162
13 166
13 194
13 199
13 200
13 202
13 208
13 210
13 215
13 218
13 220
13 221
13 225
13 227
13 232
13 255
13 266
13 267
13 270
13 273
13 277
13 278
13 280
13 286
13 287
13 289
13 292
13 296
14 15
14 21
14 28
14 38
14 40
14 46
14 49
14 59
14 64
14 65
14 87
14 89
14 90
14 91
14 93
14 102
14 104
14 105
14 107
14 108
14 125
14 131
14 132
14 133
14 137
14 141
14 142
14 149
14 159
14 160
14 166
14 167
14 171
14 184
14 203
14 205
14 212
14 218
14 221
14 224
14 226
14 242
14 245
14 250
14 261
14 263
14 274
14 289
14 299
15 22
15 27
15 29
15 39
15 44
15 65
15 68
15 80
15 87
15 90
15 92
15 95
15 101
15 108
15 109
15 111
15 142
15 143
15 158
15 171
15 172
15 173
15 176
15 178
15 179
15 181
15 189
15 190
15 199
15 201
15 202
15 205
15 210
15 211
15 213
15 218
15 219
15 226
15 227
15 240
15 250
15 260
15 262
15 267
15 269
15 273
15 282
15 284
15 287
15 289
15 293
16 18
16 20
16 27
16 30
16 43
16 44
16 46
16 56
16 57
16 58
16 61
16 64
16 69
16 72
16 76
16 82
16 87
16 93
16 101
16 103
16 105
16 110
16 118
16 135
16 136
16 139
16 142
16 145
16 155
16 157
16 159
16 161
16 171
16 176
16 178
16 182
16 185
16 195
16 199
16 204
16 206
16 208
16 224
16 232
16 233
16 235
16 250
16 252
16 254
16 258
16 263
16 269
16 273
16 275
16 279
16 283
16 284
16 287
16 289
16 298
17 21
17 24
17 28
17 29
17 30
17 38
17 43
17 44
17 51
17 53
17 56
17 63
17 64
17 67
17 78
17 81
17 85
17 89
17 93
17 94
17 99
17 129
17 139
17 146
17 150
17 155
17 164
17 166
17 178
17 180
17 190
17 205
17 210
17 213
17 215
17 239
17 245
17 250
17 252
17 265
17 269
17 271
17 272
17 275
17 285
17 291
17 296
17 299
18 21
18 24
18 26
18 28
18 31
18 33
18 35
18 39
18 44
18 49
18 55
18 57
18 64
18 66
18 73
18 75
18 84
18 87
18 89
18 92
18 104
18 105
18 106
18 110
18 113
18 124
18 141
18 148
18 155
18 163
18 168
18 171
18 178
18 179
18 185
18 191
18 204
18 210
18 215
18 227
18 229
18 232
18 243
18 245
18 253
18 254
18 261
18 266
18 270
18 284
18 286
18 287
18 288
18 291
18 293
19 20
19 28
19 37
19 43
19 60
19 63
19 71
19 77
19 78
19 80
19 84
19 104
19 115
19 116
19 117
19 119
19 120
19 121
19 123
19 124
19 125
19 128
19 142
19 147
19 149
19 153
19 154
19 155
19 156
19 159
19 165
19 166
19 168
19 175
19 177
19 179
19 188
19 194
19 196
19 207
19 210
19 213
19 215
19 218
19 220
19 228
19 231
19 241
19 246
19 250
19 251
19 254
19 264
19 270
19 275
19 279
19 280
19 281
19 287
19 288
19 291
20 28
20 36
20 39
20 41
20 44
20 50
20 51
20 55
20 57
20 64
20 77
20 79
20 87
20 88
20 91
20 93
20 97
20 100
20 106
20 107
20 110
20 115
20 120
20 122
20 123
20 132
20 136
20 138
20 142
20 145
20 147
20 151
20 153
20 164
20 167
20 170
20 177
20 182
20 185
20 209
20 212
20 214
20 216
20 219
20 220
20 228
20 249
20 255
20 259
20 266
20 270
20 289
20 293
20 299
21 23
21 26
21 30
21 31
21 39
21 45
21 48
21 50
21 57
21 62
21 64
21 68
21 89
21 91
21 97
21 99
21 101
21 105
21 106
21 110
21 112
21 122
21 123
21 127
21 129
21 130
21 140
21 153
21 163
21 165
21 171
21 175
21 178
21 189
21 190
21 195
21 202
21 203
21 204
21 208
21 212
21 215
21 219
21 221
21 225
21 233
21 235
21 237
21 238
21 258
21 259
21 261
21 267
21 271
21 278
21 283
21 284
21 287
21 289
22 23
22 25
22 29
22 34
22 39
22 40
22 60
22 61
22 65
22 76
22 78
22 79
22 80
22 85
22 95
22 96
22 108
22 116
22 119
22 128
22 136
22 139
22 141
22 142
22 146
22 148
22 149
22 156
22 157
22 171
22 177
22 181
22 184
22 193
22 198
22 204
22 213
22 217
22 219
22 230
22 235
22 247
22 248
22 252
22 253
22 256
22 263
22 264
22 270
22 279
22 285
22 286
22 287
22 296
22 299
23 26
23 27
23 28
23 33
23 39
23 40
23 41
23 43
23 49
23 51
23 55
23 60
23 61
23 62
23 64
23 69
23 85
23 88
23 89
23 99
23 102
23 106
23 109
23 110
23 111
23 115
23 119
23 120
23 126
23 128
23 130
23 131
23 135
23 136
23 145
23 147
23 150
23 156
23 159
23 160
23 167
23 178
23 181
23 183
23 187
23 189
23 190
23 192
23 193
23 197
23 202
23 205
23 209
23 216
23 218
23 219
23 226
23 247
23 255
23 257
23 267
23 271
23 272
23 273
23 282
23 284
23 296
23 298
23 299
24 30
24 36
24 43
24 61
24 65
24 67
24 84
24 90
24 96
24 97
24 103
24 105
24 107
24 123
24 128
24 131
24 132
24 133
24 136
24 140
24 149
24 154
24 171
24 175
24 180
24 190
24 194
24 195
24 203
24 210
24 212
24 221
24 228
24 234
24 235
24 246
24 247
24 249
24 256
24 261
24 263
24 266
24 273
24 279
24 280
24 289
24 294
24 295
24 297
25 34
25 35
25 36
25 47
25 49
25 50
25 52
25 57
25 61
25 70
25 78
25 96
25 99
25 101
25 110
25 114
25 116
25 120
25 126
25 128
25 133
25 143
25 145
25 149
25 158
25 159
25 164
25 165
25 191
25 197
25 198
25 203
25 219
25 221
25 230
25 232
25 238
25 243
25 250
25 252
25 256
25 258
25 261
25 264
25 279
25 280
25 282
25 285
25 286
25 298
26 27
26 36
26 40
26 43
26 45
26 47
26 48
26 52
26 53
26 64
26 67
26 80
26 83
26 85
26 90
26 91
26 95
26 100
26 116
26 117
26 121
26 130
26 131
26 134
26 135
26 145
26 148
26 157
26 162
26 164
26 180
26 181
26 186
26 191
26 194
26 196
26 200
26 201
26 202
26 205
26 211
26 219
26 228
26 229
26 232
26 233
26 235
26 254
26 260
26 266
26 279
26 280
26 287
26 289
26 297
27 29
27 33
27 38
27 43
27 44
27 48
27 49
27 51
27 52
27 60
27 61
27 67
27 70
27 75
27 77
27 83
27 101
27 106
27 108
27 109
27 112
27 113
27 117
27 118
27 120
27 135
27 136
27 137
27 140
27 142
27 154
27 163
27 172
27 180
27 188
27 190
27 194
27 196
27 200
27 201
27 205
27 219
27 227
27 235
27 236
27 245
27 249
27 256
27 261
27 265
27 269
27 284
27 298
28 35
28 37
28 43
28 55
28 57
28 61
28 65
28 77
28 92
28 95
28 97
28 98
28 102
28 107
28 110
28 122
28 131
28 133
28 137
28 138
28 148
28 155
28 156
28 161
28 187
28 201
28 211
28 215
28 216
28 220
28 225
28 227
28 228
28 234
28 237
28 238
28 240
28 243
28 245
28 248
28 251
28 252
28 258
28 260
28 264
28 266
28 271
28 282
28 284
28 287
28 289
28 294
28 297
28 299
29 33
29 34
29 39
29 43
29 52
29 62
29 67
29 73
29 88
29 92
29 93
29 95
29 97
29 99
29 102
29 104
29 112
29 118
29 124
29 129
29 132
29 133
29 140
29 147
29 158
29 168
29 174
29 177
29 184
29 187
29 191
29 194
29 198
29 214
29 228
29 229
29 233
29 243
29 244
29 249
29 250
29 260
29 262
29 267
29 269
29 274
29 285
29 291
29 298
30 31
30 33
30 37
30 38
30 45
30 50
30 54
30 58
30 71
30 80
30 90
30 98
30 109
30 110
30 111
30 115
30 120
30 125
30 140
30 141
30 151
30 157
30 159
30 160
30 172
30 186
30 189
30 195
30 198
30 200
30 202
30 203
30 207
30 209
30 210
30 211
30 213
30 221
30 229
30 232
30 235
30 242
30 244
30 248
30 252
30 253
30 254
30 255
30 262
30 263
30 264
30 266
30 268
30 275
30 281
30 283
30 284
30 286
30 290
30 294
30 295
30 297
31 35
31 44
31 48
31 51
31 52
31 53
31 59
31 60
31 62
31 64
31 65
31 69
31 74
31 77
31 83
31 87
31 95
31 96
31 101
31 104
31 111
31 117
31 123
31 124
31 135
31 136
31 165
31 167
31 168
31 173
31 174
31 183
31 184
31 189
31 193
31 195
31 196
31 198
31 203
31 206
31 212
31 234
31 236
31 237
31 241
31 246
31 247
31 259
31 264
31 265
31 266
31 269
31 283
31 285
31 294
32 43
32 54
32 58
32 63
32 68
32 74
32 79
32 80
32 82
32 87
32 96
32 97
32 99
32 102
32 115
32 117
32 120
32 124
32 127
32 131
32 132
32 143
32 144
32 146
32 154
32 155
32 156
32 158
32 161
32 163
32 165
32 176
32 177
32 178
32 179
32 181
32 183
32 184
32 186
32 188
32 189
32 192
32 193
32 202
32 206
32 211
32 221
32 222
32 228
32 231
32 245
32 247
32 252
32 254
32 258
32 259
32 266
32 268
32 272
32 275
32 282
32 283
32 287
32 292
32 299
33 36
33 46
33 47
33 48
33 52
33 53
33 54
33 65
33 68
33 81
33 87
33 88
33 91
33 99
33 102
33 108
33 109
33 110
33 122
33 134
33 139
33 140
33 148
33 157
33 169
33 175
33 180
33 186
33 188
33 191
33 193
33 206
33 208
33 211
33 218
33 219
33 222
33 225
33 255
33 258
33 270
33 272
33 273
33 274
33 284
33 286
33 289
33 292
33 299
34 38
34 42
34 52
34 58
34 60
34 61
34 62
34 70
34 75
34 76
34 91
34 96
34 100
34 103
34 107
34 109
34 114
34 119
34 155
34 159
34 164
34 169
34 171
34 185
34 190
34 196
34 208
34 214
34 215
34 235
34 239
34 240
34 242
34 243
34 246
34 249
34 253
34 256
34 259
34 264
34 269
34 275
34 278
34 284
34 286
34 289
34 290
34 292
35 36
35 43
35 46
35 47
35 53
35 72
35 73
35 84
35 90
35 95
35 98
35 108
35 110
35 113
35 116
35 119
35 125
35 126
35 129
35 136
35 142
35 147
35 149
35 150
35 155
35 157
35 160
35 166
35 168
35 169
35 171
35 179
35 184
35 185
35 187
35 195
35 201
35 209
35 210
35 223
35 226
35 242
35 250
35 252
35 261
35 273
35 275
35 288
35 289
35 293
35 294
36 42
36 48
36 53
36 83
36 94
36 95
36 113
36 128
36 129
36 131
36 133
36 134
36 147
36 166
36 170
36 174
36 175
36 190
36 194
36 196
36 197
36 202
36 206
36 221
36 225
36 227
36 228
36 230
36 233
36 242
36 244
36 246
36 247
36 249
36 251
36 254
36 255
36 274
36 275
36 284
36 287
36 298
36 299
37 52
37 54
37 61
37 74
37 75
37 78
37 80
37 87
37 89
37 91
37 93
37 99
37 115
37 123
37 127
37 132
37 135
37 140
37 147
37 148
37 149
37 157
37 164
37 165
37 168
37 175
37 178
37 181
37 192
37 195
37 204
37 214
37 225
37 227
37 232
37 235
37 241
37 251
37 252
37 270
37 278
37 294
37 297
37 298
38 41
38 43
38 50
38 54
38 56
38 58
38 65
38 67
38 69
38 74
38 77
38 90
38 99
38 102
38 104
38 105
38 116
38 117
38 122
38 129
38 133
38 135
38 141
38 147
38 157
38 159
38 166
38 173
38 176
38 181
38 187
38 190
38 195
38 199
38 203
38 204
38 210
38 214
38 221
38 226
38 227
38 235
38 238
38 241
38 255
38 260
38 275
38 276
38 278
38 280
38 282
38 288
38 291
39 40
39 59
39 64
39 66
39 70
39 75
39 76
39 81
39 84
39 88
39 97
39 99
39 103
39 106
39 107
39 110
39 113
39 115
39 122
39 127
39 131
39 138
39 153
39 160
39 176
39 178
39 183
39 186
39 189
39 193
39 197
39 202
39 207
39 209
39 210
39 211
39 216
39 217
39 222
39 223
39 233
39 241
39 254
39 259
39 260
39 261
39 265
39 269
39 272
39 285
39 290
40 45
40 56
40 65
40 69
40 79
40 110
40 111
40 119
40 120
40 130
40 148
40 160
40 164
40 175
40 182
40 190
40 199
40 209
40 210
40 214
40 221
40 231
40 243
40 244
40 245
40 248
40 250
40 265
40 275
40 281
40 292
40 294
40 296
40 299
41 43
41 48
41 50
41 55
41 57
41 64
41 66
41 79
41 81
41 87
41 88
41 97
41 98
41 99
41 101
41 122
41 131
41 134
41 140
41 141
41 144
41 151
41 153
41 163
41 175
41 176
41 180
41 183
41 191
41 192
41 194
41 201
41 210
41 214
41 226
41 231
41 232
41 239
41 241
41 250
41 251
41 257
41 258
41 262
41 266
41 269
41 287
41 288
41 296
41 297
42 45
42 47
42 50
42 69
42 72
42 79
42 82
42 83
42 87
42 89
42 90
42 95
42 100
42 103
42 106
42 110
42 117
42 122
42 128
42 134
42 141
42 147
42 148
42 154
42 165
42 172
42 174
42 177
42 185
42 186
42 189
42 191
42 194
42 196
42 204
42 216
42 219
42 225
42 229
42 236
42 241
42 248
42 249
42 251
42 255
42 265
42 266
42 268
42 269
42 286
42 292
42 298
42 299
43 45
43 47
43 53
43 55
43 56
43 58
43 68
43 69
43 74
43 79
43 84
43 87
43 88
43 94
43 98
43 104
43 108
43 111
43 117
43 121
43 123
43 133
43 141
43 143
43 156
43 167
43 170
43 173
43 180
43 186
43 193
43 194
43 196
43 201
43 204
43 208
43 213
43 229
43 235
43 236
43 238
43 244
43 249
43 256
43 260
43 263
43 268
43 282
43 289
44 56
44 62
44 65
44 68
44 78
44 79
44 81
44 82
44 85
44 93
44 100
44 104
44 116
44 118
44 127
44 133
44 143
44 147
44 150
44 162
44 163
44 175
44 179
44 181
44 184
44 189
44 190
44 193
44 199
44 200
44 206
44 209
44 212
44 216
44 217
44 218
44 221
44 223
44 229
44 230
44 234
44 238
44 239
44 240
44 246
44 248
44 262
44 263
44 268
44 274
44 279
44 280
44 288
44 296
44 299
45 50
45 51
45 56
45 64
45 65
45 75
45 78
45 81
45 83
45 84
45 86
45 88
45 97
45 98
45 104
45 105
45 108
45 109
45 120
45 121
45 124
45 125
45 128
45 129
45 133
45 139
45 147
45 149
45 150
45 158
45 160
45 170
45 176
45 177
45 192
45 196
45 197
45 202
45 203
45 205
45 217
45 224
45 227
45 233
45 240
45 252
45 254
45 255
45 261
45 262
45 273
45 280
45 282
45 287
45 296
45 297
46 48
46 54
46 57
46 58
46 59
46 71
46 73
46 76
46 77
46 79
46 80
46 81
46 95
46 97
46 98
46 109
46 111
46 113
46 115
46 117
46 122
46 126
46 130
46 131
46 135
46 136
46 138
46 143
46 152
46 165
46 174
46 184
46 189
46 191
46 194
46 196
46 201
46 203
46 209
46 213
46 214
46 220
46 224
46 232
46 235
46 240
46 243
46 246
46 254
46 256
46 257
46 258
46 259
46 268
46 272
46 277
46 279
46 287
46 290
46 291
46 292
46 294
46 296
47 55
47 59
47 61
47 63
47 72
47 76
47 77
47 80
47 81
47 86
47 87
47 88
47 91
47 92
47 94
47 102
47 104
47 106
47 111
47 113
47 115
47 119
47 120
47 121
47 123
47 129
47 133
47 136
47 137
47 142
47 145
47 153
47 155
47 156
47 157
47 160
47 162
47 170
47 172
47 174
47 177
47 178
47 190
47 191
47 196
47 203
47 207
47 208
47 213
47 224
47 237
47 238
47 247
47 249
47 251
47 263
47 268
47 270
47 276
47 280
47 283
47 286
47 291
47 293
48 56
48 62
48 66
48 74
48 80
48 90
48 91
48 95
48 96
48 98
48 101
48 106
48 111
48 112
48 123
48 135
48 136
48 137
48 140
48 144
48 149
48 151
48 154
48 172
48 176
48 181
48 189
48 192
48 200
48 204
48 207
48 209
48 210
48 218
48 230
48 236
48 241
48 245
48 251
48 253
48 258
48 264
48 265
48 266
48 268
48 272
48 277
48 298
49 50
49 51
49 57
49 59
49 72
49 73
49 76
49 80
49 82
49 85
49 86
49 92
49 95
49 97
49 103
49 107
49 113
49 115
49 121
49 141
49 147
49 152
49 153
49 154
49 157
49 159
49 160
49 166
49 170
49 172
49 177
49 179
49 184
49 185
49 190
49 197
49 202
49 210
49 215
49 219
49 231
49 239
49 245
49 246
49 248
49 254
49 256
49 262
49 263
49 268
49 269
49 284
49 291
49 292
49 293
50 51
50 57
50 64
50 66
50 68
50 71
50 82
50 89
50 95
50 99
50 100
50 102
50 107
50 119
50 121
50 131
50 132
50 142
50 153
50 156
50 172
50 174
50 175
50 176
50 182
50 191
50 197
50 200
50 202
50 203
50 213
50 218
50 238
50 243
50 248
50 251
50 252
50 256
50 258
50 259
50 268
50 274
50 280
50 288
50 295
51 52
51 59
51 62
51 65
51 71
51 72
51 84
51 86
51 94
51 100
51 101
51 109
51 118
51 125
51 127
51 132
51 147
51 148
51 150
51 155
51 157
51 159
51 160
51 164
51 169
51 181
51 188
51 191
51 198
51 202
51 206
51 212
51 218
51 230
51 233
51 234
51 236
51 249
51 250
51 251
51 256
51 258
51 260
51 264
51 267
51 269
51 271
51 290
51 292
51 297
52 54
52 58
52 70
52 75
52 76
52 80
52 92
52 100
52 101
52 102
52 103
52 117
52 119
52 129
52 133
52 134
52 137
52 144
52 145
52 146
52 148
52 156
52 159
52 160
52 161
52 164
52 172
52 187
52 193
52 194
52 196
52 197
52 198
52 205
52 217
52 221
52 234
52 237
52 243
52 244
52 253
52 257
52 262
52 265
52 270
52 271
52 273
52 277
52 283
52 284
52 285
52 287
52 292
52 296
53 72
53 75
53 77
53 83
53 86
53 87
53 99
53 101
53 105
53 106
53 107
53 108
53 110
53 119
53 125
53 127
53 128
53 131
53 134
53 137
53 141
53 144
53 150
53 151
53 152
53 158
53 160
53 168
53 183
53 193
53 203
53 206
53 208
53 210
53 216
53 223
53 233
53 235
53 236
53 238
53 239
53 241
53 244
53 247
53 248
53 249
53 256
53 259
53 267
53 269
53 274
53 287
53 288
53 297
54 57
54 60
54 78
54 94
54 103
54 111
54 112
54 119
54 125
54 126
54 131
54 136
54 142
54 143
54 153
54 156
54 157
54 162
54 168
54 169
54 171
54 181
54 185
54 187
54 194
54 195
54 203
54 205
54 206
54 210
54 215
54 218
54 224
54 226
54 238
54 239
54 242
54 244
54 247
54 255
54 256
54 259
54 260
54 268
54 270
54 276
54 279
54 285
54 287
54 288
54 289
54 290
54 295
54 297
55 63
55 66
55 68
55 75
55 76
55 79
55 82
55 84
55 92
55 93
55 96
55 99
55 101
55 108
55 109
55 118
55 131
55 146
55 147
55 152
55 153
55 175
55 179
55 181
55 182
55 189
55 199
55 202
55 206
55 208
55 214
55 219
55 221
55 223
55 224
55 230
55 234
55 240
55 248
55 252
55 258
55 264
55 276
55 298
55 299
56 58
56 66
56 76
56 84
56 102
56 106
56 113
56 128
56 130
56 134
56 151
56 152
56 154
56 156
56 157
56 170
56 173
56 182
56 188
56 189
56 193
56 196
56 201
56 204
56 205
56 210
56 215
56 222
56 223
56 228
56 230
56 231
56 234
56 235
56 237
56 240
56 247
56 254
56 256
56 267
56 270
56 272
56 273
56 277
56 286
56 287
56 295
56 297
56 298
57 58
57 69
57 72
57 85
57 89
57 94
57 96
57 98
57 104
57 126
57 130
57 142
57 156
57 160
57 165
57 171
57 176
57 181
57 185
57 188
57 207
57 209
57 213
57 224
57 226
57 227
57 229
57 230
57 232
57 234
57 237
57 239
57 246
57 251
57 252
57 255
57 257
57 269
57 283
57 285
57 290
58 59
58 65
58 71
58 76
58 81
58 84
58 86
58 91
58 93
58 99
58 102
58 106
58 114
58 116
58 124
58 135
58 144
58 145
58 151
58 155
58 157
58 165
58 166
58 171
58 172
58 173
58 175
58 176
58 179
58 181
58 191
58 200
58 202
58 206
58 210
58 211
58 219
58 224
58 228
58 239
58 248
58 252
58 255
58 262
58 267
58 269
58 271
58 281
58 284
58 295
59 60
59 64
59 65
59 69
59 72
59 74
59 76
59 78
59 82
59 83
59 85
59 86
59 90
59 93
59 97
59 106
59 110
59 113
59 115
59 117
59 128
59 130
59 131
59 133
59 135
59 138
59 143
59 145
59 150
59 151
59 152
59 153
59 155
59 157
59 162
59 167
59 168
59 176
59 183
59 196
59 197
59 202
59 204
59 216
59 218
59 220
59 222
59 226
59 236
59 239
59 241
59 242
59 244
59 252
59 254
59 255
59 256
59 258
59 259
59 266
59 276
59 279
59 280
59 282
59 284
59 286
60 62
60 63
60 88
60 94
60 95
60 97
60 106
60 107
60 108
60 116
60 119
60 123
60 125
60 127
60 134
60 148
60 151
60 152
60 154
60 155
60 156
60 160
60 161
60 172
60 177
60 182
60 184
60 191
60 193
60 200
60 208
60 209
60 220
60 225
60 232
60 233
60 237
60 239
60 243
60 244
60 245
60 247
60 248
60 249
60 252
60 258
60 263
60 270
60 293
60 294
61 64
61 66
61 74
61 79
61 85
61 98
61 99
61 100
61 101
61 102
61 114
61 118
61 120
61 133
61 145
61 146
61 148
61 150
61 151
61 157
61 158
61 162
61 166
61 168
61 176
61 180
61 189
61 190
61 195
61 212
61 215
61 222
61 227
61 236
61 242
61 243
61 251
61 254
61 258
61 263
61 270
61 274
61 286
61 290
61 293
61 296
61 298
62 65
62 71
62 72
62 74
62 78
62 84
62 87
62 91
62 94
62 95
62 97
62 112
62 121
62 126
62 131
62 134
62 135
62 144
62 149
62 155
62 159
62 161
62 169
62 173
62 179
62 182
62 185
62 189
62 193
62 202
62 204
62 205
62 212
62 213
62 227
62 229
62 231
62 233
62 244
62 245
62 246
62 254
62 255
62 256
62 262
62 263
62 268
62 298
63 73
63 82
63 91
63 93
63 97
63 106
63 112
63 116
63 118
63 129
63 131
63 133
63 134
63 136
63 137
63 139
63 144
63 147
63 154
63 161
63 165
63 166
63 167
63 173
63 181
63 182
63 187
63 190
63 194
63 200
63 201
63 205
63 207
63 209
63 217
63 224
63 233
63 234
63 236
63 237
63 265
63 267
63 269
63 272
63 286
63 287
63 293
64 72
64 74
64 80
64 81
64 84
64 90
64 94
64 105
64 112
64 116
64 123
64 127
64 142
64 143
64 145
64 155
64 171
64 172
64 174
64 176
64 179
64 184
64 206
64 210
64 215
64 216
64 219
64 224
64 227
64 232
64 238
64 243
64 253
64 254
64 263
64 266
64 268
64 274
64 281
64 282
64 289
64 290
64 295
64 296
64 299
65 68
65 70
65 72
65 76
65 80
65 88
65 93
65 99
65 101
65 104
65 108
65 109
65 117
65 121
65 124
65 131
65 134
65 141
65 149
65 153
65 154
65 162
65 163
65 169
65 176
65 183
65 198
65 221
65 222
65 230
65 233
65 235
65 237
65 238
65 242
65 243
65 248
65 249
65 253
65 261
65 264
65 271
65 272
65 275
65 288
65 293
65 295
65 297
66 74
66 89
66 90
66 92
66 93
66 94
66 109
66 115
66 119
66 120
66 126
66 127
66 128
66 156
66 166
66 172
66 173
66 179
66 194
66 195
66 199
66 203
66 204
66 222
66 226
66 227
66 254
66 256
66 266
66 273
66 283
66 284
66 287
66 289
66 291
66 294
67 69
67 70
67 73
67 77
67 82
67 92
67 93
67 94
67 101
67 106
67 107
67 111
67 112
67 127
67 132
67 134
67 138
67 139
67 156
67 157
67 158
67 177
67 186
67 188
67 190
67 193
67 206
67 208
67 209
67 213
67 218
67 222
67 227
67 232
67 242
67 245
67 246
67 250
67 251
67 257
67 262
67 277
67 279
67 288
67 298
68 73
68 77
68 78
68 85
68 90
68 91
68 98
68 99
68 106
68 109
68 112
68 114
68 116
68 117
68 118
68 119
68 120
68 126
68 127
68 129
68 156
68 158
68 159
68 160
68 161
68 164
68 167
68 180
68 185
68 200
68 207
68 209
68 214
68 220
68 226
68 229
68 232
68 238
68 242
68 243
68 247
68 251
68 258
68 260
68 262
68 265
68 274
68 285
68 290
68 293
68 295
68 296
68 298
69 72
69 78
69 79
69 80
69 92
69 99
69 104
69 105
69 114
69 115
69 116
69 117
69 121
69 128
69 129
69 130
69 132
69 133
69 135
69 136
69 140
69 155
69 160
69 165
69 172
69 173
69 190
69 193
69 199
69 200
69 202
69 205
69 208
69 211
69 213
69 218
69 234
69 240
69 242
69 254
69 255
69 265
69 269
69 273
69 283
69 284
69 293
70 71
70 73
70 74
70 77
70 79
70 83
70 85
70 97
70 98
70 100
70 101
70 110
70 114
70 117
70 119
70 126
70 142
70 153
70 154
70 158
70 161
70 163
70 164
70 165
70 171
70 172
70 174
70 186
70 191
70 192
70 200
70 203
70 206
70 210
70 223
70 224
70 227
70 231
70 240
70 244
70 250
70 251
70 260
70 264
70 269
70 270
70 272
70 276
70 287
70 292
70 293
70 295
70 299
71 78
71 85
71 87
71 88
71 89
71 93
71 95
71 101
71 106
71 113
71 114
71 119
71 120
71 128
71 129
71 130
71 133
71 138
71 142
71 147
71 150
71 152
71 156
71 159
71 163
71 164
71 166
71 167
71 168
71 174
71 177
71 179
71 183
71 184
71 187
71 190
71 201
71 210
71 214
71 217
71 222
71 225
71 227
71 237
71 239
71 250
71 256
71 257
71 261
71 265
71 270
71 271
71 276
71 284
71 296
72 78
72 81
72 86
72 87
72 90
72 98
72 103
72 105
72 120
72 122
72 123
72 127
72 131
72 137
72 138
72 142
72 145
72 148
72 151
72 155
72 160
72 162
72 172
72 173
72 186
72 195
72 201
72 205
72 208
72 211
72 212
72 219
72 227
72 246
72 249
72 251
72 256
72 257
72 258
72 261
72 266
72 271
72 275
72 279
72 281
72 282
72 287
72 290
72 298
73 84
73 90
73 91
73 96
73 97
73 101
73 105
73 106
73 108
73 112
73 116
73 128
73 129
73 134
73 137
73 143
73 151
73 153
73 154
73 155
73 156
73 158
73 160
73 161
73 163
73 169
73 177
73 178
73 185
73 186
73 187
73 189
73 190
73 208
73 209
73 220
73 227
73 229
73 235
73 236
73 237
73 243
73 247
73 256
73 265
73 266
73 269
73 270
73 273
73 276
73 280
73 281
73 289
73 290
73 294
74 75
74 82
74 83
74 106
74 112
74 113
74 114
74 117
74 118
74 121
74 122
74 123
74 129
74 131
74 134
74 138
74 142
74 150
74 151
74 157
74 164
74 169
74 173
74 186
74 187
74 188
74 191
74 194
74 196
74 199
74 201
74 202
74 219
74 221
74 222
74 237
74 246
74 251
74 268
74 269
74 274
74 281
74 282
74 285
75 94
75 95
75 98
75 102
75 103
75 106
75 113
75 125
75 126
75 141
75 153
75 154
75 165
75 166
75 168
75 178
75 181
75 186
75 192
75 206
75 207
75 218
75 222
75 240
75 244
75 250
75 251
75 254
75 256
75 262
75 273
75 280
75 282
76 77
76 86
76 88
76 89
76 105
76 111
76 117
76 124
76 128
76 129
76 132
76 133
76 137
76 140
76 141
76 146
76 154
76 160
76 161
76 172
76 174
76 183
76 186
76 187
76 191
76 196
76 199
76 200
76 204
76 209
76 212
76 213
76 219
76 220
76 231
76 238
76 247
76 249
76 250
76 253
76 255
76 256
76 259
76 261
76 266
76 278
76 279
76 291
76 293
76 296
77 78
77 87
77 94
77 104
77 105
77 110
77 119
77 120
77 134
77 138
77 142
77 145
77 147
77 149
77 152
77 157
77 159
77 160
77 167
77 177
77 183
77 189
77 195
77 197
77 201
77 204
77 218
77 225
77 227
77 237
77 254
77 255
77 258
77 263
77 267
77 273
77 278
77 281
77 286
77 294
78 93
78 94
78 95
78 100
78 101
78 110
78 116
78 117
78 119
78 123
78 125
78 131
78 150
78 157
78 163
78 164
78 165
78 171
78 172
78 175
78 179
78 187
78 190
78 192
78 199
78 202
78 206
78 213
78 214
78 215
78 218
78 221
78 229
78 230
78 237
78 239
78 251
78 255
78 266
78 272
78 278
78 282
78 288
79 80
79 88
79 96
79 99
79 102
79 104
79 109
79 110
79 118
79 121
79 126
79 139
79 140
79 143
79 145
79 147
79 158
79 160
79 161
79 170
79 171
79 188
79 189
79 196
79 200
79 212
79 215
79 222
79 223
79 227
79 229
79 231
79 237
79 239
79 246
79 250
79 253
79 254
79 255
79 264
79 265
79 267
79 276
79 281
79 283
79 284
79 295
80 83
80 84
80 85
80 96
80 110
80 111
80 119
80 120
80 121
80 122
80 124
80 127
80 132
80 150
80 153
80 163
80 168
80 172
80 174
80 184
80 191
80 194
80 195
80 197
80 201
80 208
80 219
80 223
80 226
80 231
80 233
80 237
80 238
80 244
80 252
80 255
80 257
80 259
80 269
80 273
80 274
80 287
80 288
80 289
80 293
80 296
80 297
80 298
81 83
81 85
81 94
81 100
81 105
81 111
81 117
81 125
81 137
81 144
81 145
81 155
81 157
81 159
81 170
81 172
81 174
81 175
81 196
81 200
81 204
81 211
81 218
81 224
81 236
81 238
81 247
81 249
81 260
81 262
81 270
81 273
81 274
81 289
81 294
81 296
81 299
82 88
82 90
82 95
82 100
82 103
82 105
82 109
82 110
82 112
82 115
82 117
82 119
82 123
82 128
82 134
82 136
82 137
82 139
82 144
82 146
82 157
82 158
82 160
82 174
82 177
82 180
82 183
82 184
82 186
82 198
82 204
82 205
82 208
82 215
82 216
82 220
82 226
82 228
82 232
82 233
82 234
82 239
82 248
82 259
82 263
82 265
82 273
82 277
82 280
82 282
82 287
82 292
82 293
82 294
82 295
82 297
82 298
83 89
83 93
83 100
83 102
83 112
83 113
83 115
83 116
83 126
83 146
83 147
83 148
83 149
83 164
83 167
83 169
83 173
83 174
83 177
83 183
83 187
83 190
83 195
83 200
83 214
83 218
83 228
83 230
83 236
83 243
83 249
83 251
83 252
83 256
83 262
83 263
83 268
83 279
83 281
83 284
83 285
83 290
83 292
83 297
84 87
84 90
84 91
84 95
84 99
84 109
84 112
84 115
84 117
84 119
84 122
84 124
84 125
84 137
84 144
84 154
84 159
84 161
84 166
84 168
84 182
84 184
84 185
84 193
84 195
84 200
84 222
84 224
84 231
84 232
84 251
84 259
84 266
84 268
84 273
84 279
84 281
84 290
84 292
84 298
85 89
85 90
85 92
85 103
85 112
85 121
85 136
85 144
85 148
85 157
85 164
85 168
85 171
85 180
85 194
85 206
85 219
85 220
85 228
85 233
85 239
85 258
85 259
85 268
85 288
85 289
86 93
86 94
86 107
86 108
86 118
86 121
86 122
86 124
86 126
86 127
86 132
86 134
86 135
86 139
86 140
86 143
86 145
86 155
86 158
86 189
86 195
86 200
86 205
86 211
86 213
86 215
86 217
86 237
86 252
86 257
86 258
86 262
86 267
86 274
86 277
86 284
86 285
86 289
86 299
87 88
87 96
87 100
87 103
87 111
87 113
87 114
87 119
87 121
87 127
87 129
87 135
87 141
87 144
87 148
87 150
87 153
87 161
87 173
87 174
87 176
87 180
87 181
87 183
87 184
87 189
87 190
87 195
87 203
87 222
87 224
87 230
87 233
87 237
87 241
87 244
87 258
87 265
87 266
87 271
87 285
87 296
88 93
88 105
88 107
88 110
88 112
88 115
88 143
88 144
88 150
88 160
88 175
88 181
88 188
88 195
88 196
88 201
88 206
88 218
88 220
88 244
88 247
88 249
88 262
88 263
88 265
88 268
88 272
88 283
88 290
88 291
88 292
88 295
88 299
89 96
89 107
89 121
89 122
89 126
89 139
89 149
89 152
89 158
89 159
89 175
89 190
89 191
89 195
89 197
89 199
89 203
89 206
89 211
89 213
89 224
89 225
89 227
89 229
89 230
89 244
89 249
89 253
89 273
89 275
89 278
89 279
89 281
89 282
89 283
89 284
89 286
90 109
90 116
90 125
90 130
90 134
90 137
90 141
90 146
90 148
90 153
90 155
90 165
90 179
90 184
90 192
90 198
90 202
90 204
90 210
90 223
90 225
90 231
90 238
90 242
90 252
90 254
90 265
90 269
90 278
90 280
90 283
90 286
90 289
90 290
90 293
91 101
91 105
91 114
91 115
91 125
91 130
91 132
91 146
91 148
91 152
91 156
91 158
91 162
91 165
91 167
91 168
91 169
91 170
91 172
91 177
91 182
91 183
91 184
91 196
91 200
91 201
91 203
91 206
91 213
91 217
91 224
91 225
91 228
91 232
91 233
91 245
91 259
91 260
91 268
91 276
91 280
91 284
91 296
91 297
91 298
92 94
92 111
92 112
92 113
92 120
92 122
92 131
92 132
92 134
92 135
92 138
92 143
92 145
92 150
92 152
92 163
92 166
92 175
92 186
92 189
92 200
92 202
92 211
92 222
92 228
92 240
92 254
92 266
92 268
92 276
92 283
92 291
93 107
93 109
93 119
93 122
93 124
93 131
93 134
93 136
93 151
93 153
93 156
93 162
93 164
93 168
93 188
93 190
93 197
93 201
93 205
93 206
93 208
93 216
93 219
93 229
93 246
93 247
93 274
93 275
93 294
93 297
93 298
94 95
94 102
94 109
94 110
94 114
94 123
94 129
94 133
94 136
94 141
94 144
94 145
94 147
94 154
94 155
94 157
94 161
94 167
94 173
94 187
94 200
94 201
94 213
94 221
94 222
94 230
94 238
94 240
94 248
94 250
94 252
94 255
94 261
94 271
94 284
94 287
94 293
94 294
94 298
95 114
95 125
95 127
95 134
95 140
95 143
95 145
95 147
95 151
95 161
95 167
95 170
95 172
95 173
95 174
95 183
95 186
95 187
95 199
95 203
95 205
95 206
95 209
95 211
95 213
95 215
95 220
95 221
95 230
95 237
95 244
95 247
95 252
95 255
95 262
95 268
95 269
95 276
95 282
95 285
95 286
95 287
95 292
95 299
96 98
96 104
96 115
96 116
96 121
96 124
96 128
96 141
96 147
96 148
96 149
96 150
96 156
96 160
96 170
96 171
96 172
96 174
96 175
96 180
96 197
96 200
96 202
96 203
96 212
96 218
96 223
96 225
96 226
96 227
96 228
96 229
96 230
96 242
96 243
96 248
96 253
96 267
96 271
96 274
96 292
97 99
97 109
97 120
97 126
97 128
97 131
97 138
97 145
97 154
97 165
97 169
97 172
97 175
97 188
97 197
97 207
97 214
97 218
97 235
97 246
97 261
97 262
97 271
97 274
97 278
97 281
97 284
97 292
97 294
97 295
97 298
98 99
98 100
98 102
98 109
98 119
98 128
98 135
98 136
98 139
98 140
98 156
98 161
98 162
98 166
98 175
98 177
98 178
98 181
98 182
98 186
98 191
98 193
98 205
98 208
98 209
98 211
98 218
98 221
98 222
98 233
98 238
98 244
98 248
98 254
98 261
98 266
98 267
98 268
98 269
98 277
98 278
98 281
98 295
98 296
98 299
99 104
99 124
99 126
99 132
99 144
99 148
99 152
99 154
99 161
99 165
99 166
99 168
99 169
99 171
99 179
99 180
99 185
99 195
99 197
99 201
99 209
99 212
99 213
99 215
99 217
99 223
99 225
99 238
99 249
99 251
99 260
99 266
99 282
99 285
99 287
99 295
99 297
100 104
100 106
100 119
100 125
100 131
100 132
100 135
100 136
100 138
100 145
100 152
100 162
100 166
100 168
100 172
100 180
100 181
100 183
100 184
100 185
100 193
100 194
100 209
100 220
100 228
100 229
100 232
100 236
100 252
100 256
100 275
100 278
100 280
100 285
100 289
100 292
100 296
100 299
101 103
101 105
101 106
101 111
101 117
101 133
101 136
101 138
101 142
101 143
101 145
101 166
101 167
101 169
101 171
101 173
101 175
101 176
101 181
101 185
101 190
101 209
101 216
101 217
101 224
101 225
101 226
101 227
101 229
101 233
101 235
101 241
101 244
101 248
101 249
101 251
101 263
101 272
101 275
101 276
101 282
101 292
101 293
101 295
102 115
102 124
102 126
102 132
102 147
102 150
102 167
102 174
102 186
102 192
102 197
102 207
102 209
102 214
102 215
102 227
102 228
102 229
102 233
102 235
102 240
102 244
102 253
102 254
102 255
102 257
102 259
102 264
102 279
102 281
102 284
102 285
102 295
103 112
103 119
103 122
103 123
103 128
103 142
103 143
103 144
103 147
103 148
103 151
103 153
103 155
103 162
103 166
103 177
103 188
103 199
103 205
103 214
103 215
103 225
103 228
103 232
103 236
103 248
103 249
103 252
103 254
103 256
103 265
103 269
103 272
103 277
103 279
103 284
103 285
104 109
104 112
104 116
104 117
104 118
104 119
104 121
104 126
104 129
104 132
104 139
104 140
104 142
104 143
104 150
104 162
104 165
104 167
104 169
104 177
104 178
104 179
104 181
104 193
104 197
104 201
104 204
104 207
104 213
104 218
104 220
104 226
104 230
104 232
104 236
104 242
104 249
104 254
104 256
104 261
104 268
104 271
104 272
104 276
104 281
104 285
104 287
104 288
104 291
104 292
104 296
104 298
105 124
105 127
105 132
105 133
105 134
105 142
105 156
105 164
105 169
105 175
105 178
105 181
105 189
105 194
105 202
105 203
105 210
105 213
105 231
105 232
105 246
105 247
105 249
105 250
105 261
105 262
105 263
105 264
105 272
105 274
105 285
105 287
105 290
105 299
106 112
106 116
106 118
106 126
106 127
106 128
106 133
106 157
106 158
106 163
106 164
106 170
106 183
106 187
106 189
106 192
106 194
106 209
106 214
106 216
106 225
106 227
106 229
106 231
106 237
106 242
106 254
106 259
106 269
106 271
106 273
106 277
106 278
106 283
106 285
106 291
106 292
106 295
106 298
107 109
107 110
107 117
107 118
107 121
107 131
107 134
107 139
107 142
107 146
107 154
107 155
107 160
107 165
107 170
107 171
107 176
107 177
107 182
107 197
107 219
107 221
107 227
107 231
107 245
107 246
107 253
107 255
107 258
107 259
107 263
107 287
107 293
107 295
107 296
107 298
108 110
108 114
108 117
108 118
108 123
108 125
108 128
108 130
108 137
108 138
108 139
108 141
108 143
108 146
108 149
108 150
108 152
108 153
108 155
108 159
108 170
108 173
108 176
108 177
108 178
108 181
108 192
108 200
108 203
108 211
108 214
108 225
108 226
108 236
108 243
108 246
108 250
108 251
108 263
108 267
108 272
108 274
108 282
108 293
108 295
109 110
109 119
109 125
109 130
109 131
109 133
109 136
109 164
109 168
109 175
109 180
109 186
109 188
109 192
109 193
109 196
109 199
109 202
109 216
109 219
109 222
109 230
109 235
109 239
109 240
109 241
109 242
109 250
109 264
109 275
109 277
109 280
109 283
109 290
109 295
109 296
109 299
110 116
110 127
110 129
110 130
110 131
110 133
110 137
110 144
110 153
110 155
110 156
110 169
110 173
110 179
110 180
110 184
110 204
110 206
110 207
110 211
110 220
110 232
110 233
110 236
110 243
110 245
110 246
110 257
110 264
110 266
110 269
110 270
110 276
110 278
110 279
110 288
110 291
110 296
110 298
111 116
111 121
111 128
111 132
111 138
111 139
111 142
111 151
111 156
111 158
111 164
111 177
111 179
111 180
111 187
111 188
111 191
111 215
111 218
111 220
111 221
111 224
111 229
111 233
111 238
111 249
111 250
111 258
111 260
111 269
111 271
111 274
111 280
111 281
111 290
111 292
111 294
112 126
112 133
112 138
112 143
112 148
112 151
112 161
112 162
112 165
112 171
112 176
112 185
112 190
112 193
112 194
112 205
112 210
112 214
112 215
112 224
112 226
112 233
112 242
112 245
112 248
112 249
112 250
112 251
112 265
112 267
112 269
112 270
112 274
112 283
112 286
112 288
112 295
112 298
113 119
113 121
113 128
113 135
113 136
113 142
113 143
113 144
113 147
113 149
113 160
113 161
113 169
113 175
113 176
113 178
113 182
113 191
113 200
113 201
113 219
113 220
113 221
113 226
113 227
113 234
113 255
113 259
113 262
113 268
113 276
113 278
113 280
113 291
113 295
113 299
114 120
114 123
114 130
114 144
114 148
114 150
114 155
114 160
114 161
114 168
114 174
114 180
114 182
114 186
114 190
114 196
114 197
114 212
114 227
114 235
114 236
114 238
114 245
114 247
114 248
114 264
114 266
114 272
114 276
114 278
114 281
114 285
114 287
114 292
114 296
115 123
115 127
115 137
115 139
115 149
115 154
115 157
115 158
115 160
115 176
115 180
115 186
115 188
115 189
115 191
115 195
115 200
115 205
115 206
115 208
115 213
115 214
115 215
115 217
115 219
115 227
115 228
115 234
115 240
115 254
115 268
115 278
115 284
115 286
115 289
115 293
115 294
115 296
115 297
115 298
116 120
116 122
116 124
116 133
116 150
116 163
116 164
116 168
116 170
116 175
116 190
116 191
116 203
116 205
116 210
116 228
116 237
116 251
116 262
116 267
116 268
116 270
116 275
116 276
116 279
116 289
116 291
116 296
117 121
117 127
117 137
117 152
117 154
117 156
117 167
117 171
117 175
117 176
117 181
117 188
117 189
117 193
117 196
117 203
117 204
117 205
117 214
117 217
117 224
117 236
117 242
117 256
117 258
117 260
117 262
117 273
117 278
117 292
117 297
118 123
118 128
118 132
118 133
118 137
118 141
118 144
118 146
118 147
118 149
118 153
118 157
118 166
118 168
118 172
118 174
118 186
118 188
118 189
118 192
118 196
118 201
118 202
118 203
118 208
118 209
118 211
118 219
118 221
118 228
118 229
118 231
118 253
118 261
118 262
118 272
118 275
118 277
118 284
118 286
118 289
118 291
119 132
119 143
119 152
119 156
119 160
119 162
119 164
119 176
119 180
119 185
119 194
119 200
119 202
119 207
119 212
119 216
119 217
119 218
119 223
119 230
119 242
119 252
119 254
119 257
119 266
119 269
119 281
119 285
119 287
119 292
119 293
119 298
120 123
120 131
120 132
120 145
120 153
120 159
120 161
120 180
120 186
120 192
120 198
120 199
120 202
120 203
120 210
120 217
120 220
120 222
120 232
120 236
120 240
120 243
120 245
120 248
120 251
120 277
120 287
120 288
120 292
120 294
121 123
121 128
121 130
121 134
121 141
121 148
121 162
121 164
121 177
121 178
121 182
121 188
121 189
121 191
121 217
121 218
121 219
121 221
121 224
121 227
121 234
121 240
121 241
121 245
121 258
121 276
121 280
121 286
121 293
121 295
122 128
122 145
122 146
122 149
122 154
122 157
122 160
122 163
122 173
122 174
122 186
122 189
122 192
122 209
122 211
122 214
122 219
122 227
122 229
122 236
122 238
122 240
122 242
122 255
122 274
122 275
122 280
122 283
123 128
123 134
123 135
123 136
123 137
123 143
123 149
123 155
123 157
123 159
123 163
123 165
123 170
123 172
123 175
123 178
123 192
123 194
123 197
123 200
123 214
123 216
123 221
123 222
123 225
123 228
123 229
123 230
123 238
123 246
123 251
123 252
123 267
123 268
123 269
123 285
123 291
123 295
124 125
124 128
124 129
124 131
124 138
124 139
124 155
124 159
124 163
124 179
124 182
124 187
124 197
124 205
124 209
124 213
124 218
124 220
124 221
124 235
124 238
124 240
124 257
124 267
124 270
124 271
124 273
124 278
124 281
124 288
124 290
124 291
124 296
125 129
125 141
125 142
125 144
125 145
125 147
125 148
125 161
125 170
125 173
125 177
125 178
125 187
125 198
125 203
125 208
125 209
125 221
125 229
125 234
125 238
125 244
125 251
125 257
125 259
125 267
125 268
125 274
126 129
126 132
126 135
126 139
126 141
126 146
126 151
126 157
126 161
126 162
126 166
126 171
126 177
126 179
126 184
126 201
126 220
126 227
126 232
126 237
126 244
126 247
126 251
126 253
126 255
126 257
126 259
126 265
126 280
126 283
126 284
126 294
126 296
126 297
127 129
127 130
127 138
127 139
127 156
127 157
127 160
127 162
127 164
127 165
127 172
127 174
127 177
127 182
127 185
127 188
127 199
127 200
127 201
127 203
127 205
127 209
127 210
127 213
127 215
127 217
127 218
127 219
127 231
127 232
127 234
127 235
127 240
127 244
127 250
127 257
127 265
127 268
127 270
127 271
127 273
127 274
127 277
127 279
127 288
127 292
127 293
127 294
127 297
127 299
128 134
128 135
128 137
128 138
128 142
128 144
128 150
128 155
128 158
128 169
128 170
128 173
128 186
128 188
128 191
128 200
128 201
128 208
128 212
128 215
128 217
128 224
128 239
128 240
128 247
128 251
128 252
128 257
128 261
128 262
128 265
128 267
128 270
128 283
128 286
128 289
128 295
129 134
129 136
129 140
129 142
129 144
129 154
129 159
129 164
129 165
129 167
129 170
129 171
129 172
129 175
129 176
129 181
129 182
129 183
129 192
129 203
129 204
129 213
129 215
129 225
129 241
129 244
129 245
129 247
129 256
129 257
129 265
129 274
129 276
129 278
129 280
129 282
129 283
129 285
129 290
129 291
130 139
130 144
130 148
130 155
130 159
130 160
130 161
130 162
130 167
130 168
130 174
130 177
130 182
130 187
130 194
130 198
130 200
130 201
130 204
130 209
130 212
130 220
130 226
130 230
130 232
130 240
130 244
130 246
130 247
130 256
130 263
130 264
130 268
130 273
130 275
130 277
130 285
130 288
130 290
130 295
130 296
130 297
130 298
131 134
131 140
131 145
131 149
131 170
131 175
131 177
131 185
131 188
131 195
131 199
131 206
131 216
131 219
131 234
131 248
131 251
131 252
131 253
131 257
131 267
131 273
131 274
131 279
131 286
131 291
131 292
131 295
131 299
132 140
132 143
132 144
132 147
132 156
132 160
132 179
132 183
132 185
132 188
132 189
132 195
132 205
132 207
132 210
132 217
132 224
132 225
132 227
132 230
132 238
132 248
132 254
132 256
132 263
132 271
132 282
132 291
132 293
132 296
133 146
133 148
133 156
133 157
133 158
133 163
133 165
133 169
133 175
133 178
133 200
133 201
133 206
133 208
133 209
133 214
133 222
133 238
133 242
133 253
133 259
133 263
133 268
133 277
133 279
133 280
133 282
133 289
133 299
134 144
134 152
134 158
134 162
134 166
134 178
134 181
134 183
134 185
134 187
134 194
134 196
134 197
134 204
134 208
134 215
134 216
134 218
134 222
134 228
134 237
134 238
134 239
134 248
134 250
134 251
134 254
134 261
134 262
134 271
134 278
134 281
134 289
134 294
135 139
135 142
135 143
135 165
135 167
135 178
135 182
135 194
135 195
135 198
135 199
135 201
135 204
135 209
135 215
135 220
135 222
135 225
135 235
135 243
135 257
135 266
135 272
135 282
135 299
136 144
136 146
136 153
136 154
136 156
136 159
136 160
136 162
136 177
136 187
136 192
136 195
136 198
136 202
136 204
136 206
136 208
136 211
136 227
136 241
136 242
136 244
136 253
136 255
136 271
136 272
136 275
136 276
136 280
136 281
136 283
136 285
136 289
136 290
136 297
137 146
137 149
137 150
137 152
137 153
137 156
137 160
137 168
137 170
137 187
137 188
137 190
137 194
137 197
137 199
137 200
137 205
137 206
137 229
137 234
137 249
137 274
137 281
137 283
137 289
137 291
137 295
138 140
138 145
138 146
138 149
138 153
138 158
138 169
138 173
138 183
138 192
138 194
138 199
138 202
138 209
138 217
138 220
138 222
138 229
138 230
138 233
138 234
138 240
138 241
138 246
138 251
138 257
138 261
138 270
138 274
138 279
138 284
138 287
138 291
138 298
138 299
139 145
139 160
139 161
139 163
139 170
139 173
139 176
139 182
139 184
139 202
139 204
139 212
139 221
139 222
139 230
139 241
139 244
139 249
139 252
139 255
139 266
139 267
139 270
139 272
139 287
139 288
139 295
139 298
140 147
140 155
140 157
140 158
140 159
140 161
140 164
140 167
140 172
140 184
140 208
140 214
140 215
140 217
140 243
140 245
140 255
140 272
140 275
140 281
140 290
140 293
141 142
141 151
141 152
141 159
141 161
141 167
141 183
141 187
141 188
141 193
141 204
141 206
141 210
141 217
141 235
141 245
141 247
141 249
141 250
141 251
141 254
141 256
141 262
141 266
141 270
141 277
141 278
141 279
141 280
141 290
141 292
141 293
142 145
142 153
142 189
142 190
142 194
142 195
142 199
142 209
142 216
142 228
142 230
142 233
142 234
142 238
142 241
142 244
142 247
142 255
142 256
142 263
142 272
142 278
142 282
142 286
142 288
142 290
142 295
143 145
143 150
143 151
143 152
143 154
143 160
143 164
143 178
143 182
143 183
143 185
143 203
143 207
143 211
143 213
143 215
143 218
143 228
143 232
143 235
143 238
143 240
143 249
143 254
143 266
143 267
143 268
143 273
143 274
143 278
143 280
143 285
143 297
144 145
144 160
144 169
144 173
144 176
144 181
144 182
144 214
144 217
144 221
144 224
144 232
144 238
144 240
144 241
144 246
144 250
144 251
144 254
144 264
144 267
144 269
144 270
144 273
144 278
144 279
144 280
144 284
144 286
144 288
144 290
144 292
144 295
145 147
145 150
145 156
145 157
145 161
145 162
145 164
145 165
145 166
145 168
145 173
145 184
145 202
145 203
145 204
145 207
145 212
145 218
145 220
145 236
145 237
145 245
145 263
145 271
145 278
145 281
145 284
145 285
145 289
145 295
145 297
145 299
146 148
146 158
146 161
146 162
146 164
146 169
146 174
146 181
146 182
146 183
146 187
146 188
146 189
146 190
146 207
146 214
146 218
146 227
146 234
146 240
146 245
146 264
146 268
146 271
146 273
146 286
146 288
146 289
147 150
147 153
147 158
147 161
147 166
147 173
147 177
147 211
147 212
147 223
147 224
147 230
147 235
147 236
147 237
147 242
147 250
147 252
147 254
147 264
147 270
147 273
147 274
147 277
147 295
147 298
148 152
148 153
148 156
148 163
148 169
148 172
148 178
148 180
148 183
148 191
148 202
148 219
148 222
148 225
148 236
148 239
148 251
148 252
148 255
148 256
148 263
148 265
148 267
148 269
148 275
148 282
148 286
148 290
148 293
148 295
148 296
148 298
149 153
149 155
149 166
149 178
149 180
149 182
149 185
149 189
149 190
149 202
149 213
149 215
149 216
149 217
149 219
149 223
149 225
149 237
149 238
149 239
149 242
149 255
149 259
149 269
149 270
149 279
149 288
149 291
149 293
149 295
149 299
150 153
150 158
150 163
150 170
150 171
150 188
150 191
150 193
150 194
150 196
150 197
150 201
150 205
150 214
150 215
150 217
150 222
150 224
150 226
150 228
150 232
150 233
150 234
150 238
150 240
150 248
150 261
150 264
150 265
150 267
150 269
150 270
150 276
150 277
150 278
150 280
150 283
150 284
150 288
150 289
150 295
151 153
151 156
151 157
151 161
151 162
151 165
151 168
151 171
151 182
151 184
151 186
151 191
151 199
151 201
151 202
151 208
151 210
151 214
151 220
151 240
151 246
151 250
151 252
151 253
151 254
151 256
151 259
151 262
151 263
151 264
151 269
151 279
151 287
151 297
151 298
152 157
152 158
152 168
152 169
152 170
152 180
152 187
152 189
152 193
152 194
152 205
152 211
152 225
152 229
152 231
152 232
152 233
152 243
152 247
152 251
152 255
152 258
152 261
152 262
152 263
152 270
152 276
152 278
152 284
152 287
152 292
152 296
153 156
153 163
153 169
153 170
153 176
153 182
153 184
153 188
153 194
153 195
153 200
153 219
153 226
153 234
153 242
153 243
153 244
153 245
153 246
153 249
153 253
153 272
153 276
153 282
153 289
153 295
153 296
153 297
154 157
154 163
154 164
154 166
154 168
154 200
154 203
154 204
154 212
154 222
154 225
154 227
154 238
154 245
154 254
154 255
154 256
154 260
154 266
154 267
154 268
154 270
154 271
154 279
154 283
154 284
154 285
154 287
154 292
154 299
155 158
155 160
155 173
155 179
155 184
155 187
155 191
155 206
155 210
155 218
155 225
155 230
155 231
155 246
155 249
155 256
155 271
155 282
155 283
155 290
156 160
156 162
156 166
156 170
156 173
156 177
156 179
156 180
156 183
156 185
156 187
156 188
156 190
156 191
156 192
156 200
156 203
156 206
156 209
156 221
156 224
156 226
156 230
156 231
156 235
156 237
156 248
156 249
156 250
156 252
156 253
156 255
156 257
156 258
156 270
156 283
156 290
156 291
156 292
156 295
157 163
157 175
157 182
157 190
157 192
157 193
157 195
157 199
157 208
157 220
157 221
157 222
157 230
157 234
157 243
157 247
157 255
157 260
157 263
157 267
157 270
157 272
157 275
157 278
157 279
157 285
157 287
158 159
158 169
158 172
158 182
158 188
158 193
158 212
158 226
158 231
158 240
158 242
158 248
158 273
158 276
158 277
158 278
158 281
158 283
158 286
158 287
159 160
159 164
159 167
159 173
159 184
159 186
159 194
159 195
159 197
159 198
159 200
159 210
159 211
159 222
159 223
159 233
159 239
159 247
159 248
159 255
159 260
159 264
159 266
159 270
159 273
159 276
159 287
159 288
159 292
159 298
159 299
160 162
160 164
160 178
160 185
160 188
160 191
160 216
160 219
160 225
160 227
160 251
160 265
160 272
160 277
160 279
160 280
160 285
160 290
160 291
160 298
161 167
161 168
161 171
161 187
161 191
161 200
161 201
161 222
161 225
161 229
161 230
161 236
161 239
161 248
161 255
161 258
161 260
161 261
161 276
161 280
161 281
161 285
161 290
161 291
161 297
162 163
162 164
162 165
162 168
162 169
162 170
162 174
162 182
162 191
162 192
162 195
162 196
162 197
162 206
162 213
162 217
162 221
162 224
162 225
162 237
162 241
162 244
162 246
162 248
162 264
162 273
162 276
162 278
162 280
162 285
162 286
162 290
163 166
163 168
163 171
163 176
163 180
163 185
163 189
163 191
163 192
163 196
163 209
163 213
163 214
163 218
163 223
163 234
163 241
163 248
163 251
163 252
163 260
163 261
163 262
163 263
163 277
163 285
163 290
164 166
164 173
164 179
164 180
164 192
164 193
164 194
164 195
164 196
164 197
164 198
164 207
164 208
164 211
164 216
164 223
164 224
164 227
164 230
164 243
164 249
164 259
164 261
164 263
164 266
164 270
164 273
164 279
164 283
164 284
164 292
164 294
165 169
165 170
165 186
165 191
165 198
165 213
165 222
165 225
165 229
165 231
165 243
165 245
165 246
165 247
165 249
165 258
165 262
165 263
165 270
165 275
165 278
165 279
165 283
165 298
165 299
166 167
166 177
166 182
166 185
166 188
166 193
166 198
166 201
166 208
166 211
166 220
166 226
166 230
166 232
166 234
166 239
166 249
166 256
166 257
166 258
166 262
166 281
166 286
166 290
166 294
166 299
167 174
167 176
167 180
167 184
167 192
167 196
167 206
167 214
167 217
167 230
167 234
167 235
167 236
167 237
167 238
167 240
167 267
167 270
167 275
167 280
167 283
167 291
167 292
167 293
167 295
168 174
168 180
168 193
168 195
168 197
168 200
168 211
168 212
168 214
168 226
168 229
168 230
168 241
168 252
168 257
168 258
168 265
168 276
168 277
168 280
168 281
168 289
168 290
168 291
168 293
168 299
169 172
169 180
169 183
169 187
169 193
169 194
169 199
169 200
169 203
169 212
169 215
169 224
169 230
169 231
169 232
169 234
169 236
169 240
169 245
169 260
169 272
169 274
169 276
169 278
169 289
169 290
169 293
169 294
170 172
170 180
170 186
170 187
170 190
170 191
170 193
170 200
170 213
170 215
170 219
170 224
170 227
170 230
170 232
170 243
170 247
170 248
170 252
170 257
170 264
170 265
170 271
170 274
170 276
170 277
170 281
170 290
170 298
171 184
171 189
171 191
171 192
171 194
171 199
171 200
171 203
171 204
171 217
171 224
171 227
171 234
171 236
171 246
171 256
171 259
171 263
171 267
171 273
171 281
171 285
171 288
171 289
171 295
171 298
172 178
172 179
172 181
172 186
172 191
172 193
172 203
172 209
172 211
172 214
172 217
172 225
172 226
172 230
172 234
172 236
172 239
172 246
172 248
172 258
172 260
172 263
172 264
172 268
172 269
172 271
172 277
172 281
172 283
172 290
172 294
172 297
173 180
173 183
173 186
173 188
173 190
173 197
173 199
173 202
173 213
173 215
173 218
173 225
173 227
173 230
173 244
173 247
173 248
173 249
173 252
173 254
173 259
173 270
173 272
173 273
173 281
173 283
173 284
173 293
173 294
174 183
174 189
174 196
174 201
174 205
174 207
174 210
174 216
174 229
174 231
174 234
174 235
174 241
174 242
174 255
174 269
174 272
174 273
174 277
174 281
174 283
174 299
175 176
175 178
175 181
175 187
175 188
175 192
175 194
175 195
175 204
175 219
175 222
175 224
175 241
175 247
175 274
175 281
176 188
176 190
176 201
176 209
176 219
176 222
176 224
176 232
176 236
176 239
176 241
176 250
176 251
176 253
176 261
176 264
176 269
176 271
176 289
176 291
176 295
176 296
177 180
177 187
177 188
177 189
177 191
177 193
177 195
177 199
177 201
177 202
177 206
177 211
177 223
177 233
177 238
177 240
177 247
177 249
177 252
177 266
177 289
177 299
178 194
178 196
178 199
178 201
178 214
178 220
178 224
178 226
178 230
178 231
178 232
178 238
178 243
178 252
178 259
178 260
178 267
178 269
178 272
178 275
178 290
178 291
178 293
178 296
178 299
179 191
179 198
179 199
179 201
179 208
179 212
179 218
179 224
179 236
179 243
179 245
179 246
179 248
179 250
179 251
179 256
179 260
179 265
179 273
179 276
179 279
179 283
179 288
179 289
179 290
179 291
179 292
179 293
180 181
180 186
180 194
180 195
180 197
180 198
180 204
180 205
180 211
180 219
180 220
180 223
180 225
180 227
180 228
180 233
180 234
180 236
180 248
180 257
180 260
180 265
180 266
180 270
180 279
180 280
180 282
180 290
180 297
181 186
181 189
181 192
181 199
181 203
181 210
181 212
181 214
181 216
181 227
181 230
181 231
181 234
181 238
181 247
181 257
181 270
181 273
181 278
181 282
181 287
181 296
182 191
182 196
182 197
182 202
182 204
182 209
182 213
182 221
182 225
182 230
182 239
182 244
182 251
182 253
182 270
182 276
182 281
182 284
182 288
182 297
183 185
183 196
183 199
183 201
183 202
183 208
183 216
183 219
183 224
183 225
183 226
183 228
183 239
183 241
183 244
183 258
183 264
183 265
183 268
183 271
183 278
184 186
184 187
184 189
184 202
184 205
184 213
184 215
184 217
184 219
184 229
184 230
184 239
184 242
184 245
184 260
184 268
184 269
184 272
184 282
184 286
184 288
185 191
185 200
185 222
185 224
185 230
185 232
185 235
185 241
185 246
185 259
185 262
185 270
185 271
185 272
185 277
185 278
185 288
185 291
185 294
185 299
186 189
186 191
186 199
186 206
186 210
186 213
186 226
186 232
186 233
186 238
186 240
186 241
186 258
186 260
186 269
186 272
186 274
186 278
186 288
186 291
186 294
186 295
187 197
187 199
187 207
187 219
187 223
187 224
187 225
187 226
187 230
187 235
187 238
187 249
187 250
187 263
187 265
187 267
187 268
187 271
187 277
187 283
187 286
187 293
187 295
187 297
188 190
188 192
188 204
188 220
188 224
188 233
188 237
188 248
188 256
188 264
188 268
188 276
188 286
188 290
188 292
188 299
189 190
189 194
189 201
189 202
189 203
189 214
189 242
189 246
189 248
189 252
189 256
189 258
189 259
189 262
189 263
189 268
189 270
189 281
189 290
189 293
189 295
189 299
190 193
190 196
190 202
190 206
190 210
190 216
190 219
190 225
190 226
190 235
190 241
190 250
190 251
190 262
190 264
190 265
190 270
190 272
190 278
190 280
190 281
190 284
190 293
190 297
191 193
191 199
191 207
191 211
191 215
191 217
191 220
191 227
191 229
191 239
191 244
191 246
191 261
191 264
191 266
191 268
191 269
191 287
191 292
192 197
192 203
192 205
192 209
192 217
192 221
192 226
192 240
192 247
192 250
192 251
192 253
192 255
192 260
192 265
192 276
192 281
192 284
192 292
192 299
193 200
193 210
193 212
193 221
193 230
193 232
193 239
193 243
193 252
193 260
193 268
193 270
193 272
193 280
193 283
193 285
193 290
193 296
193 297
194 199
194 202
194 203
194 206
194 211
194 223
194 229
194 241
194 242
194 250
194 251
194 253
194 255
194 262
194 266
194 269
194 278
194 280
194 288
194 294
195 198
195 202
195 204
195 205
195 210
195 214
195 216
195 231
195 245
195 250
195 266
195 272
195 284
195 285
195 287
195 293
196 198
196 199
196 200
196 201
196 202
196 214
196 224
196 229
196 231
196 233
196 237
196 238
196 245
196 246
196 251
196 257
196 259
196 266
196 269
196 278
196 285
196 291
196 298
197 198
197 200
197 208
197 209
197 215
197 235
197 237
197 242
197 243
197 244
197 255
197 259
197 261
197 263
197 266
197 270
197 271
197 278
197 279
197 282
197 286
197 287
197 293
197 294
197 299
198 199
198 219
198 221
198 224
198 226
198 230
198 247
198 250
198 257
198 263
198 271
198 273
198 274
198 276
198 278
198 285
198 288
198 293
199 202
199 203
199 207
199 209
199 211
199 215
199 221
199 222
199 225
199 235
199 241
199 244
199 245
199 247
199 254
199 260
199 271
199 274
199 279
199 284
199 286
200 202
200 204
200 208
200 210
200 217
200 221
200 231
200 233
200 234
200 236
200 244
200 252
200 255
200 256
200 260
200 263
200 267
200 269
200 280
200 281
200 283
200 284
200 291
200 292
200 299
201 209
201 220
201 221
201 229
201 230
201 242
201 247
201 258
201 259
201 267
201 269
201 270
201 278
201 284
201 285
201 286
201 291
201 295
201 296
201 298
202 214
202 217
202 218
202 219
202 221
202 223
202 227
202 231
202 234
202 246
202 251
202 252
202 259
202 261
202 265
202 268
202 272
202 281
202 285
202 288
202 295
202 297
203 207
203 209
203 210
203 223
203 224
203 225
203 227
203 228
203 229
203 231
203 232
203 238
203 239
203 250
203 257
203 259
203 262
203 268
203 271
203 279
203 284
203 296
204 211
204 216
204 218
204 221
204 224
204 233
204 243
204 244
204 252
204 256
204 276
204 282
204 285
204 286
205 214
205 218
205 229
205 233
205 236
205 237
205 239
205 246
205 247
205 255
205 258
205 260
205 268
205 273
205 274
205 277
205 280
205 282
205 283
205 287
205 290
205 294
205 298
205 299
206 208
206 211
206 218
206 221
206 224
206 226
206 236
206 239
206 240
206 246
206 251
206 259
206 261
206 262
206 264
206 270
206 272
206 273
206 277
206 281
206 291
206 292
206 296
206 298
206 299
207 212
207 216
207 218
207 220
207 222
207 224
207 225
207 233
207 238
207 245
207 248
207 249
207 250
207 255
207 257
207 261
207 268
207 273
207 279
207 280
207 283
207 288
207 298
208 211
208 219
208 223
208 225
208 226
208 232
208 255
208 258
208 259
208 264
208 270
208 274
208 277
208 280
208 285
208 296
208 297
208 299
209 212
209 218
209 227
209 230
209 238
209 246
209 248
209 257
209 263
209 270
209 292
209 298
210 215
210 216
210 217
210 219
210 220
210 225
210 228
210 229
210 238
210 252
210 254
210 256
210 262
210 265
210 268
210 269
210 273
210 278
211 216
211 226
211 230
211 231
211 236
211 246
211 251
211 256
211 259
211 265
211 267
211 269
211 279
211 280
211 289
211 292
211 293
211 296
211 299
212 213
212 215
212 226
212 244
212 249
212 258
212 260
212 262
212 267
212 269
212 272
212 273
212 295
212 296
213 216
213 221
213 223
213 227
213 231
213 234
213 235
213 237
213 248
213 257
213 259
213 262
213 266
213 268
213 271
213 277
213 279
213 280
213 281
214 216
214 218
214 222
214 239
214 241
214 256
214 257
214 262
214 270
214 283
214 285
214 286
214 293
214 297
214 299
215 216
215 223
215 228
215 230
215 235
215 238
215 239
215 242
215 243
215 252
215 258
215 269
215 270
215 272
215 273
215 276
215 282
215 291
215 292
215 293
215 294
216 221
216 223
216 224
216 225
216 228
216 242
216 250
216 255
216 256
216 263
216 276
216 277
216 278
216 279
216 285
216 294
216 296
216 297
217 219
217 221
217 224
217 226
217 227
217 236
217 238
217 240
217 253
217 260
217 264
217 266
217 267
217 272
217 280
217 281
217 293
218 224
218 228
218 236
218 237
218 241
218 248
218 253
218 278
218 287
218 291
219 226
219 230
219 236
219 240
219 243
219 244
219 247
219 256
219 262
219 264
219 265
219 268
219 271
219 295
219 296
220 223
220 224
220 230
220 235
220 238
220 240
220 244
220 245
220 251
220 257
220 261
220 266
220 267
220 271
220 276
220 281
220 284
220 285
220 286
220 290
220 293
221 226
221 235
221 249
221 255
221 267
221 274
221 281
221 282
221 283
221 285
221 286
221 290
221 295
222 228
222 253
222 255
222 256
222 262
222 265
222 269
222 272
222 274
222 275
222 279
222 280
222 286
222 289
222 290
222 291
223 232
223 234
223 236
223 238
223 242
223 244
223 250
223 252
223 266
223 267
223 273
223 281
223 282
223 286
223 287
223 288
223 292
223 293
223 296
223 297
224 233
224 234
224 239
224 242
224 247
224 248
224 254
224 262
224 263
224 266
224 269
224 274
224 287
224 295
225 229
225 233
225 237
225 243
225 244
225 254
225 257
225 259
225 263
225 264
225 276
225 277
225 280
225 285
225 289
225 290
225 293
225 294
225 295
225 296
225 297
225 299
226 227
226 229
226 231
226 232
226 238
226 242
226 243
226 247
226 253
226 255
226 269
226 275
226 277
226 282
226 286
226 288
226 291
226 294
227 228
227 230
227 234
227 243
227 246
227 249
227 251
227 252
227 259
227 270
227 272
227 277
227 278
227 280
227 290
227 293
227 294
227 298
227 299
228 240
228 241
228 244
228 246
228 262
228 263
228 266
228 268
228 270
228 280
228 288
228 294
228 298
229 231
229 233
229 244
229 246
229 248
229 262
229 268
229 271
229 277
229 281
229 287
229 291
229 292
229 297
230 234
230 239
230 241
230 243
230 245
230 248
230 250
230 251
230 259
230 269
230 281
230 283
230 287
230 290
230 294
231 235
231 239
231 240
231 244
231 246
231 247
231 248
231 258
231 272
231 273
231 277
231 279
231 280
231 287
231 290
231 292
231 293
231 294
231 296
231 297
232 236
232 240
232 241
232 257
232 258
232 260
232 266
232 270
232 274
232 276
232 280
232 287
233 235
233 236
233 238
233 240
233 247
233 248
233 252
233 261
233 266
233 267
233 268
233 272
233 274
233 285
233 286
233 287
233 288
234 240
234 252
234 259
234 262
234 266
234 283
234 287
234 290
234 294
234 296
235 240
235 247
235 249
235 254
235 257
235 262
235 263
235 268
235 271
235 289
235 294
235 296
235 297
235 299
236 246
236 249
236 250
236 261
236 265
236 270
236 276
236 290
236 299
237 238
237 259
237 268
237 276
237 281
237 282
237 299
238 252
238 254
238 270
238 274
238 276
238 277
238 280
238 288
238 292
238 296
239 241
239 242
239 250
239 259
239 271
239 272
239 274
239 280
239 283
239 288
240 247
240 257
240 263
240 267
240 268
240 269
240 276
240 279
240 288
240 289
240 296
241 248
241 249
241 252
241 258
241 263
241 267
241 268
241 269
241 271
241 276
241 284
241 287
241 298
242 244
242 245
242 250
242 251
242 254
242 257
242 259
242 264
242 269
242 271
242 280
242 283
242 285
242 287
242 288
242 290
242 294
242 296
242 297
243 246
243 250
243 254
243 259
243 263
243 264
243 269
243 272
243 277
243 281
243 283
243 285
243 292
243 295
244 246
244 254
244 256
244 258
244 264
244 266
244 282
244 286
244 291
244 292
244 293
244 297
245 254
245 255
245 260
245 268
245 270
245 275
245 276
245 278
245 280
245 282
245 283
245 288
245 291
245 292
245 294
246 254
246 255
246 264
246 265
246 271
246 272
246 273
246 274
246 280
246 281
246 286
247 249
247 250
247 258
247 259
247 260
247 279
247 280
247 282
248 250
248 253
248 258
248 261
248 265
248 296
248 297
249 250
249 251
249 254
249 255
249 263
249 272
249 283
249 287
249 289
249 290
250 255
250 256
250 259
250 277
250 283
250 291
250 296
251 254
251 260
251 270
251 277
251 278
251 281
251 283
252 253
252 257
252 262
252 264
252 265
252 279
252 280
252 286
252 289
252 293
252 298
253 255
253 257
253 271
253 275
253 278
253 281
253 282
253 283
253 291
254 257
254 262
254 264
254 269
254 278
254 282
254 286
254 287
254 289
254 292
254 294
255 256
255 257
255 266
255 268
255 269
255 270
255 274
255 277
255 279
255 290
255 292
256 257
256 258
256 262
256 264
256 265
256 269
256 271
256 277
256 279
256 286
256 287
256 290
256 291
256 294
256 297
257 258
257 265
257 270
257 274
257 275
257 282
257 284
257 285
257 297
258 269
258 278
258 285
258 288
258 289
259 260
259 266
259 270
259 290
259 298
260 271
260 273
260 276
260 277
260 280
260 283
260 288
260 291
261 263
261 265
261 266
261 271
261 274
261 277
261 278
261 284
261 291
261 294
261 299
262 266
262 270
262 274
262 289
262 296
262 299
263 267
263 278
263 281
263 286
263 287
263 288
263 293
263 296
264 265
264 267
264 268
264 272
264 278
264 279
264 281
264 290
264 291
264 295
265 267
265 269
265 278
265 279
265 283
265 288
265 293
266 272
266 277
266 280
266 286
266 289
266 291
266 292
266 295
267 270
267 283
267 286
267 291
267 293
267 294
267 298
268 274
268 276
268 279
268 284
268 288
269 274
269 278
269 282
269 293
269 294
269 298
270 272
270 276
270 282
270 288
270 292
270 293
271 273
271 275
271 281
271 291
272 280
272 282
272 289
272 291
272 292
272 294
273 278
273 292
273 299
274 275
274 279
274 282
274 283
274 285
274 286
275 276
275 283
275 287
276 278
276 283
276 284
276 290
276 294
277 289
277 296
278 281
278 286
278 287
279 291
279 295
279 299
280 281
280 286
280 293
281 284
281 287
281 291
281 296
282 294
283 285
283 287
283 293
283 297
284 287
284 289
284 290
284 292
285 286
285 287
285 289
286 299
287 294
287 298
288 290
289 296
290 296
291 294
291 297
291 298
292 294
293 299
296 298
297 299
298 299
227 228 240 75 81 141 79 113 202 93 297 65 16 140 61 214 223 120 95 195 165 292 149 182 261 296 189 78 14 39
133 201 148 217 32 46 287 232 114 177 172 50 291 35 63 131 21 246 128 54 164 260 197 222 147 7 233 118 62 144
213 6 31 205 139 210 102 71 45 294 256 179 175 184 96 104 40 167 84 97 42 293 203 251 49 266 263 212 11 209
158 136 4 207 74 103 37 67 273 126 13 77 36 245 247 171 53 23 76 134 124 192 122 181 242 161 162 137 44 12
239 226 1 275 199 17 86 135 22 281 238 26 298 257 18 154 69 185 51 121 208 15 206 229 280 187 278 285 111 160
73 288 108 101 109 235 243 248 33 155 274 150 143 156 218 3 19 219 252 64 0 176 277 262 211 258 60 85 116 110
30 115 106 267 107 270 82 83 193 250 25 163 276 41 170 284 237 146 129 244 283 43 72 174 123 58 166 159 272 119
231 90 24 224 5 279 282 48 253 2 91 8 132 9 94 29 200 117 145 173 47 180 269 198 56 194 68 153 259 255
130 59 186 10 92 99 299 70 215 34 241 98 100 168 220 151 191 289 152 204 265 27 183 38 105 216 188 221 169 112
28 52 264 286 236 295 196 66 20 80 234 55 127 89 142 87 125 138 225 178 190 88 268 254 290 271 230 57 157 249
