30
217
5
88
14
57
1
2
0 1
0 4
0 6
0 7
0 10
0 13
0 15
0 17
0 18
0 19
0 20
0 21
0 22
0 23
0 24
0 25
0 27
1 2
1 5
1 6
1 7
1 8
1 9
1 10
1 12
1 14
1 16
1 17
1 18
1 20
1 21
1 22
1 23
1 24
1 25
1 26
1 28
1 29
2 3
2 4
2 6
2 9
2 10
2 13
2 16
2 17
2 18
2 19
2 22
2 24
2 29
3 4
3 6
3 7
3 9
3 11
3 13
3 15
3 17
3 21
3 23
3 24
3 25
3 27
4 5
4 7
4 8
4 9
4 10
4 20
4 22
4 23
4 25
4 26
5 6
5 8
5 10
5 11
5 14
5 15
5 16
5 21
5 22
5 23
5 24
5 25
5 26
5 29
6 7
6 9
6 10
6 11
6 12
6 13
6 16
6 24
6 26
6 27
6 29
7 8
7 9
7 10
7 11
7 12
7 16
7 17
7 20
7 25
7 27
7 28
8 9
8 10
8 11
8 13
8 14
8 16
8 20
8 21
8 24
8 25
8 26
8 27
8 28
8 29
9 17
9 22
9 24
9 25
9 29
10 14
10 16
10 17
10 18
10 19
10 22
10 26
10 27
10 29
11 12
11 15
11 16
11 17
11 18
11 22
11 25
11 28
12 18
12 23
12 24
12 25
12 26
13 14
13 15
13 16
13 21
13 24
13 25
13 26
13 29
14 15
14 16
14 17
14 18
14 21
14 22
14 23
14 24
14 25
14 27
15 16
15 18
15 19
15 23
15 24
15 29
16 19
16 24
16 28
16 29
17 21
17 22
17 23
17 24
17 26
17 28
17 29
18 20
18 22
18 23
18 25
18 26
18 28
18 29
19 20
19 21
19 23
19 26
19 28
20 24
20 25
20 26
20 27
20 28
20 29
21 23
21 28
22 28
22 29
23 24
23 25
23 26
23 28
24 27
25 26
26 29
27 29
28 29
9 0 5 4 19 7
28 1 12 13 27 14
16 10 11 22 29 15
26 8 23 18 25 20
2 6 3 24 21 17
