30
193
4
54
27
47
83
0 2
0 6
0 8
0 10
0 13
0 17
0 19
0 20
0 21
0 24
0 25
0 27
1 16
1 17
1 18
1 19
1 20
1 21
1 23
1 25
1 27
1 28
1 29
2 4
2 5
2 7
2 9
2 10
2 11
2 14
2 15
2 18
2 19
2 21
2 22
2 23
2 25
2 26
2 28
2 29
3 4
3 10
3 11
3 12
3 14
3 15
3 17
3 18
3 20
3 21
3 23
3 24
3 27
4 5
4 7
4 8
4 9
4 15
4 21
4 22
4 24
4 28
4 29
5 9
5 10
5 12
5 14
5 15
5 18
5 27
5 28
5 29
6 12
6 14
6 17
6 18
6 19
6 22
6 23
6 24
6 27
6 28
6 29
7 8
7 9
7 11
7 13
7 14
7 15
7 24
7 26
7 27
7 28
8 12
8 13
8 16
8 17
8 19
8 20
8 22
8 24
8 25
8 27
8 29
9 10
9 12
9 13
9 18
9 21
9 22
9 23
9 24
9 27
9 28
10 11
10 13
10 14
10 19
10 21
10 22
10 23
10 24
10 25
10 26
10 27
10 28
10 29
11 14
11 15
11 17
11 23
11 24
11 25
11 28
12 14
12 16
12 17
12 18
12 20
12 21
12 25
12 26
12 28
13 14
13 19
13 23
13 25
13 26
13 27
14 15
14 16
14 18
14 21
14 24
14 29
15 17
15 19
15 20
15 21
15 22
16 17
16 18
16 19
16 20
16 22
16 24
16 25
16 26
16 27
17 20
17 26
18 23
18 24
19 24
19 27
19 28
20 23
20 25
20 27
21 23
21 24
21 27
22 23
22 25
23 24
23 26
24 25
24 26
24 27
25 27
25 29
27 28
28 29
3 6 15 26 4 29 2 18 7
25 16 21 0 28 1 19 11 22
8 13 17 10 23 12 14 24 5
27 9 20
