300
4437
5
4
75
39
8
36
0 22
0 27
0 62
0 66
0 88
0 99
0 102
0 113
0 124
0 126
0 153
0 160
0 177
0 201
0 202
0 204
0 211
0 216
0 245
0 248
0 271
0 288
0 289
0 291
1 8
1 21
1 36
1 42
1 62
1 63
1 71
1 75
1 78
1 81
1 83
1 84
1 87
1 88
1 91
1 107
1 110
1 112
1 131
1 138
1 160
1 161
1 186
1 216
1 223
1 237
1 270
1 288
2 6
2 9
2 10
2 12
2 26
2 27
2 37
2 40
2 66
2 78
2 93
2 114
2 126
2 127
2 170
2 180
2 194
2 219
2 223
2 225
2 226
2 236
2 243
2 253
2 270
2 276
2 279
2 289
2 290
2 292
2 295
2 298
2 299
3 10
3 14
3 40
3 48
3 59
3 73
3 74
3 75
3 78
3 83
3 84
3 88
3 100
3 106
3 107
3 115
3 116
3 118
3 123
3 125
3 158
3 164
3 170
3 209
3 210
3 219
3 226
3 237
3 241
3 242
3 273
3 287
3 294
3 295
4 16
4 33
4 46
4 49
4 53
4 54
4 55
4 56
4 61
4 75
4 92
4 97
4 105
4 113
4 121
4 122
4 125
4 134
4 158
4 164
4 186
4 194
4 230
4 248
4 252
4 267
4 270
4 274
4 284
4 289
4 291
4 296
5 38
5 43
5 52
5 70
5 89
5 93
5 109
5 113
5 117
5 133
5 141
5 175
5 196
5 205
5 224
5 225
5 246
5 249
5 286
5 296
6 25
6 37
6 48
6 56
6 65
6 66
6 78
6 80
6 85
6 88
6 89
6 94
6 105
6 118
6 135
6 137
6 150
6 152
6 169
6 179
6 192
6 240
6 250
6 253
6 266
6 283
7 10
7 23
7 30
7 59
7 68
7 73
7 75
7 77
7 93
7 95
7 100
7 103
7 118
7 143
7 154
7 159
7 185
7 198
7 244
7 268
7 275
7 279
7 296
7 298
8 23
8 33
8 56
8 74
8 82
8 88
8 97
8 98
8 99
8 117
8 137
8 144
8 159
8 169
8 188
8 189
8 193
8 194
8 224
8 243
8 246
8 268
8 278
8 283
8 290
8 294
9 21
9 52
9 55
9 58
9 80
9 93
9 97
9 104
9 126
9 130
9 131
9 137
9 139
9 153
9 163
9 168
9 176
9 178
9 200
9 202
9 205
9 207
9 212
9 213
9 215
9 218
9 221
9 226
9 256
9 266
9 275
9 283
9 292
9 298
10 40
10 41
10 47
10 60
10 62
10 75
10 81
10 96
10 115
10 120
10 122
10 130
10 133
10 142
10 143
10 154
10 161
10 180
10 186
10 187
10 218
10 220
10 223
10 224
10 273
10 285
10 292
10 296
11 18
11 25
11 36
11 46
11 58
11 61
11 63
11 64
11 72
11 90
11 105
11 108
11 109
11 110
11 116
11 123
11 127
11 162
11 172
11 184
11 205
11 206
11 209
11 227
11 257
11 271
11 272
11 278
11 279
11 281
11 283
12 13
12 20
12 35
12 39
12 46
12 56
12 71
12 76
12 79
12 85
12 88
12 91
12 101
12 107
12 110
12 113
12 118
12 140
12 142
12 159
12 182
12 184
12 189
12 190
12 197
12 199
12 215
12 233
12 253
12 254
12 262
12 265
12 277
12 280
12 287
12 288
12 292
12 293
13 17
13 26
13 30
13 32
13 52
13 55
13 90
13 92
13 96
13 101
13 111
13 135
13 136
13 141
13 160
13 168
13 170
13 188
13 225
13 246
13 249
13 262
13 264
13 272
13 281
13 286
13 289
13 290
14 20
14 48
14 62
14 72
14 82
14 92
14 101
14 121
14 123
14 157
14 175
14 192
14 228
14 237
14 240
14 245
14 250
14 251
14 277
14 293
15 43
15 60
15 80
15 81
15 101
15 107
15 109
15 123
15 124
15 147
15 155
15 156
15 180
15 184
15 191
15 214
15 217
15 232
15 243
15 251
15 277
15 285
15 292
16 22
16 74
16 87
16 90
16 91
16 94
16 136
16 139
16 150
16 154
16 158
16 164
16 168
16 170
16 176
16 179
16 180
16 193
16 198
16 205
16 232
16 236
16 259
16 264
16 266
16 277
16 284
16 286
16 292
16 298
17 29
17 36
17 71
17 81
17 86
17 93
17 100
17 106
17 109
17 110
17 112
17 116
17 126
17 130
17 145
17 169
17 173
17 182
17 184
17 196
17 207
17 230
17 235
17 259
17 266
17 267
17 268
17 269
18 37
18 41
18 58
18 63
18 69
18 73
18 74
18 80
18 109
18 112
18 141
18 155
18 171
18 181
18 201
18 207
18 219
18 229
18 268
18 275
18 276
18 277
18 287
19 21
19 27
19 63
19 70
19 80
19 88
19 100
19 106
19 138
19 144
19 156
19 177
19 178
19 183
19 195
19 204
19 213
19 223
19 227
19 229
19 240
19 259
19 274
19 292
19 294
20 30
20 42
20 47
20 67
20 68
20 87
20 95
20 105
20 114
20 115
20 131
20 136
20 157
20 201
20 203
20 206
20 218
20 219
20 236
20 245
20 258
20 261
20 265
20 285
21 61
21 85
21 93
21 94
21 108
21 115
21 160
21 171
21 178
21 181
21 200
21 208
21 227
21 233
21 239
21 252
21 268
21 269
21 289
21 295
22 33
22 55
22 81
22 94
22 100
22 140
22 150
22 157
22 162
22 167
22 170
22 171
22 176
22 208
22 217
22 222
22 224
22 250
22 270
22 277
23 27
23 38
23 71
23 100
23 103
23 130
23 137
23 138
23 171
23 188
23 192
23 204
23 215
23 227
23 234
23 247
23 248
23 253
23 255
23 264
23 280
23 292
23 293
23 295
23 299
24 33
24 35
24 41
24 45
24 49
24 68
24 70
24 85
24 89
24 95
24 98
24 113
24 122
24 138
24 140
24 177
24 182
24 227
24 246
24 250
24 258
24 276
24 298
25 33
25 34
25 40
25 48
25 49
25 50
25 55
25 71
25 78
25 83
25 84
25 97
25 98
25 99
25 100
25 121
25 142
25 177
25 178
25 181
25 208
25 209
25 210
25 214
25 217
25 226
25 230
25 233
25 235
25 239
25 255
25 259
25 265
25 276
25 285
25 299
26 30
26 36
26 46
26 74
26 86
26 88
26 92
26 114
26 115
26 119
26 134
26 148
26 165
26 181
26 189
26 191
26 192
26 200
26 207
26 227
26 240
26 247
26 263
26 271
26 292
26 299
27 53
27 61
27 66
27 71
27 108
27 118
27 120
27 145
27 165
27 180
27 206
27 218
27 224
27 250
27 251
27 252
27 261
27 268
27 270
27 282
27 284
27 292
28 32
28 52
28 65
28 72
28 79
28 102
28 109
28 127
28 130
28 148
28 160
28 162
28 184
28 191
28 234
28 252
28 253
28 265
28 267
28 282
29 40
29 53
29 61
29 81
29 102
29 109
29 117
29 122
29 126
29 142
29 143
29 150
29 175
29 187
29 194
29 203
29 204
29 206
29 212
29 217
29 227
29 233
29 285
29 287
29 295
30 32
30 35
30 71
30 87
30 96
30 99
30 103
30 109
30 114
30 119
30 162
30 182
30 192
30 199
30 208
30 216
30 221
30 228
30 230
30 247
30 254
30 259
30 263
30 267
30 269
30 286
31 56
31 64
31 73
31 77
31 79
31 89
31 96
31 104
31 105
31 118
31 142
31 163
31 166
31 168
31 174
31 176
31 184
31 185
31 189
31 204
31 209
31 210
31 238
31 254
31 263
31 273
31 281
31 285
31 288
31 291
32 41
32 69
32 82
32 101
32 108
32 149
32 157
32 192
32 193
32 195
32 200
32 203
32 213
32 217
32 233
32 236
32 256
32 279
32 283
32 288
32 292
32 296
33 47
33 49
33 86
33 103
33 110
33 143
33 153
33 156
33 170
33 173
33 179
33 181
33 187
33 197
33 203
33 213
33 217
33 245
33 255
33 256
33 258
33 273
33 294
33 295
34 37
34 56
34 69
34 71
34 84
34 94
34 108
34 111
34 114
34 118
34 134
34 145
34 159
34 175
34 177
34 185
34 220
34 241
34 251
34 253
34 254
34 258
34 266
34 279
34 283
34 286
34 288
34 295
35 36
35 37
35 39
35 52
35 67
35 82
35 89
35 106
35 107
35 116
35 124
35 129
35 133
35 135
35 152
35 156
35 159
35 167
35 177
35 178
35 189
35 202
35 206
35 230
35 250
35 268
35 295
35 297
36 45
36 46
36 60
36 69
36 73
36 79
36 94
36 111
36 119
36 123
36 130
36 154
36 174
36 175
36 192
36 195
36 197
36 199
36 235
36 241
36 249
36 255
36 273
36 275
36 277
36 281
36 288
37 46
37 63
37 75
37 83
37 98
37 117
37 119
37 120
37 139
37 143
37 175
37 190
37 225
37 232
37 246
37 251
37 253
37 255
37 261
37 280
37 284
38 40
38 44
38 48
38 65
38 77
38 89
38 91
38 108
38 111
38 115
38 127
38 143
38 167
38 169
38 176
38 182
38 184
38 211
38 214
38 217
38 226
38 236
38 256
38 282
38 290
38 298
39 61
39 64
39 70
39 75
39 89
39 95
39 102
39 124
39 125
39 129
39 136
39 152
39 154
39 157
39 160
39 171
39 172
39 175
39 178
39 181
39 187
39 204
39 211
39 212
39 225
39 227
39 229
39 233
39 236
39 239
39 247
39 248
39 265
39 279
40 60
40 61
40 78
40 95
40 97
40 99
40 116
40 146
40 157
40 161
40 165
40 185
40 195
40 197
40 199
40 210
40 213
40 217
40 226
40 242
40 248
40 255
40 264
40 269
40 278
40 283
40 284
40 286
40 294
40 295
41 47
41 84
41 89
41 93
41 129
41 130
41 131
41 140
41 158
41 181
41 187
41 213
41 241
41 242
41 243
41 246
41 254
41 257
41 279
41 298
42 59
42 61
42 77
42 89
42 96
42 116
42 123
42 124
42 131
42 133
42 157
42 197
42 222
42 224
42 239
42 252
42 296
43 47
43 50
43 64
43 67
43 69
43 76
43 80
43 93
43 96
43 107
43 110
43 134
43 137
43 145
43 158
43 162
43 169
43 172
43 177
43 187
43 190
43 200
43 201
43 216
43 231
43 242
43 251
43 255
43 266
43 288
44 73
44 88
44 89
44 113
44 117
44 125
44 128
44 131
44 145
44 151
44 162
44 165
44 172
44 196
44 197
44 198
44 228
44 231
44 235
44 240
44 267
44 289
44 291
45 49
45 71
45 91
45 96
45 97
45 102
45 107
45 111
45 153
45 157
45 174
45 198
45 201
45 226
45 238
45 275
45 278
45 293
45 294
46 73
46 106
46 107
46 122
46 132
46 139
46 143
46 144
46 170
46 176
46 183
46 194
46 204
46 215
46 244
46 246
46 257
46 259
46 260
46 274
46 287
46 298
47 52
47 73
47 85
47 87
47 92
47 98
47 124
47 150
47 154
47 162
47 176
47 182
47 195
47 210
47 213
47 216
47 223
47 226
47 254
47 296
47 299
48 52
48 54
48 61
48 74
48 130
48 146
48 164
48 184
48 209
48 218
48 219
48 229
48 241
48 266
48 270
48 282
48 291
49 60
49 65
49 105
49 107
49 117
49 130
49 134
49 138
49 141
49 146
49 156
49 177
49 187
49 197
49 198
49 204
49 206
49 207
49 211
49 275
49 282
49 283
49 291
49 298
50 72
50 80
50 121
50 122
50 133
50 145
50 150
50 153
50 154
50 155
50 157
50 159
50 161
50 180
50 184
50 188
50 193
50 203
50 205
50 207
50 210
50 221
50 228
50 229
50 240
50 247
50 254
50 256
50 267
50 280
50 287
50 289
50 292
51 58
51 60
51 79
51 80
51 117
51 124
51 136
51 145
51 147
51 152
51 166
51 169
51 183
51 187
51 192
51 205
51 208
51 211
51 229
51 242
51 243
51 253
51 273
51 277
51 279
51 281
51 283
51 284
51 296
51 298
52 74
52 107
52 113
52 125
52 144
52 149
52 153
52 155
52 156
52 160
52 184
52 188
52 193
52 203
52 209
52 231
52 232
52 240
52 244
52 261
52 264
52 273
52 293
52 296
53 57
53 71
53 73
53 76
53 77
53 78
53 89
53 124
53 134
53 136
53 142
53 147
53 166
53 171
53 179
53 192
53 198
53 219
53 221
53 231
53 232
53 241
53 263
53 270
53 297
54 55
54 67
54 70
54 77
54 80
54 85
54 111
54 117
54 119
54 120
54 140
54 143
54 175
54 176
54 178
54 179
54 181
54 192
54 222
54 230
54 234
54 236
54 250
54 255
54 259
54 267
54 275
54 293
54 295
55 63
55 85
55 100
55 118
55 129
55 136
55 142
55 145
55 152
55 154
55 168
55 195
55 207
55 211
55 213
55 218
55 220
55 231
55 232
55 247
55 249
55 271
55 290
56 59
56 72
56 75
56 86
56 91
56 93
56 102
56 127
56 132
56 163
56 178
56 180
56 196
56 207
56 213
56 231
56 238
56 253
56 255
56 256
56 267
57 66
57 73
57 74
57 83
57 87
57 91
57 93
57 94
57 96
57 112
57 113
57 122
57 126
57 164
57 168
57 173
57 174
57 182
57 198
57 240
57 244
57 246
57 252
57 255
57 258
57 264
57 265
57 274
57 277
57 286
57 289
57 297
58 74
58 79
58 105
58 112
58 123
58 130
58 153
58 184
58 198
58 199
58 203
58 207
58 217
58 224
58 228
58 244
58 258
58 270
58 273
58 286
58 295
59 78
59 99
59 100
59 101
59 108
59 109
59 111
59 115
59 126
59 134
59 151
59 158
59 163
59 181
59 186
59 204
59 205
59 207
59 208
59 231
59 235
59 241
59 251
59 262
59 269
59 271
59 293
59 294
60 66
60 69
60 71
60 75
60 77
60 80
60 90
60 111
60 120
60 139
60 144
60 146
60 155
60 192
60 194
60 200
60 209
60 218
60 221
60 222
60 225
60 229
60 240
60 249
60 251
60 254
60 264
60 266
60 283
60 291
60 292
60 299
61 68
61 79
61 83
61 110
61 111
61 121
61 125
61 141
61 158
61 163
61 168
61 174
61 179
61 210
61 217
61 220
61 221
61 227
61 238
61 255
61 260
61 264
61 271
61 276
61 284
61 288
61 293
61 297
62 80
62 86
62 92
62 99
62 108
62 111
62 115
62 121
62 132
62 142
62 145
62 162
62 165
62 175
62 185
62 187
62 208
62 215
62 229
62 233
62 238
62 256
62 281
62 282
62 299
63 65
63 70
63 72
63 84
63 119
63 152
63 155
63 166
63 174
63 176
63 189
63 207
63 216
63 228
63 248
63 254
63 258
63 287
63 294
64 82
64 88
64 98
64 105
64 110
64 121
64 142
64 164
64 176
64 178
64 180
64 187
64 189
64 198
64 222
64 231
64 234
64 242
64 245
64 247
64 252
64 255
64 256
64 265
64 267
64 275
64 285
64 289
64 292
65 68
65 69
65 75
65 77
65 83
65 98
65 105
65 113
65 147
65 154
65 159
65 161
65 171
65 197
65 208
65 217
65 224
65 227
65 250
65 257
65 259
65 293
66 72
66 82
66 86
66 105
66 112
66 119
66 140
66 144
66 148
66 154
66 157
66 160
66 178
66 206
66 209
66 210
66 213
66 215
66 221
66 227
66 230
66 250
66 258
66 282
67 69
67 77
67 92
67 105
67 110
67 115
67 155
67 164
67 175
67 204
67 227
67 235
67 255
67 267
67 291
68 77
68 91
68 110
68 112
68 113
68 157
68 158
68 173
68 177
68 185
68 190
68 197
68 200
68 208
68 222
68 226
68 234
68 235
68 241
68 247
68 254
68 258
68 262
68 270
68 278
68 281
68 282
68 290
68 294
69 77
69 78
69 112
69 118
69 124
69 134
69 148
69 182
69 189
69 199
69 200
69 202
69 203
69 212
69 223
69 226
69 227
69 229
69 242
69 255
69 266
69 268
69 297
70 86
70 93
70 99
70 108
70 120
70 128
70 148
70 150
70 163
70 166
70 170
70 199
70 208
70 226
70 260
70 261
70 283
70 286
70 288
70 299
71 89
71 93
71 117
71 124
71 136
71 139
71 142
71 147
71 156
71 174
71 175
71 178
71 184
71 213
71 218
71 235
71 247
71 256
71 265
71 280
71 281
71 293
72 81
72 85
72 96
72 116
72 125
72 128
72 131
72 151
72 158
72 168
72 177
72 193
72 197
72 224
72 228
72 248
72 255
72 260
72 267
72 281
72 292
72 293
73 96
73 108
73 120
73 124
73 136
73 141
73 142
73 154
73 159
73 167
73 176
73 185
73 197
73 212
73 226
73 262
73 276
73 282
73 287
74 77
74 87
74 95
74 97
74 98
74 114
74 133
74 141
74 145
74 150
74 163
74 167
74 175
74 194
74 204
74 213
74 214
74 232
74 234
74 237
74 245
74 260
74 275
74 287
74 290
74 293
74 298
75 87
75 104
75 124
75 140
75 194
75 196
75 197
75 204
75 213
75 221
75 229
75 232
75 240
75 244
75 255
76 77
76 82
76 86
76 88
76 97
76 152
76 170
76 181
76 191
76 192
76 203
76 209
76 224
76 226
76 234
76 239
76 252
76 256
76 257
76 261
76 262
76 275
76 276
77 84
77 87
77 90
77 105
77 110
77 120
77 141
77 147
77 148
77 156
77 165
77 168
77 185
77 201
77 207
77 209
77 226
77 246
77 261
77 267
77 269
77 276
77 277
77 281
77 282
77 295
77 298
78 88
78 89
78 126
78 129
78 139
78 147
78 153
78 172
78 186
78 205
78 215
78 217
78 220
78 227
78 228
78 232
78 242
78 247
78 266
78 267
78 280
78 281
78 285
79 86
79 91
79 92
79 111
79 120
79 122
79 140
79 150
79 154
79 171
79 173
79 177
79 180
79 183
79 196
79 197
79 231
79 235
79 236
79 251
79 280
79 286
79 294
79 296
80 82
80 84
80 96
80 100
80 117
80 120
80 122
80 123
80 126
80 154
80 157
80 158
80 164
80 172
80 176
80 183
80 185
80 193
80 195
80 215
80 223
80 228
80 253
80 256
80 269
80 282
80 291
80 293
80 297
80 298
81 86
81 106
81 109
81 112
81 116
81 118
81 121
81 127
81 133
81 151
81 159
81 162
81 163
81 184
81 195
81 214
81 220
81 235
81 266
81 283
81 299
82 83
82 93
82 95
82 99
82 100
82 110
82 111
82 122
82 124
82 135
82 140
82 141
82 145
82 169
82 185
82 190
82 197
82 225
82 237
82 259
82 268
82 272
82 277
82 290
83 90
83 96
83 111
83 116
83 132
83 148
83 159
83 161
83 168
83 180
83 182
83 187
83 195
83 206
83 236
83 246
83 251
83 254
83 258
83 261
83 275
84 91
84 102
84 105
84 108
84 117
84 119
84 129
84 135
84 143
84 145
84 160
84 166
84 169
84 173
84 181
84 206
84 211
84 215
84 225
84 269
84 272
84 289
84 295
85 95
85 98
85 112
85 117
85 118
85 155
85 156
85 160
85 164
85 175
85 176
85 198
85 217
85 237
85 242
85 250
85 283
85 296
86 91
86 142
86 148
86 172
86 184
86 190
86 214
86 216
86 221
86 222
86 224
86 237
86 247
86 255
86 293
86 295
86 297
86 299
87 96
87 114
87 118
87 124
87 125
87 128
87 144
87 151
87 153
87 173
87 180
87 194
87 240
87 255
87 270
87 271
87 281
87 286
87 297
88 104
88 106
88 114
88 133
88 146
88 148
88 151
88 159
88 168
88 178
88 179
88 181
88 185
88 188
88 206
88 216
88 245
88 256
88 264
88 275
88 279
88 281
88 285
88 288
88 293
89 98
89 115
89 126
89 131
89 148
89 151
89 155
89 161
89 169
89 180
89 184
89 191
89 201
89 213
89 221
89 225
89 227
89 229
89 232
89 233
89 252
89 255
89 258
89 260
89 297
90 97
90 129
90 142
90 143
90 146
90 152
90 154
90 195
90 209
90 220
90 233
90 235
90 261
90 272
90 278
90 280
90 288
91 102
91 103
91 112
91 115
91 129
91 134
91 135
91 151
91 158
91 162
91 177
91 187
91 189
91 190
91 198
91 210
91 215
91 220
91 221
91 223
91 239
91 253
91 260
91 262
91 263
91 264
91 274
91 280
91 283
91 295
91 297
91 299
92 117
92 139
92 142
92 148
92 151
92 160
92 165
92 167
92 177
92 182
92 186
92 195
92 202
92 236
92 281
93 95
93 126
93 129
93 139
93 142
93 157
93 173
93 179
93 186
93 191
93 194
93 196
93 206
93 237
93 239
93 248
93 250
93 267
93 277
93 282
93 283
93 287
94 141
94 153
94 162
94 168
94 180
94 182
94 184
94 193
94 201
94 208
94 224
94 227
94 230
94 247
94 252
94 254
94 259
94 283
95 102
95 107
95 114
95 115
95 116
95 129
95 138
95 143
95 148
95 163
95 176
95 181
95 196
95 201
95 222
95 223
95 228
95 230
95 236
95 239
95 240
95 248
95 263
95 295
96 103
96 119
96 123
96 129
96 136
96 141
96 150
96 182
96 202
96 204
96 210
96 212
96 216
96 240
96 246
96 250
96 260
96 267
96 290
97 113
97 115
97 123
97 124
97 127
97 138
97 150
97 157
97 158
97 180
97 196
97 205
97 206
97 218
97 224
97 225
97 237
97 250
97 266
97 275
97 287
97 294
98 103
98 112
98 134
98 142
98 148
98 150
98 155
98 162
98 175
98 194
98 227
98 228
98 231
98 238
98 239
98 244
98 246
98 273
99 114
99 118
99 148
99 151
99 173
99 180
99 181
99 188
99 193
99 199
99 214
99 222
99 226
99 240
99 262
99 280
99 283
100 113
100 121
100 148
100 163
100 175
100 212
100 217
100 225
100 236
100 241
100 246
100 259
100 267
100 293
101 112
101 122
101 123
101 142
101 150
101 152
101 153
101 162
101 168
101 169
101 194
101 202
101 206
101 210
101 218
101 225
101 232
101 238
101 260
101 286
101 288
101 294
102 109
102 113
102 120
102 150
102 153
102 154
102 155
102 159
102 163
102 164
102 168
102 192
102 202
102 209
102 224
102 235
102 237
102 240
102 246
102 252
102 284
102 293
102 294
103 129
103 147
103 154
103 161
103 173
103 195
103 216
103 233
103 244
103 251
103 260
103 262
103 268
103 284
103 290
104 119
104 127
104 129
104 136
104 140
104 143
104 147
104 149
104 161
104 179
104 184
104 189
104 225
104 234
104 276
104 278
104 284
105 111
105 121
105 132
105 134
105 135
105 143
105 156
105 158
105 170
105 176
105 181
105 183
105 188
105 194
105 199
105 229
105 264
105 268
105 273
105 296
106 107
106 116
106 117
106 129
106 148
106 153
106 157
106 160
106 163
106 175
106 183
106 192
106 230
106 238
106 246
106 247
106 254
106 255
106 261
106 273
106 299
107 122
107 131
107 135
107 138
107 152
107 160
107 177
107 188
107 190
107 198
107 199
107 201
107 224
107 230
107 233
107 252
107 258
107 259
107 270
107 295
108 111
108 115
108 122
108 123
108 133
108 135
108 145
108 147
108 164
108 188
108 203
108 222
108 253
108 272
108 278
108 281
108 286
108 289
108 292
109 115
109 127
109 131
109 146
109 193
109 197
109 199
109 204
109 211
109 228
109 242
109 244
109 269
109 299
110 111
110 125
110 148
110 156
110 158
110 182
110 187
110 212
110 233
110 249
110 252
110 267
110 281
110 287
110 294
110 295
111 112
111 136
111 152
111 160
111 165
111 170
111 177
111 183
111 187
111 188
111 189
111 209
111 215
111 216
111 232
111 241
111 280
111 288
111 290
112 114
112 127
112 134
112 146
112 167
112 183
112 201
112 205
112 216
112 227
112 234
112 239
112 256
112 270
112 274
112 275
112 283
112 293
112 295
112 299
113 115
113 116
113 127
113 131
113 142
113 145
113 148
113 151
113 157
113 172
113 184
113 188
113 189
113 193
113 196
113 200
113 201
113 217
113 218
113 222
113 244
113 253
113 265
113 273
113 276
113 285
113 297
114 125
114 153
114 172
114 181
114 200
114 202
114 234
114 244
114 245
114 266
114 267
114 275
114 287
115 121
115 135
115 138
115 146
115 156
115 163
115 165
115 170
115 208
115 210
115 228
115 248
115 253
115 255
115 264
115 265
115 277
115 282
115 283
115 295
116 118
116 132
116 138
116 140
116 155
116 156
116 158
116 161
116 165
116 172
116 177
116 187
116 193
116 194
116 200
116 209
116 219
116 235
116 236
116 240
116 265
116 275
117 132
117 135
117 147
117 150
117 152
117 178
117 183
117 191
117 197
117 199
117 205
117 210
117 214
117 222
117 223
117 240
117 247
117 261
117 281
117 286
117 287
117 299
118 125
118 134
118 138
118 140
118 141
118 163
118 186
118 210
118 218
118 234
118 240
118 242
118 247
118 251
118 256
118 260
118 264
118 267
118 268
118 269
118 271
118 280
119 123
119 128
119 144
119 150
119 155
119 164
119 170
119 175
119 184
119 233
119 238
119 246
119 257
119 288
119 291
120 139
120 142
120 155
120 165
120 169
120 184
120 192
120 196
120 208
120 209
120 234
120 251
120 260
120 265
120 269
120 271
120 275
120 278
120 286
120 296
120 297
121 133
121 136
121 149
121 162
121 179
121 189
121 199
121 207
121 211
121 218
121 240
121 258
121 260
121 262
121 293
121 295
122 127
122 142
122 144
122 156
122 160
122 161
122 162
122 168
122 182
122 197
122 206
122 210
122 221
122 241
122 243
122 251
122 252
122 261
122 262
122 266
122 269
122 285
122 290
122 296
123 134
123 152
123 157
123 174
123 186
123 188
123 190
123 201
123 203
123 223
123 232
123 234
123 249
123 258
123 269
123 274
123 276
123 282
123 294
123 296
124 131
124 139
124 144
124 160
124 161
124 171
124 184
124 200
124 213
124 216
124 227
124 244
124 252
124 253
124 275
124 287
125 126
125 136
125 141
125 143
125 144
125 182
125 184
125 185
125 199
125 203
125 208
125 213
125 231
125 232
125 235
125 238
125 250
125 263
125 267
125 268
125 280
125 287
125 288
125 296
126 144
126 145
126 150
126 151
126 161
126 172
126 176
126 182
126 186
126 195
126 202
126 231
126 239
126 255
126 265
126 273
126 283
126 291
126 293
126 299
127 165
127 168
127 169
127 178
127 179
127 195
127 201
127 202
127 215
127 233
127 239
127 250
127 263
127 285
127 297
128 166
128 167
128 180
128 186
128 192
128 202
128 213
128 220
128 231
128 241
128 247
128 259
128 261
128 278
128 282
128 286
128 297
129 130
129 132
129 142
129 144
129 150
129 156
129 170
129 176
129 181
129 238
129 248
129 249
129 253
129 281
129 295
130 131
130 141
130 142
130 147
130 155
130 160
130 175
130 180
130 182
130 183
130 196
130 198
130 199
130 211
130 216
130 220
130 224
130 227
130 240
130 246
130 256
130 267
130 268
130 289
130 299
131 143
131 160
131 162
131 163
131 170
131 173
131 190
131 192
131 197
131 206
131 207
131 215
131 229
131 242
131 254
131 262
131 263
131 267
131 284
131 288
132 134
132 144
132 162
132 164
132 179
132 180
132 191
132 195
132 205
132 253
132 258
132 261
132 265
132 274
132 277
132 284
132 286
132 293
133 135
133 137
133 141
133 163
133 184
133 191
133 222
133 226
133 230
133 232
133 238
133 239
133 266
133 272
133 277
133 283
134 141
134 154
134 167
134 171
134 177
134 198
134 199
134 203
134 212
134 223
134 228
134 229
134 232
134 234
134 247
134 249
134 250
134 270
134 273
134 281
134 295
134 296
135 136
135 154
135 163
135 166
135 185
135 202
135 211
135 231
135 245
135 253
135 259
135 272
135 279
135 284
135 297
136 163
136 184
136 194
136 209
136 215
136 227
136 228
136 234
136 243
136 251
136 252
136 255
136 270
136 276
136 278
136 282
136 286
136 296
137 138
137 160
137 164
137 171
137 181
137 222
137 257
137 273
137 277
137 291
138 139
138 146
138 164
138 173
138 187
138 199
138 200
138 206
138 209
138 246
138 261
138 274
138 280
138 282
138 283
139 144
139 178
139 193
139 214
139 216
139 221
139 234
139 255
139 264
139 293
140 144
140 153
140 168
140 190
140 202
140 215
140 232
140 235
140 249
140 257
140 259
140 267
140 285
140 294
141 144
141 158
141 165
141 186
141 195
141 205
141 223
141 225
141 241
141 242
141 256
141 258
141 263
141 268
141 281
141 292
141 296
142 148
142 164
142 165
142 171
142 177
142 180
142 203
142 239
142 251
142 253
142 257
142 258
142 265
142 266
142 269
142 292
143 144
143 151
143 175
143 184
143 190
143 191
143 196
143 215
143 219
143 224
143 236
143 274
143 284
143 286
143 288
144 147
144 151
144 158
144 168
144 176
144 181
144 201
144 246
144 252
144 268
144 269
144 272
144 283
144 298
145 147
145 165
145 171
145 172
145 180
145 190
145 207
145 208
145 210
145 215
145 225
145 262
145 268
145 287
145 290
145 293
146 157
146 162
146 165
146 166
146 184
146 192
146 194
146 200
146 214
146 215
146 217
146 224
146 231
146 248
146 259
146 281
147 150
147 189
147 209
147 250
147 258
147 298
148 156
148 170
148 174
148 180
148 203
148 209
148 211
148 222
148 225
148 250
148 259
148 297
149 165
149 170
149 179
149 182
149 190
149 207
149 220
149 265
149 284
149 294
149 299
150 154
150 158
150 184
150 213
150 236
150 238
150 244
150 256
150 261
150 267
150 271
150 280
150 287
150 290
151 154
151 160
151 166
151 169
151 172
151 187
151 193
151 204
151 205
151 209
151 221
151 224
151 226
151 238
151 242
151 261
151 264
151 274
151 294
152 162
152 174
152 177
152 183
152 200
152 218
152 225
152 226
152 228
152 230
152 241
152 249
152 251
152 254
152 272
152 281
153 164
153 170
153 172
153 191
153 227
153 229
153 238
153 253
153 254
153 260
153 273
153 275
153 281
154 158
154 173
154 178
154 183
154 185
154 194
154 196
154 207
154 212
154 227
154 245
154 247
154 256
154 277
154 280
154 283
154 284
154 296
154 297
155 181
155 190
155 217
155 231
155 239
155 244
155 245
155 249
155 264
155 279
155 282
155 289
156 162
156 163
156 167
156 184
156 186
156 188
156 194
156 197
156 200
156 205
156 210
156 219
156 227
156 232
156 239
156 240
156 252
156 254
156 268
156 290
157 164
157 196
157 206
157 212
157 219
157 222
157 236
157 242
157 243
157 248
157 253
157 272
157 290
157 293
158 169
158 170
158 197
158 214
158 219
158 220
158 225
158 256
158 262
158 277
158 280
158 283
158 291
158 299
159 170
159 196
159 215
159 219
159 230
159 239
159 245
159 249
159 264
159 267
159 293
159 297
160 170
160 184
160 187
160 201
160 202
160 217
160 220
160 228
160 231
160 234
160 238
160 244
160 257
160 259
160 276
160 283
160 289
160 294
160 295
161 168
161 175
161 179
161 183
161 198
161 207
161 209
161 227
161 237
161 250
161 254
161 256
161 292
161 297
162 183
162 190
162 193
162 205
162 207
162 217
162 227
162 230
162 242
162 244
162 248
162 255
162 280
162 287
162 292
163 186
163 188
163 204
163 210
163 229
163 236
163 240
163 243
163 250
163 259
163 266
163 267
163 282
163 284
164 165
164 172
164 176
164 189
164 195
164 196
164 209
164 211
164 213
164 214
164 219
164 228
164 229
164 230
164 232
164 254
164 281
164 284
164 290
164 296
165 171
165 180
165 189
165 201
165 204
165 208
165 221
165 240
165 242
165 243
165 255
165 258
165 292
166 170
166 179
166 187
166 196
166 233
166 259
166 264
166 267
166 276
166 277
166 288
167 184
167 185
167 189
167 198
167 199
167 204
167 250
167 254
167 257
167 258
168 170
168 174
168 188
168 197
168 203
168 216
168 234
168 239
168 251
168 267
168 273
168 274
168 277
169 181
169 194
169 196
169 220
169 233
169 237
169 245
169 248
169 253
169 254
169 255
169 278
169 279
169 287
169 291
169 292
169 294
170 206
170 221
170 229
170 236
170 238
170 260
170 267
171 190
171 207
171 209
171 218
171 222
171 223
171 229
171 236
171 238
171 242
171 263
171 265
171 268
171 270
171 271
172 174
172 182
172 202
172 205
172 209
172 220
172 227
172 240
172 241
172 250
172 251
172 275
172 282
172 294
172 296
173 178
173 179
173 180
173 188
173 193
173 194
173 201
173 224
173 232
173 234
173 251
173 253
173 264
173 265
173 272
173 277
173 279
173 292
173 293
173 294
174 177
174 192
174 197
174 201
174 207
174 226
174 233
174 237
174 248
174 274
174 290
174 293
175 178
175 183
175 187
175 190
175 195
175 196
175 203
175 218
175 229
175 234
175 239
175 243
175 263
175 269
175 278
175 287
176 190
176 196
176 211
176 216
176 227
176 228
176 229
176 254
176 270
176 274
176 285
177 191
177 201
177 204
177 208
177 213
177 225
177 226
177 230
177 240
177 244
177 246
177 259
177 260
177 261
177 265
177 295
177 296
178 181
178 182
178 192
178 200
178 209
178 210
178 211
178 223
178 231
178 246
178 251
178 266
178 271
178 287
179 186
179 193
179 212
179 243
179 251
179 259
179 265
179 266
179 288
180 199
180 209
180 234
180 239
180 254
180 258
180 261
180 282
180 290
180 295
181 186
181 195
181 206
181 209
181 212
181 222
181 225
181 231
181 242
181 247
181 259
181 267
181 285
181 293
182 226
182 227
182 232
182 256
182 259
182 276
182 294
183 184
183 200
183 226
183 234
183 262
183 263
183 270
184 190
184 195
184 199
184 201
184 211
184 215
184 219
184 255
184 258
184 260
184 284
184 285
185 202
185 221
185 225
185 228
185 235
185 276
185 278
185 287
185 289
186 193
186 204
186 205
186 207
186 208
186 212
186 220
186 228
186 236
186 237
186 242
186 243
186 247
186 251
186 253
186 283
186 287
187 203
187 232
187 240
187 255
187 270
187 274
187 295
188 207
188 247
188 248
188 256
188 263
188 277
188 297
189 190
189 235
189 246
189 258
189 263
189 277
189 283
189 287
189 291
190 213
190 216
190 218
190 220
190 228
190 236
190 240
190 265
190 277
190 298
191 194
191 205
191 213
191 222
191 248
191 253
191 255
191 263
191 286
191 290
191 291
192 228
192 236
192 246
192 248
192 255
192 257
192 258
192 266
192 270
192 291
192 299
193 259
193 275
193 292
194 199
194 204
194 236
194 282
194 296
195 203
195 219
195 226
195 252
195 258
195 262
195 267
195 272
195 285
196 202
196 230
196 273
196 275
196 295
197 199
197 210
197 212
197 226
197 234
197 276
197 298
197 299
198 200
198 209
198 210
198 211
198 215
198 220
198 225
198 237
198 246
198 261
198 262
198 276
198 278
198 295
199 210
199 214
199 226
199 243
199 260
199 279
200 205
200 209
200 234
200 239
200 242
200 244
200 261
200 290
201 210
201 225
201 231
201 236
201 240
202 204
202 206
202 216
202 230
202 244
202 249
202 250
202 264
202 275
202 276
202 281
202 293
203 205
203 212
203 219
203 226
203 230
203 247
203 248
203 251
203 262
203 267
203 277
203 286
203 299
204 231
204 233
204 249
204 268
204 278
204 279
204 284
205 219
205 257
205 263
205 273
205 277
205 286
205 295
206 236
206 239
206 240
206 259
206 278
207 217
207 223
207 224
207 237
207 241
207 242
207 267
207 284
207 291
207 298
208 210
208 218
208 227
208 229
208 234
208 238
208 245
208 250
208 261
208 267
208 298
209 211
209 217
209 224
209 239
209 259
209 265
209 274
209 277
209 292
209 298
210 212
210 215
210 222
210 252
210 254
210 263
210 274
210 286
210 293
211 212
211 216
211 219
211 229
211 258
211 262
211 265
211 274
211 279
211 295
211 298
212 237
212 250
212 256
212 260
212 280
212 281
212 286
212 290
212 292
212 298
213 219
213 259
214 231
214 250
214 260
214 265
214 272
214 284
214 286
215 228
215 229
215 233
215 242
215 263
215 274
215 281
215 286
215 295
216 218
216 221
216 229
216 233
216 242
216 249
216 252
216 271
216 275
216 286
216 293
217 220
217 221
217 224
217 250
217 253
217 258
217 262
217 293
217 294
218 230
218 235
218 248
218 253
218 258
218 261
218 269
218 283
219 225
219 226
219 239
219 255
219 266
219 283
219 294
220 223
220 238
220 243
220 247
220 248
220 259
220 271
220 273
220 274
220 277
221 225
221 237
221 239
221 258
221 263
221 277
221 285
222 226
222 230
222 239
222 251
222 265
222 279
222 293
222 295
222 298
223 224
223 226
223 227
223 235
223 243
223 246
223 247
223 248
223 257
223 262
223 276
223 279
223 292
223 297
224 238
224 243
224 265
224 273
224 295
224 296
224 299
225 233
225 237
225 239
225 246
225 252
225 264
225 274
225 282
225 290
225 299
226 284
226 285
226 291
227 254
227 258
227 265
227 268
227 279
227 281
227 294
228 240
228 264
228 273
228 276
228 277
228 286
228 292
228 293
229 232
229 235
229 254
229 291
229 292
230 249
230 255
230 267
230 270
230 274
230 277
230 290
230 291
230 297
231 235
231 247
231 258
231 278
231 291
232 250
232 251
232 265
232 270
232 276
232 299
233 239
233 240
233 251
233 253
233 254
233 259
233 264
233 271
233 276
233 293
234 249
234 260
234 268
234 279
234 280
234 284
234 285
234 293
235 248
235 267
235 291
236 238
236 251
236 261
236 264
236 274
236 275
236 292
236 296
237 240
237 241
237 246
237 275
237 282
237 290
237 291
237 295
237 298
238 240
238 274
238 276
238 293
238 295
239 255
239 263
239 272
239 273
240 242
240 276
241 245
241 248
241 260
241 288
242 246
242 255
242 263
242 266
242 267
242 277
242 291
242 293
243 251
243 278
244 246
244 251
244 255
244 267
244 282
244 289
244 297
245 254
245 273
245 274
245 275
245 292
246 247
246 249
246 255
246 257
246 260
246 267
246 273
247 257
247 258
247 284
248 269
249 267
249 292
250 260
250 263
250 264
250 265
250 268
250 277
250 280
250 294
251 269
251 271
251 273
251 277
251 293
252 265
252 275
252 294
253 268
253 279
253 293
253 298
254 257
254 266
254 274
254 286
254 298
255 257
255 259
255 261
255 262
255 266
255 269
255 277
255 289
255 296
255 297
256 273
256 281
256 294
257 258
257 261
257 268
257 294
258 278
258 281
258 282
258 284
258 288
258 292
259 288
259 289
259 290
260 266
261 273
261 277
261 279
262 289
263 264
263 267
263 274
263 283
263 286
263 288
264 266
264 275
264 278
264 279
264 282
264 286
265 286
265 292
266 283
266 292
267 287
267 288
267 289
267 292
268 274
268 284
268 294
269 292
270 275
270 281
270 295
271 272
271 274
271 276
272 277
272 283
272 286
273 284
273 289
273 295
274 287
274 288
274 295
275 278
275 282
276 279
276 283
276 286
276 298
277 282
277 285
277 286
278 291
278 297
278 298
279 280
279 292
280 289
280 291
281 282
281 288
281 291
281 292
281 296
281 297
282 289
282 293
282 299
283 287
284 295
284 297
285 290
285 292
285 298
286 289
287 296
287 298
287 299
288 289
288 290
288 298
289 298
290 291
290 296
293 296
293 297
297 299
298 299
82 287 216 186 46 264 45 234 243 197 206 290 156 51 275 241 112 58 231 80 180 44 199 129 245 162 218 94 133 297 281 120 224 36 17 37 213 276 291 194 50 6 219 117 298 283 41 144 266 151 223 5 25 4 77 109 85 279 29 220
86 125 141 0 187 43 59 235 53 23 49 64 153 20 21 113 272 296 140 66 131 110 236 90 32 195 102 137 10 293 92 8 209 126 240 286 105 205 273 78 261 128 191 79 246 100 40 175 255 148 168 72 121 24 73 188 19 258 56 250
139 200 142 16 260 30 269 34 33 42 176 13 107 1 143 88 134 127 277 167 122 207 190 87 98 111 116 124 114 63 196 212 189 166 155 164 215 280 160 130 251 252 3 263 101 149 54 226 74 182 262 84 173 12 57 152 97 239 170 211
150 185 67 253 146 91 233 244 48 201 31 259 75 177 18 181 184 248 256 89 95 22 232 204 104 106 208 15 123 247 27 65 9 14 295 138 192 115 28 154 238 198 76 270 265 35 174 289 83 221 2 70 183 225 161 119 135 157 214 55
145 71 230 39 60 217 254 47 171 285 7 159 108 292 203 271 118 282 132 165 202 169 103 96 278 69 52 210 158 62 257 299 274 147 61 163 193 237 99 267 179 228 136 11 81 172 229 222 68 178 26 284 227 249 93 268 288 38 242 294
