300
4535
4
32
32
70
62
0 9
0 18
0 37
0 59
0 60
0 70
0 77
0 80
0 93
0 149
0 153
0 157
0 169
0 170
0 187
0 207
0 226
0 232
0 240
0 241
0 279
0 281
0 286
1 11
1 21
1 22
1 36
1 67
1 81
1 84
1 89
1 124
1 136
1 142
1 162
1 164
1 171
1 172
1 176
1 199
1 203
1 222
1 256
1 276
2 20
2 21
2 39
2 49
2 62
2 70
2 82
2 94
2 107
2 109
2 114
2 122
2 128
2 138
2 139
2 157
2 179
2 191
2 200
2 223
2 232
2 238
2 241
2 243
2 248
2 251
2 261
2 265
2 272
2 277
2 285
2 290
2 294
3 11
3 18
3 24
3 42
3 48
3 52
3 53
3 76
3 82
3 118
3 126
3 130
3 138
3 143
3 146
3 149
3 154
3 159
3 170
3 181
3 191
3 194
3 201
3 214
3 215
3 247
3 276
3 293
3 297
4 21
4 26
4 40
4 43
4 48
4 50
4 55
4 65
4 71
4 72
4 83
4 93
4 113
4 120
4 121
4 126
4 133
4 141
4 149
4 151
4 153
4 157
4 164
4 167
4 176
4 183
4 197
4 203
4 220
4 239
4 242
4 243
4 262
4 264
4 266
4 267
4 272
4 273
4 278
4 283
4 286
5 28
5 42
5 51
5 69
5 71
5 75
5 76
5 97
5 106
5 130
5 149
5 157
5 166
5 173
5 175
5 186
5 198
5 218
5 222
5 228
5 242
5 267
5 271
5 272
5 278
5 279
5 288
5 298
6 7
6 14
6 25
6 40
6 66
6 70
6 114
6 117
6 119
6 129
6 138
6 139
6 140
6 146
6 163
6 173
6 180
6 182
6 194
6 211
6 217
6 218
6 227
6 269
6 289
6 290
7 12
7 18
7 20
7 29
7 31
7 42
7 55
7 59
7 64
7 76
7 85
7 87
7 90
7 91
7 105
7 110
7 112
7 121
7 146
7 195
7 203
7 216
7 226
7 247
7 250
7 287
7 292
7 293
8 18
8 25
8 40
8 68
8 74
8 78
8 83
8 107
8 112
8 114
8 121
8 135
8 141
8 142
8 147
8 151
8 152
8 158
8 180
8 182
8 189
8 192
8 215
8 221
8 231
8 244
8 251
8 255
8 256
8 260
8 262
8 270
8 274
9 23
9 34
9 66
9 69
9 83
9 85
9 87
9 88
9 94
9 129
9 131
9 160
9 169
9 170
9 201
9 214
9 224
9 230
9 250
9 279
9 284
9 294
10 16
10 25
10 31
10 42
10 48
10 57
10 58
10 87
10 94
10 98
10 105
10 113
10 117
10 143
10 146
10 157
10 168
10 173
10 179
10 186
10 187
10 202
10 203
10 208
10 217
10 223
10 247
10 250
10 279
10 292
10 297
10 299
11 16
11 39
11 76
11 86
11 107
11 108
11 121
11 124
11 125
11 140
11 147
11 165
11 176
11 185
11 201
11 205
11 219
11 227
11 243
11 246
11 274
11 293
12 15
12 26
12 30
12 31
12 37
12 60
12 61
12 73
12 80
12 81
12 83
12 97
12 103
12 116
12 120
12 122
12 129
12 130
12 131
12 133
12 165
12 168
12 170
12 216
12 268
12 270
12 280
12 285
12 286
12 289
12 295
13 19
13 33
13 39
13 49
13 56
13 65
13 69
13 71
13 73
13 85
13 87
13 93
13 110
13 129
13 131
13 133
13 151
13 157
13 178
13 182
13 185
13 199
13 216
13 217
13 220
13 239
13 250
13 259
13 270
13 288
13 296
14 16
14 23
14 28
14 33
14 35
14 37
14 42
14 50
14 86
14 89
14 99
14 107
14 157
14 163
14 165
14 175
14 180
14 213
14 223
14 226
14 230
14 236
14 246
14 254
14 266
14 276
14 290
14 296
15 17
15 21
15 23
15 32
15 36
15 39
15 43
15 52
15 58
15 69
15 70
15 72
15 87
15 88
15 101
15 105
15 106
15 115
15 134
15 135
15 140
15 153
15 192
15 200
15 207
15 210
15 217
15 222
15 227
15 231
15 239
15 244
15 245
15 252
15 268
15 283
15 284
15 291
16 17
16 26
16 27
16 42
16 60
16 82
16 86
16 92
16 103
16 112
16 117
16 122
16 133
16 156
16 180
16 182
16 185
16 218
16 222
16 225
16 228
16 229
16 240
16 245
16 249
16 257
16 264
16 268
16 271
16 282
16 290
16 293
16 299
17 25
17 28
17 49
17 58
17 68
17 71
17 74
17 76
17 80
17 91
17 103
17 124
17 143
17 145
17 147
17 151
17 160
17 168
17 181
17 183
17 193
17 207
17 210
17 226
17 229
17 261
17 267
17 279
17 290
17 293
17 295
17 297
17 299
18 19
18 21
18 89
18 95
18 107
18 111
18 120
18 128
18 133
18 137
18 157
18 184
18 192
18 203
18 228
18 235
18 242
18 245
18 275
18 280
18 283
18 286
18 288
19 41
19 43
19 52
19 60
19 70
19 75
19 87
19 88
19 90
19 94
19 122
19 168
19 180
19 197
19 202
19 203
19 207
19 210
19 217
19 247
19 250
19 255
19 259
19 261
19 268
19 271
19 280
19 282
20 21
20 23
20 27
20 31
20 58
20 60
20 64
20 77
20 81
20 85
20 86
20 87
20 100
20 138
20 142
20 144
20 164
20 165
20 177
20 179
20 192
20 197
20 198
20 202
20 209
20 215
20 226
20 234
20 242
20 246
20 247
20 250
20 255
20 263
20 265
20 266
20 294
20 296
20 297
21 22
21 28
21 31
21 38
21 48
21 55
21 56
21 64
21 74
21 76
21 77
21 97
21 108
21 150
21 151
21 167
21 174
21 177
21 192
21 201
21 223
21 233
21 243
21 246
21 251
21 256
21 259
21 264
21 272
21 298
22 40
22 57
22 80
22 91
22 98
22 104
22 107
22 116
22 130
22 131
22 139
22 146
22 163
22 172
22 174
22 179
22 196
22 202
22 203
22 205
22 225
22 227
22 231
22 240
22 242
22 243
22 265
22 281
22 299
23 29
23 36
23 39
23 47
23 73
23 90
23 126
23 156
23 169
23 171
23 172
23 180
23 185
23 190
23 191
23 236
23 243
23 254
23 274
23 288
23 296
24 34
24 36
24 51
24 87
24 92
24 99
24 150
24 152
24 169
24 171
24 176
24 179
24 182
24 189
24 196
24 206
24 214
24 238
24 248
24 270
24 277
24 297
24 298
25 29
25 36
25 49
25 56
25 69
25 74
25 75
25 88
25 91
25 97
25 101
25 111
25 125
25 139
25 154
25 167
25 170
25 179
25 184
25 186
25 193
25 203
25 223
25 231
25 245
25 254
25 256
25 261
25 265
25 269
25 273
25 275
25 278
25 283
25 284
25 289
26 59
26 62
26 79
26 105
26 147
26 166
26 169
26 175
26 192
26 203
26 207
26 212
26 216
26 219
26 225
26 226
26 255
26 264
26 269
26 276
26 279
26 282
26 298
27 44
27 58
27 64
27 69
27 76
27 77
27 83
27 87
27 95
27 96
27 106
27 134
27 191
27 208
27 213
27 218
27 229
27 237
27 238
27 253
27 259
27 265
27 273
27 280
28 35
28 36
28 40
28 49
28 68
28 99
28 129
28 146
28 148
28 153
28 158
28 162
28 166
28 170
28 175
28 216
28 228
28 232
28 235
28 236
28 260
28 276
28 283
28 294
29 58
29 63
29 72
29 108
29 113
29 121
29 122
29 127
29 133
29 148
29 149
29 155
29 158
29 171
29 208
29 209
29 211
29 240
29 244
29 249
29 250
29 256
29 260
29 272
29 280
29 293
29 295
29 298
30 40
30 75
30 87
30 90
30 100
30 104
30 117
30 129
30 141
30 147
30 161
30 173
30 176
30 180
30 181
30 182
30 204
30 205
30 222
30 229
30 256
30 259
30 269
30 289
31 42
31 53
31 91
31 93
31 99
31 100
31 112
31 146
31 151
31 163
31 175
31 176
31 181
31 199
31 202
31 205
31 210
31 216
31 238
31 239
31 259
31 264
31 266
31 272
31 291
32 38
32 39
32 43
32 52
32 56
32 64
32 66
32 82
32 84
32 91
32 93
32 97
32 128
32 129
32 171
32 172
32 173
32 184
32 198
32 234
32 242
32 256
32 281
32 284
32 288
32 291
33 46
33 59
33 62
33 64
33 67
33 86
33 94
33 100
33 105
33 112
33 126
33 134
33 137
33 141
33 142
33 166
33 173
33 214
33 215
33 217
33 220
33 224
33 226
33 282
33 289
33 293
34 37
34 57
34 60
34 75
34 78
34 89
34 94
34 96
34 98
34 102
34 104
34 123
34 135
34 139
34 156
34 162
34 165
34 178
34 181
34 187
34 193
34 203
34 207
34 211
34 216
34 222
34 227
34 260
34 270
34 282
34 295
34 298
35 39
35 42
35 50
35 64
35 67
35 68
35 75
35 76
35 81
35 87
35 98
35 99
35 100
35 107
35 111
35 120
35 136
35 137
35 143
35 149
35 161
35 175
35 178
35 181
35 191
35 192
35 200
35 204
35 213
35 229
35 247
35 256
35 262
35 276
35 280
35 289
36 40
36 42
36 53
36 64
36 86
36 92
36 99
36 101
36 107
36 126
36 128
36 136
36 155
36 159
36 164
36 176
36 181
36 195
36 201
36 210
36 226
36 228
36 230
36 239
36 240
36 242
36 263
36 270
36 271
36 275
36 280
37 48
37 50
37 62
37 86
37 98
37 100
37 101
37 114
37 117
37 121
37 133
37 146
37 147
37 152
37 159
37 160
37 177
37 181
37 187
37 198
37 199
37 200
37 210
37 211
37 217
37 221
37 223
37 226
37 233
37 251
37 275
37 285
37 286
37 291
37 294
38 41
38 62
38 82
38 89
38 105
38 113
38 115
38 120
38 122
38 130
38 139
38 155
38 163
38 164
38 170
38 177
38 181
38 187
38 188
38 195
38 224
38 254
38 259
38 262
38 265
38 267
38 269
38 270
38 271
38 279
38 294
38 299
39 52
39 54
39 57
39 62
39 69
39 84
39 100
39 108
39 129
39 138
39 145
39 184
39 191
39 199
39 214
39 215
39 219
39 225
39 237
39 248
39 270
39 288
39 289
39 296
39 298
40 47
40 53
40 58
40 63
40 81
40 90
40 106
40 112
40 119
40 129
40 142
40 164
40 194
40 210
40 219
40 223
40 224
40 229
40 230
40 243
40 254
40 271
40 283
40 287
41 42
41 47
41 54
41 56
41 68
41 69
41 78
41 93
41 108
41 111
41 134
41 136
41 139
41 141
41 144
41 163
41 178
41 210
41 213
41 228
41 238
41 240
41 250
41 252
41 262
41 266
41 267
41 280
41 283
41 296
41 297
42 74
42 106
42 108
42 136
42 138
42 147
42 157
42 168
42 174
42 204
42 220
42 239
42 276
42 278
42 283
42 286
42 298
43 52
43 58
43 60
43 70
43 71
43 89
43 95
43 129
43 138
43 147
43 155
43 157
43 175
43 182
43 187
43 188
43 189
43 195
43 198
43 200
43 214
43 219
43 224
43 236
43 241
43 245
43 262
43 264
43 277
43 281
43 285
43 292
44 63
44 66
44 68
44 70
44 102
44 107
44 108
44 128
44 143
44 171
44 172
44 177
44 180
44 185
44 213
44 216
44 231
44 241
44 292
45 52
45 55
45 61
45 85
45 87
45 92
45 94
45 96
45 117
45 146
45 150
45 179
45 197
45 201
45 215
45 223
45 228
45 230
45 245
45 251
45 260
45 275
45 279
45 283
45 291
46 50
46 65
46 69
46 77
46 89
46 119
46 127
46 128
46 138
46 140
46 142
46 158
46 161
46 166
46 169
46 173
46 180
46 226
46 232
46 248
46 275
46 289
47 64
47 66
47 76
47 79
47 83
47 106
47 112
47 116
47 122
47 126
47 131
47 133
47 160
47 170
47 173
47 189
47 191
47 207
47 208
47 213
47 242
47 243
47 254
47 265
47 276
47 282
48 74
48 81
48 89
48 95
48 107
48 114
48 118
48 127
48 131
48 148
48 170
48 171
48 176
48 189
48 192
48 206
48 216
48 228
48 248
48 251
48 257
48 264
48 285
49 50
49 73
49 77
49 78
49 83
49 85
49 106
49 114
49 131
49 132
49 137
49 143
49 148
49 153
49 154
49 166
49 169
49 189
49 190
49 192
49 196
49 198
49 209
49 211
49 226
49 227
49 248
49 249
49 269
49 270
49 271
49 281
49 282
49 291
50 64
50 70
50 81
50 95
50 96
50 98
50 104
50 107
50 120
50 124
50 127
50 137
50 139
50 144
50 154
50 156
50 172
50 199
50 207
50 224
50 229
50 244
50 245
50 256
50 273
50 285
50 292
50 298
51 74
51 80
51 85
51 94
51 95
51 102
51 124
51 135
51 144
51 148
51 153
51 166
51 202
51 217
51 250
51 254
51 261
51 263
51 268
51 279
51 289
51 296
51 298
52 53
52 67
52 86
52 99
52 104
52 127
52 130
52 138
52 141
52 143
52 147
52 164
52 165
52 168
52 178
52 185
52 187
52 201
52 236
52 255
52 257
52 258
52 299
53 88
53 90
53 101
53 109
53 128
53 129
53 132
53 133
53 173
53 179
53 199
53 202
53 213
53 232
53 235
53 257
53 262
53 279
53 280
53 286
53 293
53 298
54 75
54 83
54 106
54 107
54 124
54 125
54 132
54 159
54 181
54 186
54 192
54 196
54 215
54 216
54 243
54 244
54 254
54 258
54 268
54 279
54 282
54 286
54 289
55 59
55 61
55 80
55 84
55 91
55 92
55 93
55 101
55 109
55 110
55 114
55 133
55 139
55 145
55 154
55 155
55 160
55 169
55 175
55 177
55 178
55 202
55 204
55 206
55 207
55 208
55 224
55 236
55 241
55 263
55 269
55 278
55 283
55 284
55 298
56 66
56 75
56 121
56 124
56 135
56 145
56 172
56 178
56 186
56 219
56 252
56 253
56 273
56 291
56 293
57 77
57 80
57 84
57 91
57 96
57 100
57 116
57 122
57 127
57 129
57 141
57 142
57 143
57 145
57 151
57 164
57 175
57 187
57 189
57 207
57 213
57 214
57 217
57 225
57 230
57 243
57 257
57 259
57 294
58 60
58 70
58 90
58 100
58 102
58 123
58 133
58 137
58 146
58 175
58 176
58 178
58 211
58 230
58 237
58 239
58 259
58 272
58 290
59 62
59 66
59 68
59 74
59 77
59 83
59 87
59 97
59 100
59 139
59 140
59 141
59 146
59 161
59 167
59 173
59 175
59 176
59 205
59 226
59 241
59 253
59 267
59 268
59 272
59 278
59 290
59 293
60 90
60 98
60 110
60 125
60 129
60 130
60 131
60 152
60 156
60 173
60 178
60 180
60 182
60 205
60 208
60 211
60 223
60 225
60 240
60 250
60 262
60 263
60 276
60 279
61 73
61 81
61 88
61 95
61 104
61 105
61 127
61 128
61 140
61 162
61 164
61 172
61 177
61 192
61 193
61 194
61 201
61 203
61 220
61 224
61 268
61 279
62 67
62 93
62 94
62 96
62 106
62 113
62 120
62 133
62 137
62 140
62 142
62 144
62 151
62 167
62 168
62 175
62 196
62 200
62 228
62 232
62 242
62 249
62 255
62 263
62 265
62 270
62 271
62 281
62 282
62 294
63 69
63 73
63 83
63 84
63 86
63 87
63 92
63 114
63 120
63 127
63 130
63 167
63 180
63 203
63 206
63 213
63 227
63 249
63 261
63 264
63 276
63 281
63 284
63 289
64 84
64 89
64 98
64 101
64 108
64 109
64 112
64 118
64 138
64 139
64 161
64 162
64 174
64 210
64 216
64 236
64 252
64 253
64 261
64 276
64 287
64 295
65 71
65 90
65 91
65 94
65 97
65 98
65 111
65 129
65 132
65 134
65 154
65 173
65 185
65 188
65 194
65 209
65 214
65 228
65 229
65 241
65 248
65 252
65 256
65 273
65 278
65 283
66 97
66 100
66 102
66 107
66 115
66 136
66 146
66 190
66 197
66 211
66 212
66 225
66 229
66 230
66 248
66 256
66 262
66 268
66 285
66 289
67 68
67 83
67 106
67 123
67 156
67 158
67 160
67 163
67 167
67 169
67 173
67 175
67 176
67 192
67 195
67 199
67 203
67 204
67 221
67 229
67 235
67 252
67 275
67 284
67 288
68 69
68 92
68 96
68 103
68 109
68 112
68 140
68 143
68 151
68 161
68 162
68 180
68 192
68 197
68 206
68 226
68 230
68 233
68 235
68 239
68 245
68 246
68 251
68 267
68 280
68 282
68 294
68 298
68 299
69 76
69 87
69 88
69 90
69 106
69 118
69 137
69 141
69 188
69 191
69 210
69 221
69 230
69 263
69 271
69 275
69 282
70 75
70 80
70 82
70 84
70 94
70 97
70 98
70 122
70 138
70 143
70 145
70 176
70 177
70 184
70 206
70 208
70 209
70 218
70 244
70 247
70 255
70 261
70 275
70 284
70 296
71 98
71 101
71 105
71 118
71 125
71 147
71 148
71 151
71 174
71 207
71 222
71 226
71 229
71 232
71 238
71 248
71 256
71 261
71 265
71 273
71 291
72 74
72 86
72 96
72 122
72 123
72 134
72 156
72 163
72 182
72 189
72 198
72 203
72 215
72 256
72 261
72 272
72 287
72 295
72 298
73 75
73 81
73 92
73 106
73 123
73 129
73 132
73 142
73 153
73 154
73 155
73 161
73 188
73 214
73 217
73 254
73 261
73 262
73 265
73 297
74 81
74 100
74 112
74 132
74 134
74 169
74 174
74 186
74 195
74 200
74 207
74 210
74 227
74 235
74 248
74 250
74 260
74 262
74 284
74 288
74 291
75 77
75 78
75 86
75 88
75 94
75 95
75 114
75 135
75 143
75 145
75 146
75 151
75 152
75 164
75 165
75 170
75 173
75 175
75 191
75 192
75 196
75 216
75 223
75 239
75 244
75 264
75 272
75 276
75 277
75 278
75 279
75 286
75 294
76 93
76 99
76 101
76 105
76 110
76 115
76 128
76 133
76 134
76 144
76 151
76 153
76 155
76 157
76 183
76 200
76 201
76 206
76 219
76 239
76 242
76 255
76 275
76 294
76 297
76 298
77 99
77 101
77 104
77 112
77 114
77 124
77 125
77 134
77 141
77 147
77 188
77 193
77 208
77 209
77 211
77 219
77 221
77 238
77 276
77 280
78 85
78 90
78 91
78 92
78 98
78 105
78 114
78 119
78 122
78 126
78 141
78 154
78 178
78 189
78 195
78 224
78 229
78 231
78 240
78 246
78 254
78 258
78 261
78 274
78 297
79 97
79 99
79 102
79 112
79 140
79 143
79 166
79 167
79 182
79 191
79 194
79 207
79 245
79 246
79 256
79 290
79 291
80 87
80 99
80 109
80 117
80 132
80 137
80 138
80 163
80 167
80 175
80 183
80 186
80 187
80 206
80 211
80 228
80 231
80 252
80 258
80 259
80 261
80 284
80 292
80 297
81 82
81 100
81 111
81 162
81 163
81 171
81 186
81 202
81 209
81 225
81 236
81 243
81 256
81 260
81 267
81 279
82 89
82 90
82 103
82 109
82 122
82 131
82 154
82 158
82 161
82 170
82 172
82 177
82 180
82 196
82 211
82 213
82 244
82 251
82 252
82 254
82 262
82 264
82 269
82 272
82 274
82 276
82 280
82 281
82 285
82 299
83 87
83 96
83 102
83 104
83 105
83 106
83 113
83 120
83 129
83 148
83 174
83 175
83 176
83 195
83 231
83 235
83 236
83 240
83 246
83 257
83 259
83 262
83 264
83 266
83 271
83 275
83 286
83 292
84 110
84 127
84 130
84 147
84 173
84 186
84 192
84 196
84 199
84 201
84 204
84 216
84 226
84 249
84 254
84 263
84 276
84 299
85 96
85 97
85 109
85 114
85 118
85 138
85 141
85 142
85 146
85 154
85 182
85 196
85 205
85 209
85 212
85 223
85 224
85 231
85 232
85 251
85 263
85 267
85 284
85 288
86 92
86 125
86 130
86 134
86 146
86 170
86 176
86 189
86 191
86 204
86 210
86 213
86 221
86 226
86 227
86 232
86 234
86 243
86 253
86 278
86 280
86 283
86 284
86 298
86 299
87 88
87 95
87 107
87 108
87 112
87 114
87 117
87 126
87 132
87 146
87 150
87 153
87 155
87 160
87 169
87 193
87 196
87 243
87 245
87 246
87 251
87 257
87 264
87 281
87 283
88 97
88 103
88 108
88 111
88 117
88 125
88 131
88 150
88 164
88 171
88 185
88 196
88 216
88 227
88 238
88 239
88 240
88 241
88 244
88 255
88 259
88 266
88 267
88 269
88 274
89 92
89 94
89 97
89 107
89 116
89 126
89 137
89 140
89 143
89 158
89 172
89 203
89 210
89 218
89 231
89 245
89 246
89 268
89 270
89 273
89 281
89 288
89 297
90 91
90 102
90 117
90 128
90 143
90 147
90 156
90 160
90 167
90 171
90 176
90 177
90 186
90 192
90 194
90 211
90 214
90 250
90 264
90 280
90 287
91 104
91 115
91 127
91 132
91 143
91 145
91 172
91 183
91 190
91 200
91 210
91 215
91 216
91 225
91 241
91 275
92 95
92 99
92 117
92 137
92 143
92 152
92 165
92 182
92 184
92 209
92 210
92 229
92 232
92 246
92 257
92 264
92 269
92 271
92 275
93 132
93 138
93 186
93 187
93 190
93 199
93 207
93 220
93 229
93 242
93 255
93 265
93 271
93 282
93 293
93 296
94 114
94 127
94 128
94 144
94 156
94 169
94 175
94 188
94 196
94 200
94 206
94 207
94 215
94 225
94 250
94 293
95 98
95 108
95 110
95 121
95 123
95 136
95 149
95 151
95 157
95 159
95 163
95 177
95 235
95 237
95 240
95 251
95 273
95 285
95 291
95 294
96 103
96 104
96 114
96 120
96 137
96 142
96 163
96 171
96 173
96 194
96 195
96 241
96 246
96 252
96 253
96 258
96 263
96 277
96 278
96 293
97 99
97 102
97 112
97 133
97 142
97 146
97 153
97 172
97 178
97 197
97 209
97 223
97 225
97 275
97 295
98 110
98 112
98 121
98 124
98 130
98 131
98 140
98 147
98 149
98 169
98 174
98 177
98 184
98 189
98 192
98 195
98 209
98 216
98 229
98 242
98 249
98 268
98 277
98 282
98 284
98 286
98 288
98 298
99 107
99 121
99 130
99 135
99 142
99 159
99 160
99 166
99 174
99 181
99 185
99 190
99 193
99 205
99 226
99 230
99 243
99 244
99 252
99 254
99 265
99 268
99 273
99 296
99 298
100 104
100 112
100 141
100 144
100 166
100 167
100 173
100 178
100 209
100 210
100 213
100 215
100 218
100 222
100 224
100 242
100 244
100 257
100 258
100 267
100 270
100 290
101 106
101 128
101 145
101 146
101 147
101 156
101 166
101 168
101 180
101 205
101 221
101 222
101 228
101 238
101 255
101 263
101 270
101 273
101 296
102 115
102 143
102 174
102 184
102 195
102 202
102 217
102 220
102 230
102 240
102 260
102 271
102 272
103 107
103 110
103 113
103 125
103 129
103 139
103 164
103 172
103 185
103 186
103 192
103 211
103 214
103 216
103 237
103 245
103 289
103 290
104 109
104 115
104 121
104 128
104 131
104 141
104 146
104 156
104 160
104 161
104 164
104 166
104 169
104 172
104 195
104 200
104 204
104 216
104 228
104 233
104 255
104 274
104 298
105 130
105 131
105 135
105 140
105 147
105 153
105 154
105 160
105 178
105 184
105 195
105 197
105 206
105 230
105 232
105 236
105 242
105 253
105 267
105 276
105 280
106 115
106 125
106 131
106 132
106 135
106 161
106 189
106 190
106 200
106 208
106 219
106 230
106 234
106 246
106 260
106 281
106 295
106 298
107 119
107 123
107 138
107 141
107 149
107 167
107 171
107 176
107 204
107 205
107 219
107 220
107 222
107 257
107 265
107 268
107 274
107 279
107 288
107 295
108 111
108 121
108 130
108 136
108 153
108 156
108 159
108 176
108 197
108 200
108 227
108 247
108 250
108 251
108 273
108 277
108 279
108 283
108 295
109 123
109 133
109 137
109 138
109 168
109 174
109 189
109 199
109 213
109 225
109 226
109 236
109 243
109 252
109 257
109 265
109 283
109 287
109 296
110 123
110 133
110 136
110 140
110 145
110 153
110 154
110 157
110 161
110 182
110 185
110 191
110 206
110 210
110 215
110 218
110 219
110 220
110 225
110 235
110 238
110 239
110 246
110 281
111 122
111 123
111 126
111 127
111 144
111 149
111 165
111 196
111 200
111 218
111 220
111 224
111 258
111 261
111 272
111 292
111 293
112 116
112 124
112 144
112 151
112 156
112 162
112 177
112 181
112 242
112 247
112 261
112 267
112 275
113 147
113 181
113 183
113 184
113 214
113 241
113 266
113 299
114 128
114 139
114 148
114 155
114 179
114 188
114 191
114 208
114 210
114 241
114 245
114 246
114 254
114 280
114 282
114 289
114 294
114 299
115 124
115 140
115 147
115 158
115 178
115 179
115 180
115 186
115 193
115 215
115 223
115 232
115 240
115 242
115 256
115 262
115 268
116 123
116 172
116 176
116 187
116 195
116 204
116 223
116 227
116 236
116 246
116 282
116 287
116 292
117 124
117 152
117 159
117 177
117 182
117 188
117 205
117 214
117 217
117 258
117 266
117 267
117 269
117 295
118 124
118 142
118 183
118 194
118 222
118 227
118 230
118 233
118 234
118 236
118 257
118 280
118 283
118 291
118 292
119 122
119 147
119 166
119 167
119 178
119 179
119 187
119 193
119 199
119 216
119 237
119 240
119 255
119 256
119 280
119 287
119 296
119 297
120 127
120 134
120 137
120 141
120 144
120 157
120 159
120 165
120 176
120 178
120 179
120 213
120 216
120 221
120 229
120 241
120 247
120 248
120 267
120 271
120 278
120 280
120 296
121 136
121 148
121 151
121 161
121 186
121 191
121 197
121 208
121 237
121 240
121 246
121 259
121 267
121 272
122 136
122 143
122 146
122 148
122 154
122 161
122 172
122 179
122 183
122 188
122 208
122 211
122 224
122 243
122 299
123 124
123 140
123 152
123 187
123 218
123 241
123 260
123 273
123 278
123 295
124 138
124 141
124 145
124 148
124 149
124 163
124 178
124 180
124 184
124 207
124 211
124 218
124 237
124 251
124 277
124 296
125 131
125 146
125 157
125 160
125 165
125 172
125 181
125 187
125 188
125 192
125 221
125 224
125 233
125 234
125 240
125 241
125 243
125 255
125 261
125 271
125 273
125 287
125 298
126 132
126 140
126 173
126 174
126 176
126 185
126 189
126 197
126 202
126 214
126 219
126 236
126 241
126 243
126 286
126 292
126 294
126 296
127 129
127 133
127 148
127 223
127 243
127 254
127 266
127 267
127 269
127 283
128 130
128 152
128 157
128 158
128 164
128 169
128 173
128 181
128 187
128 196
128 227
128 249
128 264
128 266
128 267
129 145
129 147
129 148
129 159
129 162
129 173
129 179
129 189
129 190
129 196
129 198
129 204
129 221
129 222
129 223
129 227
129 233
129 235
129 236
129 246
129 251
129 253
129 257
129 281
129 288
129 296
130 137
130 151
130 157
130 184
130 190
130 191
130 195
130 197
130 199
130 218
130 219
130 234
130 238
130 242
130 244
130 252
130 263
130 265
130 293
131 143
131 176
131 237
131 238
131 252
131 253
131 254
131 256
131 261
131 263
131 269
131 275
131 282
131 297
132 145
132 146
132 149
132 150
132 154
132 162
132 174
132 185
132 188
132 191
132 208
132 216
132 227
132 243
132 246
132 250
132 257
132 264
132 272
132 273
132 289
133 157
133 158
133 160
133 182
133 198
133 206
133 214
133 231
133 238
133 241
133 242
133 254
133 270
133 281
133 294
133 296
133 299
134 138
134 160
134 184
134 186
134 217
134 220
134 223
134 234
134 243
134 266
134 269
134 286
134 288
134 291
135 141
135 160
135 164
135 184
135 192
135 197
135 199
135 206
135 216
135 218
135 219
135 224
135 237
135 247
135 274
135 294
135 299
136 157
136 159
136 167
136 168
136 169
136 185
136 188
136 220
136 223
136 226
136 229
136 233
136 261
136 263
136 272
136 274
137 138
137 144
137 146
137 149
137 163
137 170
137 173
137 177
137 180
137 190
137 191
137 208
137 222
137 228
137 246
137 248
137 262
137 270
137 273
137 281
137 290
138 142
138 168
138 179
138 205
138 215
138 232
138 279
138 282
138 296
139 146
139 148
139 157
139 165
139 173
139 176
139 177
139 187
139 195
139 197
139 203
139 206
139 214
139 215
139 240
139 241
139 277
139 280
140 153
140 168
140 179
140 190
140 196
140 197
140 198
140 200
140 206
140 207
140 216
140 234
140 245
140 260
141 142
141 143
141 175
141 182
141 183
141 184
141 185
141 195
141 220
141 236
141 244
141 250
141 254
141 259
141 263
141 280
141 290
141 299
142 147
142 148
142 154
142 166
142 176
142 199
142 215
142 239
142 242
142 245
142 247
142 266
142 273
142 286
142 291
143 145
143 148
143 150
143 151
143 157
143 158
143 164
143 167
143 172
143 192
143 201
143 203
143 208
143 218
143 238
143 241
144 146
144 150
144 153
144 154
144 180
144 187
144 193
144 198
144 225
144 229
144 235
144 253
144 254
144 255
144 261
144 275
144 286
144 292
145 175
145 182
145 183
145 188
145 193
145 196
145 217
145 222
145 254
145 262
145 271
145 274
145 282
145 287
145 291
146 155
146 156
146 163
146 177
146 195
146 201
146 216
146 222
146 256
146 259
146 268
146 275
146 277
146 278
146 289
146 298
147 163
147 168
147 169
147 177
147 180
147 195
147 203
147 207
147 208
147 214
147 231
147 238
147 241
147 271
147 284
147 289
148 150
148 177
148 190
148 201
148 203
148 211
148 226
148 255
148 293
149 151
149 160
149 168
149 173
149 188
149 189
149 208
149 216
149 218
149 222
149 235
149 251
149 252
149 262
149 268
149 281
150 153
150 157
150 162
150 167
150 174
150 176
150 177
150 185
150 188
150 190
150 193
150 202
150 206
150 240
150 242
150 245
150 250
150 251
150 262
150 267
150 278
150 286
151 153
151 155
151 164
151 192
151 203
151 213
151 224
151 228
151 256
151 267
151 275
151 282
151 283
151 285
151 289
151 297
152 154
152 161
152 168
152 177
152 208
152 218
152 223
152 238
152 239
152 264
152 277
152 292
152 298
153 171
153 173
153 186
153 196
153 221
153 224
153 229
153 248
153 250
153 257
153 269
153 272
153 273
153 280
153 284
154 167
154 179
154 181
154 201
154 209
154 217
154 218
154 232
154 241
154 258
154 261
154 273
154 288
155 168
155 171
155 209
155 289
155 294
156 163
156 177
156 206
156 215
156 216
156 217
156 230
156 246
156 252
156 297
156 299
157 170
157 213
157 225
157 236
157 263
157 265
157 268
157 278
158 173
158 187
158 224
158 227
158 231
158 249
158 257
158 266
158 269
158 272
158 275
158 281
158 287
159 173
159 179
159 186
159 192
159 193
159 206
159 215
159 220
159 240
159 281
160 176
160 190
160 197
160 205
160 209
160 227
160 236
160 240
160 259
160 269
160 285
160 296
161 171
161 182
161 183
161 189
161 198
161 221
161 226
161 230
161 236
161 247
161 253
161 264
161 274
161 289
161 291
162 165
162 172
162 215
162 217
162 224
162 232
162 236
162 237
162 241
162 258
162 259
162 260
162 262
162 279
163 164
163 185
163 202
163 214
163 217
163 218
163 226
163 236
163 237
163 240
163 256
163 276
163 286
164 222
164 224
164 227
164 229
164 256
164 266
164 271
164 282
165 174
165 193
165 219
165 230
165 239
165 242
165 251
165 260
165 268
165 272
165 283
165 287
166 168
166 173
166 197
166 207
166 213
166 228
166 245
166 259
166 274
166 285
166 292
166 299
167 169
167 175
167 178
167 181
167 185
167 203
167 211
167 222
167 227
167 243
167 260
167 266
167 294
168 176
168 192
168 193
168 198
168 204
168 208
168 217
168 219
168 222
168 226
168 229
168 235
168 236
168 245
168 260
168 261
168 263
168 265
168 280
169 171
169 194
169 195
169 201
169 205
169 210
169 211
169 223
169 240
169 254
169 258
169 262
169 291
169 296
170 172
170 175
170 180
170 181
170 183
170 191
170 210
170 212
170 223
170 236
170 245
170 254
170 264
171 181
171 183
171 188
171 190
171 198
171 201
171 206
171 210
171 239
171 244
171 248
171 249
171 250
171 269
171 286
171 295
172 188
172 194
172 198
172 231
172 233
172 256
172 263
172 269
172 294
173 177
173 183
173 192
173 194
173 207
173 217
173 232
173 235
173 242
173 243
173 244
173 247
173 258
173 270
173 273
173 275
173 282
173 287
173 291
174 182
174 187
174 191
174 207
174 212
174 229
174 231
174 244
174 250
174 268
174 275
174 292
175 204
175 212
175 217
175 222
175 227
175 229
175 249
175 267
175 273
175 275
175 296
176 178
176 184
176 209
176 221
176 224
176 228
176 237
176 252
176 264
176 266
176 282
176 291
176 297
176 298
177 213
177 217
177 220
177 229
177 241
177 242
177 245
177 252
177 253
177 264
177 269
177 271
177 274
177 289
178 180
178 181
178 184
178 185
178 197
178 198
178 203
178 221
178 253
178 255
178 256
178 269
178 277
178 290
178 291
178 292
179 200
179 218
179 223
179 259
179 260
179 277
179 285
179 299
180 190
180 199
180 218
180 225
180 226
180 235
180 239
180 255
180 257
180 260
180 269
180 270
180 271
180 281
180 293
181 194
181 217
181 245
181 247
181 248
181 251
181 254
181 257
181 264
181 268
181 271
181 275
181 282
182 193
182 197
182 206
182 221
182 242
182 245
182 263
182 270
182 275
182 276
182 278
182 279
182 282
182 284
182 290
182 298
183 184
183 194
183 198
183 201
183 207
183 240
183 266
183 282
183 291
184 188
184 201
184 203
184 208
184 210
184 211
184 214
184 217
184 226
184 241
184 254
184 269
184 273
184 278
184 289
184 291
185 192
185 197
185 199
185 213
185 220
185 234
185 248
185 253
185 255
185 267
185 268
185 286
185 287
185 294
185 295
186 187
186 190
186 193
186 200
186 215
186 216
186 225
186 241
186 248
186 249
186 265
186 268
186 280
186 281
186 289
187 188
187 211
187 217
187 223
187 234
187 252
187 268
187 277
187 294
188 202
188 222
188 233
188 254
188 261
188 267
188 285
188 291
189 205
189 223
189 225
189 226
189 239
189 241
189 258
189 267
189 277
189 290
190 200
190 218
190 221
190 227
190 229
190 248
190 252
190 275
190 289
191 210
191 218
191 228
191 253
191 267
191 268
191 272
191 294
192 207
192 228
192 235
192 240
192 241
192 244
192 251
192 254
192 266
192 295
193 207
193 213
193 214
193 221
193 222
193 227
193 230
193 271
193 274
194 207
194 213
194 227
194 235
194 242
194 244
194 267
194 273
194 274
194 288
195 211
195 217
195 279
195 295
195 296
196 199
196 228
196 234
196 254
196 255
196 267
196 269
196 275
196 279
196 288
197 232
197 251
197 255
197 259
197 276
197 288
197 291
198 203
198 215
198 228
198 231
198 238
198 256
198 265
198 291
198 296
199 203
199 216
199 225
199 239
199 243
199 255
199 262
199 263
199 281
199 297
200 210
200 218
200 220
200 223
200 224
200 240
200 250
200 254
200 264
200 282
200 297
201 218
201 240
201 241
201 247
201 269
201 275
201 293
201 294
201 297
202 221
202 231
202 236
202 240
202 245
202 277
202 289
202 297
203 215
203 232
203 283
203 290
203 295
203 297
204 206
204 218
204 223
204 225
204 236
204 246
204 253
204 257
204 258
204 261
204 276
204 279
204 291
204 298
205 211
205 220
205 223
205 225
205 230
205 232
205 237
205 240
205 249
205 251
205 252
205 254
205 265
205 266
205 269
205 282
205 299
206 210
206 211
206 227
206 228
206 233
206 243
206 250
206 258
206 261
206 299
207 214
207 217
207 221
207 231
207 238
207 242
207 255
207 266
207 269
207 274
207 293
207 295
208 212
208 218
208 223
208 224
208 239
208 270
208 274
208 281
208 292
209 211
209 225
209 237
209 241
209 250
209 264
209 294
209 298
209 299
210 224
210 226
210 254
210 276
211 214
211 227
211 235
211 236
211 237
211 253
211 255
211 258
211 259
211 262
211 280
211 287
211 295
212 217
212 229
212 234
212 255
212 263
212 269
212 270
212 280
213 216
213 222
213 227
213 246
213 249
213 253
213 256
213 272
213 285
213 289
214 265
214 270
214 286
214 291
214 293
215 216
215 234
215 254
215 256
215 257
215 270
215 276
215 298
216 220
216 230
216 238
216 244
216 245
216 256
216 260
216 270
216 283
216 287
216 292
216 294
217 244
217 250
217 252
217 278
217 283
217 290
218 229
218 231
218 236
218 241
218 245
218 247
218 248
218 266
218 278
218 282
218 283
218 287
219 251
219 263
219 264
219 265
219 267
219 272
219 282
219 287
219 297
220 231
220 242
220 245
220 249
220 251
220 263
220 267
220 280
221 232
221 234
221 240
221 259
221 269
221 270
221 274
221 281
221 285
221 291
222 226
222 228
222 233
222 269
222 283
222 294
222 295
223 241
223 251
223 257
223 259
223 265
223 269
223 280
224 231
224 232
224 236
224 241
224 277
224 285
224 292
225 243
225 250
225 251
225 257
225 261
225 272
225 281
225 287
225 290
225 293
225 299
226 240
226 248
226 261
226 262
226 271
226 275
227 243
227 261
227 265
227 288
228 230
228 233
228 234
228 237
228 246
228 262
228 286
229 236
229 238
229 250
229 278
229 291
229 292
230 242
230 248
230 263
230 265
230 268
230 271
230 280
230 281
230 288
230 289
230 295
230 296
230 297
231 234
231 236
231 243
231 246
231 247
231 250
231 252
231 270
231 280
231 284
231 294
231 297
231 298
232 235
232 236
232 238
232 244
232 248
232 269
232 270
232 272
232 281
232 282
232 291
232 296
233 235
233 240
233 264
233 265
233 267
233 284
234 243
234 246
234 260
234 289
234 292
234 294
235 246
235 278
235 280
235 286
235 287
235 294
236 239
236 258
236 266
236 270
236 272
236 278
236 279
237 240
237 253
237 255
237 266
237 282
238 240
238 242
238 248
238 267
238 271
238 275
238 276
238 278
238 280
238 294
239 244
239 245
239 246
239 290
239 293
240 264
240 271
240 286
240 295
240 296
240 298
241 242
241 246
241 247
241 270
241 277
242 255
242 257
242 268
242 278
242 289
242 292
243 245
243 256
243 257
243 268
243 270
243 297
244 247
244 257
244 260
244 271
244 276
244 281
244 283
244 287
244 291
244 292
245 249
245 253
245 259
245 267
245 278
245 282
245 283
245 287
245 289
246 255
246 265
246 266
246 269
246 271
246 283
247 248
247 252
247 253
247 259
248 262
248 265
248 272
248 278
248 279
248 281
249 272
249 284
250 252
250 292
250 297
251 298
252 254
252 256
252 259
252 271
252 275
252 287
252 295
252 297
253 261
253 277
253 279
254 256
254 259
254 266
254 271
254 287
255 261
255 262
255 275
255 277
255 281
255 290
255 291
255 296
255 297
256 264
256 268
256 279
256 281
256 293
257 263
257 277
257 279
257 284
257 291
257 294
257 296
258 263
258 269
258 274
258 299
259 260
259 276
260 263
260 266
260 268
260 280
260 287
261 262
261 263
261 271
261 283
261 285
261 293
261 299
262 265
262 290
262 293
262 297
263 276
263 293
263 296
263 297
264 270
264 271
264 276
264 281
264 286
265 272
265 274
265 283
265 292
266 273
266 278
266 280
266 293
266 299
267 277
267 297
267 298
268 276
268 289
269 273
269 278
269 279
269 281
269 283
269 291
269 292
270 277
270 279
270 281
270 286
270 291
271 283
271 286
271 296
271 297
271 298
272 274
272 287
272 291
272 292
273 284
273 297
274 285
274 289
275 281
275 299
276 298
277 280
277 284
277 292
278 281
278 283
278 291
278 298
279 294
279 298
279 299
280 299
281 297
284 298
285 290
286 289
287 296
287 299
290 299
292 293
292 299
294 296
295 296
285 107 31 136 153 207 70 147 195 281 155 118 123 276 287 117 113 138 277 267 269 273 253 248 96 197 85 284 236 28 53 66 125 101 29 135 164 250 278 49 63 186 235 65 64 150 226 221 95 271 171 174 290 105 288 89 159 283 208 149 11 224 72 222 86 97 272 165 106 44 180 122 55 209 71 98 178 128 296 112 6 62 52 133 141 22 198 90 69 120
214 30 91 87 103 84 115 114 36 131 81 299 139 116 161 205 73 9 99 163 173 25 262 7 160 46 225 83 237 183 215 132 102 238 282 18 240 217 193 212 204 230 75 129 145 158 126 8 187 279 142 124 93 233 68 43 241 88 33 295 2 154 220 260 24 182 4 38 5 289 229 15 274 242 20 13 92 184 254 176 137 57 261 77 17 94 270 255 14 244
16 80 201 199 104 37 228 110 185 179 162 268 203 76 152 264 151 45 40 275 82 78 206 56 157 239 12 231 189 0 213 166 170 41 47 21 216 200 140 1 192 249 74 259 251 109 51 211 34 190 257 168 266 148 127 181 223 218 177 144 61 243 297 188 60 10 143 194 156 252 169 59 50 175 298 232 42 202 119 191 294 48 258 108 100 26 234 58 280 291
286 54 134 23 210 265 27 246 293 219 35 227 256 247 130 67 263 196 19 111 121 167 172 39 245 146 292 32 79 3
