300
4388
10
34
1
2
31
61
54
24
50
56
54
0 7
0 11
0 21
0 38
0 41
0 76
0 81
0 95
0 96
0 101
0 106
0 127
0 128
0 133
0 141
0 142
0 147
0 154
0 160
0 163
0 178
0 180
0 197
0 209
0 216
0 218
0 220
0 235
0 240
0 250
0 254
0 262
0 277
1 25
1 36
1 64
1 70
1 91
1 95
1 97
1 103
1 127
1 144
1 169
1 170
1 210
1 218
1 241
1 270
1 280
1 283
1 285
2 7
2 8
2 15
2 16
2 24
2 42
2 62
2 73
2 82
2 96
2 98
2 109
2 149
2 159
2 199
2 203
2 207
2 208
2 212
2 225
2 228
2 236
2 237
2 243
2 251
2 294
3 16
3 31
3 52
3 54
3 67
3 86
3 89
3 119
3 133
3 140
3 161
3 168
3 171
3 175
3 183
3 191
3 192
3 197
3 201
3 205
3 209
3 213
3 221
3 225
3 230
3 242
3 256
3 269
3 270
3 299
4 14
4 18
4 29
4 49
4 54
4 59
4 60
4 65
4 75
4 95
4 141
4 144
4 149
4 151
4 153
4 159
4 161
4 180
4 187
4 190
4 202
4 210
4 223
4 233
4 245
4 251
4 256
4 257
4 260
4 261
4 267
4 272
4 287
5 6
5 29
5 38
5 54
5 55
5 66
5 68
5 69
5 79
5 81
5 91
5 104
5 109
5 112
5 124
5 133
5 152
5 166
5 174
5 200
5 217
5 220
5 221
5 224
5 225
5 229
5 233
5 252
5 272
5 274
5 292
6 8
6 23
6 43
6 55
6 61
6 62
6 67
6 97
6 111
6 120
6 128
6 137
6 156
6 165
6 187
6 193
6 226
6 228
6 241
6 248
6 269
6 279
6 285
7 17
7 20
7 25
7 29
7 31
7 40
7 43
7 61
7 71
7 80
7 84
7 95
7 109
7 122
7 131
7 132
7 170
7 174
7 184
7 194
7 198
7 200
7 202
7 207
7 215
7 251
7 264
7 268
7 282
7 288
7 293
7 296
8 16
8 18
8 19
8 43
8 45
8 53
8 56
8 72
8 80
8 85
8 93
8 97
8 100
8 106
8 124
8 144
8 153
8 160
8 164
8 171
8 173
8 179
8 207
8 219
8 223
8 242
8 250
8 262
8 278
8 288
8 291
8 298
9 17
9 27
9 28
9 38
9 60
9 75
9 88
9 92
9 93
9 98
9 111
9 140
9 148
9 151
9 156
9 165
9 180
9 209
9 221
9 228
9 234
9 245
9 249
9 253
9 257
9 261
9 285
9 286
9 287
10 21
10 22
10 38
10 56
10 69
10 75
10 90
10 93
10 95
10 130
10 135
10 142
10 159
10 169
10 181
10 195
10 208
10 209
10 212
10 214
10 217
10 218
10 223
10 257
10 259
10 264
10 294
11 13
11 20
11 41
11 80
11 83
11 98
11 100
11 103
11 108
11 116
11 133
11 176
11 195
11 229
11 233
11 235
11 245
11 247
11 252
11 269
11 279
11 289
12 16
12 47
12 48
12 50
12 57
12 65
12 67
12 68
12 72
12 77
12 83
12 97
12 146
12 147
12 172
12 177
12 184
12 198
12 214
12 221
12 223
12 224
12 226
12 227
12 240
12 247
12 270
12 271
12 290
12 295
12 297
12 298
13 26
13 28
13 33
13 36
13 57
13 75
13 88
13 112
13 113
13 142
13 168
13 171
13 176
13 216
13 238
13 245
13 250
13 256
13 258
13 261
13 270
13 288
13 296
13 297
14 30
14 34
14 39
14 46
14 61
14 76
14 94
14 102
14 120
14 124
14 126
14 131
14 178
14 219
14 223
14 231
14 267
14 270
14 282
14 287
15 24
15 25
15 27
15 29
15 50
15 69
15 75
15 79
15 86
15 103
15 123
15 136
15 154
15 177
15 188
15 190
15 205
15 208
15 209
15 210
15 214
15 217
15 218
15 233
15 244
15 248
15 250
15 253
15 255
15 260
15 286
15 289
15 294
16 26
16 36
16 38
16 39
16 49
16 58
16 78
16 97
16 113
16 119
16 120
16 123
16 140
16 149
16 155
16 161
16 184
16 194
16 195
16 232
16 239
16 243
16 255
16 263
16 264
16 278
16 289
17 24
17 38
17 54
17 58
17 69
17 81
17 88
17 100
17 105
17 107
17 133
17 138
17 144
17 156
17 166
17 197
17 198
17 208
17 269
17 272
17 283
18 41
18 42
18 47
18 64
18 65
18 78
18 84
18 98
18 100
18 105
18 117
18 128
18 141
18 154
18 166
18 178
18 203
18 228
18 235
18 238
19 23
19 49
19 67
19 73
19 84
19 96
19 100
19 115
19 116
19 151
19 161
19 163
19 181
19 182
19 184
19 188
19 198
19 202
19 204
19 207
19 210
19 216
19 247
19 267
19 278
19 293
20 34
20 35
20 46
20 55
20 59
20 72
20 74
20 86
20 89
20 94
20 95
20 98
20 101
20 107
20 119
20 123
20 128
20 131
20 134
20 143
20 156
20 170
20 174
20 206
20 214
20 229
20 230
20 245
20 266
20 274
20 279
20 297
20 298
21 23
21 33
21 38
21 40
21 44
21 45
21 49
21 57
21 92
21 93
21 100
21 110
21 127
21 134
21 135
21 142
21 145
21 163
21 184
21 185
21 196
21 200
21 204
21 216
21 226
21 256
21 257
21 261
21 262
21 281
21 285
21 299
22 32
22 57
22 80
22 89
22 94
22 95
22 96
22 123
22 145
22 146
22 149
22 184
22 203
22 208
22 238
22 249
22 251
22 252
22 258
22 266
22 276
22 294
23 39
23 60
23 75
23 76
23 82
23 101
23 112
23 133
23 140
23 152
23 157
23 162
23 165
23 178
23 204
23 206
23 208
23 210
23 219
23 230
23 232
23 235
23 239
23 244
23 258
23 271
23 288
23 295
23 298
24 40
24 43
24 50
24 71
24 77
24 78
24 80
24 90
24 92
24 102
24 114
24 147
24 155
24 159
24 161
24 163
24 178
24 182
24 187
24 201
24 213
24 225
24 266
24 267
24 275
24 287
24 288
24 289
24 295
25 30
25 48
25 64
25 79
25 85
25 111
25 117
25 121
25 125
25 143
25 145
25 147
25 152
25 156
25 162
25 169
25 177
25 216
25 221
25 263
25 277
25 296
25 297
25 299
26 32
26 33
26 38
26 51
26 53
26 63
26 65
26 89
26 90
26 111
26 125
26 130
26 131
26 138
26 156
26 160
26 170
26 171
26 192
26 194
26 195
26 198
26 216
26 219
26 249
26 255
26 258
26 266
27 28
27 37
27 44
27 46
27 48
27 52
27 53
27 56
27 57
27 62
27 71
27 72
27 82
27 112
27 119
27 120
27 121
27 126
27 173
27 174
27 190
27 191
27 198
27 207
27 223
27 239
27 243
27 247
27 266
27 268
27 271
27 273
27 299
28 32
28 57
28 60
28 68
28 79
28 86
28 90
28 95
28 96
28 98
28 138
28 140
28 146
28 152
28 159
28 163
28 177
28 178
28 197
28 206
28 234
28 239
28 245
28 246
28 252
28 253
28 260
28 271
28 272
28 275
28 281
28 286
28 294
29 31
29 36
29 42
29 52
29 59
29 77
29 110
29 127
29 133
29 135
29 138
29 140
29 150
29 192
29 193
29 204
29 205
29 215
29 230
29 232
29 251
29 262
29 268
29 271
29 280
29 297
30 31
30 38
30 57
30 59
30 96
30 100
30 102
30 104
30 105
30 114
30 117
30 120
30 125
30 129
30 135
30 140
30 148
30 155
30 165
30 180
30 191
30 201
30 206
30 209
30 211
30 215
30 221
30 224
30 255
30 285
30 286
30 287
30 298
31 40
31 41
31 50
31 65
31 102
31 113
31 115
31 122
31 132
31 139
31 143
31 157
31 179
31 191
31 193
31 211
31 224
31 226
31 228
31 265
31 268
31 280
31 293
31 295
32 45
32 48
32 73
32 74
32 98
32 100
32 106
32 114
32 125
32 134
32 143
32 157
32 158
32 161
32 179
32 200
32 201
32 204
32 223
32 256
32 281
32 286
32 293
32 295
32 299
33 40
33 52
33 56
33 60
33 71
33 94
33 102
33 110
33 114
33 130
33 136
33 140
33 145
33 148
33 162
33 184
33 186
33 192
33 208
33 210
33 218
33 250
33 265
33 268
33 269
33 285
33 288
34 46
34 49
34 57
34 70
34 76
34 77
34 79
34 94
34 97
34 98
34 148
34 155
34 167
34 179
34 206
34 217
34 223
34 251
34 255
34 274
34 288
34 298
35 65
35 70
35 90
35 100
35 104
35 124
35 156
35 162
35 172
35 211
35 216
35 224
35 228
35 233
35 237
35 239
35 241
35 243
35 245
35 246
35 253
35 254
35 260
35 267
35 270
35 283
35 286
35 291
36 63
36 68
36 70
36 75
36 78
36 80
36 86
36 104
36 110
36 138
36 140
36 166
36 199
36 203
36 210
36 216
36 217
36 222
36 225
36 226
36 251
36 254
36 267
36 281
36 287
36 298
37 39
37 55
37 67
37 80
37 89
37 97
37 108
37 110
37 115
37 142
37 151
37 154
37 158
37 182
37 191
37 197
37 210
37 219
37 225
37 236
37 243
37 245
37 287
37 289
38 54
38 57
38 65
38 79
38 83
38 87
38 90
38 103
38 108
38 112
38 123
38 124
38 127
38 135
38 139
38 146
38 149
38 155
38 185
38 192
38 200
38 242
38 246
38 251
38 259
38 292
38 294
39 45
39 48
39 94
39 128
39 144
39 162
39 169
39 181
39 191
39 223
39 254
39 256
39 260
39 265
39 289
39 291
40 54
40 69
40 75
40 92
40 110
40 131
40 139
40 140
40 147
40 150
40 164
40 194
40 203
40 213
40 215
40 225
40 226
40 237
40 238
40 241
40 245
40 246
40 253
40 256
40 260
40 265
40 279
40 289
41 63
41 71
41 94
41 104
41 106
41 115
41 122
41 128
41 129
41 135
41 140
41 142
41 147
41 151
41 157
41 173
41 178
41 184
41 185
41 192
41 207
41 208
41 215
41 229
41 230
41 237
41 242
41 265
41 274
41 284
41 291
42 52
42 54
42 59
42 69
42 76
42 77
42 78
42 92
42 95
42 100
42 101
42 118
42 130
42 157
42 179
42 196
42 200
42 215
42 228
42 231
42 243
42 246
42 247
42 256
42 264
42 271
42 284
42 287
42 288
42 293
43 61
43 65
43 75
43 78
43 81
43 107
43 114
43 124
43 130
43 144
43 151
43 157
43 165
43 184
43 194
43 201
43 243
43 265
43 270
43 277
43 278
43 279
43 284
43 289
43 291
43 293
44 51
44 59
44 67
44 74
44 75
44 80
44 86
44 91
44 112
44 113
44 148
44 164
44 169
44 174
44 175
44 200
44 228
44 234
44 235
44 241
44 243
44 246
44 260
44 277
44 288
44 290
44 294
45 53
45 56
45 72
45 80
45 94
45 102
45 105
45 109
45 111
45 142
45 162
45 163
45 177
45 205
45 216
45 217
45 238
45 248
45 252
45 255
45 256
45 261
45 263
45 287
45 298
46 78
46 83
46 99
46 117
46 120
46 132
46 133
46 168
46 225
46 227
46 233
46 259
46 263
46 278
46 283
46 296
47 52
47 54
47 60
47 62
47 86
47 93
47 94
47 95
47 99
47 106
47 123
47 141
47 144
47 149
47 150
47 151
47 174
47 182
47 193
47 198
47 226
47 232
47 233
47 235
47 256
47 265
47 267
47 268
47 269
47 270
47 276
47 284
48 57
48 60
48 61
48 66
48 77
48 85
48 89
48 97
48 119
48 126
48 141
48 153
48 157
48 174
48 194
48 207
48 209
48 213
48 234
48 238
48 240
48 245
48 249
48 257
48 262
48 271
48 284
49 51
49 57
49 61
49 63
49 68
49 69
49 80
49 101
49 104
49 112
49 125
49 136
49 145
49 150
49 154
49 175
49 190
49 212
49 223
49 235
49 238
49 242
49 244
49 263
49 282
49 298
49 299
50 83
50 93
50 128
50 136
50 159
50 164
50 166
50 167
50 171
50 186
50 200
50 228
50 249
50 255
50 260
50 282
50 288
51 53
51 69
51 71
51 74
51 80
51 83
51 93
51 110
51 111
51 137
51 152
51 153
51 170
51 205
51 213
51 216
51 225
51 226
51 227
51 259
51 271
51 278
51 286
51 288
51 289
51 291
52 54
52 58
52 82
52 90
52 91
52 99
52 107
52 109
52 114
52 115
52 128
52 130
52 142
52 150
52 159
52 161
52 168
52 172
52 177
52 183
52 215
52 216
52 219
52 221
52 226
52 230
52 247
52 258
52 266
52 286
52 296
53 68
53 69
53 70
53 94
53 112
53 131
53 153
53 157
53 159
53 163
53 176
53 191
53 192
53 205
53 227
53 244
53 254
53 256
53 296
54 57
54 62
54 77
54 78
54 81
54 99
54 103
54 121
54 123
54 131
54 132
54 139
54 171
54 175
54 183
54 190
54 191
54 192
54 197
54 204
54 208
54 213
54 225
54 250
54 252
54 257
54 259
54 280
54 281
54 285
54 297
55 65
55 66
55 79
55 86
55 89
55 90
55 115
55 116
55 125
55 138
55 163
55 167
55 184
55 188
55 192
55 209
55 223
55 236
55 270
55 285
55 293
56 57
56 69
56 83
56 93
56 97
56 103
56 107
56 120
56 123
56 130
56 134
56 141
56 143
56 154
56 174
56 176
56 192
56 195
56 204
56 206
56 209
56 254
56 275
56 283
56 297
56 299
57 61
57 70
57 90
57 92
57 168
57 174
57 197
57 200
57 205
57 217
57 226
57 247
57 268
57 270
57 275
58 62
58 72
58 93
58 139
58 154
58 172
58 179
58 222
58 236
58 253
58 259
58 284
59 73
59 77
59 78
59 85
59 96
59 102
59 103
59 114
59 125
59 144
59 153
59 159
59 166
59 168
59 170
59 172
59 174
59 177
59 180
59 196
59 203
59 215
59 216
59 219
59 220
59 222
59 242
59 250
59 251
59 274
59 283
59 292
60 83
60 84
60 85
60 89
60 91
60 92
60 100
60 123
60 125
60 130
60 158
60 178
60 194
60 206
60 230
60 243
60 251
60 253
60 278
60 281
60 290
60 291
60 294
61 63
61 74
61 82
61 85
61 94
61 127
61 128
61 130
61 131
61 142
61 162
61 169
61 180
61 181
61 184
61 186
61 192
61 194
61 197
61 215
61 216
61 241
61 243
61 257
61 258
61 268
61 274
61 275
62 94
62 108
62 127
62 143
62 148
62 156
62 162
62 163
62 186
62 200
62 202
62 203
62 215
62 228
62 247
62 258
62 264
62 294
63 66
63 73
63 87
63 88
63 110
63 118
63 125
63 135
63 140
63 143
63 145
63 156
63 174
63 180
63 186
63 187
63 191
63 200
63 204
63 211
63 214
63 217
63 249
63 268
63 274
63 283
63 295
63 296
64 65
64 68
64 69
64 98
64 108
64 114
64 130
64 131
64 174
64 179
64 191
64 219
64 231
64 235
64 264
64 269
64 275
64 284
64 293
65 76
65 84
65 89
65 90
65 161
65 176
65 196
65 203
65 233
65 236
65 241
65 243
65 248
65 262
65 265
65 268
65 276
65 277
65 286
66 67
66 90
66 148
66 172
66 187
66 210
66 216
66 217
66 244
66 259
66 265
66 275
66 282
67 68
67 73
67 75
67 79
67 117
67 119
67 127
67 139
67 141
67 154
67 166
67 168
67 186
67 189
67 196
67 199
67 232
67 240
67 243
67 270
67 272
67 285
67 286
67 288
67 293
67 294
68 70
68 122
68 132
68 133
68 139
68 156
68 157
68 158
68 170
68 189
68 194
68 205
68 209
68 236
68 248
68 251
68 257
68 269
68 275
68 280
68 283
68 286
68 289
69 75
69 78
69 83
69 96
69 104
69 110
69 113
69 127
69 131
69 138
69 139
69 145
69 162
69 163
69 167
69 174
69 213
69 225
69 237
69 241
69 244
69 251
69 255
69 259
69 266
69 270
69 271
69 283
69 291
70 83
70 103
70 113
70 120
70 142
70 154
70 179
70 181
70 182
70 191
70 198
70 205
70 215
70 229
70 243
70 257
70 260
70 261
70 262
70 270
70 273
70 277
70 287
71 85
71 96
71 98
71 108
71 121
71 122
71 126
71 143
71 154
71 155
71 159
71 162
71 182
71 199
71 208
71 215
71 229
71 252
71 290
72 73
72 77
72 96
72 114
72 151
72 168
72 172
72 180
72 183
72 200
72 214
72 217
72 246
72 256
72 263
72 271
72 277
72 293
72 298
73 100
73 116
73 125
73 130
73 138
73 156
73 166
73 185
73 190
73 194
73 215
73 221
73 235
73 253
73 255
73 258
73 262
73 263
73 269
73 273
73 289
73 298
74 76
74 82
74 102
74 105
74 107
74 129
74 148
74 152
74 203
74 214
74 224
74 226
74 232
74 234
74 240
74 255
74 258
74 264
74 288
74 290
74 292
75 109
75 125
75 139
75 166
75 174
75 211
75 222
75 238
75 257
75 284
76 77
76 78
76 87
76 115
76 131
76 165
76 188
76 204
76 209
76 215
76 235
76 237
76 241
76 250
76 262
76 274
76 275
76 281
76 290
76 293
76 299
77 83
77 90
77 104
77 111
77 118
77 124
77 132
77 140
77 143
77 163
77 181
77 184
77 187
77 192
77 205
77 206
77 234
77 236
77 237
77 241
77 268
77 288
77 296
78 105
78 111
78 114
78 145
78 147
78 157
78 158
78 165
78 167
78 170
78 174
78 178
78 183
78 198
78 202
78 215
78 223
78 242
78 249
78 263
78 265
78 274
78 278
78 286
78 293
79 91
79 94
79 112
79 141
79 142
79 145
79 156
79 162
79 214
79 234
79 241
79 246
79 247
79 253
79 261
79 272
79 278
79 292
80 81
80 90
80 106
80 114
80 115
80 117
80 119
80 128
80 135
80 161
80 166
80 193
80 194
80 199
80 232
80 243
80 250
80 255
80 257
80 259
80 278
80 282
80 287
80 288
81 104
81 145
81 177
81 184
81 207
81 221
81 223
81 240
81 245
81 246
81 262
81 267
81 272
81 274
81 276
81 282
81 284
81 294
82 93
82 96
82 108
82 111
82 119
82 131
82 151
82 158
82 177
82 182
82 189
82 193
82 205
82 206
82 210
82 211
82 229
82 232
82 237
82 238
82 239
82 243
82 247
82 248
82 253
82 260
82 279
82 299
83 95
83 97
83 108
83 125
83 126
83 134
83 139
83 142
83 152
83 172
83 190
83 191
83 217
83 222
83 238
83 239
83 242
83 258
83 261
83 280
83 281
83 294
84 88
84 91
84 96
84 103
84 129
84 134
84 139
84 143
84 144
84 159
84 162
84 168
84 172
84 183
84 198
84 217
84 231
84 237
84 240
84 251
84 253
84 282
85 95
85 100
85 105
85 107
85 112
85 121
85 128
85 135
85 138
85 145
85 147
85 157
85 170
85 172
85 189
85 191
85 193
85 200
85 209
85 213
85 215
85 218
85 226
85 227
85 250
85 253
85 283
85 294
85 297
86 87
86 95
86 102
86 106
86 123
86 125
86 137
86 147
86 151
86 166
86 176
86 209
86 214
86 231
86 246
86 267
86 274
86 283
86 286
87 91
87 92
87 93
87 94
87 136
87 150
87 167
87 171
87 174
87 182
87 184
87 197
87 209
87 215
87 222
87 226
87 230
87 243
87 246
87 248
87 262
87 276
87 297
88 91
88 97
88 99
88 118
88 132
88 143
88 145
88 168
88 186
88 215
88 247
88 249
88 251
88 254
88 259
88 267
88 273
89 95
89 96
89 115
89 137
89 146
89 158
89 186
89 191
89 194
89 209
89 210
89 232
89 248
89 262
89 263
89 267
89 276
89 279
89 282
89 283
89 290
90 102
90 125
90 127
90 138
90 158
90 161
90 166
90 167
90 177
90 179
90 180
90 184
90 189
90 196
90 214
90 224
90 243
90 245
90 262
90 269
90 275
90 282
90 294
91 111
91 116
91 126
91 127
91 132
91 142
91 147
91 153
91 187
91 189
91 223
91 224
91 242
91 253
91 265
92 97
92 115
92 124
92 126
92 135
92 136
92 147
92 162
92 164
92 175
92 182
92 200
92 201
92 204
92 209
92 210
92 213
92 214
92 216
92 226
92 228
92 233
92 239
92 242
92 251
92 253
92 265
92 269
92 270
92 272
92 275
92 278
92 290
92 293
93 94
93 98
93 105
93 109
93 111
93 115
93 122
93 133
93 138
93 142
93 151
93 161
93 162
93 166
93 170
93 176
93 178
93 180
93 223
93 226
93 234
93 260
93 264
93 279
93 284
93 289
93 294
93 296
94 106
94 108
94 116
94 117
94 121
94 137
94 140
94 145
94 152
94 158
94 171
94 173
94 180
94 185
94 186
94 194
94 195
94 227
94 232
94 240
94 243
94 257
94 264
94 271
94 283
94 297
94 299
95 102
95 105
95 107
95 112
95 118
95 125
95 131
95 145
95 148
95 149
95 183
95 187
95 200
95 204
95 208
95 213
95 215
95 219
95 222
95 226
95 227
95 230
95 233
95 237
95 250
95 251
95 262
95 267
95 287
95 294
96 129
96 133
96 143
96 201
96 207
96 210
96 212
96 227
96 228
96 252
96 261
96 271
96 279
96 280
96 284
96 296
96 297
97 101
97 103
97 120
97 122
97 127
97 145
97 162
97 179
97 185
97 188
97 190
97 203
97 205
97 214
97 232
97 239
97 240
97 243
97 268
98 103
98 106
98 107
98 114
98 119
98 159
98 175
98 176
98 191
98 196
98 198
98 205
98 214
98 224
98 250
98 268
98 270
98 277
99 100
99 113
99 117
99 118
99 120
99 122
99 140
99 166
99 167
99 169
99 175
99 184
99 193
99 213
99 223
99 232
99 237
99 267
99 282
99 285
99 286
100 102
100 111
100 116
100 118
100 141
100 146
100 156
100 247
100 256
100 261
100 263
100 267
100 269
100 277
101 117
101 119
101 123
101 140
101 141
101 155
101 181
101 182
101 183
101 197
101 203
101 216
101 229
101 234
101 237
101 264
101 266
101 285
101 293
101 295
101 297
102 106
102 111
102 123
102 124
102 137
102 159
102 174
102 193
102 202
102 240
102 245
102 254
102 267
102 275
102 287
102 291
103 106
103 111
103 114
103 122
103 127
103 130
103 146
103 155
103 159
103 165
103 176
103 179
103 181
103 205
103 208
103 220
103 230
103 231
103 236
103 240
103 245
103 255
103 257
103 276
103 286
103 298
104 112
104 126
104 152
104 170
104 173
104 174
104 177
104 180
104 181
104 205
104 211
104 216
104 226
104 251
104 260
104 269
104 270
104 274
104 277
104 279
104 284
104 288
104 292
104 295
104 299
105 106
105 111
105 119
105 125
105 128
105 148
105 169
105 185
105 202
105 221
105 224
105 229
105 238
105 243
105 252
105 264
105 287
105 296
106 114
106 174
106 179
106 181
106 234
106 252
106 258
107 113
107 120
107 121
107 132
107 137
107 140
107 162
107 173
107 179
107 198
107 211
107 218
107 230
107 260
107 273
107 288
108 111
108 113
108 124
108 142
108 206
108 234
108 251
108 264
109 114
109 115
109 123
109 130
109 144
109 167
109 200
109 220
109 224
109 230
109 233
109 243
109 246
109 248
109 251
109 252
109 262
109 263
109 277
109 291
110 112
110 128
110 143
110 148
110 169
110 173
110 177
110 181
110 189
110 197
110 205
110 217
110 226
110 240
110 246
110 247
110 249
110 261
111 123
111 141
111 142
111 147
111 150
111 158
111 198
111 206
111 234
111 237
111 257
111 269
111 276
111 278
111 284
111 287
111 289
111 296
112 113
112 114
112 116
112 119
112 131
112 134
112 140
112 152
112 160
112 164
112 169
112 175
112 185
112 189
112 192
112 203
112 209
112 235
112 240
112 277
112 286
112 290
112 294
112 297
113 117
113 129
113 145
113 147
113 163
113 209
113 215
113 250
113 258
113 260
113 263
113 264
113 286
113 293
113 298
114 121
114 126
114 159
114 166
114 167
114 184
114 186
114 192
114 203
114 210
114 231
114 239
114 240
114 265
114 267
114 294
115 122
115 163
115 170
115 173
115 181
115 205
115 212
115 226
115 273
115 277
115 286
115 287
116 128
116 131
116 151
116 162
116 179
116 182
116 191
116 192
116 205
116 210
116 233
116 234
116 237
116 241
116 254
116 271
116 274
116 296
117 122
117 127
117 158
117 180
117 203
117 204
117 207
117 212
117 234
117 256
117 257
117 259
117 280
118 121
118 125
118 132
118 136
118 137
118 140
118 180
118 190
118 194
118 195
118 203
118 205
118 206
118 209
118 220
118 232
118 249
118 251
118 254
118 265
118 267
118 269
118 278
118 288
118 289
119 122
119 140
119 144
119 147
119 171
119 199
119 208
119 236
119 240
119 265
119 277
119 297
119 298
120 122
120 129
120 136
120 152
120 154
120 208
120 220
120 221
120 262
120 268
120 271
120 274
120 277
120 295
121 130
121 135
121 137
121 162
121 169
121 180
121 203
121 207
121 217
121 224
121 239
121 251
121 258
121 287
121 291
122 124
122 139
122 145
122 146
122 150
122 161
122 172
122 175
122 176
122 220
122 226
122 240
122 242
122 251
122 259
122 273
122 288
122 294
122 295
123 136
123 141
123 161
123 163
123 165
123 169
123 204
123 214
123 218
123 219
123 235
123 238
123 255
123 275
124 125
124 135
124 144
124 157
124 175
124 193
124 194
124 200
124 201
124 218
124 220
124 232
124 254
124 274
124 275
124 276
124 284
124 287
125 130
125 147
125 155
125 168
125 172
125 178
125 188
125 206
125 214
125 237
125 259
125 266
125 267
125 280
125 285
125 291
126 141
126 147
126 168
126 184
126 189
126 199
126 201
126 204
126 225
126 248
126 253
126 258
126 265
126 276
126 288
126 299
127 139
127 149
127 150
127 151
127 158
127 161
127 162
127 167
127 169
127 175
127 176
127 187
127 188
127 197
127 213
127 233
127 242
127 246
127 247
127 261
127 273
127 284
127 292
127 296
127 298
128 135
128 140
128 158
128 159
128 168
128 174
128 176
128 179
128 203
128 218
128 219
128 226
128 238
128 267
128 272
128 284
128 286
128 294
129 164
129 170
129 243
129 252
129 254
129 255
129 260
129 264
129 273
130 131
130 134
130 141
130 142
130 143
130 145
130 152
130 164
130 175
130 188
130 195
130 204
130 208
130 209
130 217
130 230
130 241
130 252
130 254
130 259
130 279
130 283
130 288
130 292
131 136
131 151
131 162
131 164
131 166
131 170
131 186
131 193
131 196
131 209
131 214
131 218
131 223
131 231
131 233
131 293
131 294
132 136
132 141
132 143
132 146
132 151
132 156
132 172
132 184
132 190
132 209
132 215
132 220
132 231
132 287
132 299
133 138
133 163
133 190
133 216
133 234
133 236
133 252
133 262
133 264
133 297
134 141
134 149
134 153
134 175
134 176
134 179
134 184
134 187
134 194
134 197
134 198
134 205
134 209
134 216
134 223
134 229
134 238
134 243
134 244
134 246
134 251
134 275
134 285
134 287
134 289
135 139
135 145
135 172
135 189
135 193
135 201
135 207
135 208
135 213
135 219
135 222
135 229
135 256
135 281
136 146
136 161
136 163
136 176
136 177
136 180
136 191
136 193
136 212
136 216
136 225
136 226
136 236
136 253
136 254
136 264
136 278
136 279
137 139
137 146
137 150
137 153
137 173
137 200
137 201
137 203
137 214
137 225
137 244
137 274
137 277
137 283
138 168
138 200
138 201
138 228
138 236
138 243
138 258
138 275
138 276
138 284
138 294
139 165
139 175
139 186
139 194
139 212
139 220
139 224
139 225
139 258
139 280
139 281
139 287
140 145
140 153
140 161
140 170
140 187
140 201
140 227
140 230
140 235
140 236
140 247
140 249
140 250
140 254
140 275
140 278
141 144
141 151
141 156
141 175
141 184
141 189
141 205
141 206
141 217
141 218
141 227
141 241
141 253
141 265
141 279
141 285
141 287
141 289
141 292
142 144
142 174
142 176
142 196
142 201
142 216
142 223
142 229
142 243
142 244
142 249
142 251
142 255
142 263
142 280
143 166
143 174
143 181
143 189
143 207
143 225
143 235
143 238
143 247
143 261
143 279
143 293
143 295
143 298
144 146
144 166
144 178
144 219
144 232
144 239
144 249
144 250
144 257
144 267
144 271
144 273
144 275
144 277
144 282
144 286
144 291
144 292
145 150
145 160
145 173
145 177
145 178
145 180
145 193
145 198
145 204
145 211
145 218
145 229
145 230
145 233
145 244
145 252
145 257
145 265
145 272
145 277
145 278
145 279
145 293
145 294
145 299
146 153
146 156
146 157
146 159
146 163
146 164
146 169
146 179
146 180
146 186
146 208
146 219
146 221
146 223
146 229
146 243
146 258
146 281
146 289
146 291
146 292
146 299
147 159
147 160
147 187
147 207
147 225
147 234
147 237
147 242
147 245
147 262
147 273
147 278
147 291
147 292
147 294
147 296
148 149
148 152
148 175
148 183
148 230
148 234
148 241
148 256
148 261
148 263
149 153
149 163
149 179
149 191
149 206
149 226
149 227
149 239
149 241
149 244
149 253
149 264
149 267
149 270
149 274
149 286
149 291
149 296
150 193
150 198
150 220
150 225
150 229
150 245
150 253
150 259
150 261
150 262
150 272
150 282
150 286
150 294
151 152
151 155
151 158
151 161
151 164
151 173
151 174
151 179
151 182
151 183
151 192
151 211
151 214
151 217
151 224
151 231
151 233
151 242
151 246
151 262
151 272
151 276
151 286
151 287
152 157
152 172
152 173
152 178
152 183
152 184
152 186
152 206
152 218
152 241
152 244
152 247
152 256
152 263
152 264
152 280
152 282
152 283
152 286
152 287
153 157
153 161
153 167
153 177
153 189
153 199
153 210
153 211
153 237
153 248
153 250
153 265
153 276
153 277
154 158
154 162
154 177
154 182
154 189
154 195
154 196
154 202
154 204
154 223
154 226
154 233
154 245
154 251
154 259
154 263
154 269
154 271
154 273
154 278
154 286
155 168
155 182
155 196
155 215
155 231
155 261
155 279
155 296
156 162
156 179
156 184
156 198
156 199
156 201
156 206
156 224
156 240
156 250
156 262
156 271
156 277
156 280
156 283
156 286
156 298
157 163
157 165
157 173
157 185
157 202
157 206
157 214
157 224
157 227
157 230
157 238
157 251
157 253
157 269
157 270
157 271
157 299
158 167
158 173
158 199
158 200
158 207
158 210
158 216
158 219
158 241
158 254
158 256
158 261
158 282
158 283
158 287
158 290
158 297
159 160
159 164
159 183
159 195
159 222
159 247
159 253
159 257
159 274
159 281
159 292
159 299
160 177
160 190
160 191
160 201
160 205
160 229
160 233
160 239
160 245
160 254
160 259
160 260
160 261
160 277
160 285
160 290
161 162
161 188
161 219
161 221
161 226
161 229
161 238
161 241
161 245
161 246
161 260
161 262
161 294
161 295
161 299
162 186
162 192
162 200
162 213
162 220
162 233
162 260
162 262
162 293
163 168
163 170
163 175
163 176
163 181
163 184
163 187
163 197
163 213
163 225
163 228
163 232
163 234
163 241
163 255
163 263
163 264
163 271
163 278
163 279
163 280
163 297
163 298
164 165
164 186
164 204
164 206
164 208
164 224
164 235
164 243
164 250
164 260
164 264
164 278
164 280
164 285
164 287
165 175
165 201
165 205
165 231
165 251
165 258
165 268
165 269
166 167
166 172
166 179
166 180
166 186
166 193
166 197
166 208
166 213
166 215
166 227
166 234
166 244
166 266
166 274
166 282
166 291
166 296
167 180
167 189
167 193
167 198
167 216
167 222
167 225
167 244
167 256
167 265
167 272
167 279
167 290
168 173
168 174
168 179
168 203
168 209
168 217
168 226
168 248
168 254
168 255
168 262
168 266
168 268
168 281
168 292
169 181
169 182
169 198
169 208
169 217
169 219
169 223
169 225
169 229
169 250
169 254
169 262
169 281
170 177
170 184
170 186
170 191
170 199
170 203
170 205
170 206
170 219
170 229
170 230
170 237
170 238
170 251
170 255
170 263
170 289
171 177
171 185
171 188
171 217
171 220
171 225
171 237
171 252
171 253
171 255
171 258
171 266
171 278
171 288
172 184
172 191
172 209
172 210
172 216
172 227
172 229
172 254
172 275
172 285
172 294
173 178
173 195
173 198
173 207
173 211
173 222
173 236
173 242
173 252
173 259
173 269
173 273
173 277
173 291
173 294
173 295
174 178
174 180
174 182
174 190
174 191
174 193
174 215
174 222
174 223
174 265
174 273
174 276
175 179
175 204
175 210
175 211
175 231
175 237
175 245
175 248
175 278
176 177
176 185
176 189
176 190
176 199
176 221
176 230
176 240
176 241
176 261
176 277
176 284
176 295
177 188
177 203
177 206
177 262
177 266
177 269
177 276
177 280
177 285
177 290
178 186
178 190
178 192
178 206
178 214
178 222
178 249
178 264
178 266
178 269
178 273
178 275
178 288
178 296
179 185
179 188
179 207
179 208
179 223
179 230
179 237
179 238
179 241
179 244
179 287
179 298
180 181
180 184
180 190
180 211
180 214
180 219
180 222
180 225
180 228
180 263
180 265
180 267
180 268
180 280
180 292
181 190
181 197
181 207
181 214
181 218
181 227
181 243
181 245
181 281
181 295
181 297
182 218
182 277
182 282
182 295
182 298
183 202
183 208
183 224
183 232
183 253
183 271
183 275
183 279
183 282
183 294
184 188
184 198
184 205
184 234
184 239
184 265
184 278
184 298
185 190
185 193
185 231
185 236
185 239
185 253
185 264
185 266
185 291
185 297
186 208
186 236
186 244
186 247
186 257
186 258
186 266
186 269
186 281
187 207
187 221
187 237
187 240
187 243
187 247
187 265
187 282
187 299
188 195
188 209
188 227
188 230
188 231
188 233
188 239
188 249
188 256
188 266
188 267
188 283
188 294
188 297
189 214
189 220
189 221
189 263
189 266
189 267
189 272
189 289
189 294
189 296
190 226
190 229
190 234
190 260
190 269
190 283
190 284
191 198
191 207
191 214
191 220
191 256
191 269
191 272
191 273
191 274
192 198
192 209
192 230
192 249
192 256
192 270
192 274
192 276
192 278
192 284
193 234
193 237
193 246
193 266
193 271
194 197
194 201
194 202
194 205
194 207
194 223
194 229
194 252
194 260
194 263
194 272
195 202
195 203
195 222
195 239
195 244
195 256
195 266
195 271
195 272
195 290
196 210
196 236
196 257
196 264
196 273
196 279
196 281
196 291
196 297
197 216
197 222
197 226
197 231
197 235
197 243
197 244
197 253
198 219
198 220
198 223
198 232
198 238
198 245
198 258
198 261
198 265
198 296
199 207
199 210
199 222
199 232
199 259
199 272
199 278
199 279
199 283
199 293
199 299
200 208
200 231
200 237
200 240
200 247
200 259
200 271
200 274
200 299
201 210
201 213
201 214
201 220
201 222
201 228
201 238
201 252
201 254
201 260
201 265
201 292
201 293
202 207
202 214
202 221
202 231
202 239
202 245
202 253
202 260
202 262
202 275
202 297
202 298
203 223
203 224
203 234
203 238
203 274
203 288
203 293
203 294
204 210
204 222
204 225
204 227
204 237
204 238
204 246
204 267
204 274
204 284
205 209
205 217
205 226
205 244
205 252
205 254
205 282
205 284
205 288
205 290
205 291
205 293
205 296
206 207
206 212
206 213
206 233
206 239
206 247
206 261
206 296
207 210
207 211
207 221
207 253
207 268
207 275
207 289
208 214
208 218
208 225
208 241
208 269
208 277
209 212
209 218
209 236
209 240
209 250
209 260
209 265
209 283
209 286
209 299
210 240
210 259
210 262
210 269
210 278
210 290
211 248
211 258
211 264
211 267
211 268
211 270
211 281
211 299
212 221
212 224
212 240
212 258
212 259
212 273
213 221
213 233
213 244
213 251
213 273
213 279
214 217
214 221
214 225
214 236
214 238
214 240
214 255
214 265
214 279
214 286
214 298
215 236
215 237
215 247
215 248
215 263
215 274
215 278
215 293
215 297
216 236
216 243
216 247
216 261
216 266
216 283
216 290
216 298
217 223
217 226
217 236
217 286
218 219
218 223
218 229
218 230
218 235
218 255
218 257
218 264
218 269
219 232
219 251
219 257
219 263
219 272
219 274
219 289
219 298
220 230
220 239
220 241
220 242
220 263
220 294
220 296
221 233
221 237
221 239
221 246
221 248
221 249
221 255
221 270
221 286
222 225
222 228
222 265
222 276
222 283
223 237
223 239
223 248
223 277
223 287
224 227
224 231
224 238
224 239
224 282
225 226
225 236
225 243
225 275
225 279
225 289
225 291
226 231
226 245
226 247
226 251
226 281
226 288
226 291
227 276
227 278
227 292
227 293
228 238
228 244
228 252
228 254
228 256
228 258
228 265
228 272
228 282
228 294
229 234
229 246
229 249
229 262
229 264
229 277
229 288
229 295
230 236
230 241
230 248
230 256
230 293
231 235
231 243
231 269
231 273
231 283
231 289
231 291
232 250
232 270
232 294
232 298
233 240
233 248
233 267
233 270
233 274
233 293
233 298
234 240
234 245
234 256
234 258
234 260
234 264
234 268
234 289
234 297
235 238
235 240
235 265
235 281
235 293
236 250
236 286
236 292
236 299
237 264
237 286
237 287
237 289
237 295
237 299
238 245
238 250
238 257
238 288
238 292
240 248
240 249
240 255
240 256
240 263
240 265
240 285
240 289
240 296
241 244
241 252
241 253
241 275
241 283
241 294
242 247
242 264
242 271
242 277
242 282
243 252
243 261
243 277
243 284
243 290
243 293
244 262
244 275
244 279
244 281
244 285
244 292
244 296
245 254
246 253
246 260
246 287
246 292
247 254
247 262
247 266
247 273
247 284
247 286
247 292
247 296
248 268
248 269
248 280
249 270
249 273
250 251
250 286
250 288
250 298
251 260
251 265
251 270
251 280
251 284
251 288
251 290
251 291
252 258
252 266
252 268
252 289
252 296
253 286
254 264
254 269
254 277
254 278
254 287
254 299
255 279
256 274
256 278
256 298
257 270
257 280
257 282
257 289
257 295
258 262
258 268
258 274
258 275
258 280
258 285
258 288
259 261
259 265
259 280
259 291
260 270
260 274
260 289
261 282
261 286
262 284
262 290
263 275
263 277
263 279
263 288
263 291
263 296
264 272
264 284
264 294
265 267
265 269
265 285
266 269
266 276
266 290
266 294
266 296
267 283
267 286
267 290
267 297
268 280
268 283
268 285
268 288
268 294
269 272
269 275
269 276
269 292
270 295
270 296
271 288
272 283
272 289
273 285
274 279
274 292
275 283
275 287
275 290
276 282
276 295
277 291
277 293
277 297
278 279
278 288
278 290
278 295
278 296
279 296
280 290
283 294
284 290
285 292
285 293
287 291
289 292
290 291
291 294
291 295
294 295
294 298
295 297
296 299
47 285 77 212 263 5 179 146 48 107 250 58 234 165 145 151 201 147 284 139 213 89 23 240 90 73 69 115 175 277
6 206 193 17 138 209 211 102 293 288 268 74 203 163 15 31 200 259 183 194 148 75 59 141 217 128 20 190 0 116
137 257 197 3 8 21 142 93 100 14 129 65 198 173 290 276 94 38 50 85 149 108 104 299 244 126 60 106 195 132
161 76 67 239 127 297 210 282 66 207 32 229 178 103 30 238 292 177 144 223 232 16 110 95 256 88 167 29 219 187
71 83 41 79 168 45 22 227 124 118 56 160 96 255 121 251 220 36 214 267 87 191 172 291 152 202 208 70 231 153
280 192 2 241 68 249 252 289 254 33 266 46 155 287 109 1 185 162 37 120 10 176 98 156 283 25 112 157 180 260
44 264 62 27 265 91 215 221 246 181 24 52 154 230 204 164 222 82 270 134 9 225 224 35 235 55 273 189 279 150
111 7 169 11 236 54 125 113 281 170 53 233 158 271 57 136 205 262 78 4 196 159 243 272 216 248 131 80 12 34
296 63 114 228 40 13 247 84 122 39 19 97 117 61 26 166 51 123 130 171 182 237 135 28 298 81 218 119 43 64
253 133 174 86 275 99 140 72 269 278 258 184 186 274 143 101 188 242 49 105 261 245 199 286 226 18 42 295 294 92
