30
82
4
69
35
65
55
0 2
0 4
0 5
0 7
0 8
0 14
0 18
0 22
1 4
1 9
1 15
1 19
1 21
1 25
1 27
2 7
2 9
2 12
2 15
2 23
3 4
3 22
4 24
4 25
5 7
5 8
5 12
5 22
5 24
5 26
6 12
6 13
6 22
6 25
6 27
7 8
7 11
7 12
7 24
7 27
7 28
7 29
8 15
8 27
9 10
9 19
9 22
9 28
10 25
11 14
11 18
11 20
11 25
12 14
12 15
12 17
12 18
12 25
12 26
13 14
13 16
13 17
14 17
14 20
15 17
15 22
15 24
16 19
17 21
17 24
17 25
17 26
18 25
19 21
20 22
20 24
22 23
22 29
23 24
24 29
27 28
27 29
24 29 18 1 4 7 19 5 13
11 21 8 0 20 23 25 16 2
17 3 27 6 9 10 12 26 28
14 22 15
