30
107
4
28
66
43
37
0 5
0 11
0 18
0 19
0 24
0 28
1 10
1 16
1 19
1 21
1 23
1 27
2 4
2 12
2 16
2 18
2 21
2 24
2 28
3 5
3 8
3 10
3 11
3 12
3 17
3 18
3 22
3 24
4 9
4 14
4 18
4 19
4 20
4 21
4 22
4 29
5 9
5 10
5 13
5 16
5 18
5 22
5 25
5 28
6 9
6 20
6 24
6 25
7 8
7 11
7 17
7 18
7 19
7 20
7 21
8 13
8 19
8 24
8 28
9 12
9 16
9 20
9 24
10 13
10 14
11 19
11 21
11 25
11 29
12 14
12 25
12 26
12 28
13 15
13 17
13 25
13 29
14 15
14 17
14 19
15 17
15 22
15 23
15 25
15 29
16 17
16 19
16 24
16 25
16 26
16 29
17 24
18 19
18 20
18 27
19 23
19 24
19 27
20 22
20 29
21 26
22 28
24 25
24 27
25 29
27 28
28 29
1 28 11 9 12 25 29 19 3
16 4 20 26 21 6 14 23 24
2 5 27 18 22 8 15 17 0
7 10 13
