300
8930
20
48
42
16
43
77
93
39
48
35
91
71
92
44
43
1
6
69
25
34
50
0 1
0 2
0 7
0 19
0 27
0 31
0 32
0 41
0 44
0 53
0 54
0 62
0 63
0 67
0 70
0 76
0 77
0 81
0 84
0 91
0 99
0 104
0 116
0 118
0 122
0 124
0 125
0 130
0 138
0 139
0 144
0 146
0 148
0 149
0 153
0 155
0 156
0 159
0 166
0 167
0 175
0 178
0 181
0 186
0 190
0 193
0 198
0 200
0 201
0 208
0 211
0 213
0 214
0 217
0 219
0 225
0 229
0 231
0 236
0 249
0 251
0 253
0 255
0 259
0 261
0 264
0 265
0 268
0 277
0 282
0 283
0 284
0 294
1 4
1 8
1 14
1 20
1 34
1 35
1 39
1 42
1 44
1 45
1 51
1 52
1 55
1 56
1 57
1 58
1 63
1 69
1 70
1 72
1 73
1 78
1 82
1 86
1 95
1 102
1 107
1 110
1 119
1 121
1 127
1 130
1 133
1 139
1 141
1 145
1 149
1 150
1 153
1 154
1 157
1 159
1 171
1 176
1 178
1 185
1 196
1 206
1 208
1 213
1 216
1 219
1 224
1 226
1 229
1 236
1 240
1 244
1 249
1 250
1 256
1 261
1 262
1 266
1 272
1 275
1 280
1 288
1 294
2 4
2 6
2 7
2 16
2 19
2 21
2 24
2 26
2 43
2 46
2 48
2 50
2 51
2 60
2 63
2 66
2 71
2 77
2 93
2 96
2 99
2 101
2 104
2 107
2 110
2 114
2 131
2 145
2 160
2 166
2 167
2 176
2 178
2 181
2 182
2 185
2 188
2 190
2 194
2 204
2 206
2 211
2 212
2 215
2 217
2 218
2 233
2 235
2 247
2 260
2 265
2 273
2 274
2 283
2 288
2 293
3 7
3 15
3 23
3 24
3 26
3 36
3 37
3 40
3 45
3 54
3 55
3 56
3 57
3 63
3 70
3 76
3 81
3 83
3 93
3 97
3 100
3 105
3 114
3 120
3 129
3 139
3 141
3 149
3 150
3 151
3 153
3 157
3 161
3 170
3 171
3 181
3 185
3 189
3 199
3 202
3 203
3 206
3 211
3 212
3 222
3 223
3 224
3 225
3 232
3 234
3 239
3 249
3 252
3 259
3 263
3 264
3 273
3 289
3 290
3 294
3 296
4 8
4 17
4 23
4 24
4 25
4 28
4 32
4 33
4 47
4 56
4 59
4 60
4 67
4 69
4 74
4 76
4 81
4 84
4 90
4 96
4 104
4 107
4 110
4 112
4 121
4 125
4 136
4 142
4 145
4 152
4 155
4 159
4 164
4 167
4 175
4 196
4 198
4 201
4 205
4 211
4 213
4 214
4 215
4 221
4 222
4 224
4 226
4 236
4 237
4 258
4 259
4 261
4 264
4 265
4 268
4 269
4 294
4 296
4 299
5 7
5 9
5 10
5 12
5 15
5 17
5 23
5 33
5 44
5 47
5 48
5 55
5 57
5 62
5 67
5 79
5 80
5 81
5 85
5 86
5 87
5 93
5 102
5 105
5 111
5 112
5 115
5 118
5 121
5 123
5 126
5 131
5 133
5 136
5 139
5 143
5 146
5 148
5 157
5 159
5 161
5 168
5 172
5 173
5 175
5 180
5 183
5 207
5 213
5 219
5 220
5 225
5 230
5 231
5 233
5 238
5 242
5 251
5 253
5 254
5 259
5 268
5 276
5 278
5 280
5 281
5 283
5 290
5 295
6 8
6 9
6 16
6 22
6 25
6 29
6 32
6 40
6 46
6 51
6 68
6 72
6 76
6 84
6 86
6 99
6 106
6 112
6 130
6 138
6 139
6 141
6 143
6 144
6 145
6 147
6 148
6 149
6 153
6 154
6 156
6 164
6 173
6 174
6 175
6 182
6 191
6 197
6 212
6 215
6 222
6 223
6 224
6 240
6 248
6 249
6 252
6 259
6 263
6 266
6 274
6 280
6 281
6 282
6 296
6 298
7 12
7 17
7 19
7 21
7 24
7 25
7 26
7 28
7 30
7 38
7 50
7 57
7 59
7 63
7 65
7 66
7 69
7 72
7 73
7 77
7 86
7 89
7 90
7 97
7 100
7 101
7 102
7 103
7 111
7 119
7 123
7 125
7 132
7 146
7 149
7 150
7 154
7 163
7 171
7 174
7 180
7 181
7 206
7 210
7 214
7 217
7 240
7 247
7 248
7 249
7 263
7 271
7 273
7 274
7 281
7 294
8 16
8 18
8 24
8 30
8 39
8 43
8 47
8 49
8 51
8 57
8 66
8 78
8 82
8 87
8 88
8 98
8 105
8 110
8 111
8 120
8 126
8 127
8 129
8 135
8 142
8 143
8 145
8 147
8 157
8 169
8 171
8 181
8 196
8 198
8 207
8 208
8 209
8 218
8 222
8 227
8 230
8 236
8 257
8 280
8 290
8 294
8 296
8 297
8 298
9 11
9 14
9 17
9 18
9 24
9 30
9 34
9 43
9 46
9 48
9 50
9 55
9 60
9 68
9 71
9 87
9 89
9 96
9 102
9 103
9 107
9 116
9 121
9 128
9 136
9 138
9 140
9 142
9 146
9 148
9 152
9 160
9 164
9 165
9 166
9 177
9 179
9 182
9 185
9 186
9 196
9 198
9 201
9 211
9 219
9 224
9 225
9 228
9 230
9 242
9 245
9 266
9 267
9 269
9 271
9 286
9 290
10 15
10 17
10 31
10 35
10 38
10 41
10 47
10 49
10 54
10 57
10 69
10 77
10 106
10 111
10 120
10 123
10 126
10 139
10 142
10 143
10 144
10 145
10 149
10 150
10 159
10 162
10 168
10 172
10 187
10 188
10 191
10 196
10 199
10 214
10 215
10 219
10 226
10 232
10 233
10 234
10 238
10 245
10 252
10 256
10 258
10 259
10 260
10 263
10 272
10 287
11 13
11 15
11 17
11 21
11 30
11 41
11 42
11 56
11 59
11 64
11 75
11 79
11 91
11 96
11 98
11 101
11 102
11 109
11 117
11 122
11 124
11 137
11 140
11 143
11 147
11 150
11 159
11 161
11 164
11 165
11 168
11 170
11 174
11 181
11 192
11 193
11 199
11 201
11 217
11 219
11 220
11 224
11 225
11 229
11 236
11 241
11 242
11 245
11 246
11 247
11 252
11 254
11 255
11 259
11 275
11 277
11 295
11 298
12 29
12 30
12 31
12 34
12 36
12 40
12 42
12 54
12 67
12 73
12 79
12 80
12 81
12 82
12 83
12 85
12 92
12 95
12 100
12 101
12 102
12 113
12 124
12 130
12 131
12 138
12 140
12 146
12 147
12 166
12 172
12 174
12 179
12 196
12 200
12 204
12 206
12 207
12 208
12 213
12 243
12 244
12 252
12 257
12 258
12 267
12 274
12 277
12 283
12 290
12 293
13 18
13 19
13 23
13 30
13 34
13 36
13 37
13 56
13 58
13 61
13 87
13 94
13 96
13 100
13 104
13 110
13 112
13 118
13 120
13 123
13 127
13 135
13 137
13 144
13 146
13 147
13 150
13 152
13 156
13 160
13 162
13 164
13 166
13 168
13 172
13 175
13 178
13 183
13 185
13 187
13 188
13 194
13 202
13 206
13 211
13 214
13 217
13 218
13 230
13 238
13 250
13 253
13 261
13 264
13 272
13 275
13 277
13 284
13 285
14 17
14 18
14 29
14 34
14 35
14 41
14 47
14 48
14 51
14 54
14 59
14 70
14 74
14 80
14 83
14 86
14 95
14 106
14 108
14 109
14 111
14 144
14 145
14 146
14 158
14 159
14 162
14 168
14 170
14 174
14 175
14 176
14 182
14 184
14 186
14 197
14 204
14 209
14 210
14 211
14 226
14 227
14 232
14 238
14 244
14 254
14 257
14 259
14 266
14 269
14 270
14 271
14 273
14 275
14 278
14 290
15 17
15 18
15 19
15 21
15 24
15 40
15 41
15 42
15 45
15 47
15 49
15 57
15 60
15 61
15 84
15 85
15 88
15 91
15 105
15 106
15 112
15 121
15 142
15 146
15 160
15 163
15 164
15 167
15 175
15 179
15 186
15 190
15 192
15 195
15 197
15 201
15 203
15 205
15 211
15 213
15 215
15 232
15 233
15 234
15 239
15 249
15 251
15 264
15 265
15 275
15 280
15 281
15 282
15 285
15 287
15 289
15 293
15 296
15 297
16 18
16 23
16 28
16 31
16 45
16 48
16 52
16 53
16 54
16 59
16 69
16 74
16 75
16 86
16 90
16 108
16 110
16 111
16 113
16 121
16 129
16 132
16 139
16 147
16 149
16 155
16 156
16 165
16 169
16 170
16 173
16 178
16 185
16 186
16 193
16 195
16 198
16 204
16 208
16 217
16 222
16 223
16 224
16 229
16 232
16 234
16 238
16 243
16 253
16 255
16 262
16 264
16 265
16 268
16 273
16 277
16 280
16 292
16 295
16 297
16 299
17 24
17 28
17 29
17 41
17 42
17 45
17 54
17 55
17 62
17 67
17 78
17 86
17 90
17 103
17 105
17 108
17 109
17 110
17 117
17 122
17 123
17 124
17 128
17 130
17 147
17 148
17 151
17 159
17 160
17 163
17 166
17 169
17 190
17 192
17 194
17 201
17 204
17 206
17 212
17 214
17 215
17 221
17 223
17 229
17 236
17 238
17 241
17 255
17 260
17 261
17 283
17 289
17 298
18 21
18 22
18 24
18 36
18 42
18 48
18 58
18 59
18 62
18 72
18 73
18 78
18 80
18 91
18 92
18 96
18 99
18 109
18 112
18 118
18 123
18 134
18 139
18 153
18 155
18 156
18 157
18 163
18 164
18 167
18 173
18 176
18 185
18 195
18 196
18 202
18 208
18 217
18 219
18 222
18 224
18 225
18 229
18 241
18 245
18 259
18 260
18 262
18 263
18 267
18 269
18 272
18 280
18 288
18 289
18 292
19 21
19 35
19 42
19 44
19 48
19 66
19 68
19 72
19 75
19 95
19 100
19 110
19 124
19 127
19 128
19 129
19 133
19 143
19 151
19 153
19 158
19 159
19 166
19 177
19 185
19 186
19 188
19 190
19 194
19 207
19 214
19 216
19 219
19 225
19 231
19 235
19 239
19 247
19 248
19 251
19 256
19 265
19 266
19 276
19 282
19 283
19 298
20 24
20 26
20 32
20 33
20 34
20 42
20 45
20 50
20 53
20 58
20 59
20 60
20 66
20 67
20 73
20 79
20 84
20 89
20 91
20 98
20 99
20 112
20 114
20 115
20 116
20 122
20 124
20 126
20 128
20 136
20 140
20 144
20 145
20 149
20 152
20 156
20 158
20 169
20 170
20 173
20 176
20 180
20 183
20 189
20 191
20 193
20 212
20 217
20 221
20 231
20 232
20 250
20 260
20 264
20 271
20 273
20 275
20 277
20 282
20 294
20 297
21 22
21 23
21 25
21 29
21 30
21 33
21 45
21 46
21 48
21 52
21 58
21 62
21 64
21 65
21 74
21 105
21 109
21 110
21 113
21 114
21 117
21 134
21 137
21 145
21 148
21 159
21 173
21 174
21 176
21 180
21 181
21 184
21 190
21 207
21 210
21 213
21 215
21 216
21 220
21 225
21 232
21 239
21 242
21 243
21 254
21 259
21 264
21 272
21 273
21 276
21 278
21 281
21 290
22 46
22 47
22 57
22 66
22 67
22 69
22 71
22 73
22 77
22 78
22 82
22 86
22 87
22 96
22 97
22 102
22 104
22 108
22 116
22 117
22 126
22 133
22 134
22 147
22 151
22 152
22 153
22 156
22 167
22 168
22 172
22 176
22 177
22 186
22 194
22 196
22 200
22 217
22 221
22 230
22 237
22 245
22 258
22 262
22 264
22 266
22 268
22 275
22 276
22 285
22 287
22 290
22 293
22 296
23 24
23 26
23 30
23 40
23 42
23 47
23 48
23 49
23 52
23 53
23 55
23 67
23 77
23 78
23 83
23 89
23 90
23 102
23 109
23 122
23 123
23 145
23 146
23 150
23 158
23 159
23 160
23 171
23 173
23 175
23 180
23 186
23 188
23 196
23 205
23 206
23 210
23 214
23 217
23 220
23 225
23 229
23 237
23 244
23 245
23 248
23 251
23 252
23 254
23 271
23 279
23 288
23 291
23 297
24 25
24 26
24 38
24 56
24 63
24 69
24 76
24 77
24 82
24 90
24 101
24 110
24 114
24 116
24 120
24 122
24 124
24 125
24 128
24 132
24 134
24 140
24 147
24 151
24 155
24 160
24 161
24 167
24 168
24 173
24 180
24 186
24 188
24 192
24 193
24 194
24 197
24 205
24 208
24 214
24 216
24 220
24 225
24 231
24 234
24 238
24 243
24 247
24 252
24 261
24 262
24 265
24 269
24 271
24 272
24 273
24 276
24 285
24 287
24 293
25 35
25 38
25 39
25 49
25 50
25 64
25 67
25 68
25 70
25 74
25 87
25 89
25 91
25 94
25 99
25 103
25 112
25 116
25 125
25 127
25 128
25 130
25 132
25 135
25 137
25 138
25 142
25 145
25 148
25 153
25 156
25 163
25 175
25 178
25 187
25 190
25 198
25 205
25 209
25 212
25 217
25 222
25 224
25 248
25 250
25 254
25 271
25 274
25 281
25 283
25 288
25 297
25 299
26 29
26 31
26 37
26 40
26 41
26 44
26 51
26 53
26 55
26 59
26 65
26 69
26 76
26 78
26 84
26 90
26 109
26 118
26 120
26 126
26 127
26 130
26 137
26 141
26 144
26 146
26 147
26 153
26 160
26 161
26 164
26 165
26 173
26 174
26 177
26 180
26 182
26 183
26 195
26 198
26 203
26 206
26 208
26 211
26 215
26 216
26 217
26 227
26 235
26 236
26 237
26 239
26 241
26 244
26 248
26 249
26 262
26 264
26 268
26 278
26 282
26 293
27 32
27 38
27 46
27 48
27 54
27 58
27 73
27 77
27 102
27 106
27 110
27 114
27 126
27 128
27 139
27 147
27 151
27 154
27 155
27 162
27 175
27 180
27 190
27 191
27 193
27 194
27 202
27 208
27 209
27 218
27 222
27 226
27 236
27 241
27 251
27 256
27 261
27 265
27 266
27 270
27 275
27 280
28 30
28 33
28 43
28 46
28 49
28 53
28 56
28 69
28 77
28 78
28 80
28 82
28 85
28 87
28 93
28 94
28 98
28 99
28 102
28 104
28 105
28 111
28 113
28 121
28 126
28 142
28 144
28 145
28 153
28 159
28 163
28 176
28 178
28 191
28 192
28 197
28 198
28 206
28 214
28 221
28 229
28 233
28 246
28 251
28 256
28 258
28 266
28 270
28 274
28 282
28 283
28 285
28 288
29 34
29 36
29 38
29 44
29 45
29 47
29 51
29 52
29 53
29 54
29 57
29 63
29 66
29 72
29 93
29 100
29 104
29 105
29 110
29 114
29 123
29 125
29 126
29 130
29 139
29 140
29 142
29 149
29 150
29 153
29 157
29 160
29 162
29 164
29 171
29 182
29 184
29 191
29 198
29 200
29 207
29 209
29 210
29 218
29 222
29 224
29 226
29 227
29 249
29 250
29 254
29 259
29 266
29 269
29 272
29 283
29 287
29 291
29 293
29 296
30 74
30 80
30 82
30 84
30 89
30 91
30 93
30 96
30 105
30 106
30 112
30 118
30 119
30 124
30 132
30 134
30 140
30 144
30 146
30 151
30 158
30 160
30 161
30 164
30 175
30 178
30 182
30 190
30 193
30 196
30 198
30 202
30 205
30 214
30 221
30 228
30 231
30 233
30 238
30 239
30 241
30 243
30 246
30 248
30 267
30 268
30 272
30 278
30 285
30 288
30 293
30 296
31 32
31 33
31 39
31 40
31 47
31 50
31 55
31 60
31 63
31 66
31 77
31 80
31 85
31 89
31 98
31 100
31 106
31 120
31 121
31 123
31 133
31 134
31 138
31 139
31 140
31 142
31 143
31 145
31 155
31 165
31 174
31 175
31 185
31 193
31 195
31 204
31 206
31 207
31 212
31 222
31 224
31 235
31 236
31 238
31 241
31 242
31 247
31 251
31 253
31 255
31 262
31 263
31 268
31 269
31 270
31 271
31 274
31 275
31 277
31 279
31 280
31 287
31 290
31 292
31 298
32 37
32 46
32 53
32 75
32 76
32 86
32 89
32 93
32 94
32 97
32 99
32 100
32 105
32 111
32 127
32 135
32 136
32 138
32 139
32 140
32 146
32 160
32 164
32 167
32 172
32 173
32 174
32 175
32 176
32 180
32 191
32 194
32 206
32 209
32 215
32 219
32 222
32 230
32 231
32 233
32 234
32 241
32 242
32 244
32 255
32 264
32 266
32 271
32 274
32 275
32 282
32 283
32 289
32 292
32 299
33 35
33 37
33 38
33 46
33 47
33 49
33 54
33 56
33 58
33 74
33 82
33 94
33 98
33 113
33 115
33 116
33 121
33 122
33 131
33 132
33 136
33 140
33 145
33 146
33 150
33 151
33 154
33 159
33 160
33 177
33 180
33 183
33 184
33 199
33 201
33 205
33 206
33 207
33 208
33 211
33 214
33 219
33 234
33 235
33 238
33 240
33 243
33 248
33 251
33 252
33 265
33 266
33 267
33 278
33 282
33 294
34 39
34 41
34 44
34 46
34 47
34 51
34 56
34 61
34 62
34 69
34 70
34 71
34 73
34 75
34 90
34 93
34 95
34 99
34 100
34 102
34 115
34 117
34 125
34 140
34 143
34 149
34 154
34 163
34 173
34 176
34 183
34 186
34 194
34 200
34 204
34 208
34 209
34 211
34 219
34 221
34 224
34 230
34 233
34 236
34 238
34 250
34 252
34 255
34 257
34 258
34 261
34 262
34 267
34 277
34 278
34 281
34 285
34 287
34 293
34 295
35 41
35 47
35 48
35 57
35 73
35 78
35 83
35 93
35 101
35 103
35 104
35 111
35 112
35 113
35 116
35 129
35 132
35 136
35 139
35 157
35 170
35 172
35 177
35 180
35 181
35 183
35 184
35 187
35 188
35 194
35 198
35 218
35 234
35 235
35 240
35 244
35 248
35 255
35 256
35 267
35 271
35 272
35 281
35 282
35 287
35 295
36 43
36 52
36 61
36 65
36 68
36 69
36 74
36 78
36 91
36 93
36 97
36 121
36 131
36 138
36 141
36 145
36 150
36 153
36 159
36 165
36 168
36 171
36 189
36 195
36 198
36 203
36 204
36 206
36 210
36 216
36 218
36 219
36 221
36 222
36 233
36 237
36 247
36 248
36 250
36 252
36 255
36 257
36 264
36 275
36 278
36 280
36 284
36 290
37 40
37 49
37 56
37 57
37 59
37 60
37 61
37 63
37 76
37 78
37 79
37 82
37 95
37 104
37 106
37 132
37 138
37 143
37 144
37 162
37 166
37 175
37 177
37 178
37 193
37 202
37 212
37 218
37 220
37 225
37 234
37 235
37 236
37 238
37 242
37 243
37 248
37 251
37 252
37 253
37 254
37 259
37 264
37 274
37 275
37 284
37 285
38 46
38 63
38 66
38 70
38 82
38 84
38 87
38 89
38 93
38 94
38 96
38 97
38 101
38 104
38 105
38 118
38 119
38 133
38 136
38 139
38 141
38 144
38 148
38 151
38 153
38 158
38 161
38 174
38 175
38 176
38 186
38 190
38 192
38 194
38 201
38 205
38 207
38 219
38 221
38 226
38 230
38 232
38 236
38 253
38 257
38 265
38 267
38 271
38 278
38 280
38 281
38 286
38 298
38 299
39 45
39 46
39 49
39 56
39 65
39 70
39 75
39 80
39 84
39 86
39 91
39 92
39 94
39 107
39 110
39 120
39 122
39 126
39 129
39 130
39 136
39 144
39 148
39 154
39 160
39 162
39 177
39 179
39 185
39 200
39 202
39 208
39 216
39 218
39 219
39 229
39 232
39 245
39 248
39 251
39 256
39 258
39 277
39 281
39 287
39 288
39 291
40 54
40 56
40 58
40 59
40 67
40 72
40 82
40 83
40 89
40 91
40 92
40 96
40 98
40 102
40 108
40 124
40 134
40 142
40 146
40 147
40 162
40 165
40 168
40 172
40 177
40 189
40 193
40 194
40 195
40 199
40 200
40 207
40 208
40 209
40 213
40 217
40 223
40 234
40 238
40 239
40 240
40 244
40 249
40 252
40 254
40 261
40 264
40 265
40 266
40 269
40 272
40 275
40 276
40 278
40 287
40 292
40 297
41 42
41 48
41 52
41 64
41 66
41 68
41 88
41 91
41 96
41 98
41 99
41 102
41 103
41 107
41 112
41 114
41 115
41 119
41 128
41 133
41 151
41 161
41 170
41 174
41 185
41 196
41 197
41 200
41 202
41 205
41 220
41 222
41 224
41 228
41 230
41 234
41 235
41 242
41 243
41 244
41 249
41 262
41 267
41 269
41 272
41 276
41 280
41 282
41 284
41 285
41 288
42 44
42 48
42 49
42 50
42 58
42 63
42 66
42 67
42 68
42 70
42 73
42 76
42 77
42 81
42 89
42 99
42 107
42 110
42 112
42 136
42 138
42 145
42 151
42 162
42 172
42 175
42 176
42 181
42 182
42 187
42 200
42 217
42 221
42 223
42 226
42 227
42 228
42 229
42 230
42 250
42 260
42 263
42 278
42 281
42 295
42 299
43 45
43 50
43 53
43 58
43 59
43 68
43 73
43 74
43 76
43 81
43 85
43 92
43 94
43 99
43 109
43 111
43 112
43 116
43 125
43 128
43 133
43 150
43 152
43 153
43 154
43 155
43 156
43 157
43 158
43 160
43 161
43 172
43 175
43 190
43 195
43 196
43 210
43 217
43 222
43 227
43 235
43 248
43 255
43 260
43 262
43 263
43 264
43 281
43 282
43 290
43 293
43 295
44 45
44 47
44 48
44 52
44 59
44 60
44 62
44 63
44 70
44 81
44 82
44 94
44 95
44 101
44 104
44 111
44 128
44 133
44 136
44 137
44 161
44 163
44 176
44 182
44 187
44 198
44 202
44 203
44 214
44 217
44 219
44 220
44 223
44 225
44 229
44 232
44 250
44 251
44 256
44 259
44 260
44 274
44 275
44 277
44 278
44 287
44 296
44 298
45 47
45 49
45 53
45 57
45 63
45 64
45 71
45 75
45 78
45 82
45 104
45 113
45 121
45 136
45 141
45 153
45 156
45 163
45 164
45 166
45 189
45 190
45 205
45 207
45 210
45 221
45 227
45 233
45 234
45 244
45 245
45 246
45 255
45 267
45 285
45 289
45 290
45 291
45 294
45 297
46 47
46 53
46 55
46 57
46 64
46 65
46 70
46 73
46 77
46 80
46 97
46 99
46 102
46 108
46 113
46 117
46 129
46 132
46 135
46 138
46 141
46 142
46 162
46 163
46 168
46 169
46 173
46 174
46 176
46 178
46 179
46 184
46 192
46 196
46 197
46 206
46 211
46 214
46 220
46 233
46 234
46 235
46 245
46 247
46 250
46 252
46 256
46 269
46 275
46 279
46 293
46 297
46 299
47 52
47 53
47 58
47 61
47 66
47 69
47 77
47 82
47 83
47 92
47 94
47 97
47 112
47 125
47 126
47 132
47 134
47 148
47 149
47 159
47 161
47 163
47 170
47 171
47 175
47 176
47 180
47 184
47 187
47 188
47 189
47 192
47 195
47 198
47 201
47 203
47 204
47 205
47 206
47 215
47 218
47 224
47 225
47 229
47 236
47 237
47 241
47 243
47 245
47 248
47 252
47 254
47 256
47 260
47 265
47 269
47 280
47 285
47 288
47 292
47 295
48 50
48 54
48 57
48 74
48 76
48 77
48 88
48 94
48 95
48 96
48 102
48 107
48 117
48 118
48 123
48 141
48 142
48 143
48 155
48 158
48 177
48 178
48 183
48 188
48 191
48 192
48 196
48 198
48 200
48 201
48 209
48 212
48 213
48 215
48 217
48 220
48 221
48 223
48 228
48 237
48 240
48 242
48 245
48 249
48 252
48 254
48 257
48 262
48 271
48 273
48 276
48 286
48 287
48 298
49 52
49 53
49 62
49 64
49 70
49 74
49 77
49 79
49 86
49 87
49 98
49 103
49 110
49 119
49 121
49 127
49 135
49 148
49 157
49 163
49 165
49 167
49 183
49 188
49 194
49 200
49 202
49 205
49 207
49 210
49 211
49 221
49 222
49 224
49 226
49 231
49 238
49 241
49 242
49 255
49 262
49 265
49 267
49 271
49 277
49 288
49 289
49 291
49 299
50 53
50 56
50 69
50 71
50 72
50 75
50 76
50 81
50 82
50 83
50 89
50 91
50 99
50 101
50 102
50 107
50 111
50 119
50 120
50 125
50 128
50 129
50 133
50 144
50 145
50 150
50 155
50 159
50 168
50 172
50 173
50 176
50 192
50 198
50 205
50 215
50 217
50 221
50 222
50 224
50 225
50 235
50 254
50 262
50 263
50 267
50 268
50 270
50 271
50 275
50 277
50 281
50 285
50 287
50 291
51 59
51 60
51 67
51 69
51 71
51 76
51 83
51 100
51 102
51 109
51 110
51 113
51 114
51 125
51 126
51 127
51 129
51 132
51 134
51 136
51 146
51 154
51 160
51 164
51 169
51 171
51 177
51 179
51 194
51 196
51 198
51 199
51 208
51 214
51 228
51 230
51 235
51 237
51 241
51 242
51 248
51 251
51 253
51 256
51 263
51 266
51 268
51 270
51 271
51 272
51 275
51 278
51 279
51 290
51 291
51 295
51 297
52 56
52 57
52 59
52 72
52 91
52 92
52 98
52 103
52 104
52 105
52 107
52 109
52 110
52 111
52 116
52 118
52 125
52 134
52 151
52 152
52 154
52 155
52 156
52 159
52 162
52 166
52 168
52 178
52 182
52 186
52 190
52 191
52 204
52 207
52 220
52 222
52 225
52 238
52 245
52 258
52 265
52 268
52 269
52 293
53 55
53 61
53 66
53 69
53 71
53 75
53 77
53 79
53 80
53 82
53 89
53 104
53 110
53 114
53 115
53 118
53 128
53 131
53 133
53 134
53 138
53 140
53 143
53 147
53 151
53 163
53 166
53 167
53 169
53 175
53 184
53 192
53 197
53 199
53 201
53 204
53 208
53 210
53 211
53 218
53 230
53 232
53 244
53 246
53 251
53 253
53 256
53 257
53 267
53 269
53 270
53 275
53 277
53 287
53 294
53 299
54 55
54 59
54 60
54 69
54 71
54 87
54 90
54 95
54 99
54 105
54 109
54 113
54 116
54 120
54 124
54 126
54 130
54 134
54 136
54 138
54 141
54 148
54 150
54 152
54 155
54 157
54 167
54 171
54 172
54 176
54 178
54 181
54 182
54 184
54 185
54 188
54 191
54 196
54 197
54 200
54 201
54 202
54 214
54 215
54 220
54 223
54 229
54 230
54 232
54 233
54 237
54 246
54 248
54 256
54 257
54 266
54 267
54 272
54 276
54 277
54 288
55 57
55 59
55 67
55 71
55 77
55 79
55 90
55 92
55 95
55 97
55 101
55 109
55 111
55 113
55 115
55 118
55 120
55 126
55 127
55 135
55 138
55 141
55 143
55 153
55 156
55 160
55 165
55 167
55 168
55 169
55 173
55 180
55 181
55 188
55 190
55 193
55 200
55 202
55 204
55 208
55 210
55 220
55 237
55 238
55 246
55 248
55 253
55 259
55 263
55 269
55 274
55 278
55 279
55 280
55 291
55 292
55 294
55 295
56 59
56 61
56 69
56 71
56 74
56 76
56 81
56 92
56 96
56 101
56 104
56 108
56 117
56 124
56 133
56 164
56 165
56 166
56 169
56 171
56 178
56 179
56 188
56 209
56 213
56 214
56 221
56 227
56 231
56 232
56 238
56 244
56 247
56 248
56 254
56 257
56 262
56 267
56 270
56 272
56 277
56 280
56 288
57 58
57 60
57 68
57 70
57 75
57 80
57 96
57 103
57 104
57 110
57 113
57 114
57 117
57 120
57 148
57 151
57 155
57 163
57 167
57 174
57 177
57 184
57 192
57 194
57 203
57 205
57 207
57 212
57 216
57 222
57 224
57 229
57 232
57 239
57 245
57 247
57 252
57 261
57 264
57 268
57 282
57 287
58 64
58 69
58 71
58 77
58 93
58 96
58 103
58 111
58 113
58 114
58 116
58 118
58 119
58 120
58 123
58 143
58 147
58 148
58 151
58 161
58 163
58 168
58 177
58 178
58 182
58 186
58 190
58 200
58 208
58 212
58 219
58 221
58 223
58 225
58 226
58 229
58 245
58 247
58 248
58 252
58 256
58 266
58 268
58 269
58 278
58 290
58 299
59 61
59 77
59 80
59 82
59 85
59 92
59 96
59 98
59 110
59 119
59 123
59 124
59 128
59 135
59 152
59 155
59 157
59 161
59 166
59 168
59 173
59 180
59 181
59 183
59 188
59 191
59 196
59 206
59 207
59 218
59 221
59 225
59 228
59 236
59 239
59 248
59 252
59 262
59 265
59 272
59 281
59 296
60 63
60 66
60 77
60 79
60 80
60 105
60 114
60 126
60 128
60 135
60 141
60 144
60 150
60 153
60 154
60 159
60 160
60 168
60 171
60 175
60 177
60 182
60 189
60 191
60 198
60 201
60 210
60 215
60 220
60 223
60 224
60 226
60 237
60 241
60 244
60 257
60 267
60 270
60 271
60 277
60 289
60 290
60 294
60 298
61 63
61 71
61 72
61 76
61 78
61 87
61 94
61 96
61 106
61 110
61 122
61 125
61 130
61 132
61 138
61 143
61 144
61 145
61 169
61 174
61 179
61 182
61 189
61 198
61 207
61 208
61 209
61 211
61 212
61 220
61 221
61 224
61 225
61 228
61 241
61 245
61 253
61 254
61 258
61 272
61 275
61 279
61 282
61 287
61 289
62 79
62 80
62 92
62 96
62 97
62 99
62 100
62 108
62 109
62 118
62 119
62 122
62 129
62 139
62 164
62 167
62 170
62 175
62 179
62 182
62 186
62 192
62 194
62 197
62 204
62 215
62 216
62 218
62 220
62 224
62 227
62 230
62 238
62 246
62 247
62 253
62 257
62 261
62 267
62 272
62 287
62 296
62 297
63 69
63 80
63 89
63 90
63 101
63 108
63 109
63 116
63 118
63 124
63 126
63 130
63 158
63 164
63 167
63 168
63 172
63 188
63 190
63 196
63 199
63 201
63 202
63 207
63 214
63 216
63 221
63 222
63 230
63 235
63 240
63 243
63 247
63 260
63 266
63 271
63 279
63 283
63 285
63 295
63 296
63 297
64 67
64 80
64 82
64 93
64 97
64 100
64 103
64 105
64 111
64 115
64 120
64 125
64 127
64 130
64 131
64 135
64 140
64 161
64 167
64 174
64 180
64 184
64 186
64 193
64 197
64 198
64 201
64 206
64 208
64 215
64 219
64 239
64 240
64 243
64 245
64 248
64 250
64 257
64 264
64 266
64 271
64 274
64 277
64 281
64 282
64 296
65 75
65 77
65 81
65 83
65 86
65 90
65 95
65 99
65 100
65 106
65 110
65 111
65 119
65 123
65 126
65 130
65 138
65 143
65 147
65 171
65 175
65 185
65 195
65 198
65 211
65 214
65 228
65 231
65 244
65 250
65 253
65 257
65 262
65 267
65 275
65 284
65 288
65 298
65 299
66 75
66 80
66 101
66 112
66 116
66 120
66 121
66 122
66 132
66 133
66 135
66 140
66 141
66 142
66 154
66 159
66 161
66 162
66 169
66 174
66 177
66 179
66 182
66 185
66 189
66 190
66 192
66 194
66 200
66 201
66 202
66 204
66 206
66 207
66 214
66 216
66 224
66 228
66 246
66 255
66 268
66 271
66 287
66 298
67 70
67 71
67 84
67 88
67 93
67 96
67 98
67 99
67 104
67 105
67 107
67 110
67 112
67 119
67 120
67 123
67 131
67 133
67 149
67 150
67 155
67 156
67 164
67 165
67 169
67 170
67 174
67 178
67 180
67 187
67 199
67 203
67 210
67 215
67 217
67 219
67 222
67 223
67 228
67 242
67 244
67 246
67 270
67 271
67 275
67 277
67 278
67 279
67 285
67 299
68 77
68 80
68 81
68 84
68 87
68 94
68 102
68 104
68 106
68 112
68 119
68 123
68 126
68 128
68 148
68 152
68 160
68 167
68 176
68 180
68 185
68 186
68 196
68 205
68 217
68 224
68 227
68 229
68 231
68 237
68 241
68 249
68 250
68 251
68 253
68 260
68 266
68 279
68 280
68 288
68 291
68 295
68 296
69 70
69 72
69 77
69 78
69 86
69 88
69 90
69 93
69 94
69 96
69 97
69 100
69 125
69 126
69 136
69 138
69 141
69 144
69 146
69 157
69 159
69 161
69 169
69 173
69 181
69 184
69 185
69 194
69 203
69 211
69 212
69 222
69 226
69 228
69 248
69 251
69 256
69 260
69 263
69 271
69 273
69 274
69 280
69 286
69 292
70 71
70 73
70 77
70 86
70 87
70 90
70 91
70 92
70 98
70 99
70 101
70 104
70 116
70 123
70 130
70 136
70 137
70 145
70 147
70 148
70 154
70 155
70 169
70 170
70 181
70 186
70 193
70 196
70 202
70 203
70 216
70 225
70 228
70 229
70 235
70 237
70 240
70 244
70 248
70 260
70 261
70 274
70 276
70 277
70 281
70 283
70 290
70 291
71 75
71 76
71 78
71 84
71 87
71 88
71 102
71 104
71 106
71 107
71 108
71 111
71 120
71 126
71 130
71 136
71 137
71 138
71 148
71 156
71 157
71 162
71 167
71 180
71 182
71 185
71 188
71 191
71 192
71 204
71 208
71 216
71 221
71 223
71 230
71 233
71 234
71 247
71 251
71 253
71 258
71 263
71 268
71 271
71 284
71 285
71 287
71 292
71 294
71 298
72 73
72 90
72 95
72 100
72 107
72 109
72 112
72 113
72 132
72 138
72 145
72 159
72 165
72 169
72 175
72 181
72 183
72 184
72 186
72 195
72 200
72 204
72 215
72 219
72 222
72 224
72 236
72 237
72 242
72 249
72 255
72 268
72 269
72 274
72 276
72 280
72 289
73 77
73 80
73 84
73 86
73 91
73 93
73 96
73 97
73 106
73 108
73 118
73 121
73 136
73 140
73 141
73 147
73 154
73 158
73 160
73 171
73 174
73 183
73 197
73 214
73 215
73 220
73 221
73 230
73 231
73 232
73 238
73 244
73 245
73 249
73 250
73 252
73 254
73 257
73 262
73 267
73 268
73 272
73 287
73 295
73 299
74 81
74 84
74 89
74 94
74 95
74 105
74 113
74 114
74 118
74 124
74 125
74 135
74 137
74 140
74 142
74 146
74 150
74 158
74 159
74 160
74 166
74 187
74 191
74 194
74 195
74 202
74 204
74 208
74 211
74 213
74 216
74 219
74 226
74 238
74 239
74 249
74 252
74 253
74 257
74 273
74 278
74 281
74 286
74 287
74 289
74 292
74 293
74 297
74 299
75 83
75 90
75 109
75 116
75 119
75 120
75 121
75 145
75 148
75 150
75 153
75 157
75 172
75 178
75 181
75 191
75 200
75 201
75 202
75 205
75 207
75 215
75 222
75 233
75 240
75 248
75 249
75 254
75 255
75 257
75 264
75 267
75 268
75 287
75 288
75 289
75 292
75 296
76 87
76 94
76 95
76 98
76 104
76 108
76 109
76 113
76 116
76 123
76 127
76 128
76 130
76 133
76 139
76 141
76 153
76 154
76 157
76 158
76 160
76 161
76 162
76 170
76 174
76 184
76 185
76 192
76 194
76 199
76 207
76 208
76 209
76 222
76 223
76 226
76 227
76 266
76 268
76 274
76 279
76 285
76 287
77 80
77 91
77 94
77 108
77 112
77 115
77 125
77 126
77 146
77 148
77 160
77 167
77 179
77 180
77 185
77 186
77 195
77 199
77 203
77 204
77 216
77 218
77 220
77 233
77 236
77 238
77 251
77 252
77 254
77 257
77 260
77 265
77 268
77 289
78 88
78 97
78 98
78 101
78 114
78 116
78 119
78 122
78 124
78 126
78 128
78 135
78 140
78 141
78 148
78 150
78 162
78 163
78 168
78 171
78 182
78 186
78 191
78 193
78 200
78 203
78 206
78 209
78 210
78 217
78 218
78 220
78 222
78 226
78 229
78 231
78 233
78 238
78 245
78 266
78 269
78 271
78 272
78 276
78 278
78 280
78 281
78 282
78 294
78 298
79 84
79 86
79 91
79 94
79 95
79 99
79 109
79 110
79 113
79 117
79 119
79 124
79 125
79 126
79 128
79 129
79 130
79 134
79 139
79 159
79 160
79 161
79 165
79 168
79 183
79 187
79 189
79 192
79 198
79 206
79 221
79 222
79 232
79 235
79 242
79 247
79 249
79 253
79 271
79 276
79 280
79 284
79 288
79 289
79 297
79 299
80 84
80 86
80 88
80 89
80 97
80 101
80 103
80 107
80 111
80 113
80 117
80 123
80 134
80 149
80 151
80 158
80 164
80 165
80 176
80 188
80 190
80 192
80 193
80 201
80 204
80 208
80 210
80 238
80 239
80 241
80 244
80 245
80 247
80 258
80 268
80 274
80 275
80 277
80 292
80 293
80 296
80 298
81 84
81 91
81 93
81 94
81 97
81 101
81 105
81 109
81 117
81 129
81 137
81 143
81 144
81 154
81 157
81 162
81 173
81 175
81 176
81 178
81 179
81 188
81 189
81 191
81 215
81 221
81 222
81 231
81 232
81 233
81 238
81 245
81 253
81 255
81 261
81 264
81 265
81 270
81 278
81 280
81 282
81 289
81 290
81 295
81 299
82 83
82 86
82 94
82 97
82 102
82 109
82 112
82 117
82 120
82 124
82 127
82 128
82 135
82 137
82 142
82 148
82 153
82 154
82 162
82 167
82 170
82 174
82 177
82 180
82 182
82 194
82 198
82 200
82 202
82 207
82 227
82 243
82 244
82 248
82 250
82 253
82 255
82 260
82 261
82 267
82 271
82 278
82 281
82 282
82 291
83 89
83 90
83 92
83 100
83 105
83 108
83 109
83 111
83 112
83 117
83 124
83 127
83 130
83 132
83 135
83 139
83 140
83 153
83 154
83 159
83 166
83 169
83 171
83 172
83 177
83 182
83 184
83 185
83 188
83 195
83 196
83 202
83 218
83 220
83 231
83 239
83 244
83 254
83 265
83 266
83 268
83 271
83 272
83 273
83 281
83 299
84 91
84 97
84 101
84 103
84 104
84 113
84 118
84 121
84 126
84 129
84 130
84 135
84 150
84 156
84 161
84 163
84 168
84 172
84 176
84 181
84 187
84 188
84 193
84 195
84 201
84 204
84 210
84 212
84 228
84 230
84 232
84 246
84 252
84 257
84 258
84 262
84 264
84 277
84 286
84 298
85 86
85 88
85 89
85 92
85 100
85 113
85 121
85 125
85 137
85 138
85 146
85 147
85 149
85 153
85 158
85 160
85 163
85 171
85 177
85 182
85 189
85 190
85 191
85 195
85 197
85 199
85 202
85 204
85 205
85 208
85 220
85 226
85 227
85 231
85 233
85 236
85 241
85 242
85 243
85 248
85 254
85 257
85 259
85 266
85 268
85 283
85 285
85 287
85 289
85 291
86 87
86 96
86 99
86 111
86 115
86 125
86 147
86 149
86 152
86 154
86 155
86 156
86 163
86 166
86 167
86 170
86 172
86 176
86 177
86 180
86 181
86 187
86 191
86 192
86 194
86 195
86 206
86 208
86 210
86 212
86 225
86 227
86 233
86 239
86 240
86 254
86 263
86 265
86 272
86 278
86 285
86 297
86 299
87 91
87 97
87 102
87 106
87 113
87 129
87 133
87 137
87 141
87 142
87 144
87 147
87 149
87 150
87 152
87 158
87 176
87 178
87 185
87 190
87 195
87 197
87 206
87 215
87 216
87 221
87 223
87 225
87 226
87 241
87 242
87 252
87 254
87 257
87 289
88 90
88 92
88 96
88 100
88 101
88 103
88 105
88 110
88 113
88 116
88 126
88 128
88 130
88 131
88 161
88 171
88 173
88 174
88 179
88 186
88 189
88 194
88 197
88 199
88 208
88 214
88 216
88 220
88 221
88 242
88 250
88 254
88 260
88 267
88 283
88 287
88 289
88 292
88 295
88 298
89 96
89 99
89 108
89 111
89 114
89 116
89 119
89 123
89 124
89 127
89 140
89 141
89 142
89 158
89 161
89 162
89 164
89 168
89 169
89 170
89 175
89 181
89 182
89 183
89 187
89 193
89 198
89 200
89 206
89 213
89 216
89 218
89 220
89 222
89 228
89 247
89 248
89 253
89 255
89 256
89 262
89 264
89 268
89 277
89 288
89 293
89 294
90 100
90 105
90 111
90 123
90 130
90 135
90 138
90 144
90 148
90 149
90 153
90 165
90 179
90 184
90 185
90 186
90 194
90 195
90 201
90 207
90 211
90 217
90 219
90 225
90 237
90 238
90 241
90 245
90 250
90 254
90 256
90 262
90 264
90 269
90 281
90 287
90 288
91 99
91 105
91 109
91 111
91 113
91 118
91 119
91 123
91 132
91 136
91 138
91 142
91 148
91 158
91 166
91 167
91 172
91 177
91 181
91 188
91 196
91 198
91 200
91 204
91 205
91 206
91 209
91 216
91 228
91 229
91 236
91 238
91 248
91 253
91 254
91 262
91 264
91 270
91 274
91 280
91 286
91 294
91 295
91 298
92 93
92 104
92 110
92 111
92 112
92 115
92 124
92 128
92 129
92 131
92 133
92 134
92 135
92 143
92 144
92 146
92 148
92 156
92 157
92 158
92 173
92 183
92 188
92 197
92 201
92 202
92 206
92 216
92 222
92 226
92 227
92 244
92 251
92 269
92 278
92 282
92 283
92 287
92 290
92 294
92 295
92 298
93 99
93 103
93 104
93 111
93 120
93 127
93 130
93 134
93 162
93 165
93 167
93 173
93 191
93 197
93 214
93 218
93 221
93 224
93 232
93 236
93 238
93 242
93 243
93 245
93 248
93 267
93 290
93 298
94 102
94 112
94 117
94 126
94 127
94 135
94 137
94 151
94 152
94 153
94 156
94 157
94 158
94 161
94 178
94 203
94 205
94 206
94 210
94 217
94 228
94 235
94 239
94 244
94 249
94 254
94 264
94 273
94 279
94 290
94 293
94 296
94 299
95 97
95 99
95 108
95 112
95 127
95 130
95 131
95 142
95 147
95 152
95 155
95 157
95 174
95 175
95 190
95 192
95 193
95 199
95 201
95 206
95 207
95 210
95 211
95 213
95 219
95 226
95 229
95 231
95 236
95 239
95 249
95 253
95 267
95 271
95 279
95 280
95 281
95 293
95 294
95 298
96 104
96 106
96 109
96 112
96 118
96 120
96 123
96 125
96 136
96 137
96 139
96 146
96 149
96 151
96 158
96 159
96 161
96 163
96 166
96 174
96 178
96 184
96 187
96 188
96 189
96 191
96 199
96 204
96 211
96 215
96 218
96 219
96 223
96 227
96 228
96 230
96 235
96 237
96 242
96 248
96 267
96 275
96 276
96 278
96 285
96 286
96 292
97 100
97 102
97 104
97 106
97 109
97 119
97 125
97 126
97 129
97 131
97 132
97 136
97 137
97 151
97 154
97 155
97 159
97 165
97 167
97 168
97 178
97 189
97 201
97 203
97 206
97 219
97 233
97 245
97 251
97 253
97 259
97 260
97 269
97 277
97 279
97 287
97 288
97 298
98 109
98 112
98 115
98 118
98 123
98 130
98 136
98 138
98 140
98 144
98 147
98 151
98 153
98 157
98 158
98 160
98 167
98 168
98 179
98 180
98 187
98 191
98 193
98 204
98 206
98 212
98 215
98 216
98 218
98 221
98 235
98 241
98 244
98 246
98 254
98 260
98 262
98 263
98 271
98 274
98 275
98 279
98 280
98 283
98 284
98 291
99 105
99 110
99 114
99 124
99 126
99 128
99 132
99 135
99 139
99 143
99 144
99 148
99 152
99 161
99 162
99 166
99 169
99 171
99 175
99 183
99 184
99 189
99 191
99 192
99 193
99 194
99 198
99 205
99 214
99 225
99 227
99 231
99 234
99 244
99 245
99 255
99 256
99 265
99 268
99 269
99 272
99 276
99 278
99 279
99 281
99 289
99 291
99 294
99 295
99 296
99 298
99 299
100 102
100 103
100 106
100 110
100 113
100 115
100 117
100 118
100 131
100 135
100 138
100 158
100 164
100 169
100 178
100 179
100 181
100 183
100 184
100 207
100 210
100 213
100 214
100 215
100 218
100 219
100 221
100 228
100 235
100 239
100 242
100 250
100 251
100 273
100 274
100 278
100 279
100 280
100 295
101 104
101 117
101 120
101 124
101 125
101 131
101 133
101 134
101 135
101 139
101 141
101 145
101 148
101 150
101 165
101 169
101 171
101 172
101 175
101 176
101 182
101 188
101 190
101 197
101 205
101 213
101 215
101 229
101 237
101 238
101 243
101 244
101 247
101 249
101 254
101 256
101 258
101 269
101 276
101 283
101 286
101 289
101 296
102 115
102 120
102 121
102 127
102 129
102 130
102 137
102 141
102 143
102 150
102 153
102 162
102 166
102 168
102 175
102 183
102 191
102 192
102 193
102 201
102 209
102 214
102 217
102 227
102 228
102 229
102 230
102 233
102 235
102 239
102 244
102 245
102 246
102 249
102 254
102 259
102 270
102 276
102 278
102 279
102 283
102 284
102 295
102 297
103 112
103 113
103 124
103 127
103 129
103 130
103 132
103 134
103 135
103 140
103 141
103 146
103 147
103 148
103 161
103 162
103 166
103 170
103 174
103 175
103 179
103 180
103 184
103 187
103 195
103 198
103 210
103 211
103 217
103 226
103 227
103 230
103 237
103 240
103 256
103 260
103 264
103 265
103 268
103 284
103 286
103 294
103 297
104 105
104 108
104 110
104 119
104 121
104 124
104 125
104 135
104 136
104 139
104 140
104 142
104 149
104 154
104 157
104 165
104 177
104 180
104 181
104 190
104 196
104 200
104 207
104 211
104 221
104 231
104 232
104 241
104 244
104 250
104 252
104 258
104 260
104 261
104 265
104 267
104 268
104 292
104 298
104 299
105 108
105 124
105 125
105 134
105 135
105 137
105 148
105 157
105 173
105 182
105 186
105 191
105 192
105 193
105 198
105 199
105 200
105 202
105 206
105 208
105 230
105 231
105 238
105 241
105 248
105 250
105 255
105 261
105 269
105 278
105 280
105 285
105 286
105 291
105 298
106 108
106 111
106 113
106 116
106 119
106 133
106 137
106 138
106 150
106 152
106 157
106 160
106 166
106 167
106 173
106 174
106 178
106 179
106 183
106 206
106 207
106 209
106 236
106 249
106 255
106 258
106 260
106 269
106 272
106 274
106 276
106 287
106 289
106 293
106 296
107 109
107 114
107 117
107 120
107 128
107 134
107 135
107 136
107 154
107 157
107 166
107 170
107 178
107 186
107 187
107 191
107 193
107 195
107 202
107 205
107 209
107 213
107 217
107 220
107 223
107 226
107 231
107 234
107 237
107 241
107 251
107 263
107 270
107 273
107 274
107 279
107 284
108 112
108 113
108 120
108 122
108 124
108 126
108 127
108 132
108 134
108 146
108 147
108 156
108 163
108 168
108 171
108 179
108 194
108 206
108 208
108 209
108 214
108 222
108 240
108 247
108 259
108 260
108 262
108 268
108 274
108 276
108 281
108 283
108 285
108 296
108 297
108 299
109 111
109 132
109 133
109 138
109 139
109 145
109 154
109 161
109 162
109 164
109 166
109 168
109 173
109 181
109 185
109 188
109 189
109 190
109 193
109 208
109 209
109 211
109 212
109 213
109 223
109 238
109 240
109 249
109 251
109 252
109 253
109 254
109 258
109 260
109 266
109 268
109 273
109 278
109 282
109 286
109 287
109 297
110 115
110 116
110 124
110 136
110 137
110 150
110 162
110 163
110 167
110 169
110 171
110 172
110 176
110 185
110 188
110 191
110 195
110 197
110 198
110 199
110 204
110 207
110 208
110 225
110 226
110 227
110 233
110 236
110 252
110 266
110 267
110 270
110 273
110 282
110 286
110 289
110 296
111 128
111 139
111 151
111 154
111 158
111 169
111 183
111 185
111 189
111 195
111 198
111 201
111 202
111 207
111 208
111 209
111 212
111 213
111 215
111 225
111 229
111 233
111 234
111 242
111 243
111 256
111 260
111 262
111 263
111 269
111 273
112 118
112 122
112 128
112 130
112 132
112 136
112 140
112 143
112 144
112 145
112 146
112 153
112 157
112 167
112 170
112 171
112 177
112 181
112 196
112 199
112 204
112 206
112 207
112 220
112 234
112 235
112 237
112 240
112 245
112 247
112 250
112 256
112 258
112 259
112 260
112 266
112 273
112 278
112 285
112 286
112 289
112 299
113 116
113 119
113 127
113 130
113 131
113 139
113 142
113 143
113 152
113 153
113 159
113 160
113 161
113 181
113 186
113 193
113 198
113 201
113 206
113 211
113 216
113 217
113 223
113 228
113 234
113 242
113 246
113 248
113 268
113 272
113 274
113 278
113 284
113 286
113 293
113 294
113 296
113 297
114 117
114 119
114 133
114 137
114 144
114 146
114 147
114 151
114 153
114 156
114 158
114 160
114 163
114 172
114 173
114 181
114 185
114 188
114 192
114 198
114 208
114 217
114 221
114 223
114 224
114 227
114 232
114 236
114 244
114 245
114 252
114 258
114 270
114 271
114 278
114 282
114 284
114 288
114 290
114 293
114 295
114 298
115 116
115 117
115 119
115 132
115 133
115 134
115 138
115 141
115 143
115 147
115 152
115 160
115 163
115 165
115 168
115 170
115 180
115 185
115 186
115 188
115 189
115 194
115 196
115 202
115 204
115 211
115 216
115 219
115 222
115 225
115 228
115 229
115 242
115 249
115 250
115 252
115 256
115 260
115 263
115 265
115 268
115 271
115 274
115 275
115 278
115 279
115 286
115 287
115 295
115 298
116 120
116 130
116 132
116 138
116 148
116 154
116 155
116 158
116 160
116 175
116 177
116 179
116 185
116 199
116 200
116 208
116 219
116 226
116 227
116 229
116 239
116 241
116 244
116 246
116 251
116 253
116 259
116 266
116 273
116 279
116 281
116 282
116 284
116 285
116 288
116 290
116 291
116 293
116 296
117 118
117 121
117 124
117 132
117 133
117 147
117 150
117 153
117 154
117 159
117 160
117 171
117 176
117 186
117 200
117 205
117 206
117 209
117 212
117 215
117 222
117 229
117 231
117 232
117 233
117 244
117 249
117 250
117 251
117 256
117 264
117 270
117 271
117 281
117 290
117 298
117 299
118 119
118 127
118 129
118 132
118 137
118 143
118 149
118 153
118 155
118 162
118 165
118 168
118 176
118 182
118 184
118 190
118 191
118 194
118 215
118 228
118 243
118 246
118 247
118 251
118 254
118 256
118 258
118 259
118 277
118 283
118 288
118 297
119 124
119 134
119 137
119 142
119 156
119 157
119 160
119 181
119 194
119 199
119 205
119 223
119 225
119 230
119 234
119 235
119 238
119 242
119 244
119 252
119 255
119 266
119 271
119 282
119 286
119 294
119 298
120 125
120 131
120 134
120 139
120 141
120 148
120 151
120 152
120 154
120 156
120 158
120 161
120 166
120 168
120 171
120 172
120 178
120 185
120 192
120 194
120 212
120 215
120 216
120 221
120 224
120 229
120 232
120 234
120 241
120 244
120 247
120 259
120 260
120 261
120 268
120 270
120 274
120 275
120 281
120 283
120 287
120 290
120 295
120 296
120 298
120 299
121 122
121 131
121 143
121 145
121 151
121 153
121 160
121 169
121 170
121 173
121 178
121 179
121 180
121 187
121 188
121 204
121 211
121 215
121 216
121 228
121 232
121 236
121 237
121 244
121 249
121 253
121 271
121 272
121 275
121 287
121 289
121 291
121 293
122 131
122 133
122 140
122 141
122 145
122 152
122 153
122 160
122 162
122 169
122 170
122 172
122 174
122 187
122 194
122 199
122 206
122 207
122 211
122 212
122 220
122 226
122 231
122 233
122 235
122 245
122 260
122 263
122 270
122 274
122 280
122 283
122 288
122 292
122 296
123 125
123 130
123 131
123 138
123 147
123 148
123 156
123 158
123 169
123 175
123 179
123 180
123 186
123 194
123 197
123 199
123 207
123 217
123 225
123 226
123 227
123 235
123 236
123 242
123 244
123 249
123 258
123 260
123 270
123 274
123 278
123 280
123 284
123 294
123 296
123 298
124 125
124 127
124 129
124 131
124 134
124 137
124 139
124 141
124 142
124 153
124 154
124 161
124 172
124 176
124 182
124 185
124 187
124 188
124 191
124 194
124 198
124 209
124 213
124 228
124 230
124 249
124 251
124 252
124 259
124 261
124 262
124 263
124 265
124 281
124 283
124 284
124 294
124 298
125 128
125 135
125 137
125 140
125 144
125 149
125 152
125 155
125 158
125 159
125 165
125 169
125 170
125 173
125 181
125 185
125 186
125 187
125 197
125 201
125 208
125 219
125 237
125 241
125 245
125 248
125 254
125 256
125 265
125 266
125 270
125 288
125 290
125 293
125 297
125 298
126 133
126 136
126 147
126 149
126 150
126 152
126 161
126 162
126 165
126 172
126 174
126 176
126 177
126 184
126 186
126 191
126 192
126 201
126 203
126 207
126 209
126 213
126 217
126 219
126 224
126 229
126 233
126 236
126 238
126 239
126 240
126 247
126 255
126 259
126 265
126 270
126 282
126 292
126 295
126 298
127 132
127 136
127 139
127 145
127 149
127 150
127 153
127 155
127 170
127 173
127 177
127 180
127 186
127 189
127 200
127 209
127 220
127 224
127 225
127 231
127 243
127 248
127 253
127 257
127 262
127 267
127 270
127 272
127 277
127 289
127 294
127 295
128 131
128 132
128 146
128 160
128 161
128 166
128 170
128 172
128 179
128 181
128 194
128 210
128 211
128 212
128 224
128 230
128 234
128 237
128 239
128 240
128 242
128 248
128 249
128 253
128 254
128 264
128 265
128 268
128 270
128 271
128 272
128 275
128 278
128 279
128 280
128 291
128 293
128 298
129 134
129 138
129 142
129 143
129 147
129 156
129 161
129 165
129 166
129 181
129 195
129 211
129 223
129 224
129 225
129 228
129 235
129 239
129 245
129 247
129 251
129 252
129 261
129 263
129 274
129 285
129 286
129 296
130 131
130 132
130 135
130 136
130 138
130 140
130 142
130 148
130 150
130 155
130 156
130 159
130 163
130 165
130 180
130 186
130 190
130 195
130 200
130 203
130 210
130 217
130 219
130 230
130 234
130 240
130 244
130 245
130 255
130 257
130 265
130 280
130 283
130 285
130 288
130 289
130 295
131 140
131 144
131 148
131 154
131 155
131 160
131 163
131 174
131 176
131 178
131 181
131 183
131 186
131 201
131 224
131 226
131 229
131 230
131 245
131 253
131 259
131 263
131 265
131 273
131 274
131 277
131 285
131 286
131 293
132 141
132 143
132 144
132 158
132 165
132 170
132 173
132 178
132 181
132 182
132 183
132 187
132 193
132 202
132 205
132 209
132 216
132 218
132 219
132 230
132 239
132 247
132 248
132 251
132 257
132 258
132 269
132 274
132 276
132 279
132 298
132 299
133 135
133 142
133 147
133 151
133 156
133 160
133 167
133 182
133 187
133 192
133 193
133 197
133 199
133 200
133 203
133 205
133 207
133 210
133 211
133 213
133 217
133 219
133 223
133 227
133 231
133 233
133 247
133 249
133 252
133 256
133 259
133 268
133 270
133 280
133 281
133 290
133 297
134 141
134 142
134 148
134 150
134 153
134 155
134 163
134 167
134 176
134 180
134 183
134 185
134 193
134 199
134 202
134 203
134 210
134 211
134 215
134 223
134 225
134 231
134 233
134 235
134 241
134 242
134 248
134 250
134 253
134 256
134 258
134 262
134 268
134 269
134 275
134 279
134 286
134 291
134 293
134 294
134 295
135 136
135 138
135 145
135 146
135 150
135 152
135 155
135 160
135 164
135 166
135 168
135 169
135 174
135 180
135 184
135 186
135 191
135 200
135 205
135 212
135 214
135 226
135 228
135 231
135 237
135 240
135 247
135 257
135 263
135 264
135 266
135 267
135 269
135 275
135 280
135 284
135 288
135 295
135 297
136 139
136 144
136 146
136 165
136 167
136 175
136 182
136 185
136 190
136 203
136 204
136 208
136 209
136 217
136 220
136 242
136 243
136 257
136 264
136 270
136 276
136 278
136 280
136 282
136 284
136 287
136 293
136 298
137 140
137 144
137 145
137 157
137 159
137 161
137 162
137 167
137 173
137 194
137 198
137 205
137 207
137 209
137 210
137 216
137 233
137 237
137 246
137 251
137 252
137 254
137 257
137 270
137 272
137 277
137 283
137 287
138 145
138 147
138 149
138 158
138 159
138 164
138 174
138 200
138 201
138 203
138 209
138 212
138 217
138 221
138 222
138 226
138 231
138 233
138 238
138 241
138 244
138 248
138 261
138 263
138 266
138 267
138 271
138 275
138 277
138 290
138 293
139 144
139 147
139 148
139 150
139 151
139 154
139 159
139 160
139 162
139 167
139 171
139 177
139 180
139 186
139 193
139 196
139 197
139 202
139 207
139 231
139 239
139 241
139 243
139 252
139 257
139 258
139 261
139 267
139 274
139 278
139 283
139 291
139 296
140 141
140 143
140 144
140 147
140 151
140 155
140 160
140 163
140 168
140 169
140 178
140 179
140 189
140 191
140 196
140 197
140 199
140 212
140 213
140 215
140 219
140 224
140 228
140 229
140 230
140 233
140 234
140 236
140 246
140 252
140 267
140 271
140 274
140 275
140 279
140 282
140 283
140 293
141 146
141 148
141 154
141 158
141 159
141 163
141 193
141 208
141 215
141 219
141 220
141 234
141 237
141 245
141 260
141 263
141 268
141 269
141 278
141 280
141 284
141 285
141 288
141 292
141 299
142 143
142 146
142 150
142 159
142 160
142 175
142 180
142 182
142 183
142 184
142 192
142 193
142 196
142 198
142 201
142 202
142 203
142 204
142 207
142 213
142 214
142 217
142 221
142 233
142 234
142 235
142 236
142 245
142 251
142 271
142 273
142 275
142 283
142 290
142 294
142 295
143 153
143 154
143 161
143 162
143 164
143 171
143 172
143 174
143 184
143 185
143 187
143 199
143 203
143 211
143 212
143 215
143 216
143 223
143 228
143 256
143 259
143 274
143 279
143 283
143 286
143 289
143 293
143 296
144 147
144 151
144 160
144 162
144 166
144 176
144 186
144 188
144 194
144 200
144 208
144 219
144 220
144 229
144 230
144 232
144 234
144 235
144 238
144 244
144 245
144 247
144 249
144 250
144 259
144 260
144 274
144 283
144 285
144 288
144 298
145 148
145 156
145 157
145 166
145 173
145 188
145 189
145 190
145 196
145 206
145 207
145 221
145 222
145 224
145 225
145 226
145 228
145 242
145 244
145 246
145 250
145 255
145 263
145 273
145 275
145 299
146 150
146 153
146 154
146 155
146 160
146 164
146 166
146 176
146 186
146 187
146 190
146 193
146 197
146 208
146 213
146 215
146 221
146 222
146 223
146 224
146 226
146 233
146 236
146 242
146 248
146 257
146 258
146 264
146 270
146 281
146 283
146 284
146 287
146 291
146 294
146 295
147 150
147 154
147 171
147 173
147 176
147 179
147 183
147 186
147 188
147 205
147 206
147 208
147 214
147 218
147 241
147 246
147 248
147 253
147 255
147 263
147 270
147 272
147 274
147 282
147 283
147 285
147 291
147 293
147 296
148 151
148 153
148 156
148 160
148 162
148 165
148 172
148 174
148 181
148 182
148 183
148 187
148 207
148 208
148 212
148 213
148 219
148 220
148 221
148 228
148 231
148 234
148 239
148 252
148 255
148 256
148 265
148 269
148 270
148 275
148 277
148 288
148 291
148 295
149 152
149 154
149 162
149 169
149 173
149 176
149 182
149 192
149 199
149 205
149 206
149 209
149 215
149 217
149 224
149 226
149 227
149 231
149 241
149 242
149 247
149 252
149 255
149 256
149 257
149 266
149 268
149 282
149 296
149 298
150 151
150 152
150 156
150 159
150 173
150 174
150 175
150 192
150 198
150 206
150 211
150 215
150 223
150 225
150 226
150 231
150 238
150 239
150 243
150 247
150 253
150 259
150 261
150 272
150 273
150 275
150 276
150 277
150 278
150 282
150 283
150 299
151 157
151 158
151 162
151 172
151 174
151 179
151 182
151 211
151 212
151 224
151 239
151 249
151 251
151 254
151 265
151 279
151 281
151 284
151 293
151 294
151 295
152 155
152 158
152 163
152 189
152 192
152 194
152 204
152 210
152 214
152 215
152 221
152 243
152 252
152 253
152 260
152 264
152 268
152 270
152 276
152 280
152 287
152 294
152 296
153 162
153 179
153 181
153 188
153 199
153 200
153 201
153 209
153 219
153 220
153 221
153 226
153 231
153 237
153 238
153 246
153 255
153 267
153 274
153 275
153 278
153 291
153 294
154 156
154 158
154 171
154 188
154 200
154 205
154 214
154 229
154 231
154 234
154 251
154 255
154 259
154 264
154 268
154 271
154 275
154 279
154 280
154 282
154 291
154 296
154 299
155 160
155 161
155 184
155 190
155 197
155 212
155 217
155 218
155 221
155 227
155 231
155 255
155 257
156 172
156 175
156 176
156 179
156 183
156 195
156 197
156 198
156 201
156 202
156 203
156 207
156 215
156 216
156 217
156 221
156 223
156 229
156 232
156 234
156 255
156 261
156 263
156 270
156 277
156 284
156 288
157 160
157 179
157 180
157 182
157 183
157 189
157 207
157 215
157 219
157 220
157 229
157 232
157 234
157 237
157 240
157 269
157 271
157 284
158 163
158 165
158 167
158 172
158 198
158 199
158 200
158 201
158 203
158 206
158 209
158 210
158 212
158 216
158 220
158 221
158 224
158 227
158 236
158 238
158 239
158 250
158 254
158 255
158 256
158 259
158 264
158 270
158 272
158 280
158 282
158 283
158 286
158 291
159 162
159 173
159 179
159 184
159 187
159 189
159 216
159 223
159 232
159 241
159 246
159 251
159 252
159 260
159 262
159 269
159 277
159 279
159 287
159 291
159 299
160 163
160 166
160 167
160 175
160 178
160 199
160 201
160 211
160 220
160 229
160 240
160 241
160 250
160 253
160 259
160 263
160 276
160 280
160 281
160 287
160 290
160 293
160 298
161 162
161 164
161 167
161 174
161 182
161 185
161 186
161 190
161 198
161 206
161 239
161 244
161 258
161 260
161 263
161 266
161 267
161 271
161 273
161 281
161 291
162 168
162 173
162 185
162 186
162 187
162 190
162 197
162 201
162 204
162 213
162 215
162 230
162 232
162 233
162 239
162 243
162 248
162 250
162 255
162 260
162 261
162 262
162 268
162 269
162 272
162 273
162 274
162 277
162 282
162 284
162 287
162 295
162 299
163 164
163 169
163 171
163 173
163 174
163 179
163 182
163 184
163 187
163 190
163 203
163 205
163 213
163 214
163 218
163 220
163 221
163 226
163 230
163 245
163 247
163 251
163 252
163 253
163 257
163 273
163 274
163 276
163 278
163 279
163 281
163 283
163 285
163 294
164 167
164 171
164 177
164 180
164 186
164 204
164 205
164 206
164 212
164 215
164 221
164 225
164 230
164 231
164 246
164 260
164 291
165 166
165 169
165 170
165 171
165 174
165 178
165 183
165 185
165 186
165 192
165 199
165 200
165 202
165 216
165 217
165 222
165 223
165 232
165 237
165 244
165 247
165 258
165 265
165 266
165 269
165 273
165 280
165 288
165 296
165 299
166 172
166 179
166 186
166 189
166 198
166 202
166 204
166 210
166 213
166 216
166 223
166 230
166 233
166 242
166 245
166 247
166 251
166 256
166 257
166 262
166 264
166 268
166 270
166 277
166 283
166 296
167 175
167 176
167 177
167 180
167 190
167 195
167 198
167 213
167 221
167 223
167 231
167 239
167 240
167 242
167 246
167 249
167 254
167 257
167 258
167 267
167 273
167 281
167 282
167 285
167 294
168 177
168 179
168 181
168 183
168 185
168 187
168 188
168 192
168 194
168 199
168 210
168 218
168 219
168 227
168 231
168 233
168 234
168 238
168 242
168 251
168 255
168 259
168 267
168 271
168 275
168 278
168 279
168 281
168 285
168 288
168 290
168 294
168 295
169 176
169 177
169 180
169 181
169 182
169 183
169 184
169 187
169 225
169 230
169 231
169 247
169 249
169 251
169 259
169 263
169 272
169 278
169 285
169 287
169 290
169 291
169 292
170 176
170 186
170 190
170 193
170 202
170 208
170 226
170 229
170 230
170 233
170 235
170 242
170 244
170 248
170 249
170 253
170 255
170 260
170 261
170 262
170 267
170 272
170 274
170 280
170 281
170 282
170 285
170 286
170 287
170 288
170 291
171 176
171 179
171 201
171 205
171 210
171 213
171 239
171 240
171 244
171 245
171 253
171 256
171 273
171 276
171 281
171 290
171 291
171 295
172 183
172 184
172 189
172 191
172 195
172 197
172 206
172 207
172 216
172 235
172 241
172 242
172 243
172 246
172 253
172 255
172 257
172 258
172 267
172 275
172 284
172 285
172 287
172 291
173 179
173 185
173 213
173 225
173 227
173 229
173 230
173 241
173 242
173 248
173 255
173 260
173 262
173 267
173 270
173 277
173 280
173 289
173 291
174 189
174 191
174 204
174 205
174 211
174 212
174 214
174 215
174 221
174 230
174 243
174 244
174 249
174 254
174 255
174 256
174 269
174 270
174 272
174 273
174 275
174 276
174 278
174 281
174 286
175 176
175 180
175 183
175 207
175 216
175 219
175 226
175 229
175 233
175 244
175 246
175 248
175 250
175 263
175 269
175 282
175 285
175 288
175 291
175 296
175 297
176 183
176 188
176 196
176 198
176 202
176 214
176 215
176 216
176 220
176 221
176 227
176 230
176 240
176 250
176 252
176 256
176 257
176 267
176 272
176 274
176 281
176 287
176 288
176 289
176 295
176 297
176 298
177 182
177 185
177 190
177 192
177 199
177 202
177 204
177 211
177 221
177 226
177 234
177 237
177 241
177 243
177 244
177 253
177 256
177 258
177 266
177 272
177 276
177 278
177 280
178 180
178 183
178 193
178 196
178 197
178 201
178 206
178 209
178 218
178 219
178 220
178 224
178 228
178 237
178 238
178 251
178 266
178 271
178 275
178 276
178 278
178 285
178 289
178 298
179 180
179 182
179 187
179 189
179 200
179 202
179 203
179 210
179 232
179 247
179 257
179 260
179 262
179 263
179 268
179 279
179 282
179 287
179 288
179 291
179 295
180 181
180 184
180 190
180 192
180 206
180 217
180 219
180 220
180 225
180 235
180 254
180 258
180 266
180 267
180 273
180 275
180 278
180 284
180 292
180 293
180 294
180 296
181 184
181 185
181 191
181 207
181 209
181 213
181 217
181 226
181 232
181 233
181 236
181 242
181 245
181 246
181 248
181 251
181 253
181 258
181 259
181 266
181 269
181 275
181 276
181 278
181 289
181 294
181 296
182 186
182 188
182 192
182 194
182 209
182 212
182 220
182 225
182 228
182 229
182 237
182 253
182 256
182 263
182 266
182 271
182 273
182 279
182 282
182 286
182 289
182 290
182 298
183 184
183 196
183 198
183 200
183 201
183 209
183 211
183 217
183 225
183 229
183 235
183 237
183 242
183 243
183 244
183 250
183 254
183 260
183 261
183 262
183 263
183 270
183 276
183 279
183 281
183 283
183 298
184 187
184 191
184 208
184 209
184 213
184 239
184 244
184 252
184 253
184 257
184 258
184 260
184 261
184 278
184 285
184 287
185 189
185 191
185 194
185 195
185 198
185 202
185 207
185 213
185 217
185 237
185 240
185 244
185 247
185 253
185 255
185 261
185 269
185 276
185 283
185 285
185 293
186 196
186 197
186 198
186 206
186 210
186 216
186 221
186 222
186 224
186 229
186 230
186 231
186 238
186 250
186 260
186 263
186 265
186 274
186 281
186 282
186 291
186 295
187 189
187 190
187 194
187 195
187 204
187 207
187 212
187 213
187 222
187 225
187 230
187 237
187 238
187 246
187 251
187 252
187 255
187 256
187 259
187 263
187 267
187 272
187 274
187 290
187 291
187 293
188 189
188 195
188 199
188 212
188 218
188 221
188 222
188 225
188 228
188 231
188 282
188 285
188 287
188 290
189 205
189 228
189 233
189 240
189 244
189 251
189 253
189 266
189 268
189 273
189 282
189 287
189 291
189 294
189 297
190 193
190 195
190 196
190 198
190 201
190 204
190 216
190 218
190 219
190 223
190 226
190 228
190 236
190 247
190 249
190 258
190 259
190 260
190 263
190 265
190 270
190 271
190 281
190 289
190 296
191 210
191 211
191 213
191 217
191 221
191 227
191 229
191 232
191 254
191 261
191 279
191 289
192 193
192 194
192 198
192 200
192 201
192 203
192 204
192 206
192 217
192 219
192 221
192 223
192 237
192 240
192 256
192 258
192 259
192 262
192 268
192 271
192 275
192 276
192 281
192 286
192 287
192 299
193 196
193 207
193 209
193 215
193 233
193 241
193 242
193 250
193 255
193 259
193 274
193 284
193 286
193 288
193 291
194 199
194 203
194 207
194 213
194 224
194 225
194 226
194 229
194 232
194 234
194 239
194 241
194 247
194 252
194 253
194 254
194 262
194 263
194 268
194 269
194 271
194 281
194 293
195 201
195 202
195 207
195 211
195 212
195 221
195 224
195 231
195 236
195 239
195 251
195 256
195 259
195 263
195 264
195 268
195 275
195 276
195 282
195 285
195 288
195 293
195 294
195 295
195 297
196 202
196 212
196 213
196 215
196 217
196 218
196 219
196 221
196 225
196 226
196 227
196 233
196 235
196 242
196 243
196 247
196 253
196 257
196 260
196 261
196 269
196 270
196 276
196 279
196 283
196 295
197 210
197 213
197 222
197 228
197 229
197 236
197 240
197 243
197 246
197 248
197 256
197 257
197 273
197 275
197 283
197 293
197 295
197 296
198 204
198 225
198 230
198 237
198 239
198 241
198 243
198 248
198 249
198 256
198 257
198 259
198 262
198 267
198 276
198 277
198 278
198 279
198 283
198 286
198 288
198 292
198 295
199 218
199 220
199 224
199 230
199 234
199 238
199 247
199 253
199 265
199 267
199 271
199 276
199 284
199 289
199 291
199 292
199 294
200 202
200 203
200 207
200 209
200 225
200 231
200 232
200 247
200 267
200 281
200 291
200 294
200 298
200 299
201 202
201 208
201 211
201 227
201 244
201 250
201 252
201 256
201 262
201 266
201 270
201 278
201 280
201 291
202 204
202 206
202 209
202 216
202 221
202 223
202 230
202 235
202 236
202 250
202 257
202 276
202 278
202 279
202 287
202 288
202 292
203 206
203 210
203 215
203 220
203 235
203 237
203 242
203 255
203 262
203 268
203 269
203 275
203 276
203 283
203 284
203 290
203 295
203 297
203 298
204 206
204 209
204 210
204 211
204 213
204 215
204 216
204 219
204 223
204 225
204 230
204 234
204 237
204 239
204 241
204 247
204 249
204 252
204 254
204 256
204 257
204 260
204 265
204 270
204 272
204 277
204 281
204 282
204 288
205 206
205 210
205 215
205 219
205 221
205 226
205 232
205 233
205 234
205 242
205 248
205 251
205 256
205 259
205 260
205 261
205 262
205 263
205 267
205 270
205 273
205 286
205 287
205 290
205 291
205 292
205 293
205 297
206 207
206 209
206 212
206 218
206 222
206 229
206 230
206 233
206 235
206 244
206 245
206 248
206 261
206 263
206 270
206 274
206 275
206 279
206 287
206 291
206 293
206 295
207 211
207 215
207 218
207 221
207 229
207 231
207 232
207 237
207 247
207 248
207 251
207 253
207 257
207 258
207 261
207 262
207 269
207 274
207 275
207 277
207 279
207 290
208 212
208 215
208 217
208 221
208 224
208 225
208 226
208 233
208 242
208 249
208 258
208 262
208 264
208 269
208 270
208 272
208 275
208 279
208 285
208 291
208 292
208 294
208 296
208 298
208 299
209 214
209 215
209 221
209 227
209 236
209 242
209 249
209 261
209 269
209 272
209 277
209 279
210 212
210 220
210 227
210 229
210 233
210 238
210 240
210 241
210 254
210 267
210 270
210 273
210 274
210 278
210 280
210 286
210 291
210 295
210 298
211 214
211 215
211 218
211 229
211 236
211 240
211 244
211 246
211 256
211 257
211 263
211 266
211 273
211 274
211 277
211 281
211 282
211 284
211 285
211 286
211 287
211 291
211 292
211 293
211 294
212 216
212 221
212 222
212 224
212 237
212 238
212 245
212 248
212 249
212 254
212 260
212 261
212 262
212 264
212 271
212 273
212 283
212 289
212 290
212 299
213 220
213 221
213 223
213 236
213 244
213 249
213 255
213 258
213 280
213 294
214 217
214 220
214 226
214 229
214 246
214 254
214 259
214 267
214 275
214 277
214 284
214 289
214 294
214 296
214 298
215 228
215 239
215 245
215 247
215 250
215 252
215 258
215 268
215 269
215 277
215 278
215 283
215 285
215 287
215 294
216 219
216 228
216 230
216 235
216 243
216 246
216 248
216 255
216 261
216 266
216 271
216 284
216 287
216 288
216 298
217 218
217 222
217 229
217 230
217 233
217 240
217 243
217 246
217 258
217 266
217 267
217 270
217 273
217 275
217 277
217 280
217 283
217 284
217 296
218 227
218 233
218 241
218 242
218 243
218 248
218 256
218 260
218 267
218 274
218 285
218 294
218 295
219 222
219 225
219 228
219 233
219 236
219 261
219 262
219 274
219 277
219 285
219 297
220 221
220 229
220 232
220 237
220 241
220 244
220 248
220 249
220 252
220 257
220 260
220 263
220 269
220 273
220 286
220 288
220 294
220 295
221 226
221 230
221 232
221 236
221 238
221 241
221 242
221 249
221 251
221 257
221 260
221 262
221 271
221 277
221 279
221 280
221 284
221 288
221 290
221 298
222 228
222 229
222 231
222 233
222 250
222 254
222 261
222 265
222 273
222 276
222 282
222 294
223 234
223 246
223 250
223 264
223 275
223 285
223 289
223 292
223 298
224 229
224 235
224 238
224 254
224 263
224 268
224 269
224 273
224 279
224 281
224 282
224 286
224 291
224 293
224 296
225 230
225 236
225 241
225 243
225 245
225 247
225 250
225 257
225 265
225 268
225 271
225 286
226 229
226 230
226 233
226 236
226 253
226 256
226 258
226 267
226 269
226 272
226 276
226 277
226 286
226 288
226 293
226 294
227 228
227 229
227 231
227 232
227 237
227 246
227 249
227 250
227 252
227 253
227 255
227 256
227 257
227 259
227 261
227 264
227 275
227 277
227 278
227 284
227 285
227 287
227 288
227 291
227 294
228 232
228 246
228 252
228 253
228 257
228 259
228 266
228 270
228 271
228 272
228 275
228 276
228 277
228 284
228 285
228 289
228 290
228 298
229 230
229 237
229 240
229 241
229 249
229 260
229 268
229 279
229 283
229 287
230 236
230 237
230 238
230 250
230 259
230 260
230 263
230 269
230 272
230 274
230 280
230 283
230 286
230 295
231 232
231 240
231 243
231 250
231 252
231 255
231 259
231 262
231 276
231 283
231 284
231 287
232 243
232 244
232 246
232 249
232 255
232 259
232 262
232 263
232 267
232 268
232 280
232 283
232 289
232 291
232 292
232 297
233 243
233 252
233 257
233 259
233 274
233 283
233 285
233 288
233 292
233 294
233 295
233 296
234 240
234 252
234 254
234 260
234 279
234 280
234 281
234 284
234 287
234 291
234 294
235 238
235 250
235 253
235 257
235 263
235 277
235 283
235 288
235 292
235 294
235 299
236 239
236 245
236 252
236 253
236 254
236 257
236 259
236 261
236 262
236 264
236 265
236 267
236 279
236 285
236 287
236 294
236 298
237 255
237 256
237 259
237 260
237 263
237 270
237 271
237 275
237 277
237 282
238 242
238 250
238 269
238 274
238 279
239 241
239 242
239 249
239 258
239 264
239 266
239 280
239 291
239 294
239 298
240 242
240 243
240 244
240 256
240 257
240 261
240 264
240 265
240 271
240 278
240 282
240 290
240 297
241 249
241 250
241 256
241 257
241 259
241 265
241 266
241 278
241 280
241 289
241 290
242 243
242 245
242 248
242 249
242 253
242 261
242 269
242 275
242 294
242 295
242 297
243 245
243 247
243 252
243 253
243 256
243 257
243 259
243 270
243 274
243 275
243 276
243 278
243 281
243 283
243 284
243 286
243 287
244 250
244 251
244 252
244 262
244 263
244 264
244 265
244 271
244 272
244 274
244 286
244 287
245 247
245 251
245 252
245 253
245 254
245 255
245 263
245 265
245 266
245 267
245 270
245 274
245 277
245 278
245 284
245 285
245 293
245 297
245 299
246 248
246 249
246 255
246 257
246 258
246 259
246 264
246 278
246 279
246 281
246 282
246 293
246 294
246 295
246 296
246 299
247 249
247 250
247 252
247 259
247 267
247 268
247 272
247 278
247 282
247 283
247 286
247 292
247 293
248 249
248 256
248 257
248 260
248 266
248 270
248 275
248 278
248 280
248 290
248 293
248 294
248 296
249 250
249 254
249 255
249 259
249 261
249 264
249 269
249 274
249 281
249 283
249 286
249 291
249 296
249 299
250 253
250 258
250 260
250 268
250 288
250 289
250 294
250 299
251 253
251 260
251 263
251 269
251 284
251 288
251 292
251 295
251 299
252 255
252 256
252 260
252 264
252 270
252 276
252 277
252 279
252 283
252 287
252 290
253 256
253 261
253 267
253 271
253 284
253 291
254 256
254 261
254 264
254 270
254 285
254 287
254 293
255 266
255 272
255 291
255 292
255 293
255 294
256 264
256 265
256 270
256 271
256 277
256 279
256 282
256 284
256 285
256 291
256 294
256 297
257 263
257 268
257 286
257 289
257 293
257 296
258 260
258 267
258 269
258 272
258 290
258 292
259 262
259 268
259 273
259 276
259 281
259 292
259 294
259 297
259 299
260 268
260 271
260 272
260 275
260 277
260 287
260 288
261 266
261 268
261 270
261 273
261 286
261 288
261 292
262 276
262 278
262 280
262 283
262 285
262 293
262 296
263 266
263 270
263 271
263 278
263 290
263 296
263 297
264 271
264 273
264 280
264 283
264 293
264 295
265 274
265 277
265 291
265 293
265 299
266 270
266 274
266 275
266 278
266 282
266 284
266 289
266 291
266 293
267 278
267 279
267 280
267 281
267 284
267 294
267 295
267 296
268 275
268 276
268 281
268 292
269 272
269 274
269 277
269 281
269 288
269 291
269 292
269 293
270 272
270 288
270 291
270 296
271 274
271 277
271 283
271 285
271 291
271 293
272 273
272 274
272 278
272 282
272 294
272 296
272 297
273 281
273 282
273 290
273 296
274 280
274 281
274 288
274 289
274 291
274 295
274 298
274 299
275 284
275 291
275 299
276 280
276 281
276 290
276 295
277 282
277 285
277 297
278 289
278 292
278 294
279 285
279 294
279 295
280 285
280 289
281 282
281 285
281 287
281 293
281 298
282 283
282 286
282 287
282 288
282 293
283 285
283 289
283 296
283 298
284 287
284 292
284 296
284 297
285 288
285 290
285 292
285 293
285 295
285 296
285 297
285 299
286 287
286 291
286 292
286 296
287 288
287 296
287 299
288 298
289 290
290 292
290 295
290 297
290 298
291 295
291 296
291 297
291 298
292 294
292 296
292 298
293 298
294 298
295 296
295 297
217 26 238 71 189 155 233 157 131 148 249 17 45 34 298
257 77 250 216 191 162 255 6 188 256 219 43 246 207 129
28 123 221 137 122 294 82 263 198 223 136 247 218 36 80
244 195 70 48 1 206 126 98 119 215 5 74 146 99 205
41 177 96 270 147 274 228 0 258 227 103 60 175 240 145
151 132 16 105 93 52 24 110 264 231 160 252 76 114 163
133 172 196 106 204 54 262 275 33 279 56 180 169 203 8
158 22 50 190 167 108 12 4 232 72 154 86 253 168 89
141 220 90 87 291 170 202 143 37 261 222 159 176 46 280
248 283 164 64 181 267 225 118 84 165 142 254 236 199 125
278 230 75 40 111 161 292 101 29 44 272 117 128 81 166
287 9 69 139 260 124 229 192 113 226 61 241 296 297 25
153 59 115 210 173 91 156 83 53 3 282 116 184 63 23
11 66 211 68 79 19 51 39 251 239 183 266 201 281 259
212 107 55 200 289 299 185 174 178 243 127 144 38 265 208
10 193 97 285 295 73 95 121 290 92 14 112 62 15 179
13 130 284 49 268 100 286 109 237 288 152 42 234 31 85
224 65 171 149 138 104 276 187 78 7 18 271 47 20 182
140 94 209 21 27 150 135 213 134 277 235 186 58 88 35
67 30 242 293 120 245 197 273 194 57 102 32 2 214 269
