30
118
5
58
26
60
86
33
0 1
0 3
0 6
0 9
0 11
0 15
0 19
0 20
0 24
1 2
1 3
1 5
1 11
1 13
1 16
1 17
1 18
1 19
1 22
2 3
2 5
2 9
2 12
2 13
2 14
2 16
2 23
2 28
3 9
3 14
3 17
3 24
3 25
3 26
4 8
4 11
4 17
4 20
4 25
4 29
5 6
5 8
5 15
5 17
5 19
5 20
5 22
6 7
6 9
6 10
6 18
6 24
7 9
7 14
7 17
7 18
7 20
7 21
7 23
7 24
7 26
8 9
8 23
8 26
9 11
9 12
9 14
9 17
9 18
9 29
10 11
10 13
10 15
10 16
10 19
11 13
11 14
11 15
11 16
11 18
11 20
11 22
11 25
11 29
12 13
12 14
12 15
12 21
12 25
12 26
13 16
13 19
13 25
13 29
14 16
14 17
14 26
14 27
14 29
15 17
15 18
15 21
16 23
16 27
16 28
17 19
17 28
18 28
19 20
19 21
19 22
19 25
20 23
20 29
21 23
22 26
23 24
28 29
13 14 6 24 16 21 26
19 23 22 20 3 4 9
8 29 27 2 12 1 10
25 18 7 28 11 17 5
15 0
