30
269
4
96
87
3
2
0 4
0 5
0 8
0 9
0 11
0 13
0 14
0 15
0 16
0 20
0 21
0 22
0 23
0 25
0 26
0 28
1 3
1 4
1 6
1 8
1 11
1 12
1 13
1 14
1 15
1 17
1 18
1 19
1 21
1 22
1 24
1 25
1 27
1 29
2 4
2 7
2 8
2 9
2 10
2 17
2 18
2 19
2 21
2 24
2 25
2 26
2 29
3 4
3 7
3 8
3 9
3 10
3 13
3 14
3 15
3 16
3 17
3 18
3 20
3 21
3 22
3 23
3 24
3 25
3 26
3 27
3 28
4 7
4 8
4 9
4 11
4 12
4 14
4 15
4 17
4 19
4 20
4 21
4 23
4 25
4 26
4 27
4 29
5 6
5 7
5 8
5 10
5 11
5 12
5 14
5 15
5 16
5 18
5 21
5 22
5 23
5 24
5 25
5 26
5 27
5 28
5 29
6 7
6 8
6 9
6 10
6 11
6 12
6 13
6 14
6 15
6 16
6 17
6 19
6 23
6 25
6 27
6 29
7 9
7 11
7 13
7 17
7 20
7 21
7 22
7 23
7 24
7 25
7 26
7 29
8 10
8 11
8 12
8 14
8 15
8 18
8 19
8 20
8 21
8 22
8 23
8 24
8 27
8 28
8 29
9 11
9 12
9 15
9 20
9 22
9 26
9 28
9 29
10 11
10 12
10 13
10 14
10 15
10 17
10 19
10 21
10 24
10 27
10 28
10 29
11 12
11 13
11 14
11 15
11 16
11 19
11 20
11 21
11 22
11 24
11 25
11 27
11 28
11 29
12 14
12 15
12 17
12 18
12 19
12 20
12 21
12 22
12 23
12 26
12 29
13 14
13 15
13 16
13 17
13 18
13 19
13 20
13 22
13 25
13 26
14 15
14 16
14 17
14 18
14 19
14 21
14 22
14 28
15 16
15 17
15 18
15 19
15 21
15 22
15 23
15 26
15 27
15 29
16 17
16 18
16 20
16 21
16 22
16 23
16 26
16 27
16 28
17 18
17 19
17 21
17 23
17 24
17 26
17 27
17 28
17 29
18 19
18 20
18 23
18 26
18 27
18 28
19 21
19 22
19 23
19 25
19 28
19 29
20 21
20 22
20 24
20 25
20 27
20 28
21 22
21 23
21 25
21 26
21 27
22 24
22 25
22 28
22 29
23 27
23 29
24 27
24 28
25 29
26 29
3 15 26 13 1 10 28 19 24
29 17 8 16 14 27 6 7 18
5 4 9 21 22 11 2 20 23
25 12 0
