300
4662
7
15
64
34
42
12
41
97
0 7
0 26
0 30
0 32
0 37
0 43
0 53
0 71
0 75
0 80
0 81
0 85
0 90
0 91
0 108
0 116
0 122
0 124
0 152
0 153
0 156
0 184
0 189
0 196
0 199
0 200
0 201
0 207
0 211
0 212
0 217
0 223
0 232
0 242
0 243
0 256
0 262
0 271
0 282
0 289
0 290
0 292
0 293
1 5
1 34
1 41
1 50
1 65
1 66
1 67
1 76
1 84
1 93
1 95
1 110
1 113
1 128
1 146
1 162
1 172
1 180
1 195
1 216
1 227
1 236
1 253
1 254
1 255
1 258
1 262
1 271
1 274
1 280
1 295
2 7
2 11
2 21
2 22
2 25
2 26
2 33
2 52
2 68
2 71
2 74
2 91
2 94
2 96
2 100
2 124
2 130
2 144
2 157
2 158
2 166
2 169
2 176
2 204
2 238
2 255
2 260
2 287
2 295
3 9
3 27
3 36
3 79
3 92
3 98
3 106
3 127
3 129
3 140
3 152
3 157
3 163
3 165
3 169
3 185
3 186
3 195
3 197
3 225
3 237
3 238
3 247
3 290
3 291
3 297
4 17
4 25
4 28
4 60
4 72
4 107
4 108
4 118
4 125
4 139
4 147
4 176
4 179
4 192
4 205
4 207
4 209
4 211
4 218
4 226
4 236
4 252
4 253
4 255
4 259
4 273
4 286
4 287
4 292
4 298
5 17
5 26
5 46
5 51
5 74
5 80
5 82
5 87
5 102
5 105
5 121
5 125
5 127
5 152
5 156
5 170
5 171
5 199
5 210
5 212
5 220
5 221
5 227
5 239
5 240
5 244
5 246
5 275
5 292
5 295
6 51
6 57
6 77
6 79
6 85
6 86
6 89
6 99
6 102
6 134
6 158
6 166
6 168
6 184
6 193
6 220
6 223
6 232
6 246
6 250
6 266
6 287
6 296
7 14
7 32
7 33
7 36
7 53
7 84
7 92
7 94
7 117
7 118
7 119
7 120
7 125
7 142
7 147
7 159
7 168
7 184
7 203
7 204
7 205
7 224
7 229
7 239
7 243
7 246
7 252
7 256
7 257
7 269
7 291
8 10
8 15
8 23
8 39
8 46
8 55
8 60
8 64
8 72
8 87
8 92
8 97
8 106
8 148
8 164
8 179
8 183
8 184
8 194
8 195
8 207
8 210
8 212
8 216
8 217
8 221
8 223
8 231
8 247
8 273
8 274
8 284
9 10
9 18
9 31
9 35
9 41
9 48
9 50
9 66
9 77
9 80
9 85
9 90
9 101
9 105
9 111
9 114
9 115
9 117
9 119
9 125
9 134
9 135
9 137
9 142
9 145
9 146
9 156
9 157
9 158
9 170
9 172
9 194
9 197
9 199
9 202
9 207
9 218
9 219
9 235
9 250
9 253
9 259
9 266
9 272
9 274
9 278
9 281
9 299
10 25
10 32
10 46
10 59
10 67
10 86
10 91
10 103
10 116
10 121
10 124
10 172
10 174
10 177
10 199
10 214
10 223
10 224
10 225
10 245
10 248
10 269
10 270
10 279
10 290
11 12
11 20
11 22
11 26
11 33
11 41
11 42
11 54
11 55
11 60
11 116
11 125
11 140
11 146
11 155
11 162
11 166
11 191
11 198
11 199
11 204
11 219
11 224
11 227
11 256
11 258
11 266
11 277
11 288
12 14
12 23
12 25
12 28
12 38
12 40
12 45
12 61
12 80
12 83
12 87
12 92
12 114
12 117
12 129
12 137
12 149
12 169
12 186
12 197
12 202
12 222
12 231
12 243
12 268
12 275
12 276
13 33
13 37
13 38
13 53
13 67
13 76
13 79
13 80
13 92
13 96
13 99
13 105
13 122
13 123
13 133
13 140
13 141
13 149
13 156
13 166
13 195
13 197
13 202
13 205
13 212
13 213
13 215
13 226
13 231
13 236
13 251
14 30
14 40
14 53
14 55
14 61
14 63
14 67
14 78
14 81
14 86
14 92
14 105
14 106
14 114
14 128
14 129
14 133
14 148
14 162
14 163
14 164
14 166
14 181
14 191
14 193
14 204
14 213
14 220
14 224
14 227
14 237
14 238
14 252
14 266
14 271
14 282
15 24
15 34
15 38
15 52
15 62
15 83
15 91
15 96
15 112
15 115
15 116
15 126
15 131
15 138
15 139
15 141
15 185
15 193
15 196
15 239
15 247
15 249
15 262
15 263
15 285
15 288
15 298
15 299
16 30
16 35
16 36
16 37
16 39
16 73
16 79
16 85
16 97
16 125
16 126
16 136
16 147
16 173
16 177
16 185
16 198
16 209
16 210
16 216
16 226
16 242
16 244
16 255
16 263
16 272
16 282
16 285
17 22
17 46
17 50
17 54
17 58
17 59
17 65
17 91
17 102
17 106
17 110
17 115
17 122
17 128
17 143
17 164
17 175
17 183
17 189
17 194
17 197
17 206
17 214
17 218
17 228
17 229
17 232
17 249
17 250
17 253
17 266
17 290
17 291
17 297
18 27
18 38
18 40
18 42
18 46
18 73
18 81
18 86
18 106
18 110
18 118
18 148
18 152
18 155
18 160
18 168
18 178
18 190
18 197
18 223
18 235
18 250
18 268
18 284
18 287
19 21
19 25
19 32
19 33
19 46
19 47
19 48
19 51
19 54
19 61
19 93
19 103
19 117
19 134
19 138
19 160
19 162
19 172
19 180
19 200
19 201
19 205
19 228
19 232
19 240
19 241
19 251
19 252
19 256
19 259
19 262
19 269
19 276
20 24
20 40
20 42
20 56
20 57
20 63
20 67
20 68
20 75
20 77
20 78
20 96
20 102
20 106
20 111
20 113
20 114
20 144
20 153
20 154
20 169
20 170
20 193
20 198
20 200
20 205
20 229
20 243
20 265
20 273
20 280
20 290
20 291
20 297
21 32
21 36
21 42
21 46
21 76
21 99
21 101
21 110
21 119
21 120
21 122
21 126
21 134
21 137
21 140
21 142
21 167
21 176
21 178
21 180
21 205
21 215
21 254
21 261
21 273
21 277
21 282
21 297
22 29
22 54
22 56
22 61
22 67
22 71
22 79
22 89
22 91
22 92
22 103
22 116
22 117
22 130
22 134
22 140
22 156
22 175
22 179
22 200
22 205
22 224
22 229
22 232
22 233
22 243
22 257
22 274
22 285
23 29
23 30
23 32
23 38
23 47
23 48
23 52
23 81
23 94
23 97
23 106
23 111
23 118
23 129
23 130
23 140
23 151
23 161
23 171
23 175
23 176
23 189
23 196
23 204
23 227
23 239
23 241
23 242
23 243
23 244
23 245
23 248
23 249
23 255
23 256
23 262
23 270
23 275
23 286
24 37
24 50
24 58
24 76
24 85
24 90
24 91
24 98
24 105
24 108
24 146
24 162
24 172
24 177
24 190
24 200
24 202
24 213
24 214
24 220
24 221
24 225
24 232
24 236
24 237
24 254
24 255
24 265
24 269
24 276
24 277
24 279
24 280
24 281
24 282
25 29
25 30
25 51
25 54
25 69
25 72
25 83
25 106
25 117
25 120
25 125
25 128
25 132
25 143
25 147
25 157
25 158
25 171
25 181
25 182
25 191
25 204
25 212
25 243
25 251
25 278
25 279
25 282
25 291
25 293
25 295
26 30
26 31
26 40
26 52
26 62
26 64
26 76
26 77
26 79
26 89
26 91
26 102
26 110
26 116
26 121
26 130
26 139
26 143
26 144
26 147
26 151
26 152
26 153
26 154
26 161
26 192
26 209
26 224
26 237
26 243
26 254
26 264
26 267
26 268
26 282
26 284
26 287
26 288
27 30
27 61
27 62
27 70
27 78
27 87
27 110
27 112
27 116
27 119
27 148
27 152
27 165
27 170
27 176
27 179
27 180
27 183
27 207
27 232
27 256
27 257
27 261
27 265
27 272
27 274
27 276
27 278
27 279
27 282
28 32
28 38
28 39
28 42
28 47
28 55
28 72
28 104
28 109
28 110
28 118
28 119
28 129
28 136
28 146
28 148
28 178
28 187
28 188
28 204
28 206
28 215
28 231
28 249
28 264
28 266
28 280
29 30
29 50
29 55
29 77
29 93
29 119
29 123
29 155
29 162
29 169
29 175
29 182
29 187
29 197
29 199
29 202
29 206
29 211
29 212
29 219
29 272
29 276
29 291
29 292
29 298
30 33
30 36
30 38
30 39
30 50
30 72
30 87
30 92
30 99
30 134
30 138
30 142
30 143
30 146
30 149
30 170
30 181
30 202
30 216
30 219
30 220
30 250
30 253
30 266
30 276
31 35
31 61
31 65
31 82
31 84
31 88
31 91
31 95
31 103
31 111
31 131
31 137
31 158
31 159
31 160
31 166
31 179
31 187
31 188
31 189
31 200
31 203
31 207
31 212
31 220
31 251
31 264
31 265
31 268
31 274
31 278
31 281
31 296
31 298
32 34
32 39
32 46
32 60
32 64
32 71
32 73
32 75
32 80
32 92
32 96
32 105
32 107
32 108
32 109
32 111
32 116
32 130
32 131
32 132
32 142
32 172
32 186
32 189
32 202
32 203
32 216
32 240
32 247
32 252
32 261
32 268
32 285
33 43
33 52
33 56
33 58
33 66
33 92
33 102
33 106
33 111
33 113
33 121
33 122
33 123
33 130
33 132
33 142
33 150
33 166
33 168
33 183
33 185
33 186
33 187
33 189
33 201
33 212
33 215
33 224
33 231
33 262
33 265
33 293
34 35
34 43
34 44
34 47
34 56
34 57
34 60
34 61
34 84
34 90
34 101
34 102
34 105
34 109
34 112
34 117
34 122
34 127
34 144
34 146
34 158
34 165
34 189
34 196
34 210
34 220
34 231
34 238
34 247
34 250
34 252
34 262
34 265
34 287
34 291
34 299
35 42
35 44
35 52
35 53
35 70
35 74
35 101
35 109
35 110
35 123
35 142
35 164
35 169
35 178
35 184
35 185
35 189
35 194
35 196
35 197
35 201
35 205
35 206
35 207
35 246
35 249
35 253
35 270
35 287
36 43
36 52
36 58
36 66
36 76
36 79
36 88
36 95
36 99
36 116
36 142
36 163
36 167
36 169
36 176
36 185
36 200
36 208
36 215
36 220
36 222
36 232
36 243
36 249
36 254
36 259
36 276
36 280
36 283
36 284
36 285
36 291
37 72
37 74
37 83
37 86
37 87
37 89
37 119
37 122
37 124
37 137
37 141
37 143
37 148
37 163
37 171
37 174
37 181
37 194
37 203
37 208
37 209
37 247
37 256
37 269
37 271
37 275
37 282
37 291
38 39
38 52
38 54
38 57
38 63
38 65
38 72
38 77
38 95
38 99
38 116
38 123
38 128
38 139
38 140
38 143
38 149
38 155
38 183
38 184
38 196
38 213
38 226
38 232
38 239
38 244
38 264
38 270
38 280
38 287
38 290
39 42
39 57
39 58
39 86
39 87
39 88
39 91
39 104
39 107
39 108
39 109
39 113
39 118
39 124
39 132
39 145
39 153
39 154
39 159
39 171
39 175
39 191
39 206
39 214
39 215
39 217
39 224
39 246
39 247
39 255
39 268
39 276
39 284
39 288
40 46
40 57
40 60
40 95
40 104
40 109
40 127
40 143
40 152
40 175
40 218
40 243
40 245
40 258
40 261
40 273
40 274
40 282
40 289
41 44
41 46
41 57
41 71
41 83
41 89
41 98
41 99
41 106
41 126
41 128
41 148
41 171
41 184
41 193
41 201
41 213
41 215
41 220
41 222
41 231
41 249
41 250
41 258
41 264
41 279
41 284
41 287
42 46
42 68
42 78
42 90
42 93
42 107
42 110
42 113
42 146
42 152
42 156
42 165
42 170
42 179
42 181
42 184
42 189
42 196
42 213
42 219
42 223
42 247
42 262
42 263
42 270
42 275
42 295
43 48
43 57
43 59
43 82
43 94
43 95
43 104
43 112
43 113
43 120
43 123
43 131
43 139
43 142
43 150
43 169
43 177
43 186
43 190
43 197
43 207
43 210
43 219
43 226
43 252
43 263
43 272
43 280
43 287
43 295
44 71
44 82
44 89
44 91
44 129
44 140
44 143
44 153
44 157
44 158
44 160
44 168
44 186
44 204
44 205
44 222
44 248
44 250
44 265
44 268
44 292
44 298
45 50
45 59
45 68
45 81
45 89
45 119
45 126
45 128
45 143
45 151
45 159
45 175
45 178
45 197
45 203
45 217
45 226
45 233
45 237
45 240
45 255
45 262
45 263
45 269
45 280
45 288
45 297
46 74
46 86
46 90
46 102
46 112
46 127
46 134
46 142
46 161
46 178
46 181
46 197
46 224
46 234
46 237
46 258
46 277
46 278
46 290
46 292
47 66
47 85
47 89
47 97
47 99
47 100
47 109
47 140
47 145
47 159
47 170
47 181
47 188
47 190
47 192
47 195
47 204
47 229
47 230
47 242
47 246
47 248
47 249
47 255
47 258
47 261
48 57
48 70
48 81
48 89
48 90
48 91
48 98
48 101
48 113
48 119
48 130
48 151
48 154
48 160
48 162
48 174
48 186
48 195
48 200
48 219
48 222
48 227
48 236
48 240
48 242
48 243
48 256
48 264
48 270
48 276
48 277
48 281
49 56
49 63
49 70
49 88
49 91
49 93
49 104
49 108
49 111
49 112
49 118
49 136
49 137
49 156
49 186
49 191
49 223
49 232
49 248
49 251
49 274
49 286
50 57
50 60
50 63
50 67
50 74
50 104
50 107
50 123
50 126
50 137
50 160
50 182
50 191
50 194
50 196
50 199
50 204
50 207
50 209
50 213
50 215
50 221
50 228
50 255
51 57
51 64
51 91
51 115
51 150
51 157
51 179
51 183
51 204
51 213
51 223
51 224
51 229
51 246
51 284
51 286
51 287
51 291
52 53
52 56
52 71
52 73
52 75
52 77
52 94
52 96
52 115
52 152
52 162
52 167
52 168
52 169
52 174
52 181
52 189
52 198
52 206
52 210
52 212
52 216
52 225
52 228
52 230
52 234
52 236
52 239
52 247
52 251
52 257
52 293
53 57
53 74
53 91
53 92
53 98
53 101
53 132
53 137
53 140
53 157
53 158
53 166
53 167
53 169
53 171
53 190
53 193
53 213
53 228
53 229
53 234
53 245
53 253
53 260
54 65
54 67
54 79
54 84
54 91
54 109
54 110
54 126
54 129
54 137
54 143
54 146
54 156
54 160
54 164
54 204
54 205
54 214
54 219
54 223
54 224
54 232
54 234
54 236
54 243
54 267
54 268
54 271
54 287
54 290
54 296
54 298
55 68
55 80
55 99
55 100
55 105
55 110
55 127
55 140
55 143
55 154
55 177
55 182
55 185
55 205
55 207
55 221
55 247
55 255
55 257
55 260
55 273
55 293
56 59
56 71
56 82
56 83
56 88
56 92
56 135
56 145
56 151
56 159
56 163
56 166
56 206
56 207
56 212
56 224
56 243
56 248
56 258
56 263
56 268
56 273
57 67
57 69
57 70
57 74
57 77
57 92
57 107
57 113
57 119
57 133
57 150
57 151
57 153
57 165
57 183
57 188
57 205
57 248
57 263
57 273
57 292
58 75
58 76
58 80
58 82
58 88
58 96
58 116
58 124
58 129
58 155
58 156
58 157
58 162
58 175
58 199
58 205
58 241
58 255
58 277
58 280
58 288
58 294
59 61
59 65
59 82
59 83
59 100
59 107
59 124
59 130
59 135
59 153
59 158
59 159
59 189
59 199
59 206
59 212
59 220
59 238
59 245
59 260
59 266
59 271
59 273
59 279
59 280
59 282
59 293
59 294
60 61
60 89
60 96
60 107
60 108
60 112
60 117
60 118
60 121
60 138
60 148
60 162
60 176
60 189
60 199
60 212
60 225
60 231
60 239
60 255
60 270
60 282
60 288
61 62
61 64
61 67
61 68
61 69
61 73
61 94
61 100
61 126
61 140
61 150
61 172
61 174
61 178
61 193
61 196
61 203
61 205
61 207
61 211
61 224
61 242
61 244
61 247
61 269
61 284
61 295
61 296
62 68
62 70
62 81
62 101
62 108
62 121
62 124
62 130
62 141
62 143
62 145
62 151
62 169
62 173
62 178
62 180
62 203
62 225
62 231
62 248
62 253
62 274
62 280
62 285
62 297
63 64
63 70
63 85
63 92
63 111
63 116
63 142
63 152
63 177
63 182
63 188
63 196
63 200
63 211
63 227
63 229
63 247
63 248
63 254
63 258
63 269
64 71
64 72
64 74
64 78
64 102
64 104
64 118
64 123
64 130
64 169
64 173
64 180
64 201
64 212
64 223
64 225
64 226
64 241
64 256
64 257
64 275
64 276
64 279
64 296
65 66
65 70
65 76
65 78
65 94
65 95
65 102
65 121
65 152
65 161
65 174
65 177
65 186
65 216
65 227
65 228
65 239
65 250
65 256
65 260
65 267
65 275
65 286
65 288
65 289
65 292
65 295
65 299
66 85
66 87
66 96
66 119
66 120
66 142
66 147
66 149
66 151
66 155
66 156
66 191
66 219
66 240
66 243
66 248
66 270
66 272
67 73
67 118
67 125
67 182
67 190
67 196
67 218
67 223
67 241
67 249
67 282
67 285
67 291
68 78
68 88
68 89
68 95
68 99
68 106
68 111
68 112
68 114
68 122
68 123
68 127
68 128
68 139
68 142
68 148
68 156
68 157
68 161
68 166
68 167
68 178
68 184
68 187
68 228
68 242
68 258
68 272
68 286
68 288
68 296
69 75
69 161
69 180
69 201
69 204
69 229
69 235
69 249
69 252
69 259
69 270
69 272
69 290
70 74
70 85
70 111
70 119
70 128
70 136
70 139
70 145
70 149
70 153
70 172
70 176
70 180
70 189
70 192
70 193
70 197
70 225
70 232
70 237
70 257
70 262
70 263
70 268
70 278
70 287
71 78
71 81
71 86
71 91
71 93
71 137
71 148
71 162
71 166
71 178
71 181
71 183
71 203
71 208
71 212
71 229
71 236
71 239
71 249
71 263
71 282
71 288
71 299
72 77
72 99
72 128
72 131
72 146
72 150
72 151
72 157
72 169
72 200
72 205
72 212
72 226
72 237
72 251
72 266
72 273
72 276
72 284
72 293
73 94
73 96
73 115
73 122
73 147
73 148
73 152
73 194
73 207
73 215
73 225
73 230
73 233
73 247
73 266
73 278
73 283
74 76
74 94
74 96
74 99
74 101
74 105
74 113
74 115
74 119
74 122
74 125
74 134
74 142
74 174
74 189
74 196
74 226
74 230
74 231
74 233
74 238
74 254
74 271
74 280
74 283
74 286
74 289
75 81
75 101
75 105
75 107
75 125
75 133
75 155
75 158
75 164
75 175
75 177
75 179
75 191
75 199
75 204
75 215
75 217
75 234
75 237
75 243
75 253
75 255
75 284
75 290
75 293
76 78
76 96
76 97
76 100
76 102
76 104
76 115
76 126
76 146
76 158
76 160
76 166
76 174
76 184
76 185
76 194
76 226
76 233
76 238
76 258
76 265
76 282
77 82
77 88
77 98
77 115
77 127
77 143
77 168
77 170
77 172
77 173
77 190
77 197
77 205
77 221
77 224
77 225
77 229
77 245
77 260
77 272
77 284
77 295
77 297
77 299
78 94
78 106
78 107
78 108
78 115
78 117
78 121
78 125
78 163
78 185
78 187
78 216
78 236
78 238
78 287
78 288
78 289
79 89
79 91
79 114
79 121
79 140
79 145
79 150
79 161
79 169
79 170
79 172
79 173
79 184
79 224
79 230
79 232
79 250
79 251
79 267
79 268
79 269
79 274
79 278
79 292
80 90
80 99
80 113
80 115
80 117
80 118
80 123
80 128
80 131
80 138
80 140
80 144
80 149
80 174
80 175
80 184
80 193
80 220
80 228
80 236
80 253
80 255
80 279
80 281
80 285
81 120
81 127
81 147
81 155
81 161
81 169
81 172
81 178
81 187
81 197
81 208
81 211
81 215
81 219
81 231
81 246
81 256
81 260
81 261
81 263
81 278
81 291
81 296
82 86
82 88
82 98
82 99
82 109
82 117
82 127
82 131
82 134
82 172
82 187
82 188
82 192
82 199
82 201
82 210
82 214
82 232
82 245
82 250
82 252
82 255
82 257
82 275
82 293
83 92
83 103
83 117
83 144
83 146
83 152
83 160
83 163
83 166
83 167
83 187
83 193
83 196
83 205
83 253
83 256
83 257
83 262
83 263
83 275
83 281
83 296
83 297
84 85
84 86
84 87
84 107
84 109
84 110
84 111
84 118
84 119
84 122
84 129
84 137
84 147
84 154
84 156
84 165
84 180
84 192
84 196
84 204
84 210
84 212
84 220
84 224
84 236
84 238
84 239
84 243
84 252
84 255
84 270
84 289
84 291
85 121
85 133
85 155
85 160
85 172
85 180
85 191
85 199
85 225
85 242
85 245
85 258
85 275
85 276
85 279
85 290
85 292
85 294
85 296
85 299
86 92
86 97
86 104
86 108
86 118
86 122
86 135
86 142
86 150
86 153
86 156
86 157
86 185
86 191
86 212
86 219
86 238
86 239
86 240
86 242
86 268
86 271
86 291
87 94
87 96
87 122
87 131
87 132
87 140
87 144
87 150
87 151
87 157
87 167
87 173
87 180
87 207
87 216
87 227
87 233
87 239
87 243
87 253
87 264
87 279
87 287
88 102
88 113
88 128
88 130
88 143
88 146
88 152
88 168
88 170
88 186
88 188
88 199
88 226
88 236
88 240
88 244
88 248
88 256
88 263
88 266
88 269
88 271
88 275
88 288
89 98
89 102
89 133
89 135
89 145
89 158
89 169
89 179
89 185
89 188
89 192
89 194
89 195
89 200
89 202
89 212
89 215
89 217
89 251
89 253
89 257
89 259
89 270
89 283
89 287
89 289
89 293
89 296
90 92
90 94
90 96
90 100
90 108
90 121
90 142
90 148
90 195
90 197
90 202
90 220
90 221
90 226
90 227
90 228
90 237
90 252
90 256
90 269
90 273
91 110
91 112
91 124
91 129
91 142
91 146
91 178
91 190
91 205
91 211
91 217
91 245
91 250
91 252
91 256
91 258
91 260
91 267
91 272
91 278
91 289
91 290
91 291
91 294
91 299
92 93
92 95
92 112
92 117
92 128
92 147
92 159
92 167
92 187
92 196
92 209
92 214
92 216
92 232
92 245
92 246
92 254
92 265
92 268
92 280
92 287
92 290
93 102
93 120
93 124
93 125
93 126
93 131
93 132
93 134
93 142
93 180
93 189
93 197
93 200
93 215
93 219
93 230
93 234
93 260
93 263
93 266
93 275
93 289
93 291
94 96
94 97
94 100
94 109
94 137
94 147
94 167
94 185
94 193
94 213
94 215
94 219
94 220
94 272
94 293
95 97
95 101
95 104
95 120
95 123
95 134
95 136
95 140
95 145
95 154
95 159
95 174
95 176
95 193
95 211
95 214
95 222
95 239
95 242
95 246
95 248
95 254
95 269
95 274
95 278
95 280
96 124
96 126
96 132
96 135
96 140
96 146
96 147
96 155
96 163
96 165
96 172
96 184
96 207
96 213
96 215
96 221
96 239
96 241
96 242
96 253
97 131
97 144
97 153
97 162
97 167
97 172
97 181
97 185
97 194
97 202
97 203
97 230
97 234
97 268
97 270
97 274
97 285
97 289
97 291
97 296
97 297
98 102
98 122
98 137
98 156
98 161
98 187
98 190
98 198
98 200
98 202
98 205
98 221
98 228
98 232
98 245
98 246
98 256
98 266
98 276
98 279
98 282
98 287
98 293
98 296
99 103
99 112
99 123
99 124
99 143
99 153
99 177
99 184
99 191
99 196
99 208
99 262
99 264
99 267
100 105
100 106
100 108
100 138
100 148
100 154
100 163
100 167
100 169
100 219
100 234
100 251
100 268
100 272
100 287
100 299
101 112
101 120
101 125
101 132
101 145
101 146
101 148
101 157
101 185
101 205
101 216
101 218
101 234
101 257
101 263
101 271
101 288
102 103
102 108
102 112
102 152
102 174
102 195
102 214
102 215
102 236
102 285
102 291
103 105
103 108
103 111
103 114
103 124
103 149
103 152
103 157
103 170
103 178
103 188
103 196
103 199
103 201
103 203
103 204
103 221
103 231
103 235
103 238
103 243
103 245
103 251
103 252
103 281
103 296
104 105
104 111
104 112
104 119
104 126
104 147
104 149
104 168
104 171
104 174
104 181
104 191
104 196
104 200
104 205
104 226
104 236
104 241
104 242
104 244
104 258
104 259
104 261
104 266
104 284
104 299
105 107
105 121
105 126
105 135
105 137
105 141
105 143
105 154
105 158
105 160
105 165
105 167
105 231
105 247
105 251
105 267
105 288
105 292
106 110
106 114
106 116
106 122
106 123
106 136
106 154
106 162
106 170
106 171
106 172
106 192
106 201
106 238
106 244
106 245
106 246
106 248
106 258
106 271
106 272
106 273
106 278
106 292
106 293
107 120
107 128
107 131
107 139
107 154
107 159
107 163
107 174
107 181
107 189
107 215
107 230
107 238
107 241
107 250
107 254
107 258
107 260
107 262
107 274
107 279
108 110
108 120
108 126
108 130
108 162
108 163
108 165
108 168
108 171
108 172
108 174
108 178
108 180
108 211
108 213
108 228
108 235
108 247
108 252
108 257
108 270
108 272
108 277
108 278
108 286
108 290
109 111
109 120
109 129
109 130
109 159
109 179
109 187
109 221
109 223
109 227
109 234
109 237
109 238
109 240
109 250
109 252
109 255
109 263
109 291
109 294
109 295
110 119
110 134
110 159
110 176
110 190
110 196
110 212
110 239
110 242
110 246
110 259
110 289
111 116
111 124
111 148
111 151
111 158
111 186
111 189
111 191
111 207
111 214
111 224
111 242
111 255
111 266
111 270
111 273
111 289
111 292
112 123
112 128
112 134
112 151
112 171
112 172
112 179
112 181
112 195
112 217
112 220
112 236
112 248
112 251
112 260
112 278
112 281
112 291
113 123
113 129
113 140
113 141
113 175
113 192
113 193
113 197
113 200
113 202
113 205
113 220
113 222
113 224
113 231
113 233
113 251
113 268
113 284
114 121
114 126
114 129
114 139
114 141
114 147
114 148
114 153
114 167
114 190
114 192
114 193
114 215
114 217
114 233
114 250
114 267
114 278
114 280
114 286
115 129
115 135
115 137
115 156
115 192
115 199
115 201
115 213
115 219
115 259
115 268
115 269
115 271
115 273
115 276
115 277
115 283
115 286
116 117
116 121
116 164
116 165
116 169
116 184
116 185
116 202
116 210
116 219
116 229
116 235
116 237
116 245
116 247
116 251
116 257
116 259
116 268
116 286
116 298
117 136
117 139
117 154
117 167
117 204
117 206
117 222
117 233
117 265
117 269
117 274
117 277
117 287
117 293
118 128
118 136
118 148
118 150
118 154
118 165
118 170
118 176
118 180
118 206
118 236
118 239
118 252
118 253
118 266
118 274
119 127
119 137
119 158
119 161
119 166
119 170
119 182
119 190
119 209
119 224
119 261
119 272
119 278
119 286
120 125
120 126
120 129
120 149
120 160
120 173
120 183
120 186
120 208
120 227
120 229
120 237
120 240
120 250
120 251
120 260
120 274
120 275
120 281
120 287
120 295
121 124
121 125
121 142
121 146
121 147
121 156
121 176
121 188
121 200
121 203
121 222
121 240
121 274
121 290
121 293
121 296
122 175
122 185
122 205
122 206
122 221
122 222
122 231
122 234
122 258
122 262
122 266
122 267
122 275
122 276
122 281
122 285
122 288
122 292
122 296
123 130
123 145
123 157
123 171
123 178
123 201
123 209
123 255
123 289
124 134
124 135
124 145
124 166
124 211
124 216
124 221
124 222
124 227
124 235
124 245
124 248
124 250
124 261
124 264
124 273
124 276
124 288
124 294
125 130
125 144
125 151
125 168
125 176
125 180
125 187
125 191
125 194
125 198
125 215
125 218
125 273
125 275
125 276
125 283
125 296
126 133
126 142
126 155
126 169
126 181
126 182
126 199
126 205
126 212
126 221
126 222
126 233
126 241
126 253
126 261
126 266
126 279
126 293
127 128
127 140
127 142
127 144
127 146
127 150
127 157
127 162
127 168
127 173
127 175
127 180
127 182
127 192
127 207
127 209
127 212
127 218
127 227
127 228
127 234
127 246
127 257
127 258
127 263
127 267
127 279
127 295
127 298
128 136
128 138
128 158
128 161
128 164
128 169
128 174
128 178
128 189
128 196
128 199
128 203
128 213
128 225
128 232
128 235
128 242
128 282
128 287
128 295
128 296
129 152
129 163
129 204
129 215
129 228
129 247
129 256
129 262
129 270
129 297
130 131
130 141
130 166
130 167
130 171
130 180
130 188
130 189
130 192
130 214
130 217
130 224
130 226
130 249
130 261
130 270
131 132
131 145
131 157
131 163
131 169
131 185
131 189
131 192
131 207
131 213
131 229
131 232
131 248
131 274
131 294
131 296
132 134
132 139
132 158
132 163
132 164
132 165
132 169
132 173
132 225
132 229
132 234
132 237
132 247
132 249
132 255
132 259
132 277
132 289
132 294
133 134
133 150
133 158
133 168
133 175
133 177
133 179
133 181
133 194
133 213
133 221
133 227
133 228
133 243
133 266
133 271
133 278
133 284
134 140
134 148
134 157
134 178
134 181
134 182
134 190
134 201
134 210
134 218
134 224
134 235
134 243
134 262
135 142
135 146
135 150
135 151
135 153
135 155
135 162
135 165
135 172
135 184
135 193
135 196
135 205
135 206
135 207
135 221
135 230
135 231
135 244
135 256
135 261
135 263
135 295
136 138
136 139
136 143
136 157
136 177
136 185
136 212
136 224
136 228
136 238
136 246
136 263
136 265
136 268
136 280
136 283
136 286
137 138
137 152
137 160
137 161
137 171
137 195
137 203
137 219
137 221
137 250
137 259
137 273
137 281
137 295
137 298
138 145
138 147
138 149
138 154
138 168
138 174
138 199
138 202
138 206
138 214
138 230
138 262
138 274
138 277
138 281
138 291
138 292
139 142
139 143
139 180
139 205
139 221
139 248
139 270
139 277
139 280
139 298
140 142
140 154
140 166
140 167
140 183
140 184
140 189
140 192
140 197
140 199
140 201
140 206
140 208
140 213
140 227
140 248
140 259
140 268
140 284
140 294
141 150
141 155
141 157
141 163
141 165
141 167
141 168
141 174
141 187
141 201
141 219
141 231
141 232
141 234
141 238
141 243
141 282
141 287
141 289
142 146
142 147
142 149
142 152
142 157
142 165
142 168
142 169
142 178
142 182
142 183
142 195
142 203
142 231
142 234
142 239
142 243
142 247
142 248
142 252
142 253
142 266
142 278
142 289
143 152
143 155
143 159
143 165
143 170
143 186
143 220
143 246
143 247
143 264
143 295
144 153
144 162
144 171
144 175
144 184
144 188
144 195
144 209
144 237
144 248
144 275
144 289
144 297
145 146
145 147
145 153
145 162
145 168
145 174
145 175
145 204
145 213
145 221
145 239
145 243
145 245
145 263
145 276
146 148
146 156
146 169
146 174
146 189
146 194
146 198
146 210
146 213
146 214
146 223
146 225
146 237
146 238
146 240
146 256
146 264
146 274
146 294
147 163
147 171
147 179
147 214
147 217
147 222
147 235
147 240
147 245
147 247
147 261
147 266
147 275
147 283
147 292
147 297
148 165
148 175
148 202
148 206
148 215
148 226
148 236
148 241
148 243
148 249
148 254
148 259
148 261
148 294
149 155
149 163
149 173
149 182
149 192
149 194
149 196
149 248
149 255
149 269
149 281
149 283
149 289
149 293
150 151
150 163
150 172
150 181
150 187
150 197
150 208
150 211
150 214
150 236
150 238
150 245
150 253
150 257
150 264
150 271
150 273
151 159
151 168
151 177
151 233
151 241
151 254
151 260
151 285
151 288
152 161
152 167
152 173
152 179
152 180
152 194
152 201
152 211
152 222
152 242
152 255
152 256
152 264
152 277
152 278
152 279
153 171
153 180
153 186
153 190
153 198
153 203
153 204
153 208
153 217
153 244
153 267
153 269
153 298
154 155
154 161
154 167
154 173
154 195
154 215
154 251
154 253
154 259
154 263
154 267
154 271
155 158
155 162
155 170
155 175
155 194
155 202
155 207
155 234
155 239
155 254
155 266
155 268
155 270
155 273
156 157
156 181
156 199
156 228
156 245
156 254
156 258
156 273
156 280
156 290
156 295
157 169
157 191
157 213
157 223
157 226
157 235
157 269
157 275
157 285
157 289
157 299
158 166
158 172
158 174
158 198
158 200
158 201
158 207
158 213
158 217
158 226
158 230
158 246
158 263
158 271
158 279
158 283
158 287
158 290
159 166
159 167
159 180
159 184
159 206
159 211
159 214
159 218
159 232
159 235
159 252
159 260
159 261
159 275
159 276
159 290
159 292
159 294
160 171
160 179
160 206
160 211
160 233
160 243
160 245
160 265
160 269
160 271
160 293
160 294
161 162
161 167
161 177
161 191
161 199
161 201
161 203
161 209
161 222
161 226
161 235
161 237
161 238
161 242
161 249
161 260
161 272
161 281
161 285
161 291
161 298
162 163
162 165
162 168
162 175
162 176
162 215
162 217
162 223
162 251
162 263
163 171
163 185
163 192
163 202
163 204
163 211
163 214
163 242
163 247
163 248
163 257
163 269
163 271
163 295
163 299
164 171
164 173
164 181
164 182
164 184
164 186
164 187
164 198
164 200
164 210
164 216
164 224
164 230
164 250
164 258
164 261
164 264
164 296
165 172
165 177
165 178
165 188
165 205
165 210
165 227
165 231
165 235
165 239
165 275
165 285
165 292
165 295
166 188
166 191
166 195
166 204
166 205
166 215
166 229
166 250
166 252
166 253
166 269
166 274
166 289
166 294
167 181
167 185
167 193
167 205
167 211
167 226
167 248
167 261
167 270
167 289
167 291
167 297
167 298
168 182
168 197
168 241
168 247
168 262
168 291
169 172
169 182
169 185
169 191
169 192
169 227
169 229
169 236
169 240
169 244
169 256
169 267
169 273
169 274
169 277
169 286
169 288
169 292
169 297
170 178
170 180
170 182
170 187
170 201
170 208
170 217
170 241
170 249
170 275
170 279
170 281
170 291
171 195
171 208
171 224
171 231
171 233
171 247
171 260
171 267
171 271
171 279
171 293
171 294
171 296
172 174
172 179
172 180
172 202
172 203
172 213
172 236
172 242
172 257
172 269
172 272
172 287
172 289
172 291
172 292
173 180
173 181
173 207
173 210
173 218
173 223
173 229
173 231
173 246
173 255
173 257
173 272
173 294
174 177
174 190
174 198
174 214
174 238
174 260
174 264
174 265
174 292
174 293
175 185
175 200
175 211
175 213
175 223
175 264
175 270
176 185
176 187
176 190
176 203
176 210
176 211
176 215
176 221
176 233
176 245
176 251
176 254
176 266
176 270
176 281
176 285
176 294
176 295
176 298
177 182
177 193
177 227
177 229
177 231
177 233
177 241
177 246
177 249
177 268
177 269
177 274
177 288
178 184
178 186
178 193
178 202
178 223
178 225
178 239
178 248
178 252
178 260
178 263
178 272
178 274
178 296
179 197
179 203
179 208
179 234
179 259
179 263
179 271
179 277
179 278
180 185
180 210
180 221
180 222
180 228
180 231
180 234
180 244
180 247
180 251
180 267
180 272
180 289
181 182
181 183
181 188
181 192
181 199
181 217
181 218
181 239
181 258
181 275
181 282
181 298
182 187
182 191
182 206
182 223
182 225
182 231
182 239
182 243
182 249
182 257
182 294
183 218
183 234
183 237
183 241
183 272
183 278
183 282
183 285
183 288
183 289
184 186
184 191
184 194
184 195
184 217
184 233
184 237
184 240
184 245
184 256
184 258
184 263
184 269
184 274
184 281
184 283
184 286
184 291
184 295
185 191
185 192
185 202
185 223
185 229
185 241
185 253
185 254
185 256
185 262
185 293
186 188
186 201
186 217
186 220
186 243
186 248
186 260
186 264
186 267
186 290
186 299
187 190
187 200
187 221
187 269
187 287
188 194
188 195
188 227
188 228
188 241
188 249
188 272
188 273
188 286
188 293
189 199
189 201
189 209
189 220
189 230
189 243
189 258
189 269
189 275
189 276
189 280
189 282
190 193
190 195
190 196
190 208
190 221
190 223
190 228
190 231
190 244
190 248
190 249
190 256
190 263
190 268
190 290
191 192
191 198
191 199
191 238
191 239
191 248
191 260
191 272
191 279
191 297
191 298
192 193
192 208
192 215
192 218
192 223
192 226
192 261
192 271
192 288
192 298
193 208
193 214
193 227
193 228
193 230
193 240
193 269
193 289
193 291
194 227
194 241
194 245
194 246
194 270
194 275
194 283
194 287
194 295
195 206
195 208
195 212
195 217
195 240
195 251
195 254
195 258
195 270
195 279
195 280
195 285
195 292
196 203
196 205
196 210
196 222
196 225
196 227
196 240
196 267
196 282
196 291
197 198
197 204
197 211
197 239
197 245
197 264
198 207
198 208
198 257
198 261
198 284
199 200
199 203
199 223
199 230
199 248
199 249
199 251
199 253
199 264
199 265
199 266
199 279
199 282
199 284
200 205
200 216
200 225
200 235
200 237
200 245
200 250
200 260
200 261
200 293
201 253
201 258
201 260
201 261
201 278
202 213
202 217
202 231
202 248
202 259
202 276
202 288
202 297
203 212
203 242
203 254
203 258
203 265
203 272
203 280
203 284
203 287
203 295
204 214
204 218
204 253
204 256
204 262
204 273
204 274
204 280
204 289
205 210
205 211
205 242
205 248
205 262
205 286
205 289
205 296
206 207
206 255
206 258
206 278
206 288
206 293
207 216
207 236
207 267
207 277
207 283
207 286
207 295
208 224
208 237
208 243
208 244
208 260
208 266
208 275
208 278
208 279
208 286
208 297
209 217
209 220
209 224
209 227
209 257
209 269
210 224
210 225
210 228
210 249
210 256
210 257
210 287
210 290
210 294
210 295
211 217
211 229
211 242
211 249
211 257
211 270
211 278
211 293
212 213
212 214
212 230
212 232
212 233
212 247
212 273
212 276
212 285
212 290
213 217
213 232
213 246
213 247
213 251
213 258
213 261
213 262
213 275
213 277
214 216
214 233
214 236
214 245
214 254
214 261
214 291
214 296
215 219
215 221
215 223
215 232
215 241
215 255
215 261
215 262
215 267
215 271
215 291
215 292
216 221
216 225
216 226
216 232
216 241
216 242
216 251
216 268
216 284
217 227
217 243
217 244
217 251
217 276
217 287
217 295
218 221
218 224
218 240
218 244
218 261
218 268
218 271
218 279
218 293
219 220
219 238
219 252
219 257
219 272
219 273
220 232
220 239
220 243
220 251
220 283
220 295
221 230
221 269
221 272
221 280
221 283
221 297
221 298
222 233
222 258
222 261
222 277
222 285
222 291
222 295
222 296
223 257
223 265
223 273
223 285
223 290
224 231
224 241
224 260
224 263
224 270
224 290
224 297
225 232
225 235
225 237
225 243
225 259
225 268
225 273
225 296
225 299
226 239
226 246
226 258
226 267
226 281
227 229
227 230
227 234
227 253
227 268
227 290
227 292
228 229
228 233
228 236
228 238
228 260
228 263
228 266
228 273
228 274
228 281
228 293
228 297
229 231
229 263
229 266
229 275
230 232
230 253
230 287
230 294
231 245
231 247
231 249
231 257
231 271
231 296
231 297
232 239
232 246
232 253
232 269
233 242
233 244
233 256
233 274
233 277
233 278
233 288
233 290
233 293
233 294
234 235
234 244
234 248
234 258
234 262
234 281
234 294
234 297
235 264
235 271
235 276
235 279
235 280
235 294
235 296
235 299
236 245
236 253
236 254
236 256
236 261
236 276
237 257
237 266
237 286
237 288
237 292
238 252
238 280
238 286
238 289
238 292
238 297
238 299
239 252
239 254
239 261
239 275
239 277
239 282
240 247
240 263
240 283
240 284
240 287
240 290
240 291
240 296
240 298
241 243
241 246
241 254
242 244
242 246
242 248
242 250
242 252
242 267
242 297
243 246
243 253
243 258
243 271
243 282
243 286
243 287
243 290
244 246
244 249
244 260
244 269
244 270
244 273
244 284
244 295
245 249
245 252
245 257
245 271
245 282
245 289
245 291
245 293
245 297
246 249
246 260
246 278
246 285
246 289
247 248
247 255
247 262
247 266
247 273
247 280
247 288
247 294
248 259
248 260
248 283
248 289
249 252
249 291
249 296
250 286
250 293
250 298
251 267
251 275
251 278
251 288
252 267
252 268
252 284
252 298
253 263
253 271
253 278
254 264
254 270
254 271
254 282
254 286
254 292
255 270
255 285
255 287
255 293
256 267
256 269
256 272
256 279
256 285
256 287
257 263
257 296
257 298
258 261
258 285
258 288
258 290
258 299
259 266
259 271
259 280
259 291
260 285
260 294
261 262
261 265
261 285
262 264
262 273
262 283
262 290
263 275
263 279
263 286
264 271
264 275
264 277
264 278
265 269
265 278
265 293
265 297
266 279
266 285
266 291
266 292
267 275
267 281
267 292
267 299
268 270
268 281
268 289
269 289
269 291
269 298
270 274
270 296
271 275
271 280
271 285
271 290
271 291
271 295
271 297
271 299
272 284
272 294
273 274
273 276
273 292
274 281
274 290
275 282
275 286
275 287
275 290
275 299
276 278
277 281
277 284
277 294
278 281
278 285
278 287
279 286
280 282
280 283
280 287
280 299
281 287
281 293
282 291
282 295
282 298
283 284
283 291
283 294
283 295
283 296
284 292
286 288
286 289
286 293
287 296
288 295
290 299
291 295
294 299
295 299
297 298
209 171 64 152 3 43 38 177 99 36 154 295 230 245 162 215 267 204 50 79 211 167 5 254 275 290 203 185 123 180 77 59 224 264 149 95 293 55 93 165 296 223 221 114 249
68 17 144 179 73 113 201 169 229 85 31 189 269 23 126 288 9 104 98 197 184 97 121 182 101 45 62 276 286 274 103 147 212 42 255 228 278 238 151 2 157 89 81 16 272
105 96 67 40 18 58 196 27 237 168 175 273 188 56 6 119 299 46 186 242 134 284 210 7 86 163 145 15 32 61 192 170 49 225 88 83 271 108 90 100 156 172 120 187 260
213 41 194 25 141 252 0 159 193 122 54 112 222 232 263 10 253 133 4 129 235 241 137 294 80 227 148 178 74 106 233 24 181 87 206 33 92 153 259 198 70 60 39 12 19
52 94 176 140 20 244 44 47 146 240 243 219 205 76 29 217 115 116 48 214 200 173 14 142 136 191 110 11 160 195 21 71 287 30 125 150 109 13 164 8 72 143 139 158 280
289 51 124 266 132 220 256 261 26 138 218 131 248 118 28 246 102 298 279 34 75 207 84 63 247 265 190 82 292 202 285 22 291 1 155 208 283 91 239 257 57 216 53 65 226
107 282 270 251 69 78 127 268 161 166 281 250 234 231 183 262 277 174 37 117 66 128 297 258 199 111 135 130 35 236
