40
169
5
0
55
1
48
86
0 17
0 26
0 29
0 32
0 39
1 6
1 7
1 8
1 9
1 10
1 12
1 16
1 21
1 23
1 24
1 26
1 29
1 31
2 3
2 10
2 13
2 17
2 23
2 24
2 35
2 37
3 11
3 16
3 19
3 21
3 25
3 29
3 30
3 33
3 36
3 37
4 7
4 14
4 17
4 20
4 27
5 7
5 10
5 13
5 16
5 21
5 22
5 37
6 8
6 22
6 33
6 35
6 38
7 14
7 15
7 20
7 23
7 27
7 28
8 23
8 27
8 33
8 34
8 36
9 10
9 11
9 14
9 16
9 17
9 23
9 28
9 31
9 33
9 38
10 14
10 17
10 34
10 39
11 13
11 19
11 20
11 24
11 25
11 31
11 34
12 13
12 33
12 34
13 16
13 20
13 23
13 29
13 32
13 33
13 37
13 38
14 19
14 25
14 26
14 29
14 30
14 38
15 17
15 20
15 22
15 23
15 25
15 26
15 28
15 35
16 20
16 25
16 27
17 20
17 21
17 30
17 31
17 32
17 39
18 20
18 21
18 23
18 27
18 29
18 32
18 39
19 26
19 27
19 28
19 30
20 31
20 33
20 34
21 27
21 29
22 25
22 26
22 30
22 31
22 38
22 39
23 24
23 25
23 36
24 25
24 33
24 37
25 26
25 28
25 37
26 27
26 28
26 31
27 29
27 36
28 32
28 39
29 34
29 36
30 39
31 39
32 33
32 35
33 39
35 36
35 39
37 38
37 39
38 39
15 27 1 13 37 12 8 22
4 7 21 25 3 9 0 35
28 18 16 38 29 32 31 26
17 23 6 33 24 36 39 10
20 5 11 19 14 30 34 2
