40
220
20
97
12
59
54
62
73
26
35
94
76
62
74
71
17
39
38
28
50
84
62
0 2
0 4
0 5
0 11
0 13
0 27
0 33
0 36
1 4
1 7
1 8
1 9
1 18
1 20
1 23
1 37
1 39
2 5
2 7
2 17
2 18
2 22
2 26
2 28
2 29
2 34
2 39
3 4
3 5
3 10
3 15
3 16
3 20
3 24
3 30
3 33
3 39
4 12
4 17
4 18
4 21
4 32
4 34
5 8
5 10
5 12
5 18
5 21
5 22
5 27
5 29
5 31
5 33
5 36
6 10
6 13
6 15
6 20
6 25
6 32
6 37
6 38
7 12
7 18
7 19
7 20
7 21
7 23
7 27
7 28
7 32
7 33
7 35
7 36
8 12
8 13
8 17
8 20
8 21
8 27
8 39
9 10
9 12
9 16
9 17
9 19
9 21
9 24
9 28
9 35
9 36
9 38
10 14
10 17
10 22
10 26
10 29
11 14
11 16
11 17
11 23
11 24
11 27
11 35
11 37
11 38
12 15
12 16
12 17
12 18
12 21
12 25
12 30
12 31
12 37
12 39
13 19
13 20
13 21
13 27
13 34
13 35
13 38
14 15
14 16
14 18
14 19
14 20
14 34
14 35
15 16
15 20
15 22
15 23
15 33
15 38
16 18
16 20
16 21
16 27
16 28
16 29
16 35
17 18
17 21
17 22
17 24
17 25
17 32
17 33
17 37
18 23
18 24
18 28
19 20
19 25
19 26
19 29
19 37
20 21
20 22
20 26
20 33
20 39
21 30
21 35
22 25
22 26
22 28
22 29
22 30
22 31
22 33
22 34
22 35
22 37
22 39
23 25
23 26
23 27
23 34
24 26
24 32
25 26
25 30
25 36
25 37
25 39
26 27
26 29
26 30
26 32
26 35
26 39
27 36
27 38
27 39
28 31
28 33
28 35
28 36
28 37
28 39
29 36
29 37
29 38
30 33
30 34
30 36
30 38
31 32
31 35
31 36
31 38
31 39
32 33
32 39
33 35
35 36
37 39
8 39
3 35
33 36
11 37
28 10
30 22
24 31
15 0
26 34
38 1
32 27
13 29
12 16
18 5
25 17
21 20
6 19
2 7
9 14
23 4
