40
549
4
56
89
38
65
0 1
0 2
0 3
0 4
0 5
0 6
0 7
0 8
0 9
0 10
0 13
0 14
0 15
0 16
0 17
0 19
0 20
0 21
0 22
0 24
0 26
0 27
0 29
0 30
0 32
0 33
0 35
0 37
0 39
1 2
1 3
1 4
1 5
1 7
1 8
1 9
1 12
1 13
1 15
1 16
1 19
1 22
1 23
1 26
1 27
1 28
1 29
1 30
1 31
1 35
1 36
1 37
1 39
2 3
2 4
2 5
2 6
2 7
2 8
2 9
2 10
2 11
2 12
2 13
2 14
2 15
2 17
2 19
2 21
2 22
2 23
2 25
2 26
2 28
2 29
2 31
2 32
2 33
2 34
2 35
2 36
2 37
2 39
3 4
3 5
3 6
3 7
3 8
3 10
3 11
3 12
3 13
3 14
3 16
3 17
3 18
3 19
3 20
3 21
3 22
3 23
3 24
3 25
3 29
3 30
3 31
3 32
3 33
3 34
3 35
3 36
3 39
4 5
4 6
4 8
4 9
4 10
4 11
4 14
4 16
4 18
4 19
4 20
4 21
4 24
4 25
4 26
4 27
4 29
4 30
4 33
4 35
4 36
4 38
4 39
5 6
5 7
5 9
5 10
5 14
5 15
5 16
5 17
5 18
5 19
5 21
5 22
5 23
5 24
5 25
5 27
5 29
5 30
5 31
5 32
5 35
5 36
5 38
5 39
6 7
6 9
6 10
6 11
6 12
6 13
6 14
6 16
6 18
6 19
6 21
6 22
6 23
6 24
6 26
6 27
6 28
6 29
6 30
6 31
6 32
6 33
6 34
6 35
6 36
6 37
7 8
7 9
7 10
7 11
7 12
7 13
7 18
7 20
7 22
7 23
7 24
7 26
7 27
7 28
7 29
7 30
7 31
7 32
7 33
7 34
7 35
7 38
7 39
8 9
8 10
8 11
8 13
8 14
8 15
8 17
8 18
8 20
8 22
8 24
8 27
8 29
8 30
8 33
8 34
8 35
8 36
8 37
8 38
8 39
9 10
9 13
9 14
9 15
9 18
9 19
9 20
9 21
9 24
9 27
9 28
9 32
9 34
9 35
9 38
9 39
10 14
10 16
10 17
10 18
10 19
10 22
10 23
10 24
10 26
10 29
10 31
10 32
10 34
10 35
10 38
11 12
11 15
11 17
11 18
11 19
11 20
11 21
11 22
11 27
11 28
11 29
11 30
11 32
11 33
11 35
11 36
11 37
11 38
11 39
12 13
12 14
12 15
12 17
12 18
12 19
12 20
12 22
12 23
12 25
12 26
12 27
12 28
12 30
12 31
12 34
12 35
12 36
12 37
12 38
12 39
13 16
13 17
13 19
13 20
13 21
13 22
13 26
13 29
13 30
13 31
13 32
13 34
13 35
13 38
13 39
14 15
14 17
14 18
14 19
14 20
14 21
14 22
14 23
14 24
14 25
14 26
14 27
14 28
14 30
14 31
14 32
14 34
14 35
14 36
14 38
15 17
15 18
15 19
15 22
15 23
15 24
15 26
15 28
15 30
15 32
15 33
15 34
15 35
15 36
15 37
15 38
15 39
16 17
16 18
16 19
16 20
16 21
16 22
16 23
16 24
16 27
16 28
16 29
16 30
16 32
16 33
16 34
16 37
16 39
17 18
17 19
17 20
17 21
17 22
17 23
17 24
17 25
17 26
17 27
17 28
17 29
17 30
17 32
17 33
17 34
17 36
17 37
17 38
17 39
18 19
18 20
18 21
18 22
18 23
18 26
18 27
18 28
18 31
18 32
18 33
18 34
18 35
18 36
18 39
19 22
19 23
19 24
19 26
19 28
19 29
19 32
19 34
19 35
19 36
19 37
20 21
20 22
20 23
20 27
20 28
20 29
20 30
20 32
20 33
20 34
20 35
20 36
20 37
20 38
20 39
21 23
21 24
21 25
21 26
21 29
21 30
21 31
21 32
21 34
21 36
21 37
21 38
21 39
22 23
22 24
22 25
22 26
22 27
22 29
22 30
22 33
22 34
22 36
22 37
22 38
23 24
23 26
23 29
23 32
23 33
23 34
23 35
23 38
23 39
24 25
24 27
24 29
24 30
24 31
24 32
24 33
24 35
24 37
25 26
25 27
25 28
25 29
25 31
25 32
25 33
25 34
25 35
25 36
25 37
25 38
25 39
26 28
26 30
26 32
26 33
26 39
27 28
27 29
27 30
27 31
27 32
27 33
27 34
27 35
27 36
27 38
28 29
28 31
28 32
28 33
28 34
28 35
28 36
28 37
28 38
29 30
29 31
29 32
29 34
29 35
29 36
29 37
29 38
30 31
30 32
30 34
30 35
30 37
30 38
31 34
31 35
31 36
32 34
32 35
32 37
32 38
32 39
33 35
33 36
33 38
33 39
34 36
34 37
34 38
34 39
35 36
35 37
35 38
35 39
36 37
36 38
36 39
37 39
38 39
7 1 12 4 22 19 24 33 23 16
17 32 37 27 31 10 5 36 25 3
34 14 13 35 6 8 21 29 0 9
38 18 26 15 20 11 39 30 28 2
