400
7907
4
35
9
39
23
0 2
0 6
0 15
0 31
0 46
0 58
0 67
0 100
0 104
0 106
0 116
0 119
0 123
0 143
0 154
0 160
0 162
0 166
0 180
0 186
0 190
0 191
0 223
0 226
0 235
0 256
0 285
0 289
0 305
0 306
0 326
0 330
0 340
0 344
0 362
0 383
0 394
1 4
1 11
1 12
1 15
1 45
1 55
1 56
1 59
1 75
1 76
1 84
1 97
1 112
1 114
1 151
1 157
1 158
1 171
1 179
1 194
1 195
1 196
1 208
1 211
1 219
1 223
1 225
1 227
1 236
1 238
1 240
1 241
1 249
1 266
1 270
1 279
1 281
1 289
1 300
1 302
1 316
1 318
1 326
1 358
1 367
1 370
1 374
1 385
2 8
2 9
2 59
2 61
2 74
2 97
2 102
2 122
2 136
2 137
2 147
2 149
2 152
2 153
2 166
2 173
2 175
2 180
2 189
2 196
2 212
2 218
2 220
2 261
2 286
2 302
2 307
2 308
2 313
2 314
2 325
2 332
2 363
2 367
2 383
2 384
2 386
2 397
3 5
3 18
3 19
3 30
3 32
3 35
3 53
3 75
3 94
3 95
3 103
3 119
3 120
3 133
3 156
3 161
3 164
3 189
3 200
3 224
3 231
3 239
3 243
3 244
3 245
3 255
3 279
3 287
3 295
3 302
3 303
3 304
3 308
3 311
3 313
3 326
3 327
3 336
3 353
3 362
3 366
3 370
3 373
3 375
3 399
4 19
4 34
4 36
4 40
4 62
4 69
4 75
4 78
4 84
4 103
4 117
4 129
4 133
4 175
4 194
4 204
4 222
4 234
4 238
4 246
4 248
4 267
4 268
4 273
4 278
4 284
4 288
4 297
4 299
4 302
4 303
4 304
4 329
4 337
4 349
4 350
4 383
4 389
5 6
5 12
5 14
5 21
5 23
5 30
5 33
5 43
5 58
5 60
5 69
5 72
5 73
5 89
5 99
5 100
5 112
5 114
5 144
5 148
5 151
5 162
5 218
5 235
5 237
5 241
5 248
5 262
5 304
5 307
5 310
5 340
5 343
5 354
5 358
5 360
5 375
5 379
5 386
5 393
6 24
6 29
6 35
6 37
6 54
6 65
6 80
6 87
6 96
6 105
6 113
6 114
6 115
6 117
6 132
6 136
6 145
6 175
6 181
6 185
6 189
6 191
6 206
6 235
6 251
6 260
6 262
6 267
6 270
6 276
6 296
6 304
6 307
6 310
6 323
6 335
6 350
6 388
6 389
6 393
7 17
7 29
7 48
7 76
7 81
7 105
7 120
7 132
7 147
7 152
7 158
7 162
7 165
7 169
7 187
7 199
7 200
7 209
7 212
7 222
7 243
7 244
7 263
7 272
7 281
7 285
7 286
7 290
7 314
7 326
7 336
7 354
7 362
7 394
8 11
8 13
8 14
8 28
8 32
8 37
8 42
8 65
8 72
8 87
8 97
8 100
8 139
8 153
8 157
8 173
8 178
8 179
8 186
8 200
8 203
8 205
8 219
8 221
8 235
8 239
8 241
8 275
8 277
8 281
8 285
8 296
8 314
8 323
8 330
8 337
8 342
8 346
8 366
8 372
9 28
9 53
9 56
9 61
9 68
9 76
9 101
9 120
9 125
9 138
9 157
9 167
9 171
9 177
9 183
9 193
9 206
9 209
9 215
9 220
9 227
9 244
9 252
9 256
9 264
9 272
9 333
9 349
9 353
9 358
9 368
9 372
9 376
9 377
9 378
10 27
10 41
10 49
10 63
10 86
10 121
10 133
10 138
10 145
10 161
10 165
10 183
10 186
10 190
10 194
10 221
10 222
10 235
10 236
10 259
10 274
10 276
10 285
10 297
10 299
10 309
10 313
10 324
10 338
10 339
10 343
10 345
10 347
10 365
10 366
10 370
10 392
10 398
11 13
11 21
11 33
11 41
11 42
11 77
11 87
11 91
11 130
11 163
11 164
11 176
11 184
11 185
11 188
11 189
11 194
11 201
11 246
11 252
11 256
11 262
11 264
11 265
11 282
11 287
11 288
11 290
11 304
11 309
11 310
11 346
11 347
11 358
11 362
11 363
11 386
11 391
11 399
12 14
12 19
12 32
12 49
12 55
12 67
12 70
12 98
12 99
12 106
12 114
12 116
12 131
12 139
12 142
12 169
12 194
12 201
12 208
12 211
12 222
12 234
12 238
12 244
12 248
12 253
12 259
12 261
12 270
12 276
12 277
12 282
12 286
12 288
12 302
12 310
12 313
12 318
12 319
12 320
12 323
12 334
12 348
12 366
12 367
12 373
12 394
12 399
13 21
13 32
13 36
13 42
13 47
13 48
13 73
13 79
13 83
13 88
13 89
13 91
13 94
13 119
13 124
13 136
13 151
13 163
13 169
13 170
13 188
13 200
13 215
13 221
13 233
13 251
13 271
13 272
13 274
13 282
13 294
13 303
13 304
13 310
13 316
13 347
13 351
13 359
13 388
13 395
14 23
14 46
14 52
14 67
14 72
14 78
14 95
14 100
14 102
14 118
14 126
14 137
14 172
14 178
14 199
14 206
14 224
14 232
14 238
14 239
14 244
14 249
14 270
14 282
14 298
14 308
14 326
14 330
14 338
14 345
14 350
14 351
14 352
14 366
14 367
14 377
14 378
14 392
14 396
15 26
15 49
15 53
15 75
15 88
15 113
15 146
15 147
15 148
15 155
15 167
15 173
15 175
15 199
15 234
15 243
15 248
15 255
15 260
15 262
15 282
15 293
15 334
15 335
15 337
15 341
15 342
15 346
15 360
15 363
15 377
15 380
16 30
16 41
16 44
16 64
16 70
16 76
16 89
16 95
16 109
16 121
16 149
16 153
16 159
16 169
16 186
16 190
16 216
16 217
16 231
16 232
16 240
16 246
16 249
16 256
16 258
16 261
16 280
16 285
16 295
16 319
16 322
16 323
16 335
16 348
16 359
16 379
16 380
16 383
16 395
16 398
17 20
17 21
17 29
17 31
17 33
17 38
17 62
17 64
17 69
17 85
17 88
17 89
17 98
17 106
17 125
17 146
17 166
17 167
17 175
17 178
17 186
17 196
17 206
17 210
17 221
17 224
17 242
17 256
17 272
17 274
17 297
17 308
17 310
17 325
17 331
17 332
17 361
17 367
17 372
17 373
17 374
17 375
17 376
17 379
17 382
18 33
18 42
18 48
18 61
18 68
18 79
18 81
18 97
18 104
18 117
18 169
18 186
18 215
18 235
18 278
18 296
18 302
18 303
18 304
18 321
18 330
18 333
18 345
18 349
18 378
18 392
19 22
19 25
19 27
19 29
19 57
19 65
19 79
19 103
19 116
19 126
19 145
19 146
19 156
19 192
19 205
19 231
19 238
19 240
19 253
19 254
19 261
19 264
19 279
19 282
19 302
19 341
19 345
19 348
19 357
19 366
19 370
19 378
19 379
19 394
20 34
20 39
20 60
20 62
20 63
20 64
20 66
20 73
20 78
20 80
20 94
20 97
20 107
20 110
20 121
20 143
20 166
20 174
20 179
20 195
20 197
20 200
20 201
20 203
20 209
20 210
20 212
20 217
20 219
20 224
20 247
20 253
20 277
20 280
20 286
20 297
20 322
20 324
20 329
20 338
20 352
20 356
20 376
20 380
21 37
21 40
21 42
21 50
21 57
21 62
21 75
21 92
21 113
21 114
21 119
21 150
21 153
21 160
21 163
21 164
21 173
21 189
21 193
21 199
21 206
21 217
21 228
21 234
21 236
21 238
21 256
21 271
21 284
21 295
21 308
21 314
21 317
21 386
21 393
22 26
22 29
22 30
22 47
22 51
22 53
22 54
22 76
22 83
22 115
22 123
22 130
22 141
22 143
22 157
22 162
22 182
22 198
22 215
22 222
22 232
22 244
22 261
22 271
22 286
22 292
22 300
22 325
22 331
22 355
22 363
22 370
22 374
22 375
22 388
23 26
23 29
23 31
23 33
23 39
23 40
23 47
23 58
23 59
23 71
23 93
23 98
23 124
23 134
23 144
23 165
23 191
23 193
23 201
23 202
23 209
23 211
23 212
23 214
23 235
23 239
23 248
23 251
23 254
23 258
23 259
23 261
23 262
23 266
23 273
23 276
23 277
23 289
23 294
23 296
23 297
23 305
23 318
23 319
23 321
23 331
23 365
23 367
23 377
23 387
23 392
24 31
24 34
24 40
24 43
24 59
24 73
24 82
24 94
24 102
24 105
24 115
24 128
24 130
24 131
24 143
24 146
24 153
24 179
24 184
24 227
24 235
24 246
24 251
24 255
24 264
24 266
24 271
24 273
24 276
24 282
24 325
24 328
24 333
24 338
24 341
24 353
24 356
24 369
24 382
24 384
24 395
24 396
24 399
25 28
25 30
25 37
25 42
25 50
25 54
25 57
25 64
25 68
25 70
25 88
25 95
25 96
25 97
25 109
25 118
25 140
25 155
25 156
25 162
25 163
25 164
25 167
25 169
25 171
25 180
25 184
25 198
25 199
25 203
25 211
25 235
25 245
25 248
25 250
25 260
25 270
25 272
25 278
25 282
25 284
25 285
25 291
25 309
25 320
25 333
25 335
25 338
25 351
25 355
25 366
25 373
25 385
25 392
25 397
26 37
26 51
26 55
26 69
26 74
26 79
26 81
26 83
26 88
26 99
26 101
26 107
26 112
26 118
26 144
26 145
26 158
26 181
26 200
26 202
26 212
26 261
26 299
26 311
26 328
26 343
26 345
26 361
26 376
26 380
26 384
26 393
27 37
27 44
27 53
27 56
27 59
27 68
27 104
27 115
27 116
27 118
27 147
27 148
27 157
27 192
27 194
27 205
27 207
27 208
27 236
27 241
27 259
27 297
27 307
27 311
27 315
27 330
27 332
27 337
27 341
27 343
27 353
27 373
27 386
28 40
28 45
28 49
28 55
28 65
28 70
28 88
28 89
28 92
28 103
28 117
28 118
28 125
28 130
28 154
28 157
28 171
28 184
28 190
28 202
28 203
28 204
28 206
28 215
28 225
28 245
28 261
28 263
28 267
28 272
28 274
28 307
28 314
28 317
28 319
28 330
28 342
28 350
28 368
28 378
28 381
28 395
28 397
29 35
29 42
29 43
29 52
29 54
29 68
29 90
29 105
29 110
29 111
29 113
29 115
29 137
29 177
29 179
29 183
29 200
29 227
29 243
29 274
29 285
29 315
29 330
29 335
29 351
29 353
29 358
29 372
29 373
29 383
30 36
30 41
30 49
30 82
30 91
30 96
30 113
30 117
30 121
30 123
30 128
30 131
30 135
30 161
30 183
30 189
30 202
30 212
30 235
30 248
30 258
30 265
30 268
30 276
30 278
30 295
30 320
30 324
30 325
30 336
30 337
30 338
30 345
30 399
31 38
31 42
31 46
31 51
31 56
31 70
31 73
31 74
31 86
31 93
31 94
31 126
31 127
31 150
31 151
31 154
31 168
31 172
31 185
31 213
31 224
31 237
31 242
31 249
31 285
31 296
31 309
31 324
31 345
31 346
31 348
31 349
31 359
31 363
31 366
31 375
32 37
32 42
32 43
32 44
32 76
32 94
32 105
32 108
32 149
32 197
32 222
32 229
32 232
32 234
32 243
32 263
32 265
32 280
32 302
32 325
32 330
32 362
33 40
33 74
33 81
33 87
33 104
33 118
33 119
33 127
33 130
33 142
33 145
33 154
33 156
33 171
33 177
33 182
33 196
33 210
33 239
33 254
33 267
33 268
33 275
33 286
33 289
33 298
33 304
33 307
33 311
33 314
33 317
33 335
33 347
33 349
33 380
34 48
34 58
34 59
34 68
34 79
34 81
34 85
34 93
34 107
34 111
34 114
34 121
34 131
34 135
34 144
34 149
34 155
34 157
34 162
34 180
34 181
34 185
34 206
34 212
34 222
34 228
34 229
34 231
34 250
34 262
34 276
34 285
34 297
34 320
34 323
34 329
34 351
34 356
34 397
35 42
35 72
35 73
35 81
35 84
35 86
35 123
35 124
35 125
35 129
35 144
35 150
35 154
35 155
35 173
35 175
35 181
35 186
35 190
35 197
35 199
35 210
35 215
35 230
35 269
35 275
35 277
35 278
35 298
35 308
35 319
35 327
35 330
35 332
35 344
35 365
35 375
35 376
35 383
35 390
36 47
36 58
36 64
36 84
36 109
36 113
36 120
36 132
36 133
36 142
36 147
36 154
36 178
36 193
36 195
36 212
36 225
36 229
36 236
36 248
36 249
36 252
36 278
36 282
36 284
36 293
36 297
36 325
36 326
36 340
36 368
36 369
36 389
36 390
37 58
37 69
37 79
37 80
37 81
37 85
37 93
37 96
37 111
37 112
37 122
37 155
37 176
37 188
37 190
37 197
37 216
37 221
37 224
37 238
37 255
37 258
37 268
37 298
37 299
37 308
37 314
37 329
37 341
37 348
37 357
37 378
37 381
37 389
37 394
37 396
38 63
38 76
38 78
38 82
38 89
38 108
38 118
38 162
38 170
38 175
38 189
38 194
38 209
38 212
38 215
38 222
38 231
38 240
38 247
38 256
38 257
38 276
38 284
38 285
38 300
38 325
38 326
38 344
38 350
38 351
38 366
38 376
38 397
39 40
39 53
39 56
39 66
39 72
39 75
39 76
39 80
39 81
39 85
39 86
39 90
39 107
39 115
39 136
39 155
39 168
39 175
39 176
39 178
39 180
39 184
39 191
39 207
39 208
39 213
39 217
39 226
39 250
39 251
39 259
39 273
39 278
39 291
39 328
39 358
39 368
39 384
39 397
39 398
40 49
40 61
40 67
40 79
40 90
40 119
40 124
40 127
40 128
40 133
40 138
40 140
40 150
40 152
40 164
40 175
40 193
40 194
40 208
40 209
40 223
40 233
40 247
40 249
40 262
40 263
40 265
40 286
40 291
40 325
40 333
40 341
40 356
40 363
40 365
40 369
40 370
40 372
40 388
40 390
40 391
40 393
41 55
41 63
41 86
41 108
41 126
41 158
41 163
41 179
41 199
41 219
41 226
41 249
41 250
41 252
41 255
41 260
41 271
41 278
41 280
41 286
41 297
41 298
41 303
41 342
41 350
41 351
41 373
41 374
41 380
41 384
41 391
42 46
42 47
42 50
42 59
42 72
42 73
42 75
42 82
42 85
42 101
42 106
42 125
42 158
42 161
42 162
42 171
42 177
42 179
42 204
42 205
42 221
42 237
42 244
42 267
42 290
42 295
42 329
42 339
42 365
42 366
42 383
42 390
43 54
43 55
43 57
43 61
43 72
43 104
43 132
43 141
43 142
43 146
43 154
43 155
43 156
43 173
43 186
43 196
43 198
43 205
43 226
43 240
43 244
43 246
43 251
43 252
43 263
43 266
43 286
43 287
43 306
43 316
43 319
43 320
43 324
43 329
43 347
43 356
43 361
43 363
43 364
43 368
43 394
43 398
44 58
44 60
44 85
44 109
44 111
44 113
44 135
44 148
44 170
44 174
44 195
44 213
44 222
44 226
44 232
44 241
44 258
44 328
44 341
44 349
44 367
44 368
44 376
44 383
44 394
44 399
45 54
45 63
45 69
45 79
45 81
45 91
45 95
45 108
45 115
45 122
45 131
45 161
45 170
45 173
45 192
45 200
45 211
45 219
45 230
45 232
45 233
45 235
45 237
45 239
45 247
45 263
45 267
45 270
45 288
45 292
45 301
45 303
45 304
45 315
45 316
45 317
45 318
45 325
45 347
45 355
45 357
45 362
45 367
45 377
45 379
45 381
45 385
45 391
46 56
46 57
46 60
46 62
46 71
46 72
46 81
46 99
46 102
46 115
46 123
46 127
46 131
46 135
46 177
46 191
46 200
46 201
46 210
46 219
46 220
46 253
46 277
46 284
46 302
46 309
46 322
46 336
46 344
46 348
46 349
46 362
46 374
46 398
46 399
47 53
47 66
47 71
47 79
47 88
47 107
47 110
47 128
47 140
47 153
47 156
47 180
47 234
47 240
47 243
47 248
47 260
47 261
47 283
47 296
47 302
47 313
47 314
47 318
47 324
47 338
47 342
47 349
47 392
48 50
48 73
48 82
48 85
48 97
48 102
48 103
48 115
48 119
48 139
48 146
48 149
48 150
48 151
48 152
48 154
48 163
48 167
48 170
48 173
48 178
48 191
48 217
48 224
48 242
48 250
48 254
48 256
48 299
48 319
48 332
48 333
48 346
48 375
48 379
49 58
49 75
49 76
49 95
49 113
49 137
49 138
49 145
49 148
49 175
49 204
49 212
49 239
49 248
49 272
49 283
49 298
49 311
49 320
49 349
49 393
49 398
50 59
50 67
50 75
50 77
50 78
50 82
50 86
50 94
50 95
50 102
50 106
50 109
50 112
50 114
50 122
50 165
50 169
50 182
50 184
50 187
50 192
50 198
50 208
50 217
50 224
50 229
50 231
50 232
50 263
50 268
50 316
50 330
50 348
50 368
50 371
50 377
50 378
51 53
51 75
51 77
51 103
51 116
51 117
51 137
51 140
51 141
51 161
51 174
51 183
51 186
51 198
51 204
51 210
51 228
51 240
51 241
51 282
51 286
51 302
51 313
51 314
51 350
51 353
51 359
51 372
51 390
52 56
52 57
52 69
52 94
52 109
52 126
52 149
52 150
52 158
52 168
52 175
52 194
52 198
52 200
52 226
52 229
52 232
52 243
52 247
52 253
52 257
52 295
52 296
52 299
52 307
52 312
52 317
52 319
52 324
52 329
52 334
52 357
52 361
52 369
52 387
52 390
52 393
52 394
52 395
52 396
53 61
53 67
53 69
53 73
53 85
53 90
53 103
53 128
53 152
53 160
53 166
53 169
53 185
53 191
53 196
53 200
53 205
53 209
53 210
53 213
53 215
53 220
53 223
53 228
53 234
53 239
53 250
53 265
53 272
53 312
53 323
53 325
53 329
53 332
53 364
53 369
54 63
54 67
54 75
54 76
54 80
54 83
54 87
54 92
54 94
54 143
54 153
54 156
54 158
54 169
54 171
54 175
54 176
54 191
54 207
54 219
54 233
54 247
54 253
54 254
54 259
54 274
54 282
54 284
54 307
54 308
54 317
54 337
54 349
54 352
54 366
54 390
55 66
55 73
55 96
55 100
55 125
55 169
55 173
55 193
55 210
55 235
55 239
55 245
55 248
55 258
55 265
55 266
55 293
55 298
55 338
55 345
55 346
55 349
55 358
55 377
55 396
56 63
56 64
56 70
56 85
56 88
56 90
56 115
56 118
56 126
56 131
56 132
56 141
56 154
56 170
56 173
56 174
56 177
56 195
56 207
56 227
56 229
56 234
56 242
56 249
56 252
56 256
56 258
56 304
56 313
56 314
56 326
56 375
56 376
56 388
56 396
57 65
57 72
57 104
57 114
57 120
57 135
57 144
57 148
57 154
57 155
57 178
57 204
57 205
57 207
57 219
57 222
57 228
57 231
57 232
57 237
57 257
57 271
57 275
57 286
57 301
57 311
57 338
57 341
57 351
57 362
57 373
57 376
57 377
57 382
57 393
58 83
58 90
58 101
58 113
58 120
58 125
58 177
58 193
58 199
58 206
58 223
58 227
58 233
58 234
58 236
58 272
58 277
58 278
58 324
58 364
58 374
58 385
58 386
59 61
59 67
59 75
59 79
59 82
59 83
59 87
59 88
59 98
59 101
59 112
59 119
59 130
59 132
59 138
59 147
59 150
59 171
59 179
59 184
59 192
59 203
59 209
59 224
59 256
59 269
59 279
59 291
59 307
59 324
59 342
59 343
59 348
59 355
59 364
59 367
59 387
59 396
60 86
60 90
60 94
60 96
60 98
60 104
60 111
60 112
60 135
60 143
60 162
60 169
60 185
60 189
60 201
60 209
60 214
60 249
60 256
60 275
60 287
60 292
60 301
60 304
60 311
60 326
60 343
60 344
60 345
60 353
60 367
60 370
60 373
60 376
60 392
61 80
61 83
61 107
61 108
61 115
61 125
61 127
61 133
61 143
61 148
61 173
61 177
61 186
61 188
61 196
61 215
61 216
61 233
61 234
61 249
61 261
61 272
61 274
61 286
61 289
61 302
61 307
61 314
61 323
61 343
61 344
61 345
61 377
61 385
62 66
62 78
62 100
62 101
62 102
62 111
62 129
62 138
62 144
62 153
62 154
62 188
62 194
62 197
62 203
62 204
62 220
62 224
62 237
62 238
62 253
62 257
62 260
62 271
62 287
62 298
62 318
62 329
62 339
62 348
62 354
62 366
62 371
62 374
62 382
62 395
63 68
63 72
63 73
63 74
63 106
63 107
63 114
63 128
63 130
63 132
63 137
63 140
63 153
63 156
63 164
63 179
63 200
63 203
63 233
63 239
63 240
63 249
63 261
63 271
63 272
63 273
63 325
63 342
63 352
63 363
63 364
63 378
63 390
63 397
64 70
64 76
64 106
64 128
64 136
64 152
64 156
64 160
64 170
64 174
64 182
64 186
64 193
64 201
64 207
64 213
64 217
64 224
64 254
64 264
64 273
64 286
64 293
64 294
64 303
64 304
64 344
64 358
64 369
65 66
65 73
65 82
65 89
65 92
65 103
65 106
65 108
65 115
65 122
65 123
65 135
65 168
65 175
65 176
65 177
65 187
65 195
65 200
65 202
65 221
65 233
65 236
65 243
65 266
65 278
65 293
65 303
65 317
65 318
65 321
65 324
65 374
65 376
65 381
65 382
65 385
65 392
65 394
65 398
66 76
66 81
66 82
66 91
66 121
66 133
66 143
66 149
66 183
66 187
66 209
66 210
66 213
66 216
66 220
66 222
66 223
66 235
66 244
66 247
66 249
66 261
66 275
66 295
66 298
66 309
66 312
66 313
66 314
66 321
66 329
66 333
66 336
66 353
66 355
66 357
66 361
66 366
66 371
66 378
66 384
66 389
66 392
67 68
67 81
67 82
67 83
67 85
67 88
67 101
67 104
67 105
67 123
67 128
67 140
67 147
67 155
67 158
67 160
67 168
67 170
67 171
67 181
67 198
67 215
67 217
67 220
67 240
67 244
67 245
67 254
67 257
67 258
67 261
67 271
67 282
67 283
67 309
67 328
67 334
67 353
67 362
67 365
67 367
67 384
67 388
67 392
68 100
68 101
68 133
68 142
68 147
68 159
68 168
68 171
68 174
68 178
68 186
68 197
68 244
68 246
68 284
68 297
68 301
68 316
68 321
68 341
68 350
68 373
68 386
68 389
68 396
69 75
69 106
69 108
69 112
69 131
69 142
69 163
69 175
69 180
69 192
69 199
69 208
69 232
69 233
69 248
69 249
69 254
69 262
69 277
69 283
69 294
69 301
69 303
69 308
69 330
69 336
69 344
69 349
69 352
69 360
69 364
69 372
69 374
69 385
69 397
70 94
70 98
70 103
70 127
70 129
70 153
70 164
70 167
70 171
70 179
70 182
70 186
70 187
70 191
70 192
70 213
70 218
70 221
70 243
70 266
70 272
70 274
70 275
70 285
70 294
70 297
70 304
70 330
70 331
70 340
70 342
70 348
70 351
70 353
70 359
70 367
70 370
70 376
70 390
70 393
70 396
71 75
71 79
71 87
71 130
71 178
71 182
71 186
71 208
71 224
71 232
71 237
71 275
71 279
71 290
71 312
71 327
71 347
71 349
71 350
71 354
71 358
71 366
71 383
71 389
71 391
71 399
72 82
72 105
72 107
72 108
72 115
72 120
72 123
72 135
72 140
72 154
72 186
72 188
72 189
72 193
72 194
72 198
72 211
72 222
72 224
72 227
72 229
72 236
72 240
72 243
72 250
72 266
72 278
72 279
72 280
72 282
72 306
72 307
72 314
72 331
72 332
72 337
72 344
72 349
72 350
72 351
72 356
72 364
72 375
72 384
73 76
73 83
73 93
73 96
73 112
73 115
73 125
73 132
73 142
73 155
73 158
73 182
73 192
73 209
73 226
73 227
73 233
73 235
73 240
73 242
73 297
73 304
73 329
73 338
73 342
73 352
73 364
73 376
73 393
73 394
74 80
74 101
74 106
74 110
74 120
74 121
74 123
74 133
74 139
74 141
74 147
74 162
74 173
74 177
74 186
74 196
74 199
74 236
74 285
74 319
74 325
74 328
74 331
74 352
74 367
74 372
74 394
75 82
75 87
75 92
75 102
75 103
75 119
75 138
75 140
75 157
75 165
75 172
75 173
75 190
75 211
75 212
75 220
75 231
75 252
75 267
75 269
75 276
75 277
75 280
75 282
75 302
75 307
75 333
75 337
75 339
75 344
75 345
75 350
75 390
75 399
76 82
76 85
76 86
76 89
76 95
76 106
76 110
76 117
76 128
76 143
76 164
76 166
76 179
76 221
76 230
76 239
76 246
76 263
76 278
76 296
76 301
76 305
76 307
76 311
76 327
76 328
76 330
76 333
76 335
76 342
76 344
76 370
76 391
77 96
77 97
77 120
77 122
77 131
77 144
77 149
77 185
77 189
77 244
77 267
77 270
77 273
77 282
77 339
77 355
77 363
77 367
77 373
77 386
78 99
78 100
78 118
78 127
78 132
78 136
78 145
78 155
78 162
78 163
78 182
78 183
78 189
78 195
78 197
78 205
78 209
78 218
78 232
78 239
78 242
78 249
78 254
78 264
78 265
78 269
78 279
78 282
78 283
78 284
78 285
78 288
78 296
78 309
78 315
78 326
78 371
78 375
78 376
78 381
78 388
78 389
78 396
78 397
79 83
79 98
79 103
79 106
79 118
79 146
79 151
79 172
79 174
79 175
79 177
79 213
79 222
79 228
79 232
79 248
79 251
79 261
79 308
79 310
79 316
79 324
79 332
79 344
79 354
79 378
79 390
79 391
80 83
80 90
80 101
80 112
80 117
80 137
80 138
80 153
80 163
80 181
80 204
80 212
80 252
80 257
80 265
80 277
80 280
80 281
80 299
80 311
80 317
80 324
80 325
80 351
80 366
80 368
80 374
80 388
80 391
80 394
81 85
81 105
81 119
81 120
81 121
81 124
81 132
81 148
81 154
81 155
81 158
81 168
81 179
81 191
81 194
81 198
81 215
81 226
81 227
81 228
81 229
81 237
81 239
81 255
81 312
81 327
81 329
81 352
81 358
81 368
81 384
81 389
82 85
82 109
82 129
82 158
82 159
82 168
82 178
82 193
82 197
82 206
82 209
82 213
82 215
82 232
82 256
82 257
82 270
82 283
82 295
82 301
82 314
82 318
82 334
82 338
82 359
82 376
82 382
82 393
82 395
83 85
83 90
83 93
83 102
83 128
83 148
83 151
83 156
83 161
83 189
83 200
83 217
83 237
83 239
83 268
83 276
83 294
83 308
83 321
83 366
83 369
83 375
83 379
83 381
83 385
83 387
83 389
83 395
83 397
84 92
84 102
84 116
84 123
84 131
84 149
84 161
84 184
84 194
84 209
84 232
84 233
84 234
84 256
84 274
84 297
84 299
84 308
84 314
84 319
84 340
84 341
84 359
84 380
84 383
85 95
85 106
85 109
85 113
85 114
85 117
85 121
85 150
85 152
85 162
85 170
85 174
85 185
85 186
85 191
85 193
85 213
85 227
85 229
85 234
85 246
85 263
85 278
85 285
85 286
85 297
85 302
85 304
85 305
85 324
85 337
85 342
85 346
85 366
85 368
85 379
85 390
86 105
86 107
86 108
86 120
86 123
86 137
86 149
86 162
86 173
86 174
86 192
86 205
86 215
86 244
86 253
86 271
86 283
86 290
86 302
86 329
86 357
86 362
86 392
86 393
87 98
87 127
87 138
87 146
87 148
87 161
87 174
87 190
87 208
87 209
87 212
87 217
87 218
87 219
87 224
87 233
87 241
87 252
87 275
87 308
87 319
87 323
87 328
87 332
87 338
87 341
87 346
87 364
87 371
87 372
87 384
87 385
87 387
88 89
88 108
88 111
88 116
88 121
88 138
88 139
88 142
88 147
88 152
88 167
88 177
88 181
88 194
88 207
88 212
88 213
88 222
88 240
88 242
88 243
88 245
88 265
88 276
88 279
88 280
88 284
88 285
88 287
88 310
88 315
88 326
88 327
88 328
88 336
88 345
88 347
88 364
88 370
88 378
88 394
89 114
89 122
89 141
89 158
89 192
89 194
89 196
89 197
89 203
89 224
89 232
89 239
89 240
89 243
89 247
89 250
89 255
89 264
89 265
89 268
89 281
89 300
89 327
89 328
89 330
89 332
89 333
89 340
89 344
89 345
89 367
89 384
89 387
89 390
90 116
90 129
90 133
90 135
90 154
90 181
90 182
90 196
90 197
90 199
90 211
90 218
90 228
90 230
90 243
90 249
90 257
90 267
90 273
90 304
90 311
90 326
90 328
90 331
90 344
90 358
90 364
90 366
90 369
90 370
90 377
90 385
91 96
91 108
91 110
91 111
91 116
91 118
91 121
91 122
91 125
91 139
91 173
91 175
91 182
91 213
91 217
91 224
91 232
91 239
91 240
91 262
91 266
91 272
91 276
91 277
91 283
91 295
91 299
91 306
91 311
91 330
91 335
91 337
91 344
91 345
91 352
91 353
91 362
91 370
91 371
91 377
91 393
92 99
92 120
92 127
92 133
92 135
92 140
92 147
92 153
92 154
92 167
92 186
92 200
92 207
92 208
92 215
92 220
92 230
92 232
92 239
92 243
92 259
92 279
92 311
92 312
92 321
92 330
92 351
92 360
92 365
92 384
93 96
93 101
93 110
93 133
93 154
93 160
93 161
93 179
93 204
93 206
93 218
93 221
93 241
93 245
93 263
93 269
93 273
93 277
93 285
93 291
93 299
93 301
93 306
93 314
93 326
93 337
93 341
93 357
93 386
93 388
93 393
94 95
94 119
94 123
94 137
94 139
94 182
94 185
94 191
94 203
94 204
94 241
94 252
94 265
94 290
94 299
94 301
94 305
94 309
94 324
94 334
94 357
94 373
94 378
94 383
94 387
95 96
95 100
95 115
95 116
95 117
95 135
95 139
95 172
95 186
95 191
95 216
95 227
95 228
95 241
95 247
95 253
95 275
95 284
95 285
95 319
95 328
95 337
95 339
95 340
95 358
95 367
95 375
96 111
96 117
96 139
96 144
96 148
96 149
96 153
96 182
96 187
96 190
96 191
96 200
96 203
96 204
96 211
96 217
96 221
96 226
96 238
96 242
96 243
96 252
96 256
96 270
96 272
96 298
96 309
96 311
96 322
96 343
96 357
96 377
96 388
96 399
97 102
97 113
97 120
97 122
97 130
97 138
97 147
97 152
97 175
97 178
97 185
97 186
97 196
97 199
97 232
97 240
97 247
97 250
97 272
97 273
97 274
97 284
97 288
97 291
97 295
97 330
97 339
97 366
97 388
97 393
97 398
98 99
98 109
98 117
98 132
98 155
98 163
98 172
98 189
98 204
98 212
98 213
98 215
98 222
98 230
98 236
98 242
98 252
98 261
98 267
98 273
98 277
98 283
98 287
98 304
98 305
98 314
98 320
98 334
98 341
98 346
98 347
98 378
98 393
98 394
99 104
99 113
99 123
99 129
99 140
99 162
99 177
99 204
99 213
99 218
99 219
99 224
99 233
99 265
99 272
99 281
99 297
99 302
99 309
99 312
99 322
99 332
99 353
99 356
99 359
99 361
99 370
99 386
100 113
100 117
100 126
100 138
100 159
100 162
100 166
100 167
100 169
100 206
100 213
100 224
100 232
100 271
100 273
100 280
100 287
100 292
100 297
100 302
100 313
100 314
100 316
100 323
100 330
100 333
100 334
100 383
100 384
100 388
101 138
101 148
101 151
101 152
101 155
101 178
101 180
101 191
101 210
101 220
101 227
101 241
101 256
101 260
101 266
101 270
101 276
101 295
101 305
101 310
101 314
101 329
101 334
101 336
101 341
101 343
101 367
101 372
101 384
102 106
102 123
102 124
102 129
102 145
102 156
102 157
102 159
102 186
102 192
102 193
102 200
102 220
102 228
102 237
102 238
102 259
102 264
102 267
102 280
102 284
102 318
102 322
102 325
102 351
102 398
103 106
103 111
103 131
103 139
103 140
103 144
103 148
103 166
103 180
103 182
103 227
103 230
103 242
103 258
103 267
103 289
103 292
103 302
103 305
103 358
103 364
103 375
103 387
104 109
104 137
104 147
104 165
104 168
104 179
104 180
104 185
104 188
104 196
104 204
104 207
104 225
104 246
104 249
104 258
104 261
104 266
104 295
104 296
104 303
104 305
104 322
104 342
104 345
104 349
104 362
104 374
105 112
105 113
105 115
105 129
105 137
105 149
105 153
105 165
105 172
105 238
105 245
105 249
105 256
105 266
105 274
105 319
105 347
105 348
105 377
105 397
106 113
106 119
106 141
106 169
106 181
106 183
106 187
106 189
106 195
106 199
106 217
106 253
106 299
106 321
106 331
106 341
106 372
106 374
106 381
106 382
107 114
107 118
107 122
107 140
107 142
107 146
107 149
107 158
107 186
107 192
107 197
107 199
107 231
107 241
107 246
107 249
107 263
107 280
107 284
107 293
107 295
107 297
107 308
107 325
107 326
107 330
107 364
107 379
107 384
108 111
108 117
108 151
108 154
108 161
108 162
108 198
108 210
108 216
108 220
108 226
108 232
108 237
108 245
108 248
108 284
108 293
108 295
108 314
108 329
108 333
108 343
108 345
108 353
108 356
108 366
109 121
109 131
109 133
109 136
109 138
109 146
109 151
109 158
109 160
109 198
109 203
109 243
109 245
109 247
109 261
109 269
109 270
109 282
109 287
109 288
109 295
109 311
109 316
109 318
109 328
109 348
109 351
109 352
109 362
109 379
109 392
109 399
110 113
110 127
110 132
110 139
110 140
110 147
110 152
110 177
110 190
110 202
110 203
110 209
110 212
110 220
110 231
110 254
110 265
110 300
110 303
110 304
110 331
110 337
110 348
110 355
110 365
111 112
111 125
111 126
111 149
111 155
111 167
111 208
111 232
111 233
111 293
111 316
111 326
111 327
111 332
111 333
111 334
111 340
111 345
111 351
111 365
111 378
111 380
111 385
111 387
111 394
111 396
112 126
112 135
112 144
112 145
112 175
112 191
112 212
112 216
112 219
112 254
112 260
112 289
112 297
112 311
112 315
112 323
112 328
112 330
112 347
112 348
112 356
112 362
112 373
112 389
112 391
112 394
113 127
113 144
113 145
113 146
113 158
113 161
113 176
113 181
113 182
113 190
113 196
113 211
113 216
113 227
113 232
113 243
113 247
113 249
113 251
113 280
113 298
113 303
113 305
113 309
113 313
113 326
113 350
113 364
113 366
113 374
113 381
113 385
113 392
114 119
114 154
114 167
114 190
114 199
114 207
114 212
114 220
114 244
114 246
114 288
114 305
114 311
114 315
114 321
114 326
114 348
114 356
114 369
114 378
114 382
114 383
114 387
114 392
115 137
115 139
115 171
115 175
115 202
115 205
115 217
115 235
115 241
115 244
115 247
115 253
115 261
115 265
115 270
115 273
115 276
115 278
115 290
115 301
115 314
115 341
115 376
116 120
116 124
116 127
116 132
116 136
116 147
116 149
116 156
116 177
116 180
116 185
116 202
116 210
116 213
116 218
116 222
116 247
116 292
116 300
116 301
116 303
116 305
116 311
116 313
116 326
116 350
116 359
116 363
116 370
116 378
116 394
116 398
117 126
117 128
117 132
117 147
117 154
117 161
117 164
117 167
117 175
117 183
117 188
117 205
117 227
117 233
117 241
117 249
117 251
117 256
117 267
117 275
117 317
117 322
117 323
117 340
117 348
117 350
117 352
117 356
117 363
118 129
118 153
118 168
118 172
118 183
118 188
118 191
118 196
118 204
118 219
118 220
118 239
118 243
118 300
118 309
118 310
118 316
118 328
118 336
118 341
118 357
118 372
118 375
118 386
118 398
119 120
119 125
119 133
119 140
119 144
119 159
119 188
119 195
119 206
119 227
119 241
119 265
119 298
119 301
119 309
119 347
119 355
119 358
119 363
119 366
119 368
119 372
119 381
119 384
120 123
120 124
120 147
120 148
120 180
120 183
120 195
120 199
120 204
120 205
120 220
120 238
120 239
120 274
120 276
120 278
120 284
120 290
120 294
120 297
120 298
120 314
120 322
120 331
120 352
120 362
120 367
120 374
120 379
120 389
120 391
120 397
120 398
120 399
121 124
121 132
121 135
121 166
121 167
121 178
121 189
121 194
121 200
121 204
121 221
121 224
121 228
121 242
121 261
121 266
121 267
121 268
121 281
121 300
121 301
121 330
121 338
121 342
121 346
121 351
121 365
121 370
121 386
121 394
121 397
122 136
122 148
122 152
122 156
122 171
122 176
122 195
122 198
122 217
122 227
122 233
122 252
122 258
122 263
122 266
122 274
122 276
122 298
122 319
122 320
122 322
122 329
122 343
122 346
122 369
122 377
122 382
123 124
123 134
123 135
123 152
123 158
123 184
123 187
123 194
123 217
123 221
123 223
123 224
123 238
123 240
123 252
123 261
123 270
123 279
123 295
123 330
123 332
123 334
123 357
123 373
123 397
124 127
124 158
124 163
124 171
124 180
124 186
124 189
124 191
124 192
124 198
124 200
124 203
124 208
124 211
124 223
124 227
124 247
124 265
124 274
124 285
124 287
124 315
124 330
124 340
124 364
124 372
124 374
124 375
124 380
124 395
124 399
125 127
125 132
125 144
125 172
125 177
125 190
125 196
125 229
125 245
125 266
125 270
125 283
125 313
125 341
125 346
125 354
125 371
125 377
125 390
125 391
125 394
125 397
125 398
126 155
126 167
126 168
126 203
126 205
126 214
126 221
126 250
126 276
126 311
126 320
126 336
126 356
126 360
126 361
126 365
126 370
126 394
127 132
127 143
127 153
127 185
127 189
127 192
127 198
127 206
127 211
127 212
127 213
127 233
127 236
127 240
127 252
127 261
127 262
127 292
127 293
127 295
127 298
127 299
127 304
127 308
127 310
127 311
127 320
127 334
127 351
127 355
127 377
127 382
127 389
127 398
128 131
128 139
128 141
128 151
128 153
128 155
128 164
128 172
128 196
128 204
128 209
128 222
128 260
128 270
128 271
128 277
128 293
128 299
128 302
128 330
128 343
128 345
128 346
128 352
128 356
128 357
128 374
128 382
128 384
128 385
129 142
129 175
129 180
129 184
129 195
129 203
129 205
129 218
129 230
129 259
129 280
129 323
129 328
129 332
129 335
129 337
129 341
129 342
129 349
129 359
129 360
129 366
130 142
130 143
130 151
130 152
130 155
130 161
130 171
130 172
130 179
130 191
130 196
130 239
130 241
130 249
130 252
130 267
130 278
130 302
130 306
130 309
130 316
130 319
130 343
130 345
130 351
130 355
130 363
130 388
131 136
131 153
131 158
131 161
131 163
131 167
131 171
131 172
131 179
131 181
131 197
131 198
131 201
131 214
131 218
131 234
131 247
131 250
131 263
131 287
131 290
131 299
131 312
131 334
131 339
131 362
131 365
132 137
132 141
132 152
132 156
132 172
132 190
132 191
132 201
132 217
132 230
132 248
132 267
132 272
132 278
132 294
132 303
132 309
132 339
132 343
132 345
132 364
132 372
132 380
132 385
132 388
133 134
133 135
133 174
133 177
133 178
133 187
133 188
133 214
133 215
133 248
133 250
133 284
133 287
133 291
133 302
133 303
133 308
133 311
133 334
133 339
133 340
133 343
133 344
133 347
133 351
133 377
133 391
134 136
134 138
134 192
134 217
134 223
134 229
134 240
134 259
134 262
134 269
134 293
134 301
134 309
134 316
134 327
134 331
134 338
134 339
134 353
134 374
134 376
134 384
134 385
134 386
134 391
134 393
135 138
135 143
135 164
135 178
135 215
135 225
135 230
135 238
135 244
135 246
135 258
135 268
135 277
135 283
135 285
135 291
135 297
135 338
135 360
135 372
135 376
135 382
135 386
135 387
135 398
136 148
136 153
136 188
136 191
136 196
136 200
136 202
136 215
136 229
136 231
136 234
136 238
136 239
136 258
136 262
136 270
136 286
136 297
136 305
136 308
136 310
136 328
136 343
136 350
136 367
136 371
136 373
136 374
136 376
136 380
136 381
136 384
136 385
136 393
137 142
137 143
137 150
137 158
137 162
137 177
137 181
137 189
137 192
137 209
137 213
137 231
137 233
137 236
137 239
137 240
137 243
137 254
137 255
137 280
137 285
137 296
137 300
137 301
137 305
137 317
137 367
137 375
137 385
137 394
137 397
138 140
138 144
138 151
138 157
138 160
138 176
138 180
138 184
138 211
138 221
138 228
138 248
138 249
138 264
138 268
138 279
138 280
138 285
138 290
138 316
138 321
138 323
138 324
138 325
138 327
138 332
138 347
138 361
138 393
139 145
139 147
139 165
139 171
139 172
139 180
139 187
139 189
139 193
139 200
139 209
139 223
139 232
139 262
139 264
139 273
139 274
139 288
139 290
139 301
139 309
139 315
139 317
139 320
139 322
139 334
139 337
139 363
139 370
139 373
139 379
139 381
139 385
140 145
140 146
140 149
140 157
140 161
140 165
140 190
140 219
140 232
140 233
140 240
140 253
140 260
140 264
140 265
140 268
140 269
140 286
140 290
140 298
140 302
140 312
140 330
140 347
140 351
140 354
140 355
140 359
140 361
140 370
140 380
140 382
140 388
140 395
141 161
141 173
141 179
141 180
141 216
141 245
141 248
141 254
141 263
141 267
141 282
141 291
141 293
141 325
141 329
141 335
141 340
141 341
141 342
141 346
141 352
141 355
141 359
141 379
142 148
142 158
142 162
142 168
142 187
142 189
142 199
142 208
142 252
142 260
142 263
142 266
142 267
142 271
142 274
142 288
142 296
142 305
142 318
142 320
142 323
142 341
142 342
142 344
142 351
142 359
142 367
142 374
142 381
142 384
142 397
143 151
143 152
143 182
143 183
143 184
143 200
143 213
143 231
143 239
143 267
143 277
143 292
143 303
143 306
143 316
143 319
143 323
143 324
143 326
143 351
143 353
143 360
143 362
143 366
143 382
143 389
143 390
144 145
144 153
144 157
144 166
144 169
144 204
144 220
144 222
144 224
144 254
144 257
144 295
144 302
144 305
144 313
144 336
144 338
144 350
144 360
144 363
144 368
144 370
144 388
144 390
145 146
145 167
145 188
145 192
145 204
145 222
145 230
145 237
145 238
145 239
145 246
145 248
145 252
145 280
145 323
145 331
145 343
145 346
145 351
145 354
145 356
145 363
145 397
146 151
146 160
146 181
146 191
146 201
146 203
146 219
146 245
146 247
146 250
146 259
146 265
146 269
146 273
146 276
146 289
146 305
146 308
146 310
146 316
146 317
146 320
146 321
146 322
146 325
146 335
146 338
146 342
146 348
146 366
146 373
146 377
146 390
147 156
147 158
147 164
147 181
147 204
147 206
147 208
147 209
147 229
147 230
147 240
147 250
147 263
147 271
147 273
147 276
147 279
147 290
147 296
147 312
147 326
147 328
147 357
147 363
147 387
148 152
148 155
148 161
148 207
148 223
148 229
148 233
148 239
148 240
148 280
148 286
148 296
148 299
148 300
148 303
148 309
148 311
148 312
148 313
148 333
148 337
148 348
148 353
148 390
148 396
149 183
149 186
149 192
149 194
149 198
149 208
149 215
149 230
149 235
149 237
149 245
149 250
149 251
149 254
149 262
149 292
149 296
149 303
149 318
149 323
149 328
149 334
149 337
149 338
149 350
149 356
149 377
149 378
149 396
150 170
150 179
150 200
150 241
150 244
150 245
150 249
150 265
150 275
150 281
150 300
150 301
150 308
150 327
150 331
150 339
150 345
150 347
150 348
150 352
150 368
150 380
150 399
151 161
151 168
151 175
151 188
151 190
151 217
151 221
151 243
151 256
151 266
151 268
151 292
151 300
151 326
151 336
151 358
151 363
151 379
151 397
152 155
152 157
152 185
152 189
152 194
152 197
152 205
152 218
152 219
152 242
152 252
152 265
152 273
152 274
152 277
152 284
152 289
152 305
152 310
152 313
152 330
152 350
152 353
152 355
152 361
152 376
152 377
152 381
152 383
153 172
153 183
153 186
153 202
153 213
153 225
153 226
153 228
153 237
153 239
153 247
153 276
153 280
153 287
153 290
153 296
153 306
153 317
153 328
153 334
153 345
153 347
153 352
153 353
153 359
153 360
153 364
153 367
153 375
154 160
154 163
154 186
154 206
154 207
154 208
154 218
154 219
154 221
154 234
154 238
154 240
154 241
154 242
154 271
154 277
154 281
154 297
154 302
154 313
154 315
154 342
154 346
154 359
154 362
154 371
154 385
154 386
155 175
155 197
155 209
155 213
155 221
155 241
155 259
155 270
155 280
155 287
155 292
155 302
155 316
155 317
155 320
155 335
155 345
155 352
155 359
155 365
155 373
155 393
155 395
156 167
156 183
156 209
156 224
156 234
156 235
156 244
156 264
156 281
156 299
156 300
156 308
156 324
156 353
156 366
156 371
156 381
156 387
157 176
157 177
157 208
157 211
157 230
157 245
157 248
157 266
157 294
157 295
157 302
157 312
157 313
157 329
157 340
157 344
157 356
157 374
157 380
157 381
157 388
157 390
157 393
157 394
157 399
158 174
158 198
158 206
158 209
158 215
158 218
158 236
158 238
158 245
158 252
158 260
158 261
158 279
158 287
158 288
158 298
158 304
158 321
158 330
158 334
158 340
158 353
158 358
158 383
158 389
158 393
158 394
159 169
159 183
159 184
159 195
159 200
159 210
159 221
159 227
159 241
159 244
159 248
159 250
159 253
159 264
159 308
159 324
159 341
159 352
159 357
159 358
159 379
160 192
160 198
160 207
160 229
160 232
160 255
160 265
160 268
160 281
160 289
160 290
160 291
160 293
160 296
160 297
160 303
160 305
160 338
160 341
160 346
160 376
160 377
160 399
161 183
161 216
161 220
161 221
161 224
161 225
161 255
161 266
161 274
161 276
161 278
161 280
161 281
161 318
161 323
161 339
161 358
161 361
161 382
161 394
161 397
162 170
162 173
162 174
162 176
162 180
162 188
162 189
162 192
162 194
162 197
162 203
162 226
162 229
162 264
162 273
162 283
162 311
162 318
162 321
162 325
162 336
162 338
162 339
162 341
162 353
162 364
162 366
162 373
162 390
163 187
163 195
163 204
163 216
163 242
163 257
163 260
163 261
163 265
163 271
163 286
163 290
163 303
163 304
163 319
163 322
163 324
163 325
163 326
163 338
163 373
163 384
164 187
164 196
164 197
164 204
164 208
164 234
164 237
164 239
164 242
164 243
164 252
164 261
164 264
164 265
164 273
164 275
164 276
164 279
164 286
164 292
164 305
164 326
164 352
164 354
164 366
164 376
164 381
164 392
165 176
165 179
165 183
165 204
165 208
165 209
165 221
165 222
165 223
165 235
165 237
165 259
165 263
165 272
165 277
165 288
165 293
165 304
165 322
165 332
165 342
165 343
165 352
165 357
165 362
165 373
165 375
165 379
165 382
165 393
165 397
166 186
166 192
166 217
166 225
166 227
166 242
166 253
166 258
166 280
166 287
166 290
166 315
166 322
166 334
166 343
166 347
166 348
166 349
166 350
166 355
166 378
166 383
166 391
166 396
167 168
167 176
167 192
167 196
167 199
167 200
167 210
167 223
167 231
167 242
167 245
167 248
167 257
167 262
167 265
167 283
167 320
167 338
167 345
167 361
167 365
167 379
167 385
167 392
167 393
168 173
168 196
168 201
168 222
168 232
168 240
168 259
168 275
168 282
168 293
168 300
168 314
168 349
168 359
168 380
169 171
169 188
169 198
169 203
169 220
169 226
169 228
169 245
169 259
169 267
169 289
169 292
169 303
169 312
169 327
169 328
169 344
169 345
169 357
169 364
169 387
169 391
169 392
170 175
170 178
170 192
170 202
170 216
170 217
170 220
170 234
170 240
170 243
170 259
170 267
170 272
170 278
170 292
170 294
170 300
170 303
170 306
170 318
170 336
170 369
170 377
170 380
170 381
170 394
171 172
171 180
171 188
171 200
171 208
171 212
171 240
171 241
171 253
171 264
171 265
171 302
171 305
171 307
171 314
171 337
171 343
171 377
171 393
172 181
172 225
172 234
172 241
172 250
172 266
172 280
172 286
172 297
172 307
172 324
172 327
172 334
172 335
172 352
172 366
172 373
172 382
172 388
173 176
173 179
173 191
173 194
173 203
173 205
173 221
173 255
173 266
173 278
173 298
173 302
173 307
173 309
173 312
173 315
173 319
173 342
173 346
173 366
173 368
173 373
173 380
173 383
173 388
173 396
173 397
174 181
174 188
174 213
174 218
174 232
174 248
174 250
174 254
174 263
174 285
174 291
174 301
174 312
174 327
174 332
174 340
174 358
174 375
174 396
175 196
175 202
175 206
175 207
175 210
175 217
175 249
175 275
175 295
175 311
175 321
175 353
175 369
175 378
175 381
175 384
175 387
175 391
175 399
176 178
176 181
176 187
176 189
176 192
176 194
176 213
176 239
176 267
176 271
176 274
176 282
176 283
176 287
176 297
176 308
176 328
176 342
176 347
176 350
176 376
176 379
176 389
177 180
177 193
177 194
177 196
177 197
177 204
177 221
177 226
177 231
177 241
177 247
177 261
177 262
177 273
177 275
177 295
177 316
177 318
177 323
177 344
177 350
177 356
177 361
177 375
177 384
177 385
177 386
177 387
178 183
178 190
178 209
178 227
178 230
178 264
178 328
178 359
178 394
179 192
179 194
179 208
179 223
179 224
179 231
179 233
179 236
179 244
179 248
179 258
179 265
179 267
179 292
179 300
179 311
179 323
179 335
179 349
179 365
179 366
179 380
179 381
179 387
180 243
180 252
180 263
180 272
180 273
180 304
180 322
180 329
180 333
180 344
180 348
180 350
180 363
180 365
180 368
181 182
181 191
181 195
181 201
181 223
181 228
181 229
181 254
181 261
181 263
181 271
181 277
181 292
181 294
181 319
181 328
181 330
181 331
181 333
181 337
181 361
181 367
181 396
181 398
182 199
182 204
182 213
182 214
182 226
182 228
182 249
182 251
182 258
182 259
182 273
182 280
182 303
182 320
182 324
182 337
182 353
182 377
182 378
182 383
182 386
183 206
183 213
183 218
183 228
183 270
183 272
183 279
183 298
183 305
183 311
183 314
183 325
183 340
183 344
183 348
183 364
183 370
183 378
183 379
183 385
184 185
184 186
184 188
184 199
184 202
184 204
184 215
184 221
184 248
184 268
184 272
184 275
184 279
184 307
184 314
184 324
184 327
184 335
184 342
184 346
184 357
184 358
184 367
184 368
184 371
184 380
184 384
184 385
184 398
185 195
185 214
185 219
185 226
185 233
185 236
185 239
185 257
185 269
185 274
185 277
185 294
185 299
185 306
185 310
185 316
185 321
185 330
185 333
185 335
185 348
185 359
185 367
185 368
185 370
185 386
185 395
186 191
186 219
186 243
186 253
186 259
186 265
186 266
186 268
186 274
186 285
186 286
186 296
186 297
186 301
186 304
186 314
186 325
186 340
186 350
186 357
186 373
186 374
186 387
187 190
187 191
187 199
187 221
187 238
187 246
187 247
187 255
187 260
187 266
187 268
187 286
187 289
187 291
187 306
187 316
187 317
187 319
187 351
187 377
187 382
187 383
187 393
187 399
188 206
188 230
188 276
188 300
188 323
188 332
188 355
188 371
189 194
189 195
189 197
189 200
189 208
189 210
189 211
189 246
189 247
189 250
189 262
189 266
189 276
189 281
189 285
189 300
189 301
189 315
189 339
189 389
189 398
190 192
190 199
190 210
190 212
190 222
190 262
190 272
190 276
190 286
190 298
190 321
190 322
190 325
190 345
190 369
190 370
190 372
190 384
191 203
191 205
191 207
191 222
191 229
191 238
191 242
191 248
191 259
191 263
191 308
191 315
191 318
191 325
191 331
191 334
191 337
191 339
191 358
191 379
191 381
191 385
191 390
192 215
192 234
192 244
192 304
192 305
192 308
192 312
192 336
192 344
192 351
192 362
192 377
192 379
192 384
192 395
193 197
193 229
193 232
193 245
193 254
193 269
193 270
193 286
193 296
193 320
193 322
193 324
193 342
193 348
193 360
193 377
193 379
193 390
194 205
194 214
194 215
194 224
194 261
194 276
194 277
194 283
194 304
194 305
194 306
194 328
194 331
194 356
194 358
194 360
194 361
194 362
194 366
194 373
194 396
195 196
195 198
195 211
195 212
195 214
195 255
195 257
195 267
195 273
195 285
195 290
195 291
195 300
195 303
195 317
195 327
195 342
195 353
195 357
195 362
195 364
195 365
195 371
195 391
195 395
196 216
196 217
196 233
196 254
196 256
196 274
196 296
196 304
196 316
196 328
196 332
196 336
196 340
196 343
196 348
196 350
196 353
196 357
196 384
196 385
196 386
197 203
197 206
197 215
197 219
197 229
197 230
197 234
197 258
197 259
197 265
197 269
197 302
197 303
197 307
197 327
197 335
197 342
197 346
197 352
197 354
197 357
197 383
197 394
198 211
198 212
198 218
198 237
198 240
198 258
198 274
198 284
198 288
198 290
198 294
198 298
198 306
198 307
198 311
198 313
198 324
198 342
198 378
198 386
198 395
198 399
199 210
199 222
199 226
199 243
199 252
199 266
199 272
199 275
199 282
199 286
199 288
199 291
199 302
199 323
199 330
199 333
199 345
199 356
199 361
199 374
200 204
200 207
200 213
200 216
200 223
200 230
200 240
200 250
200 260
200 266
200 282
200 283
200 288
200 290
200 292
200 294
200 303
200 313
200 317
200 319
200 356
200 375
200 376
201 204
201 221
201 229
201 234
201 246
201 249
201 250
201 277
201 280
201 286
201 287
201 291
201 298
201 313
201 323
201 326
201 331
201 338
201 340
201 344
201 351
201 352
201 367
201 369
201 372
201 385
202 211
202 213
202 216
202 218
202 219
202 227
202 234
202 237
202 289
202 373
202 377
202 389
203 215
203 234
203 235
203 250
203 254
203 260
203 261
203 264
203 265
203 283
203 295
203 330
203 338
203 375
203 384
203 393
203 395
204 211
204 222
204 229
204 245
204 247
204 248
204 273
204 305
204 307
204 316
204 327
204 337
204 379
205 206
205 208
205 212
205 217
205 224
205 247
205 251
205 254
205 275
205 276
205 286
205 324
205 334
205 336
205 358
205 359
205 367
205 375
205 377
205 386
205 387
205 396
205 397
205 399
206 220
206 237
206 247
206 297
206 304
206 315
206 326
206 347
206 353
206 359
206 369
206 371
206 383
206 396
207 213
207 220
207 222
207 236
207 237
207 240
207 281
207 283
207 308
207 316
207 321
207 343
207 351
207 382
207 398
208 225
208 255
208 257
208 261
208 305
208 314
208 318
208 345
208 355
208 360
208 370
208 373
208 382
208 388
209 213
209 215
209 219
209 232
209 236
209 250
209 261
209 277
209 283
209 287
209 310
209 329
209 345
209 354
209 374
210 257
210 283
210 298
210 299
210 304
210 314
210 336
210 344
210 349
210 362
210 390
211 216
211 219
211 232
211 268
211 283
211 293
211 306
211 309
211 315
211 330
211 360
211 364
211 368
211 386
211 390
212 231
212 235
212 237
212 243
212 257
212 267
212 274
212 305
212 325
212 334
212 355
212 373
212 380
212 384
212 388
212 393
212 398
212 399
213 224
213 230
213 233
213 239
213 242
213 253
213 257
213 261
213 277
213 301
213 313
213 316
213 328
213 344
213 345
213 362
213 366
213 372
213 380
213 397
214 215
214 223
214 227
214 261
214 291
214 298
214 316
214 341
214 344
214 351
214 352
214 357
214 364
214 367
214 385
214 395
214 397
215 250
215 258
215 268
215 276
215 290
215 293
215 294
215 351
215 353
215 360
215 361
215 365
215 381
216 222
216 227
216 240
216 243
216 256
216 261
216 263
216 271
216 273
216 281
216 285
216 291
216 294
216 314
216 316
216 327
216 373
216 380
217 219
217 220
217 230
217 247
217 252
217 253
217 269
217 270
217 271
217 278
217 279
217 280
217 287
217 292
217 325
217 334
217 338
217 341
217 348
217 367
217 370
217 389
217 391
218 221
218 226
218 278
218 287
218 296
218 297
218 322
218 327
218 337
218 340
218 353
218 362
218 371
218 376
218 380
218 395
218 396
218 397
219 226
219 260
219 291
219 313
219 325
219 326
219 328
219 333
219 335
219 336
219 348
219 396
220 260
220 290
220 291
220 298
220 306
220 342
220 345
220 354
220 396
220 397
221 224
221 233
221 237
221 258
221 263
221 266
221 268
221 273
221 289
221 290
221 298
221 300
221 304
221 311
221 313
221 316
221 324
221 329
221 332
221 341
221 368
221 388
221 389
222 233
222 240
222 248
222 251
222 253
222 280
222 314
222 325
222 344
222 345
222 360
222 366
222 370
222 374
222 375
222 376
222 388
223 234
223 238
223 241
223 243
223 246
223 255
223 258
223 260
223 262
223 272
223 275
223 279
223 281
223 283
223 306
223 307
223 308
223 326
223 332
223 337
223 345
223 346
223 347
223 377
223 384
223 394
223 399
224 226
224 254
224 270
224 272
224 277
224 290
224 322
224 328
224 344
224 345
224 370
225 236
225 262
225 298
225 324
225 334
225 337
225 342
225 343
225 356
225 365
225 369
225 371
225 378
225 387
225 388
225 389
225 393
225 397
226 230
226 247
226 262
226 263
226 275
226 276
226 291
226 306
226 308
226 313
226 316
226 321
226 324
226 353
226 366
226 370
226 377
226 379
226 388
227 228
227 230
227 238
227 239
227 242
227 243
227 247
227 253
227 257
227 259
227 277
227 281
227 290
227 291
227 299
227 302
227 310
227 332
227 350
227 356
227 377
227 381
227 386
227 388
227 391
228 242
228 251
228 267
228 269
228 270
228 271
228 280
228 291
228 307
228 308
228 309
228 314
228 330
228 334
228 338
228 341
228 351
228 376
229 247
229 252
229 260
229 275
229 283
229 295
229 308
229 309
229 318
229 322
229 332
229 334
229 368
229 370
230 233
230 237
230 247
230 262
230 272
230 283
230 291
230 296
230 318
230 333
230 341
230 363
230 383
230 384
230 396
231 237
231 262
231 266
231 271
231 284
231 309
231 324
231 327
231 329
231 332
231 340
231 346
231 354
231 363
231 367
231 370
231 373
231 374
231 391
231 393
231 399
232 247
232 261
232 291
232 300
232 304
232 312
232 338
232 341
232 351
232 354
232 366
233 244
233 245
233 251
233 260
233 270
233 284
233 287
233 296
233 312
233 322
233 326
233 334
233 349
233 365
234 272
234 280
234 299
234 300
234 302
234 310
234 314
234 328
234 361
234 370
234 392
234 393
234 396
235 236
235 272
235 280
235 281
235 290
235 295
235 296
235 306
235 311
235 313
235 350
235 355
235 364
235 376
235 377
235 393
236 239
236 247
236 250
236 251
236 256
236 265
236 281
236 304
236 312
236 322
236 327
236 329
236 349
236 382
237 240
237 242
237 250
237 253
237 258
237 266
237 293
237 302
237 314
237 315
237 319
237 323
237 346
237 347
237 354
237 360
237 373
237 384
238 251
238 292
238 295
238 319
238 336
238 340
238 349
238 350
239 256
239 262
239 264
239 270
239 271
239 290
239 296
239 298
239 301
239 314
239 326
239 360
239 368
239 370
239 378
239 383
239 396
240 260
240 266
240 276
240 281
240 288
240 310
240 312
240 328
240 332
240 336
240 349
240 363
240 365
240 368
240 373
240 376
240 390
241 247
241 250
241 257
241 264
241 276
241 296
241 301
241 303
241 308
241 315
241 317
241 323
241 328
241 331
241 334
241 343
241 345
241 348
241 351
241 357
241 374
242 253
242 269
242 272
242 274
242 282
242 286
242 297
242 298
242 305
242 311
242 317
242 318
242 319
242 329
242 348
242 351
242 382
242 386
243 261
243 267
243 274
243 276
243 290
243 293
243 321
243 322
243 324
243 326
243 328
243 330
243 331
243 339
243 354
243 367
243 383
243 385
244 247
244 264
244 266
244 269
244 295
244 303
244 304
244 310
244 317
244 324
244 335
244 355
244 360
244 368
245 246
245 303
245 310
245 327
245 330
245 341
245 346
245 389
245 390
245 395
246 268
246 276
246 302
246 308
246 321
246 326
246 328
246 330
246 331
246 336
246 338
246 350
246 352
246 356
246 389
246 398
246 399
247 256
247 258
247 267
247 277
247 278
247 288
247 291
247 300
247 305
247 309
247 312
247 325
247 331
247 333
247 342
247 344
247 367
247 371
247 385
247 386
247 399
248 250
248 262
248 263
248 279
248 285
248 288
248 298
248 300
248 306
248 322
248 339
248 348
248 370
248 374
248 381
248 384
248 390
248 394
249 257
249 273
249 280
249 293
249 301
249 302
249 310
249 324
249 328
249 335
249 345
249 364
249 372
249 382
249 383
249 398
250 258
250 268
250 291
250 303
250 310
250 312
250 316
250 329
250 350
250 360
250 368
250 370
250 375
250 381
250 382
250 390
250 392
250 394
251 258
251 265
251 269
251 276
251 282
251 283
251 286
251 312
251 313
251 315
251 348
251 367
251 376
251 397
252 284
252 305
252 313
252 314
252 320
252 340
252 366
252 371
252 379
252 398
252 399
253 270
253 282
253 290
253 302
253 307
253 312
253 327
253 332
253 333
253 340
253 352
253 356
253 362
253 378
253 379
254 271
254 284
254 291
254 304
254 311
254 321
254 329
254 340
254 358
254 372
254 378
254 379
254 381
254 382
254 388
254 396
255 257
255 269
255 275
255 280
255 292
255 313
255 321
255 351
255 355
255 360
255 367
255 370
255 378
255 379
255 392
256 258
256 269
256 275
256 295
256 297
256 309
256 313
256 315
256 330
256 342
256 345
256 348
256 376
257 261
257 269
257 271
257 284
257 325
257 346
257 350
257 362
257 373
257 374
257 382
258 265
258 273
258 275
258 278
258 302
258 307
258 314
258 342
258 362
258 371
258 390
258 393
258 396
259 263
259 275
259 305
259 310
259 316
259 327
259 329
259 335
259 346
259 348
259 387
259 398
260 262
260 276
260 277
260 291
260 296
260 308
260 314
260 315
260 328
260 347
260 348
260 361
261 281
261 288
261 294
261 297
261 301
261 311
261 338
261 341
261 358
261 375
261 383
261 385
261 389
261 398
262 271
262 284
262 288
262 291
262 292
262 304
262 314
262 331
262 351
262 375
262 380
262 381
262 391
263 265
263 279
263 284
263 297
263 306
263 307
263 327
263 331
263 336
263 347
263 349
263 358
263 360
263 362
263 363
263 367
263 375
263 376
263 379
263 393
263 396
264 284
264 288
264 292
264 320
264 333
264 338
264 349
264 355
264 360
265 268
265 286
265 297
265 347
265 348
265 357
265 360
266 269
266 277
266 315
266 319
266 321
266 328
266 333
266 349
266 351
266 352
266 359
266 378
266 379
267 279
267 282
267 284
267 294
267 307
267 339
267 341
267 350
267 362
267 372
267 380
267 397
268 282
268 289
268 300
268 314
268 332
268 333
268 339
268 341
268 345
268 357
268 370
268 377
268 387
268 391
268 398
269 271
269 287
269 323
269 326
269 334
269 341
269 346
269 348
269 368
270 271
270 276
270 279
270 289
270 292
270 299
270 304
270 306
270 314
270 319
270 322
270 344
270 345
270 347
270 349
270 380
270 391
271 287
271 289
271 298
271 302
271 310
271 318
271 321
271 324
271 344
271 345
271 351
271 389
271 390
271 399
272 282
272 292
272 313
272 326
272 330
272 336
272 361
272 367
272 368
272 384
272 386
273 282
273 287
273 294
273 296
273 305
273 314
273 316
273 320
273 329
273 335
273 340
273 350
273 354
273 365
273 373
273 383
273 388
273 394
273 396
274 284
274 306
274 312
274 334
274 338
274 347
274 348
274 350
274 352
274 367
274 379
274 381
274 398
275 297
275 303
275 308
275 316
275 320
275 322
275 323
275 324
275 328
275 346
275 365
275 369
275 376
275 379
275 396
276 297
276 325
276 333
276 343
276 354
276 355
276 376
276 382
276 383
276 387
276 395
277 282
277 291
277 295
277 299
277 324
277 339
277 342
277 353
277 362
277 367
277 377
277 383
277 384
277 385
278 280
278 318
278 338
278 353
278 365
278 384
278 394
278 395
278 396
279 285
279 306
279 315
279 321
279 322
279 329
279 334
279 344
279 345
279 361
279 386
279 387
280 292
280 293
280 298
280 299
280 306
280 309
280 320
280 323
280 325
280 328
280 331
280 336
280 342
280 347
280 378
281 296
281 300
281 301
281 310
281 317
281 326
281 329
281 331
281 351
281 356
281 357
281 359
281 360
281 373
281 397
282 298
282 322
282 330
282 339
282 363
282 368
282 382
282 398
283 299
283 307
283 312
283 321
283 331
283 334
283 362
283 368
283 382
284 296
284 346
284 348
284 355
284 390
284 397
285 288
285 299
285 309
285 310
285 318
285 332
285 335
285 340
285 348
285 350
285 362
285 379
285 390
286 294
286 296
286 310
286 311
286 316
286 323
286 329
286 331
286 356
286 359
286 364
286 366
286 370
286 372
287 296
287 300
287 335
287 343
287 345
287 351
287 354
287 362
287 368
287 374
287 377
288 292
288 293
288 305
288 314
288 324
288 328
288 360
288 372
288 373
288 384
289 290
289 309
289 310
289 312
289 313
289 338
289 352
289 360
289 361
289 399
290 291
290 304
290 356
290 363
290 368
290 382
290 395
290 399
291 295
291 318
291 324
291 326
291 342
291 355
291 360
291 369
291 370
291 373
291 375
291 384
292 294
292 303
292 305
292 322
292 323
292 334
292 347
292 350
292 353
292 354
292 368
292 384
293 295
293 302
293 318
293 322
293 328
293 338
293 339
293 348
293 388
293 390
293 393
293 398
294 312
294 344
294 358
294 364
294 368
294 385
295 296
295 300
295 304
295 306
295 333
295 334
295 338
295 349
295 361
295 380
295 387
296 305
296 307
296 312
296 317
296 342
296 343
296 363
296 374
296 395
297 300
297 303
297 308
297 309
297 316
297 318
297 321
297 324
297 334
297 343
297 387
297 393
298 304
298 315
298 322
298 332
298 338
298 341
298 342
298 355
298 364
298 367
298 369
298 392
299 323
299 363
299 375
299 377
299 381
299 389
299 395
300 305
300 309
300 316
300 351
300 352
300 353
300 363
300 364
300 372
300 392
300 398
301 338
301 367
301 369
301 372
301 398
302 309
302 319
302 327
302 328
302 350
302 357
303 307
303 342
303 345
303 349
303 350
303 356
303 358
303 372
303 377
303 378
304 315
304 324
304 332
304 340
304 341
304 361
304 377
304 379
305 327
305 329
305 353
305 354
305 368
305 382
306 315
306 326
306 336
306 343
306 352
306 356
306 369
306 370
306 384
306 385
306 394
307 316
307 338
307 351
307 375
307 376
307 391
307 392
308 323
308 346
308 361
308 370
308 382
309 315
309 321
309 324
309 326
309 327
309 335
309 352
309 362
309 370
309 376
309 384
309 389
309 391
310 311
310 316
310 348
310 359
310 375
310 386
310 390
311 331
311 339
311 351
311 374
311 389
311 391
311 393
312 313
312 320
312 330
312 337
312 379
312 395
313 329
313 377
313 390
314 320
314 322
314 328
314 336
314 359
314 365
314 384
314 390
315 318
315 322
315 339
315 345
315 346
315 360
315 367
315 387
316 319
316 323
316 329
316 348
316 351
316 359
316 361
316 379
316 380
316 393
317 331
317 344
317 355
317 374
317 386
317 388
318 326
318 336
318 337
318 341
318 347
318 381
319 321
319 329
319 338
319 342
319 352
319 364
319 366
319 376
319 377
319 382
319 398
320 324
320 337
320 339
320 344
320 363
320 365
320 366
320 369
320 378
320 380
320 382
320 383
321 327
321 330
321 360
321 382
321 388
321 391
321 394
322 330
322 336
322 340
322 378
322 380
322 388
322 399
323 329
323 334
323 350
323 353
323 359
323 364
323 377
323 387
323 391
323 396
324 340
324 360
324 370
324 380
324 389
324 398
325 333
325 346
325 364
325 369
325 382
325 387
325 388
326 332
326 351
326 357
326 369
326 384
326 385
326 388
326 395
327 343
327 349
327 370
327 372
327 394
327 395
327 397
328 358
328 367
328 370
328 388
328 391
329 334
329 347
329 353
329 358
329 364
329 375
329 380
329 385
329 399
330 335
330 337
330 394
330 398
330 399
331 350
331 354
331 360
331 372
331 390
332 333
332 334
332 347
332 359
332 360
332 370
333 338
333 342
333 388
333 396
334 348
334 364
334 366
334 372
334 375
334 382
334 386
334 391
334 394
335 345
335 363
335 369
335 380
336 356
336 360
336 377
336 384
336 392
336 395
337 380
337 381
338 356
338 365
338 369
338 380
338 383
338 396
338 398
338 399
339 344
339 351
339 358
339 359
339 369
339 381
339 386
339 388
339 395
340 358
340 367
340 376
341 349
341 350
341 363
341 369
341 375
341 396
341 397
342 344
342 347
342 353
342 377
342 385
342 386
342 388
342 390
343 356
343 360
343 367
343 373
343 377
343 394
344 350
344 365
344 370
344 378
345 348
345 351
345 354
345 356
345 363
345 373
345 398
346 360
346 375
346 377
346 380
346 384
346 385
346 387
346 388
346 396
347 360
347 363
347 376
347 398
347 399
348 357
348 364
348 366
348 372
348 383
348 392
348 398
348 399
349 357
349 361
349 366
349 371
349 389
349 399
350 356
350 379
350 381
350 385
350 390
350 392
350 393
350 394
350 397
351 357
351 364
351 367
351 370
351 373
351 389
351 390
351 393
351 395
352 368
352 386
352 392
352 394
352 397
352 399
353 396
354 361
354 379
354 392
354 396
354 398
355 386
355 397
356 358
356 360
356 386
356 391
357 370
357 371
357 384
357 391
357 395
357 398
358 380
358 396
359 363
359 370
359 389
359 392
360 363
360 378
360 384
360 385
360 391
362 369
362 382
362 395
363 365
363 372
363 373
363 377
363 383
363 386
364 370
364 372
364 383
364 391
365 381
365 389
365 390
365 396
367 371
367 377
367 392
367 396
368 379
368 386
369 399
370 385
370 386
370 393
371 373
371 385
372 376
372 394
373 375
373 384
373 388
374 375
374 381
375 377
375 397
376 379
376 391
377 387
377 390
377 398
378 386
378 387
379 383
379 384
380 382
380 397
381 383
381 389
382 389
382 399
383 394
384 396
386 394
388 394
388 398
391 395
392 397
395 396
395 397
395 399
396 398
357 307 195 227 192 365 12 159 337 368 82 315 35 271 344 220 62 375 39 316 119 243 367 285 280 240 175 20 266 169 277 221 262 66 18 174 28 150 93 14 77 126 13 242 326 137 53 338 343 33 219 392 141 109 289 134 399 41 99 161 329 89 389 288 188 284 160 291 135 394 209 314 251 263 267 299 47 311 193 300 390 322 166 226 78 23 302 197 5 276 120 301 369 293 256 52 241 382 334 342 354 356 15 340 265 3 330 294 349 107 100 153 198 116 223 235 205 370 114 60
128 196 355 233 202 63 250 73 30 172 317 154 328 318 10 313 88 360 366 25 391 117 106 201 351 75 255 358 50 42 214 249 268 248 380 190 222 151 91 319 11 194 79 245 146 71 7 260 83 290 297 292 118 90 27 312 32 253 204 26 347 306 36 191 378 345 19 127 281 336 136 81 168 173 210 95 17 320 384 264 186 6 247 184 124 373 162 309 132 54 57 156 164 252 97 237 170 87 8 123 34 372 24 152 131 383 1 108 155 215 110 76 157 130 105 149 179 218 287 200
321 31 122 371 396 144 397 178 65 0 359 350 283 224 352 9 40 236 348 230 111 21 239 254 333 74 303 361 377 335 129 92 308 217 183 393 331 362 85 180 381 398 225 16 203 213 346 275 296 148 257 38 269 341 29 181 147 167 104 56 282 45 189 61 177 272 286 59 386 238 232 112 68 199 325 364 2 37 103 278 298 58 244 259 171 258 55 374 142 46 304 332 158 212 261 353 70 138 115 387 98 234 4 187 339 86 388 101 69 67 207 274 145 163 385 208 323 206 64 143
165 379 279 211 22 229 182 49 216 113 80 246 185 94 228 44 43 376 84 133 395 363 48 273 176 231 125 310 139 270 96 72 140 121 327 305 51 324 102 295
