400
7767
20
97
12
3
56
1
96
69
14
99
54
76
33
15
59
3
95
19
28
10
70
0 17
0 20
0 36
0 38
0 56
0 66
0 82
0 92
0 115
0 133
0 179
0 206
0 233
0 263
0 271
0 283
0 328
0 331
0 332
0 341
0 356
0 374
0 399
1 5
1 12
1 18
1 30
1 44
1 70
1 71
1 92
1 99
1 102
1 106
1 113
1 116
1 151
1 156
1 158
1 159
1 164
1 170
1 175
1 194
1 212
1 217
1 223
1 224
1 228
1 239
1 240
1 241
1 244
1 263
1 307
1 322
1 353
1 372
1 378
1 380
1 396
2 6
2 10
2 16
2 27
2 37
2 47
2 58
2 75
2 88
2 105
2 108
2 123
2 124
2 129
2 130
2 155
2 166
2 171
2 178
2 182
2 202
2 203
2 209
2 210
2 217
2 287
2 290
2 291
2 292
2 295
2 302
2 303
2 306
2 316
2 322
2 327
2 338
2 348
2 357
2 359
2 364
2 385
3 8
3 15
3 30
3 42
3 55
3 75
3 76
3 84
3 86
3 88
3 105
3 118
3 122
3 131
3 134
3 136
3 147
3 150
3 162
3 172
3 185
3 200
3 210
3 212
3 239
3 244
3 252
3 283
3 286
3 300
3 315
3 325
3 331
3 332
3 333
3 340
3 349
3 362
3 376
3 378
3 380
3 396
4 10
4 11
4 27
4 29
4 33
4 45
4 46
4 61
4 86
4 106
4 112
4 127
4 158
4 161
4 166
4 169
4 186
4 195
4 198
4 205
4 206
4 215
4 236
4 245
4 281
4 296
4 305
4 311
4 319
4 349
4 351
4 353
4 376
4 379
5 13
5 31
5 52
5 61
5 86
5 93
5 99
5 114
5 131
5 136
5 140
5 142
5 146
5 153
5 160
5 180
5 201
5 207
5 228
5 238
5 241
5 255
5 315
5 326
5 357
5 358
5 362
5 368
5 395
5 396
6 19
6 25
6 32
6 50
6 54
6 65
6 69
6 83
6 89
6 92
6 106
6 142
6 162
6 163
6 164
6 169
6 174
6 195
6 207
6 227
6 228
6 231
6 234
6 236
6 249
6 251
6 252
6 263
6 282
6 307
6 320
6 321
6 324
6 330
6 344
6 347
6 352
6 353
6 355
6 364
6 366
6 369
7 16
7 33
7 47
7 99
7 153
7 154
7 157
7 160
7 171
7 176
7 182
7 185
7 186
7 214
7 247
7 261
7 267
7 268
7 271
7 287
7 306
7 321
7 344
7 371
7 379
7 380
7 382
8 11
8 12
8 33
8 34
8 40
8 50
8 66
8 94
8 96
8 105
8 106
8 113
8 115
8 132
8 137
8 157
8 158
8 176
8 178
8 218
8 221
8 231
8 234
8 246
8 251
8 254
8 259
8 276
8 306
8 327
8 337
8 359
8 385
8 393
8 394
8 396
8 397
9 22
9 36
9 45
9 47
9 66
9 67
9 69
9 72
9 76
9 83
9 111
9 120
9 122
9 125
9 134
9 144
9 152
9 157
9 160
9 166
9 185
9 216
9 218
9 226
9 234
9 243
9 244
9 255
9 256
9 267
9 291
9 309
9 312
9 318
9 338
9 357
9 358
9 359
9 381
9 383
9 398
10 23
10 28
10 35
10 45
10 52
10 65
10 71
10 79
10 80
10 83
10 90
10 102
10 103
10 117
10 128
10 146
10 158
10 160
10 166
10 182
10 197
10 200
10 238
10 258
10 260
10 264
10 275
10 300
10 307
10 311
10 322
10 328
10 342
10 345
10 352
10 358
10 365
10 383
10 385
10 397
11 17
11 20
11 38
11 40
11 42
11 67
11 74
11 122
11 126
11 141
11 152
11 154
11 156
11 163
11 164
11 180
11 181
11 189
11 204
11 208
11 213
11 222
11 239
11 247
11 259
11 260
11 266
11 275
11 277
11 312
11 316
11 319
11 322
11 328
11 333
11 339
11 352
11 376
11 387
11 388
12 14
12 18
12 26
12 33
12 38
12 53
12 56
12 72
12 89
12 107
12 110
12 119
12 123
12 131
12 132
12 150
12 157
12 173
12 179
12 180
12 186
12 201
12 205
12 207
12 208
12 211
12 218
12 219
12 232
12 235
12 239
12 255
12 266
12 282
12 286
12 291
12 299
12 303
12 325
12 327
12 336
12 348
12 352
12 354
12 361
12 371
13 15
13 19
13 23
13 29
13 50
13 74
13 114
13 122
13 135
13 144
13 164
13 168
13 178
13 190
13 191
13 200
13 205
13 211
13 219
13 241
13 246
13 250
13 254
13 256
13 264
13 272
13 281
13 303
13 320
13 327
13 358
13 360
13 364
13 370
13 385
14 15
14 20
14 31
14 34
14 35
14 37
14 41
14 63
14 67
14 75
14 85
14 104
14 105
14 106
14 109
14 123
14 126
14 142
14 143
14 152
14 174
14 185
14 197
14 212
14 237
14 243
14 287
14 290
14 300
14 325
14 326
14 341
14 364
14 366
14 389
14 396
14 399
15 28
15 30
15 35
15 42
15 43
15 56
15 67
15 78
15 82
15 87
15 106
15 135
15 140
15 147
15 149
15 168
15 178
15 193
15 200
15 201
15 204
15 206
15 208
15 213
15 214
15 223
15 224
15 226
15 229
15 234
15 239
15 246
15 248
15 255
15 256
15 260
15 263
15 282
15 285
15 286
15 293
15 303
15 305
15 311
15 324
15 329
15 350
15 352
15 360
15 362
15 393
15 394
16 33
16 38
16 40
16 49
16 54
16 60
16 71
16 86
16 89
16 98
16 133
16 136
16 151
16 157
16 164
16 168
16 169
16 178
16 182
16 197
16 211
16 239
16 271
16 272
16 273
16 279
16 288
16 301
16 308
16 326
16 332
16 335
16 342
16 344
16 363
16 367
16 368
16 383
16 384
17 51
17 77
17 94
17 96
17 120
17 124
17 125
17 126
17 128
17 153
17 155
17 157
17 168
17 178
17 187
17 192
17 224
17 230
17 245
17 246
17 263
17 288
17 299
17 318
17 321
17 328
17 342
17 355
17 382
17 399
18 59
18 71
18 84
18 109
18 113
18 121
18 139
18 140
18 142
18 145
18 159
18 179
18 202
18 216
18 221
18 229
18 233
18 249
18 253
18 267
18 273
18 291
18 311
18 317
18 323
18 328
18 346
18 372
18 373
18 376
18 379
18 380
19 34
19 59
19 63
19 69
19 75
19 87
19 89
19 94
19 96
19 99
19 100
19 106
19 119
19 128
19 130
19 137
19 154
19 173
19 185
19 194
19 203
19 206
19 207
19 215
19 217
19 256
19 258
19 268
19 269
19 279
19 283
19 291
19 300
19 301
19 319
19 322
19 325
19 341
19 343
19 357
19 362
19 374
19 378
19 379
20 28
20 83
20 91
20 102
20 105
20 112
20 114
20 151
20 154
20 165
20 173
20 175
20 184
20 195
20 226
20 255
20 283
20 294
20 296
20 299
20 327
20 329
20 334
20 338
20 391
20 392
21 27
21 32
21 35
21 44
21 47
21 50
21 53
21 70
21 79
21 86
21 99
21 106
21 126
21 127
21 128
21 133
21 134
21 140
21 142
21 144
21 156
21 183
21 198
21 208
21 212
21 240
21 264
21 272
21 280
21 283
21 287
21 290
21 291
21 324
21 325
21 328
21 338
21 361
21 377
21 381
21 398
22 23
22 26
22 31
22 44
22 57
22 74
22 88
22 92
22 111
22 112
22 117
22 119
22 123
22 127
22 128
22 159
22 173
22 177
22 180
22 195
22 201
22 214
22 220
22 232
22 250
22 257
22 272
22 276
22 278
22 282
22 287
22 288
22 303
22 314
22 318
22 335
22 365
22 366
22 368
22 397
23 49
23 66
23 100
23 112
23 116
23 121
23 157
23 159
23 167
23 176
23 179
23 180
23 191
23 196
23 204
23 217
23 235
23 241
23 246
23 254
23 289
23 347
23 350
23 354
23 360
23 375
23 395
23 396
23 397
24 45
24 56
24 71
24 72
24 79
24 83
24 102
24 105
24 144
24 145
24 149
24 178
24 187
24 188
24 200
24 236
24 238
24 264
24 275
24 276
24 285
24 310
24 318
24 320
24 347
24 358
24 364
24 365
24 367
24 374
25 30
25 35
25 38
25 39
25 49
25 60
25 76
25 93
25 98
25 126
25 139
25 145
25 158
25 166
25 178
25 187
25 192
25 196
25 201
25 205
25 208
25 209
25 249
25 263
25 273
25 284
25 290
25 295
25 314
25 324
25 341
25 345
25 358
25 365
25 366
25 381
25 391
25 394
26 43
26 54
26 84
26 103
26 106
26 118
26 131
26 137
26 140
26 143
26 144
26 169
26 179
26 189
26 202
26 205
26 214
26 220
26 230
26 231
26 236
26 249
26 253
26 262
26 275
26 285
26 294
26 300
26 314
26 337
26 339
26 356
26 359
26 367
26 373
26 388
26 391
26 395
26 399
27 30
27 35
27 43
27 47
27 48
27 62
27 64
27 65
27 67
27 77
27 99
27 109
27 114
27 119
27 121
27 161
27 180
27 197
27 207
27 219
27 226
27 229
27 233
27 238
27 240
27 260
27 263
27 267
27 283
27 284
27 296
27 327
27 331
27 334
27 344
27 349
27 356
27 370
27 380
27 382
27 389
27 391
27 394
28 50
28 67
28 90
28 95
28 104
28 109
28 114
28 119
28 125
28 148
28 158
28 161
28 163
28 199
28 208
28 225
28 250
28 266
28 269
28 284
28 291
28 297
28 306
28 319
28 331
28 344
28 350
28 363
28 372
28 375
28 387
29 35
29 41
29 64
29 77
29 79
29 94
29 104
29 106
29 107
29 112
29 128
29 147
29 149
29 176
29 193
29 199
29 210
29 221
29 233
29 252
29 262
29 266
29 281
29 287
29 298
29 302
29 317
29 336
29 340
29 346
29 388
29 398
30 33
30 47
30 61
30 63
30 68
30 95
30 98
30 99
30 102
30 116
30 127
30 129
30 134
30 139
30 151
30 157
30 160
30 164
30 175
30 188
30 200
30 214
30 228
30 243
30 249
30 278
30 281
30 298
30 300
30 305
30 321
30 341
30 378
30 388
30 393
31 52
31 73
31 75
31 84
31 95
31 107
31 109
31 120
31 127
31 147
31 153
31 161
31 187
31 197
31 200
31 209
31 212
31 221
31 231
31 238
31 239
31 271
31 280
31 281
31 282
31 328
31 336
31 351
31 352
31 361
31 364
31 375
31 377
31 380
31 387
32 39
32 53
32 80
32 83
32 100
32 111
32 121
32 144
32 152
32 154
32 157
32 166
32 167
32 194
32 206
32 214
32 218
32 220
32 227
32 231
32 232
32 236
32 238
32 239
32 247
32 252
32 255
32 267
32 270
32 293
32 297
32 333
32 337
32 338
32 339
32 346
32 367
32 379
32 383
32 386
32 387
32 396
33 34
33 53
33 58
33 80
33 86
33 92
33 105
33 107
33 130
33 136
33 141
33 151
33 154
33 195
33 197
33 204
33 206
33 210
33 213
33 215
33 234
33 248
33 253
33 254
33 264
33 282
33 287
33 303
33 319
33 321
33 326
33 331
33 332
33 333
33 339
33 359
33 389
33 395
34 36
34 52
34 53
34 54
34 55
34 68
34 105
34 108
34 109
34 133
34 158
34 161
34 166
34 169
34 176
34 181
34 197
34 203
34 204
34 215
34 219
34 233
34 253
34 257
34 280
34 304
34 309
34 328
34 340
34 347
34 368
34 371
34 386
34 388
34 391
35 73
35 76
35 97
35 100
35 102
35 114
35 123
35 125
35 137
35 181
35 198
35 202
35 206
35 210
35 216
35 230
35 232
35 244
35 252
35 258
35 263
35 278
35 281
35 301
35 316
35 317
35 324
35 328
35 331
35 343
35 345
35 355
35 356
35 390
36 41
36 47
36 52
36 70
36 104
36 107
36 113
36 117
36 120
36 128
36 173
36 177
36 189
36 190
36 195
36 199
36 209
36 259
36 262
36 265
36 266
36 268
36 289
36 294
36 305
36 323
36 341
36 350
36 375
36 380
36 391
37 40
37 52
37 60
37 67
37 84
37 90
37 96
37 104
37 120
37 140
37 146
37 150
37 151
37 186
37 206
37 231
37 235
37 239
37 253
37 255
37 262
37 298
37 300
37 302
37 304
37 312
37 315
37 319
37 344
37 355
37 361
37 363
37 364
37 372
37 379
37 390
38 43
38 52
38 58
38 69
38 78
38 100
38 104
38 130
38 145
38 153
38 155
38 164
38 166
38 192
38 203
38 211
38 217
38 218
38 225
38 247
38 248
38 262
38 303
38 314
38 325
38 333
38 336
38 337
38 343
38 376
39 43
39 58
39 64
39 76
39 81
39 87
39 89
39 91
39 105
39 113
39 118
39 123
39 134
39 136
39 141
39 158
39 167
39 176
39 183
39 194
39 209
39 212
39 215
39 221
39 228
39 233
39 240
39 267
39 295
39 311
39 324
39 331
39 332
39 342
39 351
39 352
39 353
39 356
39 357
39 364
39 369
39 377
39 392
39 399
40 52
40 62
40 64
40 70
40 79
40 85
40 109
40 111
40 115
40 117
40 136
40 149
40 152
40 166
40 199
40 208
40 233
40 237
40 250
40 259
40 261
40 263
40 278
40 283
40 310
40 327
40 331
40 356
40 357
40 359
40 375
40 381
40 383
41 42
41 49
41 60
41 64
41 70
41 77
41 80
41 99
41 105
41 113
41 156
41 169
41 171
41 201
41 204
41 208
41 218
41 224
41 246
41 264
41 274
41 277
41 282
41 297
41 299
41 319
41 323
41 332
41 335
41 344
41 350
41 352
41 355
41 367
41 383
41 396
41 398
42 48
42 65
42 77
42 78
42 129
42 152
42 203
42 213
42 223
42 230
42 244
42 257
42 261
42 274
42 280
42 325
42 331
42 334
42 345
42 353
42 381
43 44
43 46
43 54
43 80
43 83
43 101
43 102
43 103
43 105
43 108
43 120
43 132
43 188
43 200
43 210
43 219
43 229
43 242
43 258
43 272
43 282
43 303
43 307
43 327
43 339
43 341
43 342
43 356
43 360
43 366
43 375
43 383
43 396
44 55
44 67
44 81
44 86
44 95
44 101
44 108
44 116
44 129
44 150
44 161
44 164
44 178
44 181
44 190
44 214
44 222
44 237
44 244
44 255
44 263
44 270
44 290
44 298
44 299
44 303
44 315
44 343
44 347
44 352
44 363
44 373
45 52
45 53
45 58
45 59
45 62
45 67
45 68
45 80
45 83
45 90
45 97
45 101
45 113
45 116
45 117
45 138
45 151
45 154
45 165
45 166
45 167
45 196
45 197
45 208
45 224
45 229
45 242
45 244
45 264
45 270
45 271
45 279
45 280
45 283
45 306
45 346
45 352
45 360
45 368
45 371
45 373
45 382
45 386
45 389
46 53
46 56
46 73
46 75
46 78
46 87
46 107
46 117
46 118
46 122
46 130
46 146
46 156
46 158
46 167
46 182
46 183
46 189
46 197
46 202
46 206
46 218
46 220
46 230
46 242
46 253
46 273
46 285
46 306
46 317
46 323
46 326
46 337
46 348
46 396
47 50
47 55
47 60
47 68
47 75
47 108
47 119
47 120
47 121
47 123
47 131
47 140
47 162
47 192
47 210
47 224
47 234
47 235
47 247
47 299
47 307
47 308
47 320
47 336
47 349
47 350
47 351
47 357
47 366
47 367
47 377
47 390
48 59
48 61
48 72
48 77
48 87
48 89
48 91
48 92
48 127
48 155
48 166
48 192
48 196
48 229
48 237
48 250
48 286
48 305
48 321
48 364
48 376
48 381
48 389
49 52
49 54
49 62
49 64
49 65
49 68
49 81
49 82
49 83
49 85
49 102
49 114
49 133
49 151
49 160
49 168
49 187
49 189
49 191
49 208
49 213
49 233
49 238
49 258
49 262
49 263
49 268
49 272
49 280
49 300
49 312
49 318
49 319
49 320
49 324
49 333
49 355
49 358
49 359
49 374
49 388
50 53
50 60
50 62
50 64
50 65
50 68
50 72
50 81
50 83
50 87
50 115
50 124
50 128
50 137
50 145
50 165
50 195
50 205
50 213
50 215
50 219
50 221
50 222
50 228
50 234
50 243
50 248
50 256
50 269
50 271
50 299
50 321
50 327
50 342
50 350
50 354
50 355
50 357
50 376
50 386
51 61
51 63
51 66
51 70
51 73
51 84
51 86
51 89
51 96
51 103
51 110
51 117
51 119
51 122
51 127
51 134
51 162
51 164
51 174
51 177
51 180
51 183
51 198
51 206
51 224
51 231
51 248
51 258
51 262
51 288
51 308
51 310
51 311
51 327
51 329
51 333
51 339
51 363
51 365
51 374
51 388
51 390
51 393
51 398
52 55
52 59
52 76
52 87
52 92
52 99
52 105
52 145
52 152
52 156
52 162
52 163
52 178
52 179
52 193
52 197
52 198
52 202
52 207
52 247
52 249
52 259
52 273
52 277
52 281
52 283
52 295
52 310
52 316
52 326
52 335
52 356
52 357
52 367
52 392
52 399
53 61
53 69
53 100
53 117
53 125
53 129
53 132
53 150
53 155
53 160
53 162
53 172
53 174
53 176
53 209
53 245
53 256
53 257
53 272
53 282
53 284
53 290
53 291
53 304
53 310
53 319
53 337
53 357
53 359
53 362
53 363
53 366
53 375
53 376
54 60
54 70
54 72
54 87
54 93
54 108
54 123
54 136
54 145
54 153
54 173
54 183
54 192
54 193
54 206
54 207
54 234
54 244
54 248
54 250
54 263
54 269
54 286
54 290
54 291
54 304
54 325
54 326
54 328
54 331
54 341
54 349
54 354
54 368
54 385
54 397
54 398
55 56
55 60
55 82
55 102
55 142
55 147
55 158
55 160
55 171
55 176
55 180
55 182
55 190
55 214
55 217
55 218
55 242
55 251
55 264
55 291
55 301
55 308
55 309
55 321
55 332
55 334
55 339
55 342
55 345
55 355
55 365
55 370
55 379
55 381
55 383
55 387
55 396
56 62
56 69
56 94
56 95
56 113
56 120
56 125
56 130
56 131
56 134
56 147
56 156
56 173
56 175
56 178
56 187
56 191
56 219
56 229
56 236
56 243
56 256
56 280
56 281
56 290
56 292
56 294
56 295
56 301
56 314
56 324
56 326
56 332
56 336
56 354
56 366
56 395
57 58
57 80
57 91
57 100
57 112
57 125
57 140
57 141
57 145
57 162
57 173
57 198
57 204
57 219
57 229
57 271
57 274
57 277
57 327
57 338
57 345
57 348
57 369
57 377
58 89
58 90
58 107
58 114
58 123
58 139
58 145
58 148
58 149
58 179
58 183
58 185
58 186
58 187
58 193
58 198
58 205
58 208
58 213
58 227
58 243
58 251
58 279
58 281
58 293
58 297
58 299
58 311
58 313
58 358
58 368
58 382
58 383
59 77
59 82
59 83
59 84
59 100
59 107
59 114
59 123
59 126
59 129
59 141
59 148
59 149
59 154
59 162
59 175
59 186
59 212
59 251
59 281
59 293
59 315
59 329
59 340
59 351
59 356
59 357
59 390
60 87
60 95
60 99
60 110
60 116
60 120
60 139
60 141
60 144
60 149
60 153
60 155
60 171
60 173
60 177
60 183
60 211
60 216
60 218
60 240
60 272
60 276
60 288
60 298
60 303
60 316
60 342
60 344
60 364
60 366
60 368
60 384
61 76
61 87
61 91
61 95
61 100
61 102
61 127
61 131
61 161
61 167
61 172
61 182
61 192
61 204
61 216
61 231
61 247
61 262
61 270
61 293
61 302
61 307
61 309
61 315
61 322
61 325
61 338
61 346
61 354
61 370
61 398
62 64
62 65
62 66
62 93
62 94
62 103
62 109
62 118
62 128
62 130
62 151
62 162
62 165
62 167
62 185
62 190
62 201
62 206
62 208
62 234
62 250
62 255
62 259
62 272
62 276
62 286
62 301
62 304
62 308
62 310
62 321
62 332
62 334
62 367
62 377
62 380
63 80
63 83
63 85
63 88
63 101
63 130
63 148
63 150
63 165
63 168
63 169
63 175
63 195
63 217
63 218
63 225
63 246
63 247
63 262
63 270
63 284
63 289
63 293
63 301
63 302
63 305
63 322
63 324
63 325
63 328
63 339
63 348
63 364
63 365
63 369
63 379
63 385
63 386
63 398
64 79
64 83
64 101
64 102
64 110
64 131
64 148
64 149
64 174
64 176
64 178
64 182
64 189
64 211
64 227
64 252
64 267
64 272
64 285
64 293
64 297
64 308
64 312
64 325
64 326
64 345
64 349
64 359
64 376
64 377
64 392
64 393
64 397
65 71
65 80
65 84
65 95
65 102
65 132
65 141
65 150
65 155
65 165
65 167
65 198
65 214
65 226
65 230
65 235
65 242
65 253
65 263
65 286
65 293
65 298
65 310
65 319
65 321
65 327
65 344
65 349
65 350
65 351
65 356
65 359
65 379
65 383
65 388
65 390
66 91
66 92
66 112
66 118
66 137
66 149
66 153
66 163
66 176
66 183
66 188
66 193
66 209
66 226
66 227
66 243
66 271
66 285
66 286
66 288
66 331
66 333
66 338
66 342
66 356
66 360
66 375
66 379
67 77
67 81
67 102
67 111
67 122
67 126
67 127
67 131
67 137
67 140
67 154
67 179
67 183
67 212
67 218
67 220
67 231
67 233
67 238
67 293
67 296
67 351
67 363
67 371
67 385
68 109
68 125
68 132
68 137
68 152
68 169
68 195
68 205
68 222
68 271
68 300
68 301
68 305
68 308
68 309
68 316
68 326
68 338
68 344
68 382
68 391
69 73
69 145
69 166
69 168
69 179
69 199
69 202
69 207
69 217
69 266
69 269
69 285
69 299
69 324
69 331
69 342
69 350
69 373
69 374
69 377
69 380
69 384
70 71
70 108
70 109
70 122
70 127
70 139
70 146
70 149
70 150
70 156
70 163
70 166
70 171
70 175
70 181
70 188
70 200
70 214
70 222
70 226
70 236
70 238
70 239
70 242
70 246
70 271
70 272
70 274
70 285
70 289
70 298
70 319
70 324
70 325
70 336
70 348
70 374
70 388
71 82
71 94
71 96
71 97
71 101
71 115
71 125
71 132
71 136
71 150
71 155
71 162
71 166
71 170
71 174
71 181
71 197
71 208
71 215
71 218
71 219
71 225
71 226
71 227
71 229
71 243
71 253
71 254
71 259
71 274
71 275
71 286
71 296
71 308
71 309
71 332
71 335
71 354
71 356
71 369
71 373
71 399
72 74
72 81
72 83
72 101
72 113
72 121
72 130
72 133
72 155
72 157
72 189
72 198
72 201
72 223
72 260
72 275
72 278
72 282
72 290
72 298
72 306
72 309
72 316
72 321
72 331
72 332
72 339
72 364
72 389
72 392
72 398
73 79
73 94
73 102
73 105
73 114
73 124
73 127
73 128
73 132
73 141
73 147
73 156
73 162
73 195
73 210
73 231
73 233
73 238
73 272
73 273
73 297
73 330
73 353
73 355
73 362
73 364
73 376
73 383
74 87
74 90
74 91
74 94
74 104
74 110
74 131
74 139
74 150
74 167
74 169
74 178
74 186
74 191
74 205
74 206
74 209
74 220
74 221
74 224
74 228
74 230
74 244
74 252
74 253
74 254
74 265
74 274
74 316
74 318
74 322
74 339
74 350
74 353
74 360
74 362
74 385
74 396
75 78
75 80
75 81
75 86
75 102
75 120
75 122
75 140
75 144
75 161
75 172
75 175
75 201
75 204
75 216
75 221
75 222
75 223
75 227
75 228
75 229
75 241
75 250
75 261
75 293
75 294
75 295
75 310
75 311
75 329
75 339
75 341
75 343
75 347
75 358
75 364
75 373
75 376
75 387
75 395
76 79
76 86
76 110
76 140
76 154
76 165
76 166
76 169
76 172
76 177
76 187
76 198
76 208
76 231
76 235
76 239
76 255
76 277
76 334
76 341
76 361
76 367
76 375
76 382
76 386
76 391
77 85
77 107
77 115
77 120
77 133
77 141
77 145
77 156
77 167
77 187
77 201
77 203
77 208
77 221
77 237
77 240
77 249
77 258
77 276
77 288
77 304
77 315
77 344
77 356
77 363
77 382
77 387
78 105
78 112
78 116
78 130
78 152
78 157
78 158
78 186
78 189
78 204
78 219
78 226
78 235
78 267
78 278
78 284
78 288
78 294
78 299
78 300
78 306
78 309
78 330
78 339
78 350
78 372
78 373
78 378
78 391
79 82
79 92
79 107
79 112
79 123
79 139
79 144
79 151
79 153
79 160
79 176
79 178
79 185
79 188
79 202
79 204
79 205
79 211
79 213
79 228
79 233
79 245
79 260
79 263
79 265
79 267
79 277
79 281
79 283
79 286
79 304
79 305
79 309
79 330
79 350
79 358
79 367
79 376
79 397
80 87
80 89
80 95
80 99
80 108
80 134
80 136
80 141
80 182
80 223
80 228
80 247
80 249
80 254
80 289
80 291
80 300
80 322
80 332
80 337
80 343
80 353
80 355
80 365
80 368
80 369
80 391
80 398
81 120
81 123
81 157
81 185
81 189
81 197
81 198
81 214
81 215
81 219
81 221
81 228
81 233
81 235
81 238
81 246
81 251
81 265
81 276
81 295
81 302
81 314
81 332
81 335
81 343
81 346
81 352
81 356
81 371
81 372
81 381
82 96
82 98
82 100
82 116
82 123
82 128
82 133
82 137
82 144
82 147
82 151
82 162
82 177
82 190
82 193
82 216
82 232
82 241
82 243
82 252
82 256
82 261
82 262
82 263
82 268
82 309
82 315
82 316
82 332
82 340
82 355
82 359
82 361
82 375
82 390
82 397
83 128
83 130
83 157
83 180
83 181
83 245
83 250
83 252
83 254
83 256
83 272
83 288
83 300
83 313
83 318
83 319
83 320
83 337
83 339
83 340
83 344
83 362
83 365
83 373
83 380
83 391
84 92
84 109
84 110
84 136
84 149
84 150
84 159
84 170
84 173
84 203
84 208
84 213
84 233
84 255
84 257
84 263
84 268
84 274
84 277
84 281
84 308
84 319
84 323
84 344
84 350
84 359
84 363
84 369
84 381
84 383
84 384
84 387
84 399
85 91
85 93
85 104
85 118
85 120
85 130
85 133
85 174
85 175
85 183
85 196
85 198
85 206
85 209
85 214
85 221
85 235
85 237
85 242
85 254
85 257
85 274
85 277
85 284
85 286
85 287
85 296
85 315
85 324
85 339
85 365
85 383
85 398
86 90
86 105
86 108
86 122
86 129
86 154
86 159
86 165
86 170
86 179
86 188
86 210
86 212
86 224
86 226
86 231
86 243
86 245
86 248
86 249
86 250
86 260
86 270
86 272
86 273
86 289
86 295
86 299
86 303
86 336
86 337
86 339
86 346
86 351
86 366
86 377
86 393
86 396
86 399
87 94
87 106
87 107
87 108
87 146
87 166
87 194
87 195
87 215
87 216
87 254
87 272
87 297
87 301
87 307
87 316
87 318
87 328
87 339
87 355
87 360
87 387
88 96
88 101
88 113
88 121
88 131
88 132
88 143
88 154
88 165
88 171
88 172
88 188
88 189
88 194
88 207
88 223
88 225
88 231
88 234
88 236
88 238
88 245
88 251
88 257
88 265
88 274
88 289
88 294
88 303
88 306
88 309
88 316
88 328
88 340
88 346
88 355
88 362
88 375
88 388
89 94
89 102
89 103
89 130
89 162
89 178
89 184
89 198
89 200
89 203
89 204
89 206
89 214
89 220
89 251
89 254
89 259
89 262
89 282
89 284
89 299
89 300
89 307
89 318
89 363
89 368
89 386
89 389
89 394
89 397
89 398
90 107
90 112
90 114
90 135
90 172
90 175
90 183
90 193
90 200
90 208
90 211
90 213
90 220
90 240
90 242
90 249
90 253
90 277
90 287
90 301
90 303
90 316
90 319
90 324
90 332
90 333
90 336
90 342
90 349
90 355
90 357
90 364
90 365
90 376
90 379
90 392
91 106
91 113
91 122
91 143
91 151
91 156
91 168
91 192
91 198
91 210
91 218
91 223
91 227
91 241
91 254
91 258
91 265
91 293
91 303
91 329
91 333
91 350
91 363
91 374
91 386
92 110
92 116
92 120
92 125
92 133
92 137
92 151
92 157
92 164
92 166
92 167
92 178
92 201
92 211
92 218
92 220
92 232
92 240
92 242
92 249
92 265
92 270
92 279
92 281
92 283
92 288
92 314
92 316
92 378
92 380
93 94
93 104
93 110
93 114
93 116
93 132
93 136
93 142
93 162
93 169
93 171
93 177
93 187
93 189
93 211
93 215
93 217
93 224
93 231
93 236
93 238
93 240
93 266
93 271
93 277
93 281
93 309
93 314
93 315
93 323
93 343
93 352
93 353
93 357
93 378
93 381
94 95
94 120
94 121
94 122
94 131
94 147
94 166
94 193
94 197
94 199
94 218
94 227
94 246
94 253
94 263
94 286
94 297
94 305
94 326
94 327
94 382
94 385
94 394
95 104
95 106
95 115
95 125
95 131
95 145
95 155
95 160
95 174
95 186
95 193
95 208
95 216
95 220
95 236
95 241
95 258
95 262
95 271
95 272
95 279
95 289
95 294
95 297
95 308
95 311
95 315
95 330
95 352
95 356
95 366
95 367
95 384
96 106
96 113
96 137
96 155
96 163
96 166
96 178
96 180
96 184
96 196
96 204
96 226
96 243
96 247
96 251
96 256
96 265
96 268
96 270
96 282
96 284
96 295
96 313
96 315
96 394
97 99
97 131
97 135
97 163
97 166
97 190
97 217
97 218
97 224
97 234
97 238
97 256
97 276
97 280
97 284
97 287
97 313
97 314
97 330
97 339
97 343
97 351
97 360
97 369
97 391
97 392
97 399
98 105
98 112
98 146
98 177
98 194
98 202
98 207
98 208
98 215
98 222
98 223
98 234
98 236
98 240
98 251
98 263
98 268
98 272
98 275
98 314
98 326
98 329
98 331
98 332
98 349
98 352
98 355
98 384
98 387
99 122
99 124
99 129
99 135
99 150
99 154
99 158
99 176
99 222
99 224
99 231
99 243
99 246
99 250
99 287
99 288
99 290
99 291
99 332
99 339
99 349
99 376
99 399
100 106
100 119
100 135
100 138
100 140
100 142
100 154
100 155
100 159
100 162
100 170
100 172
100 178
100 179
100 192
100 207
100 210
100 217
100 221
100 234
100 240
100 241
100 252
100 259
100 272
100 288
100 316
100 318
100 321
100 322
100 329
100 334
100 335
100 344
100 347
100 349
100 375
100 379
100 390
100 395
101 113
101 123
101 146
101 150
101 161
101 182
101 199
101 201
101 218
101 222
101 225
101 245
101 249
101 282
101 284
101 287
101 296
101 349
101 352
101 366
101 368
101 375
101 383
102 105
102 107
102 108
102 126
102 129
102 146
102 154
102 155
102 164
102 171
102 173
102 177
102 190
102 215
102 259
102 283
102 288
102 300
102 319
102 324
102 333
102 382
102 392
103 110
103 119
103 120
103 131
103 141
103 152
103 163
103 168
103 181
103 197
103 223
103 265
103 278
103 288
103 339
103 345
103 356
103 358
103 361
103 384
103 391
103 393
104 106
104 111
104 114
104 125
104 128
104 131
104 132
104 135
104 158
104 191
104 198
104 224
104 246
104 252
104 289
104 291
104 297
104 305
104 308
104 316
104 325
104 327
104 340
104 353
104 363
104 364
104 376
104 379
104 381
104 386
104 395
105 107
105 120
105 133
105 134
105 141
105 143
105 153
105 162
105 182
105 210
105 244
105 254
105 255
105 257
105 258
105 263
105 278
105 283
105 289
105 323
105 333
105 365
105 366
105 374
105 375
105 376
105 390
105 396
106 113
106 115
106 128
106 150
106 151
106 177
106 180
106 192
106 194
106 198
106 221
106 222
106 223
106 247
106 250
106 261
106 264
106 269
106 273
106 276
106 284
106 293
106 305
106 314
106 323
106 354
106 358
106 387
106 394
107 109
107 110
107 133
107 139
107 164
107 170
107 203
107 208
107 221
107 225
107 232
107 244
107 256
107 257
107 266
107 295
107 311
107 312
107 330
107 337
107 346
107 353
107 354
107 356
107 360
107 370
107 379
107 384
108 119
108 120
108 129
108 141
108 143
108 148
108 156
108 160
108 200
108 208
108 221
108 224
108 227
108 237
108 239
108 247
108 251
108 257
108 262
108 278
108 284
108 286
108 287
108 290
108 317
108 321
108 348
108 359
108 360
108 368
108 380
109 110
109 121
109 123
109 128
109 134
109 143
109 149
109 177
109 182
109 203
109 204
109 212
109 218
109 223
109 234
109 238
109 241
109 253
109 262
109 279
109 282
109 304
109 320
109 334
109 348
109 365
109 366
109 398
110 118
110 138
110 159
110 160
110 169
110 173
110 200
110 230
110 245
110 263
110 280
110 282
110 289
110 307
110 311
110 322
110 329
110 335
110 349
110 353
110 354
110 368
110 374
110 377
110 379
110 393
111 122
111 129
111 131
111 143
111 157
111 171
111 176
111 180
111 187
111 198
111 230
111 241
111 245
111 278
111 284
111 320
111 330
111 336
111 352
111 385
111 388
111 393
112 124
112 128
112 140
112 161
112 164
112 184
112 197
112 198
112 212
112 239
112 261
112 262
112 271
112 290
112 295
112 325
112 344
112 354
112 357
112 382
112 384
113 123
113 131
113 134
113 136
113 189
113 203
113 220
113 240
113 241
113 252
113 255
113 258
113 263
113 293
113 309
113 321
113 324
113 330
113 337
113 352
113 354
113 387
114 123
114 130
114 131
114 133
114 162
114 165
114 168
114 184
114 188
114 194
114 217
114 223
114 226
114 234
114 243
114 277
114 280
114 281
114 296
114 302
114 316
114 343
114 344
114 347
114 370
114 372
114 374
114 384
114 392
115 118
115 141
115 148
115 149
115 152
115 167
115 178
115 188
115 199
115 203
115 204
115 212
115 217
115 219
115 228
115 254
115 269
115 278
115 288
115 289
115 298
115 301
115 306
115 326
115 334
115 357
115 361
115 378
115 398
116 117
116 145
116 159
116 184
116 196
116 214
116 221
116 227
116 228
116 236
116 252
116 257
116 294
116 302
116 304
116 305
116 310
116 315
116 318
116 337
116 341
116 343
116 345
116 348
116 360
116 367
116 381
116 390
117 123
117 126
117 130
117 131
117 145
117 150
117 167
117 173
117 187
117 192
117 201
117 211
117 215
117 220
117 238
117 239
117 268
117 276
117 286
117 292
117 306
117 341
117 351
117 374
117 378
117 379
118 133
118 146
118 168
118 176
118 180
118 183
118 190
118 203
118 217
118 223
118 226
118 232
118 237
118 246
118 247
118 250
118 255
118 261
118 280
118 281
118 292
118 309
118 311
118 369
118 374
118 395
119 124
119 125
119 128
119 156
119 174
119 179
119 194
119 214
119 259
119 265
119 272
119 318
119 319
119 322
119 334
119 335
119 344
119 349
119 350
119 351
119 362
119 369
119 373
119 384
120 126
120 140
120 148
120 154
120 157
120 164
120 165
120 167
120 181
120 211
120 213
120 220
120 247
120 252
120 258
120 264
120 274
120 275
120 280
120 285
120 300
120 312
120 318
120 321
120 332
120 335
120 348
120 374
120 375
120 386
120 392
121 122
121 135
121 157
121 178
121 198
121 213
121 215
121 232
121 233
121 248
121 251
121 277
121 287
121 291
121 328
121 335
121 336
121 342
121 345
121 382
121 389
122 126
122 129
122 152
122 162
122 177
122 187
122 230
122 232
122 236
122 247
122 248
122 251
122 252
122 262
122 301
122 314
122 323
122 325
122 328
122 336
122 345
122 369
122 379
122 395
123 133
123 138
123 157
123 166
123 167
123 169
123 172
123 208
123 215
123 225
123 229
123 251
123 256
123 260
123 282
123 284
123 289
123 295
123 305
123 311
123 323
123 334
123 369
123 373
123 375
123 381
123 384
123 389
123 397
123 398
124 128
124 131
124 141
124 151
124 154
124 161
124 162
124 205
124 216
124 254
124 257
124 263
124 268
124 270
124 280
124 282
124 294
124 299
124 307
124 309
124 311
124 315
124 325
124 341
124 342
124 346
124 353
124 356
124 369
124 371
124 378
124 395
125 128
125 129
125 160
125 168
125 187
125 189
125 195
125 199
125 205
125 207
125 208
125 216
125 217
125 224
125 227
125 233
125 234
125 235
125 241
125 257
125 269
125 272
125 277
125 287
125 291
125 296
125 301
125 303
125 313
125 336
125 341
125 349
125 366
125 386
125 387
125 390
126 137
126 170
126 171
126 176
126 178
126 182
126 188
126 193
126 194
126 212
126 220
126 221
126 227
126 232
126 236
126 240
126 243
126 248
126 260
126 262
126 266
126 269
126 278
126 287
126 289
126 307
126 311
126 316
126 337
126 342
126 362
126 373
126 375
126 388
126 398
127 132
127 140
127 142
127 150
127 151
127 158
127 164
127 170
127 199
127 207
127 211
127 216
127 227
127 228
127 249
127 261
127 263
127 272
127 289
127 294
127 317
127 337
127 338
127 344
127 349
127 351
127 355
127 358
127 360
127 363
127 373
127 376
127 392
128 137
128 142
128 151
128 187
128 195
128 196
128 215
128 219
128 234
128 272
128 286
128 290
128 298
128 301
128 302
128 307
128 320
128 324
128 325
128 328
128 334
128 337
128 340
128 349
128 351
128 359
128 371
128 381
128 397
129 130
129 196
129 207
129 224
129 230
129 233
129 239
129 248
129 264
129 269
129 308
129 309
129 316
129 318
129 329
129 340
129 360
129 361
129 378
129 389
129 399
130 143
130 146
130 166
130 167
130 182
130 184
130 188
130 197
130 215
130 233
130 254
130 257
130 263
130 269
130 271
130 274
130 275
130 288
130 304
130 305
130 306
130 312
130 314
130 325
130 352
130 365
130 371
130 383
130 387
130 391
130 396
131 132
131 137
131 158
131 162
131 170
131 176
131 183
131 190
131 194
131 199
131 200
131 206
131 214
131 243
131 253
131 272
131 291
131 292
131 295
131 301
131 306
131 320
131 326
131 328
131 333
131 337
131 349
131 352
131 353
131 359
131 387
132 136
132 165
132 185
132 196
132 207
132 212
132 215
132 229
132 249
132 253
132 262
132 266
132 268
132 275
132 296
132 319
132 343
132 349
132 364
132 369
132 399
133 148
133 160
133 162
133 171
133 174
133 191
133 197
133 208
133 212
133 213
133 216
133 236
133 257
133 261
133 264
133 265
133 273
133 279
133 290
133 292
133 293
133 304
133 320
133 325
133 331
133 336
133 374
133 375
133 378
133 390
133 398
134 138
134 157
134 159
134 180
134 185
134 190
134 194
134 226
134 241
134 247
134 265
134 280
134 281
134 298
134 299
134 316
134 335
134 341
134 367
134 389
134 392
134 395
134 398
135 153
135 163
135 174
135 176
135 184
135 200
135 226
135 237
135 251
135 254
135 256
135 275
135 283
135 285
135 296
135 306
135 309
135 317
135 321
135 322
135 323
135 331
135 339
135 341
135 343
135 376
135 385
135 387
135 388
136 140
136 188
136 190
136 192
136 194
136 198
136 208
136 218
136 259
136 281
136 295
136 302
136 311
136 322
136 330
136 335
136 337
136 341
136 358
136 363
136 380
136 392
136 396
137 139
137 146
137 149
137 153
137 154
137 163
137 168
137 186
137 197
137 198
137 204
137 223
137 253
137 254
137 267
137 279
137 286
137 288
137 293
137 298
137 310
137 317
137 330
137 355
137 362
137 366
137 368
137 373
138 154
138 167
138 179
138 203
138 204
138 211
138 218
138 229
138 236
138 255
138 260
138 271
138 272
138 316
138 318
138 322
138 326
138 338
138 345
138 355
138 364
138 372
138 377
138 393
139 146
139 150
139 205
139 214
139 218
139 220
139 231
139 238
139 246
139 247
139 266
139 272
139 277
139 279
139 280
139 289
139 294
139 312
139 356
139 359
139 361
139 362
139 365
139 366
139 374
139 378
139 380
139 384
139 389
139 392
140 156
140 158
140 160
140 178
140 184
140 187
140 207
140 241
140 256
140 259
140 270
140 273
140 288
140 309
140 313
140 315
140 319
140 324
140 333
140 338
140 340
140 346
140 351
140 355
140 357
140 366
140 370
140 386
140 391
140 393
141 149
141 158
141 166
141 212
141 214
141 221
141 223
141 226
141 286
141 290
141 293
141 295
141 303
141 352
141 355
141 364
141 365
141 370
141 384
142 145
142 161
142 177
142 191
142 204
142 229
142 230
142 247
142 266
142 276
142 282
142 300
142 301
142 322
142 324
142 328
142 352
142 354
142 360
142 363
142 372
142 382
142 387
142 398
143 157
143 170
143 172
143 178
143 187
143 189
143 229
143 254
143 261
143 275
143 276
143 282
143 288
143 289
143 295
143 311
143 316
143 317
143 326
143 359
143 361
143 378
143 382
143 384
143 386
143 397
143 399
144 147
144 179
144 180
144 192
144 206
144 259
144 264
144 286
144 287
144 306
144 311
144 338
144 347
144 351
144 361
144 376
144 386
144 388
145 175
145 195
145 205
145 227
145 230
145 235
145 243
145 250
145 254
145 287
145 296
145 298
145 325
145 343
145 357
145 368
145 375
145 376
145 378
145 382
145 384
145 389
146 159
146 167
146 170
146 174
146 177
146 180
146 208
146 218
146 226
146 255
146 261
146 266
146 273
146 278
146 294
146 295
146 297
146 299
146 308
146 311
146 325
146 328
146 330
146 343
146 355
146 360
146 375
146 376
146 378
146 385
146 390
147 171
147 185
147 186
147 196
147 202
147 217
147 226
147 228
147 234
147 238
147 241
147 247
147 255
147 259
147 260
147 264
147 289
147 293
147 312
147 318
147 334
147 341
147 359
147 370
147 396
148 155
148 165
148 170
148 174
148 177
148 226
148 247
148 250
148 257
148 259
148 265
148 289
148 292
148 299
148 303
148 305
148 315
148 321
148 327
148 357
148 367
148 370
149 153
149 156
149 157
149 159
149 163
149 164
149 166
149 170
149 202
149 209
149 212
149 218
149 227
149 243
149 247
149 260
149 262
149 281
149 300
149 303
149 315
149 343
149 344
149 347
149 348
149 355
149 356
149 358
149 364
149 372
150 160
150 167
150 215
150 224
150 226
150 229
150 241
150 242
150 243
150 269
150 270
150 280
150 285
150 293
150 318
150 324
150 325
150 360
150 362
150 379
150 399
151 166
151 168
151 174
151 179
151 189
151 192
151 206
151 225
151 246
151 257
151 259
151 264
151 272
151 274
151 279
151 283
151 288
151 301
151 312
151 332
151 363
151 366
151 372
151 391
151 395
152 155
152 159
152 174
152 239
152 243
152 244
152 251
152 254
152 264
152 266
152 269
152 274
152 278
152 280
152 310
152 318
152 321
152 335
152 337
152 338
152 363
152 380
152 390
152 393
152 395
152 399
153 156
153 170
153 173
153 192
153 193
153 217
153 219
153 220
153 288
153 289
153 302
153 303
153 316
153 351
153 356
153 378
153 380
153 385
153 399
154 166
154 173
154 179
154 209
154 218
154 239
154 256
154 268
154 279
154 282
154 302
154 303
154 304
154 329
154 331
154 339
154 358
154 359
154 368
154 377
155 172
155 197
155 204
155 208
155 222
155 232
155 233
155 260
155 287
155 291
155 294
155 308
155 311
155 314
155 317
155 328
155 335
155 347
155 360
155 371
155 376
155 377
156 158
156 161
156 162
156 180
156 226
156 233
156 234
156 249
156 254
156 257
156 273
156 276
156 303
156 304
156 305
156 311
156 312
156 319
156 326
156 328
156 357
156 363
156 366
156 374
156 393
157 167
157 212
157 215
157 217
157 221
157 232
157 237
157 257
157 266
157 268
157 273
157 275
157 286
157 297
157 317
157 318
157 319
157 321
157 335
157 338
157 355
157 384
157 388
157 389
157 394
158 166
158 184
158 189
158 194
158 202
158 205
158 212
158 226
158 227
158 232
158 233
158 244
158 246
158 249
158 273
158 282
158 307
158 311
158 312
158 320
158 324
158 336
158 340
158 349
158 360
159 170
159 172
159 173
159 178
159 190
159 207
159 210
159 217
159 222
159 236
159 240
159 245
159 252
159 265
159 267
159 268
159 276
159 297
159 298
159 321
159 334
159 345
159 349
159 358
159 366
159 374
159 385
159 399
160 166
160 174
160 179
160 183
160 186
160 187
160 204
160 212
160 215
160 217
160 222
160 223
160 259
160 274
160 289
160 298
160 303
160 304
160 307
160 308
160 312
160 315
160 318
160 339
160 342
160 344
160 381
160 382
160 393
161 165
161 173
161 183
161 184
161 196
161 210
161 211
161 219
161 227
161 249
161 252
161 257
161 267
161 268
161 274
161 282
161 287
161 293
161 313
161 316
161 318
161 319
161 328
161 339
161 344
161 356
161 361
161 371
162 184
162 202
162 203
162 208
162 210
162 224
162 257
162 261
162 271
162 286
162 303
162 305
162 312
162 320
162 342
162 344
162 347
162 348
162 365
162 370
162 371
162 380
163 179
163 193
163 209
163 214
163 227
163 241
163 246
163 247
163 252
163 258
163 259
163 266
163 274
163 280
163 281
163 282
163 283
163 306
163 308
163 310
163 312
163 325
163 327
163 336
163 343
163 344
163 376
163 382
163 390
163 391
163 393
163 398
164 178
164 179
164 181
164 198
164 203
164 204
164 268
164 278
164 305
164 313
164 332
164 343
164 349
164 350
164 358
164 366
164 387
164 389
165 171
165 175
165 185
165 188
165 203
165 204
165 208
165 215
165 216
165 225
165 228
165 235
165 236
165 244
165 245
165 249
165 286
165 296
165 318
165 321
165 322
165 336
165 341
165 370
165 372
165 374
165 375
166 173
166 184
166 185
166 189
166 199
166 216
166 244
166 246
166 257
166 259
166 269
166 277
166 297
166 313
166 336
166 341
166 344
166 365
166 378
166 392
166 394
166 399
167 175
167 177
167 183
167 200
167 201
167 207
167 242
167 243
167 249
167 278
167 288
167 294
167 318
167 326
167 334
167 345
167 353
167 359
167 397
168 180
168 195
168 200
168 202
168 206
168 208
168 211
168 221
168 228
168 246
168 288
168 291
168 297
168 306
168 317
168 331
168 336
168 341
168 352
168 359
168 384
168 387
168 399
169 177
169 182
169 184
169 186
169 213
169 219
169 249
169 250
169 251
169 258
169 274
169 279
169 287
169 299
169 308
169 321
169 326
169 332
169 360
169 372
169 376
169 379
169 393
169 395
170 172
170 189
170 196
170 246
170 248
170 264
170 267
170 272
170 274
170 283
170 291
170 295
170 296
170 302
170 315
170 342
170 365
170 379
170 395
171 183
171 185
171 194
171 204
171 207
171 216
171 232
171 242
171 264
171 267
171 268
171 269
171 270
171 281
171 285
171 308
171 310
171 314
171 320
171 333
171 349
171 359
171 379
171 391
172 175
172 179
172 194
172 207
172 222
172 235
172 244
172 246
172 249
172 288
172 312
172 323
172 331
172 332
172 336
172 340
172 348
172 360
172 364
172 399
173 200
173 217
173 227
173 234
173 253
173 260
173 283
173 287
173 303
173 307
173 310
173 313
173 314
173 325
173 330
173 339
173 340
173 342
173 361
173 367
173 376
173 393
174 191
174 194
174 203
174 225
174 228
174 236
174 249
174 256
174 270
174 279
174 290
174 310
174 312
174 320
174 339
174 347
174 350
174 351
174 384
174 388
174 390
175 188
175 195
175 202
175 215
175 225
175 226
175 246
175 249
175 252
175 256
175 270
175 285
175 289
175 312
175 317
175 354
175 358
175 366
175 387
175 391
175 393
176 177
176 184
176 197
176 201
176 208
176 210
176 215
176 220
176 227
176 228
176 234
176 242
176 248
176 252
176 264
176 270
176 280
176 287
176 291
176 301
176 308
176 325
176 337
176 339
176 341
176 343
176 360
176 361
176 363
176 368
176 372
176 384
176 395
177 191
177 197
177 201
177 218
177 219
177 221
177 249
177 253
177 267
177 318
177 329
177 348
177 351
177 391
178 182
178 193
178 224
178 225
178 226
178 231
178 267
178 271
178 272
178 288
178 301
178 313
178 321
178 322
178 352
178 372
178 374
179 192
179 209
179 222
179 228
179 237
179 250
179 259
179 261
179 283
179 296
179 308
179 313
179 326
179 339
179 370
179 371
179 396
180 182
180 214
180 215
180 220
180 243
180 245
180 251
180 262
180 264
180 283
180 312
180 326
180 334
180 338
180 339
180 345
180 348
180 353
180 359
180 362
180 367
180 376
180 391
180 395
181 183
181 196
181 241
181 250
181 258
181 276
181 280
181 287
181 295
181 306
181 307
181 327
181 330
181 343
181 345
181 350
181 354
181 359
181 368
181 378
181 380
181 390
181 391
181 392
182 188
182 205
182 209
182 219
182 233
182 264
182 270
182 279
182 281
182 283
182 286
182 287
182 292
182 302
182 309
182 340
182 342
182 343
182 349
182 352
182 360
182 361
182 369
182 375
182 390
182 395
182 398
183 191
183 196
183 238
183 246
183 248
183 250
183 263
183 269
183 275
183 279
183 285
183 303
183 308
183 314
183 320
183 326
183 329
183 339
183 345
183 354
183 364
183 367
183 376
183 389
183 391
183 394
184 192
184 198
184 206
184 207
184 214
184 223
184 224
184 225
184 233
184 260
184 301
184 315
184 328
184 343
184 364
184 370
184 382
185 190
185 220
185 221
185 223
185 250
185 252
185 255
185 258
185 259
185 264
185 314
185 318
185 320
185 326
185 331
185 332
185 334
185 342
185 353
185 358
185 361
185 363
185 385
185 397
186 197
186 204
186 222
186 225
186 232
186 258
186 264
186 269
186 270
186 277
186 282
186 294
186 318
186 321
186 326
186 327
186 353
186 358
186 363
186 369
186 371
186 372
186 382
186 399
187 188
187 200
187 215
187 231
187 244
187 270
187 274
187 275
187 281
187 293
187 295
187 296
187 298
187 303
187 306
187 307
187 318
187 322
187 332
187 345
187 364
187 368
187 371
187 391
187 392
188 199
188 201
188 209
188 240
188 258
188 261
188 276
188 291
188 294
188 306
188 326
188 340
188 351
188 355
188 359
188 363
188 369
188 394
188 395
188 397
189 190
189 205
189 209
189 232
189 245
189 255
189 257
189 264
189 266
189 292
189 294
189 302
189 319
189 321
189 357
189 360
189 364
189 365
189 366
189 368
189 374
190 211
190 213
190 215
190 217
190 232
190 235
190 237
190 246
190 261
190 262
190 268
190 307
190 328
190 332
190 340
190 347
190 359
190 364
190 399
191 193
191 206
191 222
191 225
191 262
191 306
191 310
191 313
191 318
191 322
191 341
191 345
191 349
191 353
191 357
191 368
191 372
191 379
191 389
191 392
192 204
192 211
192 222
192 223
192 225
192 250
192 254
192 257
192 259
192 262
192 277
192 282
192 287
192 291
192 296
192 308
192 311
192 325
192 333
192 340
192 355
192 376
192 390
193 222
193 224
193 228
193 241
193 257
193 261
193 263
193 290
193 292
193 308
193 316
193 323
193 326
193 328
193 331
193 338
193 346
193 356
193 366
193 367
193 368
193 375
193 377
193 378
193 382
193 386
193 390
194 200
194 201
194 206
194 219
194 250
194 255
194 259
194 261
194 275
194 283
194 284
194 298
194 299
194 311
194 313
194 320
194 321
194 322
194 323
194 331
194 335
194 348
194 366
195 208
195 220
195 236
195 241
195 242
195 243
195 245
195 252
195 285
195 286
195 296
195 319
195 321
195 326
195 333
195 334
195 355
195 388
195 393
196 206
196 208
196 219
196 232
196 236
196 240
196 246
196 254
196 290
196 311
196 317
196 319
196 320
196 341
196 348
196 356
196 363
196 366
196 371
196 381
196 394
196 397
196 398
197 200
197 204
197 221
197 226
197 268
197 283
197 303
197 306
197 318
197 321
197 322
197 326
197 329
197 330
197 338
197 339
197 351
197 356
197 365
197 380
197 397
198 223
198 264
198 271
198 288
198 296
198 316
198 323
198 328
198 331
198 333
198 338
198 363
198 376
198 382
198 383
198 394
199 202
199 208
199 219
199 258
199 262
199 273
199 277
199 302
199 321
199 325
199 330
199 336
199 337
199 342
199 354
199 386
199 388
199 399
200 206
200 208
200 225
200 226
200 232
200 235
200 278
200 279
200 285
200 291
200 307
200 317
200 323
200 329
200 354
200 357
200 361
200 363
200 370
200 373
200 375
200 390
201 209
201 222
201 223
201 224
201 236
201 253
201 305
201 306
201 321
201 326
201 342
201 343
201 355
201 380
201 383
201 389
202 213
202 216
202 242
202 247
202 265
202 269
202 271
202 275
202 297
202 313
202 328
202 331
202 337
202 354
202 356
202 363
202 364
202 375
202 391
203 206
203 223
203 231
203 232
203 259
203 264
203 265
203 270
203 273
203 278
203 290
203 293
203 294
203 312
203 317
203 351
203 357
203 359
203 382
203 386
204 225
204 236
204 237
204 253
204 260
204 277
204 290
204 291
204 294
204 297
204 305
204 309
204 311
204 323
204 329
204 341
204 349
204 363
204 374
204 399
205 224
205 225
205 236
205 238
205 250
205 254
205 261
205 289
205 327
205 334
205 340
205 356
205 363
205 370
205 378
205 380
205 386
205 396
205 399
206 209
206 213
206 216
206 222
206 223
206 233
206 242
206 249
206 254
206 258
206 269
206 287
206 297
206 300
206 306
206 334
206 350
206 352
206 366
206 376
206 386
206 387
206 393
206 394
206 395
207 209
207 219
207 221
207 241
207 248
207 262
207 269
207 271
207 274
207 285
207 306
207 319
207 336
207 356
207 364
207 369
207 370
207 371
207 377
207 391
208 220
208 231
208 264
208 281
208 285
208 308
208 309
208 310
208 316
208 327
208 338
208 344
208 353
208 356
208 361
208 364
208 365
208 394
209 224
209 225
209 228
209 229
209 234
209 235
209 241
209 244
209 259
209 260
209 264
209 291
209 295
209 309
209 322
209 332
209 333
209 337
209 349
209 371
209 372
209 376
209 381
209 391
209 396
210 213
210 220
210 250
210 251
210 253
210 260
210 266
210 271
210 290
210 292
210 299
210 301
210 308
210 315
210 316
210 327
210 329
210 337
210 345
210 350
210 368
210 381
210 382
210 388
210 391
210 394
211 213
211 232
211 250
211 270
211 272
211 294
211 301
211 315
211 317
211 319
211 344
211 347
211 386
211 389
212 221
212 231
212 241
212 242
212 262
212 278
212 293
212 297
212 300
212 310
212 321
212 352
212 354
212 371
212 380
212 387
212 396
212 399
213 237
213 262
213 263
213 265
213 268
213 292
213 299
213 302
213 309
213 310
213 318
213 321
213 327
213 331
213 359
213 373
213 375
213 388
213 399
214 239
214 244
214 246
214 249
214 262
214 267
214 271
214 304
214 330
214 337
214 348
214 367
214 371
214 386
215 219
215 226
215 238
215 246
215 265
215 273
215 303
215 307
215 310
215 317
215 325
215 335
215 343
215 354
215 357
215 363
215 384
216 219
216 222
216 229
216 238
216 240
216 247
216 249
216 266
216 270
216 298
216 315
216 319
216 323
216 334
216 336
216 337
216 345
216 372
216 394
216 397
217 233
217 235
217 238
217 242
217 255
217 262
217 264
217 268
217 269
217 285
217 290
217 293
217 298
217 300
217 305
217 313
217 314
217 323
217 332
217 337
217 342
217 365
217 369
217 397
217 398
218 238
218 240
218 241
218 247
218 248
218 259
218 312
218 320
218 327
218 348
218 352
218 361
218 370
218 386
218 399
219 234
219 245
219 246
219 268
219 274
219 289
219 299
219 311
219 323
219 332
219 336
219 377
219 392
219 398
220 225
220 249
220 264
220 272
220 276
220 285
220 292
220 294
220 312
220 317
220 320
220 334
220 335
220 347
220 357
220 377
220 379
220 381
220 382
221 228
221 240
221 256
221 267
221 275
221 296
221 311
221 346
221 350
221 351
221 356
222 237
222 255
222 258
222 263
222 267
222 275
222 286
222 315
222 319
222 323
222 324
222 325
222 335
222 356
222 359
222 393
223 243
223 282
223 297
223 305
223 319
223 330
223 332
223 340
223 348
223 355
223 361
223 372
223 394
223 395
224 229
224 276
224 283
224 293
224 294
224 297
224 303
224 314
224 322
224 323
224 324
224 339
224 359
224 362
224 363
224 368
224 371
224 374
224 384
224 392
225 245
225 265
225 270
225 273
225 292
225 294
225 304
225 318
225 326
225 335
225 365
225 370
225 374
225 379
225 394
226 230
226 234
226 235
226 250
226 277
226 279
226 282
226 285
226 288
226 290
226 312
226 314
226 325
226 336
226 351
226 376
226 379
226 389
227 237
227 238
227 246
227 277
227 293
227 306
227 320
227 323
227 328
227 330
227 332
227 364
227 366
227 377
227 393
228 230
228 233
228 242
228 247
228 265
228 270
228 278
228 285
228 305
228 307
228 308
228 325
228 330
228 335
228 337
228 348
228 354
228 361
228 363
228 371
228 381
229 237
229 241
229 254
229 255
229 257
229 258
229 271
229 290
229 292
229 297
229 303
229 304
229 320
229 322
229 328
229 338
229 341
229 343
229 366
229 367
229 388
229 389
229 394
230 232
230 242
230 245
230 249
230 257
230 261
230 279
230 290
230 299
230 306
230 308
230 317
230 325
230 327
230 350
230 356
230 361
230 376
230 386
231 239
231 248
231 253
231 269
231 291
231 312
231 314
231 323
231 330
231 348
231 368
232 236
232 244
232 248
232 266
232 275
232 287
232 297
232 298
232 300
232 310
232 319
232 342
232 345
232 361
232 366
232 375
232 376
233 250
233 258
233 261
233 278
233 281
233 294
233 296
233 298
233 310
233 318
233 319
233 325
233 337
233 338
233 365
233 377
233 382
233 386
233 396
233 397
234 236
234 246
234 262
234 266
234 271
234 277
234 305
234 312
234 318
234 321
234 325
234 338
234 346
234 355
234 382
234 384
235 248
235 251
235 267
235 274
235 279
235 281
235 287
235 289
235 290
235 312
235 316
235 328
235 330
235 368
235 378
235 382
235 392
235 399
236 237
236 254
236 258
236 259
236 284
236 298
236 312
236 315
236 323
236 333
236 335
236 338
236 341
236 353
236 378
236 381
236 383
236 387
237 257
237 258
237 271
237 273
237 276
237 277
237 279
237 305
237 308
237 310
237 319
237 320
237 326
237 328
237 348
237 354
237 359
237 368
237 388
238 243
238 251
238 255
238 272
238 276
238 290
238 291
238 294
238 295
238 328
238 347
238 357
238 378
238 391
239 253
239 265
239 277
239 278
239 287
239 327
239 331
239 333
239 354
239 358
239 362
239 364
239 370
239 371
239 373
239 386
240 241
240 265
240 279
240 285
240 295
240 301
240 312
240 320
240 333
240 343
240 351
240 359
240 364
240 367
240 375
240 380
241 251
241 252
241 255
241 295
241 329
241 331
241 337
241 342
241 354
241 364
241 368
241 384
241 393
241 394
242 244
242 246
242 325
242 336
242 341
242 373
242 376
243 246
243 261
243 290
243 296
243 307
243 314
243 359
243 363
243 370
243 376
243 390
243 391
244 256
244 263
244 267
244 271
244 286
244 291
244 292
244 303
244 310
244 323
244 331
244 342
244 346
244 351
244 356
244 359
244 373
244 376
245 246
245 253
245 259
245 264
245 286
245 300
245 350
245 353
245 365
245 382
246 247
246 259
246 266
246 274
246 279
246 287
246 324
246 342
246 345
246 348
246 352
246 379
246 380
246 384
246 396
246 399
247 263
247 264
247 267
247 286
247 287
247 299
247 302
247 311
247 324
247 325
247 331
247 355
247 369
247 375
247 379
247 381
247 396
248 263
248 270
248 278
248 281
248 288
248 310
248 321
248 324
248 329
248 341
248 349
248 354
248 363
248 365
248 384
248 385
248 394
249 256
249 258
249 275
249 285
249 320
249 330
249 360
249 382
249 384
250 253
250 286
250 299
250 304
250 320
250 323
250 326
250 364
250 385
251 282
251 290
251 291
251 308
251 311
251 320
251 333
251 337
251 375
251 380
251 384
251 385
251 393
251 394
252 266
252 280
252 294
252 304
252 308
252 310
252 315
252 323
252 327
252 330
252 342
252 365
252 370
252 372
252 381
252 398
253 277
253 283
253 292
253 300
253 304
253 314
253 328
253 338
253 340
253 342
253 345
253 353
253 354
253 358
253 396
254 263
254 270
254 273
254 281
254 293
254 302
254 312
254 316
254 320
254 327
254 333
254 364
254 398
255 256
255 260
255 266
255 291
255 317
255 319
255 321
255 328
255 336
255 339
255 355
255 363
255 366
255 379
255 388
255 390
255 397
256 262
256 272
256 294
256 302
256 311
256 343
256 368
256 372
256 399
257 283
257 285
257 293
257 308
257 310
257 313
257 344
257 381
258 270
258 273
258 289
258 299
258 300
258 301
258 307
258 320
258 325
258 345
258 350
258 352
258 360
258 399
259 263
259 287
259 296
259 337
259 349
259 371
260 270
260 277
260 279
260 280
260 286
260 287
260 306
260 308
260 311
260 312
260 316
260 317
260 344
260 345
260 365
260 369
260 370
260 384
261 263
261 275
261 276
261 278
261 305
261 313
261 317
261 331
261 344
261 382
261 395
261 397
262 263
262 264
262 273
262 292
262 312
262 315
262 319
262 332
262 336
262 340
262 347
262 348
262 364
262 368
262 373
262 392
263 281
263 286
263 291
263 329
263 362
263 366
263 373
263 380
263 382
264 279
264 281
264 304
264 306
264 311
264 313
264 331
264 336
264 354
264 362
264 368
264 373
265 274
265 307
265 317
265 338
265 342
265 354
265 360
265 363
265 379
265 383
266 270
266 271
266 279
266 296
266 326
266 328
266 335
266 359
266 367
266 378
266 379
266 383
267 277
267 304
267 327
267 354
267 360
267 377
267 380
267 395
267 396
268 281
268 320
268 336
268 337
268 339
268 347
268 362
268 391
268 392
268 398
269 275
269 279
269 293
269 301
269 305
269 308
269 322
269 341
269 374
270 311
270 317
270 326
270 331
270 346
270 357
270 358
270 379
270 383
270 391
270 397
271 275
271 287
271 289
271 318
271 319
271 323
271 329
271 336
271 347
271 354
271 367
271 368
271 380
271 385
271 395
272 273
272 276
272 289
272 303
272 345
272 379
273 292
273 317
273 319
273 326
273 347
273 365
273 366
273 378
273 379
273 393
274 277
274 279
274 310
274 311
274 327
274 348
274 366
274 367
274 388
274 397
275 300
275 317
275 321
275 334
275 337
275 351
275 359
275 364
275 399
276 330
276 333
276 335
276 341
276 360
276 361
276 362
276 371
276 373
276 385
276 386
276 392
277 278
277 292
277 315
277 329
277 333
277 335
277 349
278 284
278 304
278 321
278 326
278 330
278 337
278 361
278 377
278 388
278 395
278 397
279 301
279 307
279 310
279 318
279 323
279 352
279 361
279 364
279 370
279 394
279 395
280 281
280 294
280 306
280 318
280 321
280 356
280 358
280 364
280 368
280 375
280 385
281 290
281 293
281 297
281 298
281 302
281 314
281 321
281 323
281 324
281 330
281 348
281 350
281 351
281 367
282 291
282 292
282 299
282 319
282 326
282 327
282 332
282 348
282 354
282 380
282 385
283 284
283 293
283 308
283 321
283 322
283 348
283 369
283 379
283 383
283 385
283 388
283 398
283 399
284 291
284 334
284 344
284 352
284 353
284 354
284 388
284 395
285 299
285 300
285 302
285 319
285 320
285 336
285 357
285 358
285 361
285 366
285 378
285 381
285 398
286 301
286 306
286 308
286 316
286 336
286 372
286 396
287 295
287 309
287 310
287 317
287 319
287 322
287 326
287 373
287 374
287 389
287 390
287 392
288 291
288 292
288 307
288 319
288 326
288 341
288 342
288 349
288 383
289 292
289 303
289 305
289 308
289 315
289 337
289 340
289 345
289 348
289 362
289 373
289 376
289 379
289 380
290 298
290 311
290 312
290 323
290 324
290 328
290 342
290 359
290 363
290 369
290 375
290 380
290 382
290 392
291 299
291 318
291 325
291 329
291 340
291 361
291 382
291 388
291 390
292 293
292 296
292 302
292 308
292 319
292 337
292 338
292 343
292 344
292 351
292 359
292 364
292 376
292 388
292 397
293 305
293 308
293 309
293 321
293 332
293 339
293 346
293 359
293 369
294 297
294 301
294 305
294 307
294 325
294 326
294 339
294 345
294 356
294 368
294 372
294 375
294 397
295 306
295 319
295 345
295 356
295 357
295 369
295 382
295 386
295 387
296 306
296 312
296 325
296 326
296 331
296 336
296 348
296 353
296 377
296 378
296 390
297 309
297 335
297 344
297 351
297 354
297 364
297 381
297 393
297 394
297 398
297 399
298 317
298 319
298 330
298 345
298 348
298 352
298 353
298 363
298 370
298 387
298 389
298 396
299 302
299 307
299 316
299 333
299 334
299 345
299 346
299 369
299 380
299 384
299 397
300 303
300 308
300 311
300 320
300 332
300 336
300 350
300 357
300 359
300 367
300 369
300 371
300 373
300 374
300 381
300 383
300 395
301 315
301 324
301 340
301 344
301 351
301 352
301 363
301 398
302 309
302 310
302 314
302 326
302 328
302 332
302 338
302 346
302 360
302 371
302 391
302 392
303 304
303 331
303 335
303 346
303 361
303 365
303 370
303 371
303 383
303 389
303 391
303 399
304 319
304 341
304 343
304 345
304 353
304 357
304 360
304 397
305 315
305 316
305 324
305 334
305 337
305 342
305 350
305 355
305 356
305 362
305 367
305 379
305 389
305 395
306 341
306 358
306 372
306 375
306 378
306 387
307 322
307 327
307 335
307 336
307 357
307 369
308 322
308 329
308 332
308 342
308 351
308 377
308 385
309 330
309 362
309 370
309 371
309 377
309 384
310 317
310 330
310 332
310 363
310 366
310 375
310 396
311 321
311 325
311 334
311 364
312 331
312 334
312 363
312 372
312 383
312 386
312 395
312 396
313 327
313 333
313 340
313 342
313 345
313 362
313 370
313 372
313 389
313 391
313 392
314 339
314 344
314 346
314 367
314 395
314 396
315 317
315 323
315 331
315 361
315 363
315 365
315 379
315 386
316 324
316 333
316 335
316 364
316 384
317 319
317 326
317 357
317 386
317 398
318 350
318 354
318 357
318 362
318 369
318 374
319 336
319 353
319 358
319 368
319 386
320 332
320 359
320 362
320 363
320 368
321 326
321 331
321 335
321 349
321 373
321 378
321 392
321 394
322 328
322 338
322 344
322 362
322 372
322 391
322 397
323 326
323 335
323 342
323 354
323 358
323 360
323 385
323 395
324 340
324 361
324 370
324 382
325 333
325 353
325 373
325 382
325 383
325 389
325 398
326 338
326 355
326 368
326 387
327 341
327 342
327 358
327 359
327 363
327 366
327 368
327 383
327 395
328 338
328 346
328 348
328 357
328 366
328 371
328 380
328 383
328 392
328 393
328 397
329 330
329 332
329 333
329 334
329 336
329 342
329 343
329 357
329 370
329 378
329 394
330 338
330 349
330 356
330 362
330 363
330 372
330 377
330 379
330 389
331 333
331 343
331 351
331 356
331 360
331 377
332 344
332 354
332 387
333 336
333 348
333 355
333 366
333 368
333 369
333 371
333 375
333 378
333 386
333 394
334 339
334 342
334 351
334 352
334 365
334 366
334 378
334 396
334 397
335 337
335 340
335 370
335 397
336 337
336 345
336 350
336 352
336 353
336 354
336 357
336 369
336 376
336 386
337 358
338 344
338 362
338 386
338 389
339 340
339 341
339 342
339 348
339 375
339 379
340 363
340 367
340 388
340 399
341 345
341 353
341 357
341 368
341 371
341 373
341 377
341 383
341 386
341 387
341 391
342 345
342 347
342 353
342 358
342 362
342 364
342 377
342 382
342 385
343 347
343 370
343 377
343 398
344 347
344 352
344 363
344 367
344 372
344 376
344 389
344 393
345 347
345 349
345 369
345 370
345 373
345 380
345 394
345 399
346 382
346 385
347 362
347 363
347 377
347 384
348 349
348 363
348 376
348 382
348 390
348 398
349 364
350 371
350 379
350 385
350 391
351 353
351 359
351 365
351 372
351 378
351 389
352 368
352 371
352 376
352 377
353 357
353 360
353 391
353 393
353 395
354 365
354 366
354 386
354 394
354 399
355 366
355 381
355 382
355 387
355 389
356 383
357 382
357 394
357 399
358 363
358 374
358 383
358 392
359 364
359 370
359 377
359 378
359 380
359 381
359 392
359 396
360 362
360 368
360 374
360 376
360 379
361 362
361 367
361 369
361 380
361 396
362 367
362 372
363 365
363 368
363 379
363 381
363 397
364 365
364 383
364 394
364 399
365 373
365 377
365 388
366 376
366 381
366 394
366 398
367 371
367 377
367 388
367 392
368 376
368 383
368 384
368 395
369 376
369 379
369 388
370 381
370 382
370 384
370 385
371 374
371 380
371 385
371 390
372 393
372 398
373 386
373 398
374 376
374 377
374 379
374 381
374 397
375 384
375 394
375 395
375 396
376 383
379 391
379 398
380 399
381 392
381 394
382 393
383 393
385 390
385 393
386 399
387 397
389 391
390 393
390 397
391 394
308 173 341 72 49 180 91 344 377 231 205 324 329 178 86 293 54 31 340 158
97 292 394 92 52 227 100 122 106 287 325 93 259 260 99 251 43 6 25 210
187 375 359 311 216 326 241 2 201 242 53 135 85 354 179 369 27 124 218 380
65 123 244 117 368 396 391 5 165 276 23 253 134 17 34 235 37 390 247 371
19 30 301 48 366 331 33 291 196 212 398 282 96 116 315 254 26 59 74 151
248 55 139 271 121 386 81 147 199 316 66 152 236 279 333 60 143 233 79 323
255 303 265 24 141 332 379 119 39 283 145 20 63 35 300 245 289 383 238 224
166 313 392 46 111 363 342 267 150 153 80 349 355 319 269 215 353 82 352 198
243 109 40 209 214 38 249 376 50 184 156 370 200 110 94 192 232 190 87 304
28 339 297 395 258 90 56 149 75 13 58 361 350 320 306 70 9 270 133 101
107 45 12 148 144 10 237 157 318 351 240 219 387 250 105 285 290 195 234 77
188 280 193 268 252 183 103 197 281 393 154 8 62 246 89 211 278 18 257 327
176 146 69 284 51 4 3 367 104 189 388 185 32 78 175 22 229 302 162 277
312 288 286 161 374 138 142 130 272 378 335 202 186 167 273 36 362 159 348 203
356 295 11 345 296 239 372 174 328 385 88 131 155 108 217 225 204 275 136 113
164 274 171 262 322 228 264 163 129 61 294 76 21 399 213 120 226 57 207 83
7 299 298 397 382 127 140 126 191 84 317 309 223 338 15 381 256 221 343 172
389 169 67 263 384 160 47 29 170 0 41 314 16 305 177 261 336 115 330 347
73 321 95 334 125 71 1 128 220 230 307 44 337 364 42 182 68 102 14 357
206 112 222 98 358 208 64 118 114 346 168 194 310 181 373 360 266 365 137 132
