40
166
20
30
3
71
86
9
26
55
88
46
33
17
84
36
44
25
1
51
2
60
7
0 4
0 11
0 15
0 18
0 23
0 26
0 32
0 33
0 36
0 37
1 3
1 8
1 10
1 13
1 20
1 23
1 26
1 27
1 35
2 13
2 24
2 27
2 29
2 35
2 37
3 6
3 11
3 13
3 26
3 27
3 37
4 5
4 9
4 15
4 17
4 18
4 24
4 26
4 27
4 29
4 34
4 37
5 10
5 12
5 13
5 20
5 31
5 32
5 39
6 20
6 25
6 27
6 33
7 8
7 10
7 17
7 23
7 35
7 39
8 10
8 14
8 19
8 21
8 25
8 26
8 29
8 34
8 36
8 37
9 13
9 27
9 28
9 37
9 38
10 17
10 31
10 35
11 13
11 14
11 16
11 18
11 19
11 28
11 29
11 30
11 31
11 32
12 19
12 20
12 24
12 27
12 29
13 14
13 16
13 19
13 27
13 29
13 32
13 36
13 37
13 38
14 16
14 19
14 21
14 32
14 35
15 22
15 27
15 36
16 24
16 25
16 28
16 32
16 35
16 36
17 19
17 20
17 32
17 37
18 20
18 22
18 28
19 20
19 22
19 39
20 23
20 32
20 34
20 38
21 22
21 24
21 35
22 29
22 30
22 33
22 34
23 30
23 33
23 37
24 27
24 28
24 30
24 35
24 38
25 26
25 33
25 34
25 36
25 39
26 29
26 33
27 34
27 37
27 39
28 38
29 32
29 39
30 37
30 38
33 34
33 35
33 36
34 38
35 39
36 38
37 38
13 28
5 38
8 14
36 11
29 35
34 19
23 24
32 30
1 18
39 7
10 27
22 0
31 12
25 33
20 2
9 3
17 15
16 26
21 6
4 37
