40
129
7
68
14
24
11
49
44
97
0 7
0 13
0 19
0 21
0 27
0 28
0 29
0 34
1 7
1 9
1 11
1 18
1 20
1 22
1 23
1 31
1 36
2 10
2 35
3 9
3 11
3 12
3 16
3 17
3 25
3 27
3 32
4 6
4 10
4 14
4 24
4 27
4 33
5 16
5 20
5 21
5 29
5 33
6 7
6 8
6 11
6 13
6 18
6 21
6 22
6 26
6 31
6 32
7 9
7 19
7 24
7 28
7 31
7 38
7 39
8 18
8 30
8 39
9 15
9 19
9 21
9 28
9 30
10 13
10 23
10 33
10 34
10 35
10 37
11 23
12 13
12 20
12 25
12 28
12 33
12 35
13 15
13 25
13 28
14 24
14 28
14 31
14 39
15 24
15 26
15 32
16 19
16 33
17 21
17 30
17 31
18 25
18 37
19 20
19 21
20 33
20 35
21 32
22 23
22 25
22 27
22 29
22 32
22 33
23 25
23 32
23 36
24 31
24 35
24 39
25 34
25 36
26 36
27 28
27 33
27 34
28 31
28 36
29 30
29 34
30 39
31 35
31 37
31 38
31 39
33 35
33 38
34 39
35 38
31 8 26 25 2 7
23 34 19 27 5 24
6 15 9 38 16 21
14 37 28 36 30 11
17 20 13 39 35 3
4 29 0 18 12 10
32 33 22 1
