40
287
5
61
84
44
56
34
0 3
0 6
0 17
0 21
0 22
0 25
0 26
0 27
0 30
0 32
0 34
0 35
0 37
0 39
1 4
1 7
1 9
1 10
1 15
1 16
1 17
1 19
1 21
1 24
1 29
1 33
1 38
1 39
2 5
2 7
2 8
2 10
2 14
2 16
2 21
2 23
2 24
2 25
2 26
2 27
2 28
2 29
2 33
2 34
2 36
2 37
2 39
3 4
3 9
3 10
3 11
3 19
3 26
3 27
3 28
3 29
3 34
3 35
3 38
4 8
4 16
4 22
4 26
4 31
4 36
5 6
5 8
5 12
5 17
5 18
5 19
5 20
5 21
5 22
5 23
5 26
5 31
5 32
5 33
5 34
6 8
6 10
6 14
6 19
6 21
6 23
6 24
6 29
6 30
6 38
6 39
7 8
7 10
7 11
7 13
7 18
7 27
7 31
7 36
7 38
8 10
8 11
8 12
8 19
8 20
8 22
8 24
8 32
8 35
8 36
8 37
9 10
9 13
9 15
9 20
9 22
9 24
9 26
9 27
9 33
9 34
9 37
9 38
10 15
10 18
10 21
10 25
10 29
10 33
10 35
10 36
10 37
10 38
11 13
11 16
11 20
11 22
11 24
11 25
11 26
11 27
11 29
11 30
11 32
11 33
11 34
11 35
12 13
12 17
12 19
12 20
12 21
12 25
12 29
12 30
12 36
12 37
13 21
13 23
13 24
13 31
13 32
14 15
14 17
14 25
14 30
14 31
14 32
14 36
14 38
14 39
15 17
15 19
15 20
15 21
15 22
15 28
15 31
15 34
15 35
15 36
16 17
16 18
16 19
16 27
16 33
16 38
17 18
17 20
17 21
17 24
17 25
17 26
17 27
17 30
17 39
18 21
18 22
18 23
18 24
18 28
18 31
18 38
19 21
19 22
19 23
19 26
19 27
19 36
20 22
20 23
20 28
20 32
20 33
20 37
21 22
21 27
21 30
21 36
21 37
21 39
22 23
22 25
22 30
22 31
22 35
22 36
22 39
23 24
23 27
23 28
23 31
23 33
23 38
24 27
24 29
24 34
24 36
24 38
24 39
25 26
25 29
25 30
25 32
25 33
25 38
25 39
26 32
26 34
26 38
27 28
27 32
27 34
27 35
27 36
28 31
28 35
29 30
29 31
29 32
29 33
29 34
29 35
29 36
29 38
29 39
30 31
30 32
30 35
31 32
31 34
31 37
31 38
31 39
32 33
32 39
33 34
33 35
33 38
33 39
34 36
34 37
35 36
35 37
36 37
37 39
38 39
39 18 9 30 10 21 13 33
5 35 24 20 26 14 34 3
29 25 4 23 22 27 32 15
11 8 1 28 31 19 6 16
36 0 37 12 38 2 17 7
