400
8124
10
8
42
34
43
20
2
71
51
16
22
0 4
0 40
0 47
0 49
0 56
0 66
0 89
0 93
0 108
0 112
0 119
0 141
0 160
0 161
0 163
0 168
0 176
0 184
0 203
0 205
0 211
0 230
0 237
0 256
0 264
0 267
0 271
0 283
0 291
0 311
0 319
0 320
0 326
0 333
0 335
0 341
0 358
0 361
0 370
0 374
0 387
1 6
1 16
1 43
1 63
1 101
1 110
1 121
1 137
1 165
1 171
1 178
1 180
1 181
1 187
1 194
1 204
1 213
1 225
1 247
1 254
1 262
1 327
1 331
1 343
1 355
1 362
1 367
1 392
2 3
2 13
2 33
2 56
2 60
2 71
2 74
2 76
2 86
2 88
2 103
2 125
2 127
2 140
2 171
2 175
2 178
2 214
2 217
2 219
2 222
2 224
2 236
2 246
2 262
2 269
2 271
2 275
2 285
2 287
2 298
2 299
2 309
2 311
2 339
2 351
2 363
2 369
2 375
2 377
3 20
3 54
3 65
3 70
3 96
3 118
3 131
3 145
3 150
3 154
3 177
3 185
3 194
3 197
3 207
3 218
3 226
3 227
3 228
3 238
3 240
3 245
3 248
3 249
3 252
3 261
3 266
3 268
3 274
3 275
3 281
3 287
3 307
3 311
3 328
3 333
3 352
3 359
3 366
3 367
3 385
3 386
3 393
3 398
4 12
4 18
4 24
4 31
4 40
4 41
4 46
4 53
4 54
4 63
4 77
4 80
4 81
4 98
4 115
4 136
4 141
4 149
4 150
4 172
4 175
4 176
4 188
4 195
4 215
4 221
4 226
4 228
4 232
4 254
4 262
4 271
4 274
4 277
4 283
4 297
4 298
4 300
4 302
4 305
4 311
4 315
4 320
4 332
4 334
4 343
4 355
4 371
4 373
4 378
4 390
5 13
5 23
5 28
5 36
5 72
5 113
5 118
5 119
5 123
5 173
5 198
5 204
5 208
5 212
5 214
5 215
5 220
5 224
5 225
5 232
5 236
5 245
5 260
5 286
5 304
5 305
5 311
5 320
5 322
5 327
5 353
5 361
5 380
5 383
6 18
6 61
6 65
6 76
6 81
6 85
6 100
6 102
6 106
6 117
6 124
6 125
6 135
6 136
6 138
6 149
6 173
6 187
6 195
6 198
6 224
6 237
6 251
6 254
6 274
6 280
6 301
6 330
6 346
6 352
6 361
6 370
6 374
6 383
6 396
7 14
7 30
7 48
7 63
7 69
7 95
7 104
7 106
7 121
7 124
7 126
7 131
7 140
7 159
7 166
7 175
7 184
7 190
7 201
7 212
7 226
7 231
7 241
7 252
7 260
7 295
7 296
7 301
7 305
7 306
7 308
7 316
7 320
7 335
7 343
7 348
7 357
7 358
7 361
7 367
7 378
7 388
7 390
7 395
7 396
7 398
8 20
8 31
8 51
8 52
8 65
8 71
8 72
8 84
8 91
8 96
8 107
8 110
8 124
8 126
8 131
8 136
8 144
8 150
8 164
8 170
8 171
8 200
8 201
8 204
8 216
8 227
8 230
8 236
8 292
8 302
8 309
8 315
8 318
8 341
8 356
8 367
8 368
8 380
8 395
8 398
9 32
9 38
9 42
9 61
9 81
9 96
9 97
9 132
9 147
9 162
9 165
9 178
9 189
9 194
9 206
9 213
9 215
9 216
9 219
9 221
9 232
9 248
9 252
9 254
9 269
9 280
9 281
9 282
9 287
9 290
9 294
9 301
9 306
9 311
9 317
9 325
9 335
9 340
9 342
9 346
9 347
9 364
9 369
9 370
9 373
9 376
9 381
9 386
9 396
10 39
10 51
10 69
10 73
10 97
10 99
10 107
10 118
10 129
10 151
10 172
10 173
10 180
10 189
10 192
10 196
10 206
10 208
10 222
10 227
10 229
10 240
10 248
10 251
10 262
10 263
10 265
10 285
10 295
10 302
10 308
10 311
10 316
10 324
10 330
10 335
10 336
10 353
10 360
10 367
10 384
10 387
11 27
11 30
11 35
11 45
11 54
11 55
11 60
11 64
11 68
11 75
11 90
11 101
11 113
11 121
11 128
11 153
11 154
11 156
11 162
11 169
11 180
11 210
11 221
11 223
11 228
11 244
11 249
11 251
11 272
11 285
11 291
11 300
11 304
11 308
11 318
11 327
11 337
11 361
11 370
11 382
11 390
11 391
11 394
11 396
11 397
11 399
12 13
12 33
12 50
12 55
12 58
12 69
12 73
12 92
12 97
12 99
12 135
12 146
12 154
12 163
12 167
12 181
12 195
12 204
12 208
12 211
12 213
12 235
12 258
12 291
12 298
12 302
12 303
12 304
12 313
12 317
12 320
12 333
12 375
12 386
12 392
13 29
13 30
13 33
13 48
13 50
13 55
13 57
13 63
13 65
13 70
13 73
13 74
13 87
13 92
13 107
13 114
13 120
13 149
13 156
13 174
13 175
13 197
13 202
13 204
13 214
13 217
13 225
13 226
13 229
13 230
13 236
13 241
13 242
13 250
13 261
13 267
13 283
13 288
13 299
13 310
13 311
13 327
13 338
13 350
13 372
13 384
14 23
14 47
14 49
14 55
14 79
14 104
14 112
14 114
14 119
14 121
14 132
14 141
14 153
14 161
14 169
14 178
14 184
14 192
14 195
14 198
14 213
14 214
14 225
14 244
14 272
14 282
14 292
14 300
14 324
14 336
14 352
14 370
14 372
15 22
15 39
15 71
15 85
15 109
15 111
15 122
15 133
15 156
15 161
15 178
15 181
15 198
15 209
15 219
15 235
15 249
15 254
15 259
15 260
15 275
15 281
15 287
15 294
15 299
15 306
15 309
15 322
15 328
15 332
15 346
15 353
15 354
15 357
15 361
15 365
16 26
16 31
16 33
16 45
16 59
16 70
16 71
16 100
16 103
16 110
16 111
16 127
16 128
16 134
16 196
16 200
16 216
16 224
16 225
16 234
16 236
16 263
16 265
16 278
16 294
16 300
16 303
16 322
16 333
16 341
16 349
16 350
16 377
16 381
16 392
16 397
17 56
17 66
17 70
17 85
17 103
17 105
17 109
17 113
17 127
17 130
17 138
17 147
17 164
17 183
17 190
17 191
17 217
17 220
17 235
17 248
17 289
17 291
17 293
17 300
17 308
17 316
17 318
17 323
17 333
17 337
17 339
17 362
17 364
17 373
17 385
17 388
17 394
17 398
18 26
18 30
18 41
18 74
18 88
18 104
18 123
18 148
18 152
18 165
18 167
18 171
18 172
18 180
18 186
18 199
18 203
18 206
18 214
18 228
18 237
18 241
18 244
18 283
18 293
18 296
18 316
18 330
18 339
18 346
18 348
18 368
18 390
19 26
19 27
19 36
19 39
19 47
19 48
19 56
19 59
19 67
19 70
19 74
19 94
19 99
19 103
19 104
19 108
19 140
19 146
19 156
19 160
19 166
19 168
19 191
19 192
19 194
19 204
19 209
19 231
19 249
19 254
19 290
19 309
19 312
19 315
19 332
19 341
19 355
19 362
19 365
19 371
19 372
19 381
19 383
19 390
19 397
20 23
20 44
20 63
20 72
20 77
20 80
20 84
20 88
20 95
20 96
20 103
20 107
20 124
20 155
20 162
20 181
20 199
20 209
20 219
20 220
20 228
20 243
20 261
20 276
20 283
20 293
20 303
20 324
20 330
20 331
20 337
20 353
20 375
20 388
20 389
20 395
21 25
21 33
21 35
21 38
21 44
21 57
21 59
21 64
21 72
21 73
21 76
21 81
21 104
21 108
21 120
21 128
21 130
21 143
21 157
21 159
21 162
21 166
21 178
21 185
21 188
21 190
21 193
21 230
21 238
21 267
21 297
21 298
21 299
21 308
21 311
21 313
21 332
21 347
21 373
21 389
21 395
21 399
22 27
22 29
22 30
22 39
22 69
22 92
22 108
22 133
22 137
22 146
22 167
22 168
22 169
22 172
22 183
22 184
22 189
22 211
22 243
22 247
22 260
22 264
22 266
22 295
22 304
22 308
22 333
22 339
22 343
22 349
22 354
22 372
22 384
22 390
23 31
23 46
23 50
23 84
23 85
23 106
23 109
23 142
23 153
23 179
23 189
23 195
23 205
23 220
23 223
23 242
23 247
23 253
23 257
23 274
23 279
23 280
23 281
23 285
23 296
23 299
23 308
23 326
23 348
23 387
23 396
24 35
24 49
24 60
24 66
24 68
24 71
24 77
24 78
24 90
24 92
24 100
24 115
24 124
24 126
24 139
24 142
24 151
24 161
24 163
24 173
24 180
24 193
24 194
24 203
24 250
24 263
24 270
24 283
24 291
24 298
24 299
24 304
24 317
24 342
24 350
24 351
24 357
24 399
25 37
25 39
25 47
25 50
25 67
25 79
25 83
25 84
25 91
25 115
25 121
25 124
25 136
25 150
25 159
25 163
25 174
25 176
25 200
25 212
25 222
25 223
25 226
25 243
25 249
25 264
25 268
25 282
25 300
25 316
25 332
25 345
25 355
25 382
26 27
26 33
26 47
26 54
26 67
26 72
26 75
26 105
26 108
26 111
26 128
26 154
26 172
26 179
26 191
26 195
26 200
26 203
26 227
26 229
26 234
26 249
26 254
26 256
26 271
26 274
26 302
26 339
26 343
26 345
26 351
26 356
26 370
26 373
26 379
26 398
27 32
27 50
27 95
27 102
27 106
27 127
27 128
27 143
27 160
27 207
27 212
27 222
27 231
27 239
27 240
27 275
27 282
27 302
27 310
27 324
27 330
27 345
27 346
27 393
28 29
28 30
28 44
28 49
28 98
28 116
28 128
28 160
28 174
28 201
28 205
28 213
28 218
28 222
28 224
28 233
28 247
28 257
28 274
28 291
28 300
28 309
28 310
28 312
28 330
28 352
28 361
28 386
28 391
28 394
28 399
29 34
29 37
29 57
29 69
29 83
29 93
29 94
29 109
29 124
29 133
29 151
29 153
29 161
29 162
29 195
29 210
29 225
29 228
29 240
29 278
29 280
29 286
29 288
29 290
29 299
29 301
29 308
29 314
29 322
29 328
29 359
29 363
29 382
29 384
29 387
30 35
30 38
30 40
30 46
30 60
30 70
30 89
30 111
30 116
30 137
30 138
30 144
30 153
30 158
30 170
30 172
30 173
30 175
30 230
30 235
30 237
30 240
30 244
30 252
30 261
30 272
30 275
30 276
30 278
30 300
30 301
30 325
30 332
30 365
30 367
30 370
30 381
30 383
30 390
31 50
31 51
31 59
31 65
31 67
31 73
31 85
31 91
31 97
31 98
31 124
31 150
31 159
31 160
31 173
31 179
31 192
31 197
31 198
31 201
31 204
31 206
31 213
31 217
31 235
31 238
31 240
31 243
31 246
31 247
31 257
31 276
31 279
31 286
31 297
31 301
31 305
31 315
31 317
31 329
31 342
31 351
31 358
31 360
31 369
31 374
31 375
31 383
32 42
32 50
32 52
32 78
32 79
32 81
32 104
32 109
32 118
32 122
32 137
32 138
32 160
32 162
32 165
32 176
32 194
32 245
32 258
32 263
32 268
32 286
32 287
32 292
32 310
32 324
32 327
32 338
32 347
32 349
32 353
32 362
32 399
33 41
33 47
33 54
33 62
33 68
33 73
33 83
33 89
33 111
33 113
33 127
33 179
33 213
33 228
33 262
33 265
33 292
33 298
33 307
33 325
33 336
33 349
33 352
33 355
33 363
33 371
33 376
33 377
33 378
33 393
34 37
34 52
34 60
34 84
34 95
34 97
34 107
34 125
34 174
34 183
34 186
34 190
34 199
34 201
34 213
34 246
34 255
34 265
34 289
34 298
34 300
34 306
34 335
34 339
34 346
34 395
34 396
35 40
35 54
35 111
35 136
35 140
35 160
35 162
35 171
35 179
35 186
35 192
35 197
35 204
35 221
35 227
35 235
35 240
35 254
35 258
35 273
35 281
35 283
35 284
35 286
35 290
35 293
35 295
35 310
35 316
35 332
35 338
35 340
35 343
35 347
35 350
35 353
35 367
35 372
35 385
35 393
36 38
36 45
36 46
36 47
36 68
36 70
36 75
36 95
36 97
36 99
36 133
36 143
36 158
36 165
36 176
36 188
36 202
36 210
36 217
36 223
36 244
36 251
36 257
36 259
36 261
36 271
36 279
36 280
36 284
36 288
36 309
36 315
36 341
36 349
36 357
36 370
36 372
36 374
36 377
37 49
37 51
37 55
37 65
37 83
37 86
37 94
37 106
37 111
37 127
37 134
37 137
37 142
37 145
37 149
37 168
37 181
37 192
37 197
37 207
37 208
37 216
37 227
37 233
37 234
37 237
37 241
37 252
37 256
37 257
37 266
37 296
37 300
37 305
37 311
37 316
37 318
37 322
37 323
37 324
37 344
37 365
37 369
37 380
37 387
38 61
38 63
38 64
38 72
38 103
38 124
38 129
38 131
38 133
38 151
38 171
38 173
38 183
38 186
38 187
38 196
38 200
38 202
38 214
38 235
38 240
38 250
38 253
38 306
38 324
38 333
38 336
38 339
38 340
38 342
38 346
38 353
38 370
38 373
38 374
38 382
38 386
39 41
39 43
39 46
39 47
39 60
39 66
39 73
39 77
39 118
39 149
39 171
39 177
39 179
39 193
39 199
39 202
39 206
39 212
39 219
39 225
39 226
39 239
39 249
39 266
39 271
39 276
39 287
39 288
39 309
39 337
39 344
39 350
39 360
39 397
40 41
40 82
40 106
40 113
40 114
40 126
40 143
40 173
40 174
40 182
40 183
40 186
40 188
40 203
40 222
40 245
40 261
40 296
40 316
40 319
40 329
40 339
40 353
40 381
40 394
41 47
41 53
41 78
41 85
41 88
41 92
41 98
41 100
41 104
41 108
41 110
41 111
41 125
41 145
41 148
41 169
41 175
41 179
41 185
41 201
41 265
41 276
41 279
41 282
41 294
41 298
41 303
41 306
41 338
41 341
41 360
41 363
41 392
41 395
42 43
42 57
42 80
42 86
42 99
42 101
42 108
42 111
42 120
42 130
42 152
42 207
42 209
42 211
42 222
42 232
42 247
42 255
42 276
42 288
42 295
42 305
42 310
42 314
42 327
42 334
42 339
42 384
42 388
42 397
43 52
43 85
43 110
43 135
43 136
43 156
43 168
43 169
43 174
43 189
43 194
43 197
43 201
43 209
43 220
43 227
43 229
43 234
43 246
43 257
43 269
43 272
43 275
43 280
43 294
43 299
43 309
43 311
43 324
43 326
43 327
43 329
43 341
43 349
43 352
43 354
43 383
43 391
43 393
43 398
44 69
44 71
44 91
44 99
44 103
44 115
44 117
44 119
44 138
44 146
44 155
44 161
44 176
44 200
44 211
44 214
44 218
44 239
44 243
44 245
44 262
44 278
44 286
44 297
44 300
44 303
44 314
44 317
44 321
44 342
44 357
44 358
44 360
44 365
44 369
44 383
45 69
45 73
45 95
45 113
45 126
45 130
45 139
45 144
45 185
45 191
45 209
45 224
45 226
45 236
45 238
45 252
45 273
45 277
45 279
45 295
45 296
45 312
45 318
45 323
45 327
45 347
45 351
45 353
45 356
45 375
45 393
46 58
46 63
46 66
46 85
46 87
46 92
46 98
46 100
46 106
46 108
46 116
46 117
46 118
46 125
46 139
46 156
46 163
46 167
46 173
46 187
46 189
46 201
46 207
46 213
46 221
46 229
46 254
46 259
46 266
46 271
46 283
46 289
46 295
46 299
46 309
46 313
46 320
46 323
46 332
46 346
46 390
47 51
47 53
47 58
47 59
47 60
47 68
47 74
47 127
47 130
47 157
47 164
47 174
47 177
47 192
47 195
47 197
47 198
47 200
47 202
47 209
47 211
47 215
47 233
47 239
47 240
47 244
47 267
47 305
47 310
47 314
47 329
47 347
47 367
47 370
47 372
47 376
47 385
47 387
47 395
48 50
48 54
48 56
48 61
48 93
48 101
48 105
48 106
48 116
48 122
48 123
48 126
48 127
48 139
48 148
48 150
48 153
48 156
48 157
48 160
48 161
48 181
48 185
48 203
48 209
48 244
48 259
48 266
48 271
48 280
48 299
48 312
48 329
48 339
48 360
48 368
48 370
48 376
48 378
48 384
49 54
49 59
49 62
49 75
49 77
49 88
49 90
49 92
49 97
49 115
49 122
49 146
49 178
49 198
49 218
49 226
49 242
49 244
49 251
49 256
49 257
49 258
49 270
49 271
49 273
49 275
49 288
49 293
49 306
49 337
49 350
49 366
49 373
49 378
49 383
49 387
49 388
49 394
50 66
50 76
50 100
50 107
50 112
50 131
50 144
50 146
50 154
50 155
50 163
50 175
50 206
50 208
50 211
50 212
50 227
50 228
50 230
50 235
50 241
50 245
50 247
50 269
50 274
50 303
50 305
50 317
50 319
50 331
50 333
50 348
50 353
50 358
50 370
50 373
50 378
50 391
50 392
50 397
51 55
51 71
51 98
51 105
51 117
51 118
51 120
51 124
51 138
51 151
51 154
51 160
51 165
51 169
51 175
51 184
51 188
51 190
51 193
51 205
51 207
51 212
51 220
51 225
51 240
51 246
51 270
51 303
51 307
51 317
51 321
51 349
51 355
51 357
51 364
51 367
51 370
51 371
51 374
51 376
51 384
51 385
51 397
52 62
52 68
52 89
52 92
52 109
52 136
52 137
52 140
52 141
52 167
52 181
52 190
52 191
52 192
52 195
52 199
52 203
52 217
52 239
52 240
52 285
52 292
52 302
52 306
52 317
52 335
52 349
52 351
52 357
52 362
52 366
52 367
52 371
52 381
53 59
53 61
53 73
53 76
53 85
53 95
53 118
53 121
53 123
53 128
53 177
53 209
53 220
53 243
53 269
53 284
53 289
53 297
53 310
53 312
53 339
53 342
53 347
53 348
53 368
53 370
53 374
53 376
53 383
53 393
53 395
53 397
53 398
54 76
54 88
54 89
54 91
54 94
54 101
54 108
54 109
54 119
54 134
54 150
54 153
54 164
54 170
54 173
54 202
54 223
54 224
54 229
54 237
54 261
54 266
54 289
54 293
54 304
54 324
54 339
54 345
54 352
54 358
54 370
54 391
54 398
55 60
55 70
55 78
55 81
55 84
55 87
55 93
55 94
55 100
55 122
55 125
55 153
55 184
55 208
55 217
55 236
55 251
55 255
55 263
55 271
55 277
55 287
55 298
55 320
55 326
55 334
55 377
55 388
55 391
56 76
56 86
56 98
56 114
56 117
56 118
56 141
56 146
56 168
56 169
56 175
56 178
56 181
56 184
56 201
56 214
56 216
56 219
56 236
56 238
56 244
56 255
56 258
56 260
56 262
56 289
56 290
56 294
56 299
56 313
56 317
56 325
56 328
56 344
56 354
56 360
56 364
56 375
57 60
57 63
57 69
57 77
57 78
57 88
57 98
57 103
57 105
57 109
57 120
57 122
57 137
57 145
57 149
57 156
57 171
57 230
57 234
57 238
57 243
57 247
57 254
57 255
57 278
57 283
57 287
57 312
57 323
57 360
57 366
57 380
57 394
58 63
58 67
58 83
58 101
58 107
58 113
58 117
58 119
58 134
58 137
58 144
58 145
58 154
58 192
58 197
58 213
58 236
58 237
58 247
58 252
58 257
58 261
58 270
58 278
58 286
58 294
58 301
58 304
58 308
58 313
58 327
58 332
58 359
58 364
58 380
58 383
58 386
59 85
59 92
59 100
59 109
59 120
59 124
59 126
59 129
59 136
59 146
59 149
59 156
59 157
59 176
59 178
59 196
59 207
59 216
59 221
59 235
59 246
59 275
59 281
59 282
59 329
59 335
59 339
59 353
59 370
59 384
59 391
60 78
60 111
60 116
60 119
60 133
60 134
60 146
60 153
60 173
60 175
60 177
60 180
60 181
60 187
60 191
60 194
60 198
60 224
60 227
60 235
60 238
60 243
60 248
60 249
60 258
60 263
60 280
60 295
60 304
60 305
60 309
60 330
60 331
60 348
60 349
60 359
60 365
60 367
60 377
60 383
60 388
60 389
60 397
61 70
61 72
61 76
61 94
61 98
61 102
61 107
61 115
61 153
61 159
61 171
61 186
61 193
61 206
61 209
61 210
61 216
61 221
61 224
61 269
61 275
61 280
61 289
61 295
61 300
61 332
61 351
61 354
61 355
61 374
61 380
61 382
61 397
62 67
62 70
62 71
62 99
62 107
62 113
62 124
62 125
62 149
62 178
62 190
62 196
62 199
62 214
62 226
62 227
62 239
62 244
62 246
62 247
62 250
62 252
62 253
62 256
62 261
62 274
62 275
62 279
62 286
62 294
62 298
62 309
62 315
62 328
62 368
62 373
62 382
62 396
62 397
63 64
63 71
63 76
63 81
63 93
63 98
63 99
63 100
63 104
63 109
63 111
63 115
63 126
63 145
63 146
63 155
63 156
63 175
63 179
63 200
63 206
63 218
63 227
63 233
63 235
63 240
63 241
63 242
63 252
63 256
63 260
63 292
63 299
63 303
63 327
63 342
63 366
63 396
64 79
64 85
64 86
64 87
64 95
64 104
64 109
64 115
64 116
64 146
64 159
64 162
64 166
64 184
64 187
64 201
64 205
64 208
64 229
64 231
64 233
64 236
64 254
64 258
64 277
64 282
64 297
64 298
64 322
64 329
64 330
64 336
64 340
64 358
64 365
64 372
64 383
64 390
64 396
65 82
65 91
65 104
65 108
65 130
65 138
65 145
65 148
65 150
65 172
65 175
65 176
65 178
65 188
65 190
65 210
65 211
65 216
65 226
65 241
65 248
65 256
65 262
65 268
65 294
65 305
65 314
65 318
65 319
65 328
65 332
65 340
65 347
65 376
65 378
65 380
65 385
65 392
65 399
66 75
66 99
66 114
66 123
66 134
66 137
66 158
66 162
66 176
66 196
66 197
66 200
66 227
66 230
66 234
66 240
66 241
66 243
66 244
66 253
66 259
66 260
66 264
66 272
66 276
66 291
66 292
66 301
66 302
66 309
66 317
66 336
66 342
66 343
66 350
66 363
66 377
66 378
66 384
67 70
67 73
67 79
67 81
67 95
67 108
67 112
67 122
67 125
67 127
67 156
67 163
67 170
67 176
67 183
67 184
67 199
67 202
67 226
67 237
67 259
67 277
67 280
67 286
67 291
67 300
67 326
67 327
67 331
67 336
67 338
67 371
67 372
67 390
68 71
68 88
68 91
68 94
68 96
68 99
68 109
68 111
68 124
68 134
68 145
68 151
68 175
68 179
68 188
68 211
68 226
68 230
68 233
68 237
68 238
68 274
68 295
68 310
68 322
68 329
68 333
68 335
68 340
68 346
68 348
68 354
68 370
68 384
68 385
68 388
68 395
69 73
69 78
69 80
69 97
69 119
69 123
69 134
69 149
69 156
69 164
69 180
69 188
69 193
69 220
69 226
69 240
69 260
69 263
69 265
69 266
69 300
69 306
69 308
69 322
69 330
69 332
69 335
69 339
69 354
69 369
69 374
69 378
69 386
70 75
70 80
70 91
70 98
70 105
70 108
70 132
70 136
70 140
70 154
70 156
70 161
70 163
70 172
70 193
70 207
70 212
70 214
70 232
70 239
70 252
70 256
70 262
70 283
70 291
70 293
70 295
70 308
70 315
70 321
70 323
70 355
70 374
70 377
70 397
71 72
71 73
71 83
71 86
71 89
71 95
71 100
71 113
71 115
71 120
71 124
71 138
71 152
71 159
71 161
71 176
71 196
71 207
71 230
71 233
71 236
71 251
71 261
71 266
71 273
71 279
71 281
71 287
71 300
71 304
71 312
71 313
71 350
71 354
71 365
71 374
71 375
71 383
71 384
71 387
71 397
71 399
72 96
72 98
72 107
72 115
72 118
72 123
72 130
72 136
72 143
72 145
72 163
72 169
72 190
72 191
72 217
72 239
72 240
72 246
72 248
72 261
72 264
72 279
72 283
72 320
72 323
72 344
72 350
72 352
72 353
72 371
72 372
72 381
72 389
72 394
73 74
73 80
73 84
73 91
73 108
73 110
73 112
73 116
73 119
73 180
73 198
73 199
73 214
73 218
73 224
73 241
73 251
73 252
73 258
73 266
73 282
73 291
73 293
73 301
73 311
73 327
73 338
73 344
73 347
73 349
73 361
73 367
73 370
73 371
73 382
73 385
74 76
74 80
74 94
74 102
74 108
74 120
74 130
74 133
74 137
74 139
74 149
74 156
74 162
74 169
74 191
74 212
74 218
74 220
74 249
74 256
74 258
74 273
74 282
74 310
74 312
74 316
74 321
74 329
74 330
74 356
74 359
74 363
74 367
74 384
74 385
74 386
74 389
74 397
75 82
75 83
75 97
75 113
75 125
75 137
75 143
75 167
75 168
75 198
75 204
75 206
75 208
75 230
75 232
75 236
75 244
75 257
75 262
75 264
75 278
75 280
75 322
75 326
75 335
75 342
75 361
75 371
75 383
75 386
76 92
76 94
76 122
76 131
76 151
76 156
76 162
76 167
76 173
76 175
76 177
76 184
76 187
76 192
76 198
76 203
76 204
76 236
76 243
76 256
76 284
76 310
76 314
76 330
76 333
76 339
76 347
76 352
76 357
76 360
76 378
76 390
77 88
77 90
77 91
77 105
77 109
77 143
77 148
77 156
77 161
77 170
77 173
77 177
77 182
77 189
77 191
77 204
77 208
77 210
77 213
77 220
77 235
77 251
77 279
77 287
77 292
77 295
77 308
77 311
77 314
77 315
77 318
77 355
77 357
77 360
77 396
78 96
78 98
78 106
78 110
78 118
78 123
78 135
78 140
78 143
78 145
78 151
78 152
78 159
78 160
78 163
78 179
78 203
78 218
78 225
78 233
78 247
78 290
78 291
78 304
78 316
78 322
78 325
78 333
78 340
78 349
78 371
78 376
78 390
78 396
78 398
79 99
79 104
79 113
79 120
79 125
79 127
79 128
79 153
79 200
79 210
79 212
79 229
79 245
79 246
79 247
79 255
79 270
79 274
79 279
79 285
79 286
79 294
79 314
79 316
79 317
79 330
79 333
79 335
79 338
79 345
79 353
79 357
79 381
79 383
79 388
79 393
79 399
80 87
80 97
80 116
80 121
80 122
80 132
80 146
80 154
80 170
80 173
80 178
80 182
80 184
80 197
80 198
80 216
80 236
80 245
80 254
80 256
80 260
80 268
80 269
80 275
80 287
80 294
80 310
80 315
80 328
80 332
80 341
80 344
80 364
80 380
80 391
81 101
81 112
81 118
81 124
81 135
81 153
81 156
81 157
81 158
81 178
81 181
81 214
81 215
81 221
81 222
81 229
81 234
81 236
81 237
81 240
81 246
81 261
81 274
81 278
81 287
81 288
81 298
81 303
81 316
81 328
81 338
81 347
81 352
81 358
81 367
81 380
81 381
81 382
81 384
82 103
82 104
82 150
82 172
82 194
82 200
82 213
82 215
82 217
82 224
82 227
82 228
82 243
82 264
82 274
82 293
82 304
82 313
82 331
82 344
82 351
82 361
82 363
82 374
82 397
83 96
83 114
83 120
83 122
83 127
83 129
83 133
83 136
83 152
83 160
83 188
83 205
83 207
83 229
83 239
83 266
83 281
83 283
83 299
83 304
83 326
83 330
83 344
83 355
83 360
83 361
83 371
83 381
83 396
84 96
84 97
84 101
84 120
84 142
84 154
84 161
84 164
84 171
84 189
84 196
84 200
84 202
84 207
84 229
84 233
84 244
84 258
84 259
84 266
84 285
84 289
84 298
84 318
84 327
84 350
84 364
84 370
84 395
84 396
85 94
85 100
85 106
85 110
85 119
85 124
85 128
85 166
85 187
85 210
85 233
85 236
85 256
85 268
85 276
85 290
85 295
85 305
85 307
85 313
85 317
85 332
85 353
85 357
85 362
85 374
85 387
85 388
85 394
86 88
86 92
86 93
86 99
86 109
86 119
86 138
86 144
86 151
86 174
86 179
86 185
86 186
86 198
86 238
86 239
86 253
86 255
86 256
86 258
86 263
86 277
86 289
86 294
86 307
86 314
86 318
86 357
86 365
86 373
87 91
87 103
87 130
87 143
87 146
87 151
87 160
87 168
87 172
87 173
87 176
87 199
87 202
87 204
87 214
87 235
87 257
87 269
87 275
87 278
87 279
87 311
87 314
87 321
87 336
87 337
87 341
87 378
87 386
87 387
88 119
88 121
88 145
88 164
88 172
88 191
88 192
88 219
88 224
88 226
88 235
88 259
88 265
88 273
88 281
88 283
88 296
88 320
88 324
88 330
88 331
88 335
88 349
88 353
88 370
88 376
88 394
89 101
89 103
89 110
89 128
89 131
89 160
89 171
89 175
89 183
89 201
89 213
89 229
89 273
89 277
89 282
89 295
89 302
89 307
89 334
89 353
89 366
89 370
89 377
89 385
89 395
89 399
90 106
90 110
90 117
90 128
90 131
90 134
90 138
90 147
90 162
90 166
90 173
90 175
90 178
90 181
90 184
90 185
90 191
90 197
90 207
90 212
90 235
90 241
90 256
90 273
90 281
90 284
90 288
90 292
90 296
90 316
90 324
90 329
90 333
90 335
90 338
90 354
90 381
91 102
91 106
91 111
91 151
91 154
91 161
91 163
91 173
91 174
91 179
91 187
91 221
91 247
91 249
91 250
91 272
91 277
91 286
91 307
91 314
91 321
91 343
91 344
91 352
91 357
91 366
91 373
91 388
91 398
92 95
92 101
92 105
92 115
92 121
92 137
92 139
92 143
92 157
92 158
92 160
92 163
92 177
92 195
92 197
92 204
92 208
92 214
92 215
92 217
92 224
92 232
92 235
92 236
92 240
92 248
92 257
92 287
92 301
92 307
92 329
92 338
92 340
92 347
92 348
92 351
92 375
92 390
92 392
93 94
93 116
93 122
93 126
93 134
93 136
93 148
93 154
93 157
93 161
93 163
93 172
93 176
93 182
93 201
93 208
93 241
93 279
93 283
93 294
93 297
93 300
93 315
93 322
93 324
93 341
93 368
93 384
93 392
94 95
94 115
94 116
94 124
94 128
94 134
94 137
94 145
94 176
94 177
94 182
94 184
94 191
94 195
94 197
94 219
94 232
94 233
94 234
94 243
94 257
94 261
94 271
94 279
94 289
94 304
94 307
94 318
94 336
94 341
94 346
94 350
94 352
94 353
94 356
94 363
94 382
94 389
95 109
95 112
95 118
95 127
95 146
95 159
95 179
95 183
95 184
95 202
95 203
95 210
95 217
95 228
95 232
95 275
95 285
95 288
95 295
95 314
95 333
95 337
95 347
95 355
95 357
95 363
95 373
95 377
95 387
95 388
96 102
96 104
96 112
96 132
96 133
96 149
96 172
96 176
96 183
96 188
96 195
96 204
96 206
96 212
96 217
96 225
96 232
96 242
96 244
96 248
96 258
96 268
96 282
96 290
96 307
96 329
96 339
96 357
96 372
96 373
96 385
96 387
96 395
97 98
97 103
97 120
97 141
97 175
97 182
97 211
97 239
97 241
97 250
97 264
97 278
97 283
97 287
97 292
97 316
97 320
97 321
97 324
97 327
97 357
97 361
97 365
97 396
97 398
98 106
98 113
98 125
98 130
98 132
98 133
98 139
98 152
98 173
98 202
98 217
98 218
98 230
98 236
98 256
98 258
98 271
98 287
98 288
98 299
98 316
98 322
98 340
98 341
98 360
98 362
98 366
98 369
99 116
99 122
99 153
99 188
99 200
99 220
99 223
99 227
99 230
99 232
99 240
99 243
99 245
99 255
99 256
99 259
99 261
99 270
99 272
99 277
99 289
99 297
99 301
99 309
99 310
99 311
99 315
99 316
99 328
99 340
99 341
99 353
99 355
99 363
99 367
99 371
99 381
99 389
99 394
100 118
100 131
100 138
100 141
100 155
100 168
100 171
100 193
100 194
100 195
100 205
100 211
100 218
100 232
100 243
100 246
100 253
100 285
100 307
100 309
100 319
100 335
100 345
100 353
100 354
100 360
100 364
100 370
100 373
100 388
101 116
101 138
101 140
101 164
101 176
101 188
101 195
101 208
101 246
101 247
101 260
101 262
101 273
101 274
101 281
101 282
101 292
101 293
101 295
101 301
101 322
101 326
101 327
101 334
101 340
101 352
101 354
101 360
101 365
101 367
101 369
101 396
102 114
102 120
102 142
102 148
102 150
102 159
102 171
102 174
102 177
102 193
102 196
102 201
102 207
102 226
102 227
102 232
102 251
102 264
102 267
102 313
102 317
102 320
102 321
102 333
102 350
102 357
102 366
102 373
102 375
102 377
102 391
102 393
103 116
103 136
103 143
103 151
103 165
103 195
103 202
103 207
103 240
103 243
103 250
103 255
103 257
103 261
103 275
103 291
103 312
103 333
103 336
103 348
103 349
103 359
103 375
103 384
103 396
104 122
104 144
104 149
104 152
104 187
104 196
104 208
104 216
104 217
104 244
104 257
104 261
104 262
104 284
104 285
104 287
104 299
104 300
104 302
104 310
104 315
104 327
104 337
104 354
104 362
104 371
104 375
104 379
104 384
104 385
105 122
105 140
105 156
105 159
105 162
105 170
105 175
105 179
105 183
105 191
105 207
105 217
105 218
105 235
105 249
105 253
105 256
105 264
105 268
105 281
105 285
105 289
105 292
105 300
105 307
105 320
105 323
105 329
105 373
105 377
106 109
106 116
106 139
106 155
106 158
106 186
106 187
106 220
106 222
106 223
106 239
106 241
106 244
106 251
106 254
106 255
106 264
106 271
106 283
106 289
106 296
106 306
106 309
106 316
106 325
106 338
106 357
106 360
106 380
106 397
107 115
107 133
107 146
107 155
107 165
107 167
107 173
107 175
107 178
107 193
107 194
107 213
107 225
107 233
107 266
107 280
107 287
107 328
107 368
107 375
107 384
108 115
108 129
108 156
108 163
108 170
108 204
108 212
108 214
108 233
108 239
108 247
108 256
108 260
108 265
108 268
108 275
108 301
108 313
108 319
108 352
108 353
108 359
108 372
108 388
109 110
109 125
109 126
109 130
109 140
109 152
109 159
109 188
109 213
109 220
109 226
109 228
109 237
109 241
109 249
109 262
109 267
109 270
109 273
109 277
109 284
109 292
109 304
109 307
109 312
109 313
109 314
109 334
109 337
109 339
109 344
109 347
109 353
109 364
109 386
109 391
110 123
110 131
110 132
110 144
110 146
110 157
110 177
110 179
110 189
110 211
110 236
110 260
110 263
110 267
110 277
110 292
110 297
110 303
110 318
110 324
110 325
110 326
110 344
110 349
110 359
110 361
110 363
110 371
110 375
110 388
110 396
111 112
111 119
111 131
111 139
111 154
111 167
111 178
111 202
111 205
111 245
111 251
111 255
111 279
111 281
111 284
111 285
111 289
111 294
111 300
111 303
111 308
111 316
111 324
111 328
111 343
111 346
111 347
111 362
111 380
111 383
111 392
111 396
112 136
112 153
112 169
112 178
112 180
112 183
112 224
112 235
112 256
112 258
112 264
112 269
112 270
112 294
112 304
112 314
112 322
112 324
112 346
112 350
112 375
112 380
112 381
112 383
112 384
112 392
113 122
113 131
113 144
113 149
113 153
113 155
113 171
113 186
113 199
113 206
113 209
113 233
113 251
113 291
113 294
113 298
113 316
113 328
113 353
113 356
113 365
113 370
113 372
113 387
114 118
114 129
114 148
114 150
114 152
114 174
114 184
114 185
114 195
114 202
114 220
114 224
114 226
114 228
114 242
114 247
114 268
114 273
114 277
114 282
114 314
114 340
114 345
114 351
114 365
114 384
114 389
115 116
115 143
115 147
115 148
115 160
115 161
115 174
115 199
115 201
115 209
115 213
115 216
115 218
115 222
115 228
115 243
115 246
115 247
115 248
115 253
115 264
115 277
115 306
115 316
115 328
115 332
115 345
115 356
115 359
115 376
115 384
115 391
115 397
116 129
116 132
116 133
116 141
116 144
116 150
116 151
116 167
116 181
116 184
116 187
116 196
116 201
116 204
116 213
116 226
116 227
116 233
116 241
116 275
116 311
116 320
116 325
116 334
116 337
116 338
116 346
116 353
116 355
116 361
116 378
116 380
116 383
116 385
117 127
117 130
117 137
117 150
117 177
117 179
117 195
117 199
117 205
117 210
117 220
117 234
117 240
117 250
117 261
117 275
117 279
117 282
117 292
117 294
117 300
117 311
117 320
117 347
117 351
117 353
117 365
117 378
117 379
118 122
118 170
118 171
118 172
118 186
118 189
118 190
118 199
118 202
118 230
118 231
118 234
118 235
118 240
118 246
118 260
118 275
118 278
118 283
118 287
118 315
118 318
118 324
118 340
118 344
118 355
118 369
118 376
118 387
118 388
119 156
119 168
119 194
119 206
119 211
119 215
119 223
119 232
119 237
119 238
119 240
119 258
119 263
119 285
119 288
119 293
119 298
119 303
119 326
119 330
119 339
119 357
119 378
119 387
119 390
120 140
120 144
120 150
120 158
120 166
120 174
120 188
120 210
120 214
120 251
120 252
120 254
120 256
120 277
120 296
120 300
120 316
120 321
120 336
120 338
120 355
120 369
120 384
121 133
121 139
121 159
121 163
121 177
121 181
121 194
121 199
121 201
121 221
121 228
121 242
121 261
121 289
121 291
121 298
121 301
121 316
121 347
121 349
121 365
121 368
121 369
121 370
121 373
121 382
121 395
121 397
121 399
122 123
122 124
122 135
122 140
122 145
122 146
122 162
122 170
122 176
122 197
122 210
122 223
122 233
122 241
122 256
122 257
122 271
122 272
122 276
122 284
122 296
122 297
122 298
122 301
122 310
122 319
122 340
122 352
122 353
122 354
122 359
122 368
122 375
122 377
122 380
122 381
122 386
123 130
123 132
123 159
123 172
123 174
123 179
123 184
123 189
123 191
123 194
123 203
123 208
123 211
123 212
123 213
123 216
123 227
123 232
123 256
123 260
123 263
123 273
123 280
123 282
123 303
123 305
123 311
123 325
123 326
123 332
123 333
123 334
123 338
123 346
123 361
123 366
123 373
123 375
123 383
124 141
124 162
124 168
124 183
124 192
124 193
124 200
124 206
124 219
124 241
124 250
124 263
124 268
124 275
124 282
124 288
124 295
124 310
124 319
124 324
124 337
124 339
124 340
124 372
124 381
125 144
125 151
125 154
125 166
125 173
125 177
125 179
125 206
125 220
125 222
125 241
125 251
125 257
125 265
125 272
125 304
125 309
125 311
125 325
125 326
125 338
125 342
125 375
125 379
125 385
125 386
125 393
126 152
126 156
126 158
126 159
126 168
126 170
126 176
126 177
126 178
126 179
126 193
126 194
126 195
126 198
126 203
126 209
126 222
126 231
126 240
126 243
126 250
126 264
126 265
126 277
126 299
126 311
126 319
126 336
126 350
126 357
126 359
126 364
126 377
126 384
126 389
127 133
127 158
127 170
127 180
127 189
127 195
127 222
127 225
127 231
127 235
127 242
127 249
127 259
127 266
127 286
127 288
127 291
127 296
127 302
127 324
127 330
127 344
127 354
127 383
127 387
128 155
128 159
128 162
128 167
128 178
128 186
128 210
128 257
128 262
128 266
128 270
128 271
128 279
128 297
128 299
128 311
128 312
128 319
128 321
128 348
128 352
128 354
128 359
128 361
128 382
128 385
128 387
128 390
129 150
129 157
129 158
129 164
129 184
129 186
129 215
129 228
129 232
129 249
129 252
129 258
129 269
129 274
129 283
129 292
129 303
129 312
129 321
129 325
129 329
129 331
129 333
129 336
129 341
129 350
129 360
129 384
129 388
129 393
129 396
130 146
130 152
130 156
130 157
130 164
130 185
130 193
130 198
130 199
130 214
130 239
130 244
130 259
130 296
130 306
130 309
130 316
130 321
130 327
130 330
130 345
130 349
130 351
130 371
130 372
130 374
130 381
130 395
131 134
131 136
131 139
131 144
131 145
131 147
131 153
131 156
131 160
131 164
131 165
131 182
131 185
131 189
131 194
131 214
131 232
131 249
131 259
131 266
131 271
131 290
131 304
131 307
131 340
131 364
131 368
131 375
131 384
131 388
131 396
132 138
132 169
132 177
132 179
132 187
132 198
132 199
132 203
132 210
132 244
132 252
132 256
132 257
132 271
132 277
132 278
132 287
132 320
132 321
132 325
132 328
132 376
132 379
132 397
133 142
133 144
133 148
133 164
133 182
133 195
133 203
133 206
133 210
133 213
133 216
133 221
133 227
133 228
133 240
133 243
133 249
133 250
133 256
133 265
133 268
133 275
133 283
133 284
133 287
133 302
133 313
133 315
133 316
133 337
133 338
133 342
133 348
133 357
133 372
133 393
133 397
134 136
134 151
134 160
134 161
134 164
134 171
134 173
134 177
134 188
134 202
134 215
134 216
134 221
134 224
134 235
134 258
134 262
134 264
134 268
134 289
134 299
134 309
134 312
134 335
134 340
134 348
134 350
134 356
134 383
134 392
134 393
135 146
135 149
135 151
135 186
135 193
135 204
135 213
135 225
135 232
135 235
135 248
135 258
135 265
135 269
135 282
135 290
135 294
135 295
135 299
135 332
135 343
135 353
135 356
135 367
135 368
135 371
135 378
136 138
136 148
136 161
136 173
136 177
136 178
136 184
136 195
136 204
136 207
136 224
136 235
136 237
136 242
136 246
136 248
136 249
136 253
136 259
136 272
136 283
136 288
136 307
136 308
136 325
136 327
136 336
136 340
136 381
136 395
136 399
137 139
137 144
137 157
137 162
137 165
137 169
137 179
137 200
137 215
137 217
137 218
137 220
137 222
137 225
137 229
137 238
137 242
137 278
137 283
137 285
137 316
137 317
137 321
137 324
137 328
137 337
137 342
137 348
137 349
137 358
137 359
137 377
137 378
137 379
137 382
137 386
138 147
138 153
138 155
138 162
138 177
138 188
138 204
138 238
138 239
138 244
138 251
138 269
138 271
138 302
138 308
138 309
138 311
138 314
138 317
138 320
138 326
138 373
138 374
138 393
139 144
139 163
139 167
139 178
139 183
139 207
139 210
139 217
139 238
139 246
139 254
139 267
139 281
139 284
139 287
139 335
139 338
139 349
139 358
139 360
139 366
139 370
139 373
139 394
139 395
139 398
140 147
140 161
140 164
140 178
140 189
140 210
140 211
140 225
140 226
140 264
140 276
140 277
140 278
140 287
140 288
140 302
140 304
140 306
140 310
140 325
140 328
140 334
140 343
140 353
140 365
140 373
140 376
140 387
140 392
141 142
141 147
141 148
141 150
141 161
141 167
141 175
141 187
141 188
141 191
141 196
141 213
141 215
141 220
141 229
141 232
141 246
141 250
141 257
141 261
141 271
141 281
141 293
141 303
141 332
141 365
141 383
141 394
142 152
142 161
142 170
142 196
142 208
142 221
142 228
142 262
142 304
142 309
142 313
142 318
142 345
142 359
142 373
142 387
142 399
143 176
143 209
143 230
143 233
143 235
143 256
143 283
143 289
143 304
143 305
143 307
143 354
143 355
143 356
143 360
143 366
143 372
143 390
144 161
144 162
144 172
144 174
144 190
144 195
144 215
144 256
144 288
144 291
144 306
144 334
144 338
144 370
144 371
144 390
145 181
145 194
145 200
145 202
145 209
145 215
145 252
145 255
145 257
145 258
145 267
145 283
145 284
145 297
145 302
145 311
145 315
145 321
145 323
145 325
145 329
145 340
145 345
145 346
145 348
145 360
145 380
146 148
146 160
146 166
146 167
146 172
146 173
146 176
146 237
146 245
146 253
146 255
146 257
146 258
146 260
146 294
146 303
146 305
146 320
146 341
146 343
146 348
146 355
146 356
146 358
146 371
146 373
146 394
147 149
147 158
147 186
147 214
147 243
147 247
147 250
147 252
147 259
147 261
147 262
147 273
147 276
147 282
147 290
147 306
147 308
147 346
147 348
147 353
147 354
147 361
147 364
147 365
147 369
147 374
147 378
147 384
147 395
148 195
148 205
148 206
148 223
148 226
148 230
148 236
148 251
148 260
148 261
148 284
148 286
148 293
148 297
148 300
148 320
148 322
148 329
148 340
148 346
148 354
148 361
148 364
148 390
148 398
149 162
149 183
149 187
149 192
149 198
149 227
149 239
149 241
149 265
149 281
149 286
149 292
149 301
149 308
149 340
149 345
149 362
149 363
149 373
149 378
149 383
149 386
149 387
149 395
149 396
150 157
150 165
150 168
150 176
150 183
150 199
150 202
150 215
150 220
150 223
150 231
150 234
150 250
150 258
150 265
150 269
150 290
150 302
150 303
150 304
150 310
150 325
150 330
150 332
150 347
150 352
150 354
150 364
150 378
150 386
150 387
150 399
151 157
151 159
151 160
151 210
151 213
151 227
151 237
151 243
151 248
151 256
151 259
151 264
151 266
151 278
151 308
151 309
151 322
151 333
151 371
151 374
151 381
151 391
152 153
152 182
152 189
152 205
152 217
152 220
152 221
152 236
152 241
152 243
152 256
152 269
152 306
152 317
152 341
152 346
152 352
152 366
152 383
152 387
152 391
152 393
153 161
153 163
153 166
153 167
153 199
153 201
153 226
153 231
153 235
153 254
153 264
153 269
153 273
153 277
153 287
153 289
153 290
153 318
153 349
153 350
153 353
153 360
153 362
153 383
154 155
154 164
154 167
154 204
154 212
154 214
154 223
154 232
154 239
154 249
154 256
154 260
154 264
154 270
154 283
154 289
154 308
154 320
154 329
154 339
154 360
154 362
154 364
154 367
155 175
155 180
155 183
155 190
155 191
155 195
155 196
155 207
155 216
155 222
155 242
155 264
155 267
155 276
155 280
155 283
155 284
155 287
155 294
155 297
155 310
155 318
155 363
155 378
156 173
156 192
156 196
156 202
156 204
156 217
156 220
156 241
156 248
156 251
156 261
156 270
156 277
156 282
156 308
156 310
156 311
156 313
156 325
156 339
156 373
156 376
156 388
157 168
157 174
157 196
157 197
157 204
157 206
157 221
157 225
157 243
157 270
157 274
157 275
157 282
157 310
157 326
157 333
157 354
157 366
157 371
157 382
157 385
158 162
158 169
158 201
158 223
158 231
158 241
158 242
158 263
158 266
158 299
158 301
158 330
158 335
158 338
158 363
158 366
158 368
158 379
158 392
159 175
159 182
159 192
159 202
159 210
159 218
159 228
159 231
159 243
159 246
159 263
159 270
159 272
159 319
159 342
159 363
159 381
159 385
159 387
159 399
160 181
160 206
160 268
160 300
160 317
160 327
160 332
160 381
160 395
161 164
161 184
161 185
161 187
161 193
161 209
161 216
161 218
161 231
161 241
161 242
161 243
161 251
161 263
161 269
161 273
161 286
161 302
161 303
161 305
161 307
161 329
161 334
161 335
161 346
161 353
161 363
161 364
161 371
161 374
161 382
161 387
161 391
162 163
162 177
162 192
162 202
162 220
162 223
162 224
162 230
162 231
162 241
162 263
162 277
162 280
162 290
162 291
162 302
162 317
162 374
162 377
162 383
162 388
162 389
163 168
163 177
163 185
163 202
163 206
163 207
163 211
163 221
163 231
163 246
163 248
163 254
163 268
163 271
163 274
163 293
163 310
163 311
163 320
163 321
163 322
163 325
163 350
163 378
164 170
164 238
164 255
164 257
164 264
164 266
164 273
164 277
164 279
164 307
164 310
164 323
164 324
164 330
164 341
164 357
164 373
164 381
164 387
164 394
164 398
165 200
165 204
165 227
165 229
165 247
165 250
165 256
165 263
165 275
165 280
165 286
165 292
165 303
165 304
165 306
165 309
165 315
165 319
165 340
165 344
165 369
165 382
165 387
165 394
166 173
166 196
166 218
166 258
166 275
166 276
166 279
166 306
166 307
166 314
166 320
166 325
166 327
166 341
166 366
166 371
166 375
166 384
166 389
166 395
167 177
167 182
167 217
167 218
167 220
167 223
167 227
167 234
167 236
167 249
167 262
167 270
167 271
167 280
167 284
167 288
167 296
167 299
167 304
167 331
167 332
167 341
167 344
167 347
167 354
167 367
167 380
168 171
168 175
168 179
168 199
168 217
168 222
168 223
168 224
168 227
168 228
168 233
168 234
168 238
168 248
168 266
168 270
168 271
168 302
168 322
168 353
168 359
168 360
168 367
168 368
168 371
168 378
168 381
168 384
168 391
168 398
169 184
169 185
169 202
169 216
169 226
169 229
169 253
169 259
169 265
169 285
169 339
169 341
169 345
169 369
169 375
169 376
169 378
169 383
169 387
169 394
170 174
170 186
170 192
170 202
170 206
170 214
170 216
170 233
170 235
170 245
170 258
170 270
170 273
170 288
170 296
170 312
170 322
170 349
170 383
171 195
171 206
171 209
171 214
171 215
171 239
171 248
171 254
171 263
171 265
171 268
171 269
171 271
171 286
171 290
171 296
171 306
171 310
171 312
171 314
171 319
171 327
171 331
171 332
171 355
171 363
171 370
171 392
171 398
171 399
172 186
172 203
172 204
172 229
172 230
172 241
172 255
172 260
172 267
172 275
172 301
172 302
172 315
172 316
172 355
172 360
172 376
172 399
173 177
173 183
173 189
173 209
173 212
173 219
173 220
173 239
173 250
173 267
173 284
173 303
173 307
173 331
173 338
173 341
173 352
173 359
173 373
173 395
174 200
174 205
174 216
174 224
174 239
174 241
174 264
174 266
174 271
174 291
174 292
174 293
174 309
174 314
174 317
174 318
174 321
174 325
174 334
174 336
174 352
174 353
174 364
174 366
174 383
174 394
175 193
175 243
175 248
175 258
175 267
175 271
175 275
175 287
175 288
175 294
175 312
175 318
175 321
175 326
175 341
175 370
175 392
176 197
176 208
176 217
176 226
176 228
176 236
176 244
176 245
176 251
176 254
176 269
176 284
176 288
176 300
176 305
176 311
176 321
176 329
176 331
176 332
176 333
176 365
176 382
176 385
177 179
177 201
177 203
177 212
177 245
177 250
177 260
177 267
177 272
177 278
177 280
177 293
177 316
177 335
177 341
177 343
177 351
177 352
177 364
177 367
177 373
177 382
177 383
177 384
178 180
178 191
178 197
178 205
178 236
178 238
178 255
178 261
178 272
178 274
178 282
178 286
178 300
178 332
178 335
178 340
178 351
178 360
178 363
178 368
178 380
179 181
179 185
179 197
179 200
179 224
179 241
179 247
179 251
179 259
179 268
179 272
179 286
179 291
179 306
179 310
179 331
179 334
179 338
179 348
179 349
179 365
179 375
180 192
180 197
180 207
180 212
180 222
180 228
180 233
180 236
180 246
180 251
180 267
180 281
180 310
180 315
180 338
180 342
180 352
180 365
180 368
180 372
180 379
180 383
180 386
180 391
180 394
181 188
181 192
181 201
181 205
181 211
181 223
181 255
181 257
181 268
181 269
181 283
181 297
181 307
181 322
181 328
181 339
181 353
181 355
181 398
182 184
182 190
182 216
182 220
182 223
182 225
182 240
182 251
182 256
182 257
182 259
182 264
182 284
182 303
182 306
182 320
182 321
182 338
182 352
182 353
182 359
182 362
182 363
182 368
182 374
182 379
182 380
182 389
183 194
183 196
183 206
183 215
183 222
183 267
183 270
183 277
183 284
183 287
183 295
183 313
183 315
183 317
183 318
183 321
183 356
183 365
183 371
183 378
183 382
183 399
184 191
184 193
184 196
184 197
184 207
184 211
184 213
184 264
184 265
184 272
184 290
184 292
184 308
184 346
184 351
184 355
184 358
184 372
184 377
184 385
184 386
185 190
185 195
185 206
185 212
185 218
185 227
185 252
185 263
185 265
185 278
185 296
185 309
185 327
185 355
185 375
185 384
185 395
185 396
186 196
186 216
186 237
186 250
186 266
186 268
186 275
186 278
186 281
186 285
186 290
186 292
186 308
186 309
186 319
186 338
186 348
186 369
186 382
186 388
187 190
187 192
187 194
187 205
187 209
187 210
187 216
187 222
187 245
187 264
187 269
187 292
187 311
187 314
187 317
187 318
187 340
187 374
187 381
187 390
187 391
187 392
188 191
188 198
188 200
188 214
188 218
188 228
188 236
188 263
188 274
188 283
188 285
188 291
188 297
188 313
188 321
188 326
188 344
188 345
188 355
188 363
188 365
188 382
188 386
188 387
189 195
189 198
189 214
189 225
189 237
189 245
189 258
189 260
189 274
189 351
189 352
189 359
189 360
189 364
189 367
189 374
189 380
189 387
190 197
190 201
190 203
190 204
190 210
190 211
190 223
190 231
190 253
190 254
190 256
190 257
190 258
190 259
190 263
190 275
190 280
190 308
190 317
190 329
190 338
190 356
190 362
190 388
191 208
191 218
191 226
191 232
191 236
191 248
191 249
191 250
191 254
191 256
191 259
191 262
191 278
191 281
191 296
191 301
191 305
191 306
191 309
191 312
191 350
191 356
191 361
191 372
191 374
192 195
192 213
192 215
192 221
192 222
192 223
192 241
192 253
192 254
192 278
192 285
192 291
192 314
192 324
192 332
192 346
192 361
192 364
192 365
192 368
192 379
192 380
192 381
192 384
192 389
192 394
193 195
193 210
193 212
193 214
193 216
193 225
193 229
193 238
193 241
193 249
193 259
193 261
193 272
193 276
193 289
193 303
193 338
193 340
193 346
193 376
193 383
193 392
193 394
193 399
194 198
194 200
194 203
194 209
194 228
194 230
194 245
194 252
194 255
194 265
194 269
194 271
194 273
194 298
194 318
194 327
194 330
194 337
194 339
194 360
194 363
194 380
194 389
194 398
195 216
195 220
195 240
195 246
195 254
195 278
195 301
195 307
195 319
195 322
195 350
195 353
195 355
195 359
195 361
195 367
195 374
195 375
195 392
196 205
196 211
196 217
196 221
196 236
196 250
196 270
196 280
196 288
196 294
196 303
196 306
196 308
196 310
196 352
196 364
196 365
196 379
196 382
196 383
196 395
197 232
197 233
197 252
197 273
197 276
197 280
197 282
197 290
197 292
197 308
197 311
197 312
197 319
197 335
197 346
197 367
198 207
198 217
198 229
198 234
198 237
198 247
198 252
198 259
198 267
198 268
198 273
198 294
198 314
198 317
198 318
198 322
198 324
198 340
198 342
198 349
198 351
198 354
198 358
198 362
199 209
199 254
199 259
199 308
199 309
199 315
199 320
199 329
199 334
199 356
199 357
199 358
199 364
199 371
199 383
199 387
199 394
200 217
200 218
200 222
200 230
200 232
200 262
200 268
200 270
200 279
200 286
200 306
200 311
200 312
200 321
200 338
200 341
200 361
200 371
200 382
201 210
201 211
201 219
201 234
201 246
201 269
201 274
201 279
201 291
201 295
201 301
201 313
201 321
201 323
201 339
201 348
201 353
201 368
201 371
201 377
201 378
201 388
202 223
202 224
202 238
202 239
202 246
202 268
202 281
202 285
202 287
202 324
202 329
202 335
202 336
202 338
202 363
202 370
202 385
203 205
203 224
203 246
203 258
203 261
203 271
203 277
203 283
203 288
203 294
203 327
203 336
203 339
203 341
203 351
203 353
203 358
203 361
203 363
203 373
203 374
203 376
203 379
203 380
203 381
203 384
204 208
204 218
204 230
204 233
204 246
204 275
204 278
204 293
204 313
204 317
204 322
204 324
204 331
204 351
204 357
204 377
204 384
205 206
205 228
205 256
205 268
205 275
205 288
205 290
205 292
205 305
205 314
205 316
205 319
205 324
205 326
205 329
205 334
205 336
205 345
205 346
205 352
205 353
205 362
205 366
205 380
205 382
205 386
206 224
206 227
206 239
206 259
206 266
206 287
206 296
206 311
206 333
206 336
206 338
206 377
207 214
207 264
207 278
207 283
207 286
207 301
207 310
207 312
207 314
207 340
207 348
207 358
207 360
207 364
207 368
207 375
207 383
207 393
207 398
208 216
208 225
208 253
208 261
208 264
208 267
208 271
208 276
208 296
208 324
208 325
208 326
208 331
208 352
208 354
208 372
208 386
208 390
208 395
209 221
209 227
209 239
209 243
209 248
209 259
209 269
209 273
209 286
209 299
209 307
209 334
209 355
209 365
209 366
209 372
209 394
210 227
210 228
210 230
210 232
210 246
210 247
210 266
210 275
210 278
210 285
210 287
210 292
210 316
210 321
210 334
210 354
210 358
210 369
210 378
211 246
211 262
211 266
211 269
211 287
211 294
211 300
211 311
211 333
211 334
211 341
211 344
211 345
211 354
211 355
211 376
211 387
211 393
212 218
212 237
212 245
212 247
212 261
212 271
212 283
212 297
212 300
212 327
212 352
212 357
212 361
212 394
213 219
213 230
213 246
213 247
213 252
213 255
213 267
213 269
213 278
213 284
213 292
213 305
213 307
213 309
213 327
213 333
213 350
213 358
213 365
213 369
213 372
213 376
213 381
213 393
213 398
214 245
214 247
214 282
214 288
214 290
214 301
214 310
214 314
214 321
214 347
214 351
214 353
214 357
215 216
215 228
215 229
215 230
215 234
215 248
215 258
215 262
215 268
215 284
215 288
215 290
215 291
215 292
215 294
215 308
215 310
215 317
215 334
215 376
215 379
215 382
215 386
215 388
215 397
216 221
216 224
216 234
216 241
216 245
216 249
216 263
216 275
216 280
216 281
216 285
216 287
216 307
216 311
216 313
216 314
216 317
216 321
216 325
216 335
216 341
216 348
216 360
216 364
216 375
216 384
216 390
216 393
216 396
216 397
217 240
217 243
217 284
217 342
217 343
217 345
217 353
217 362
217 363
217 368
217 375
217 384
218 221
218 255
218 276
218 284
218 286
218 288
218 292
218 299
218 319
218 328
218 340
218 352
218 353
218 355
218 363
218 371
218 398
219 222
219 224
219 250
219 258
219 264
219 287
219 296
219 304
219 316
219 320
219 321
219 326
219 337
219 364
219 377
219 386
220 233
220 235
220 241
220 247
220 279
220 283
220 284
220 286
220 309
220 310
220 343
220 351
220 352
220 354
220 365
220 370
220 394
221 224
221 241
221 250
221 257
221 265
221 275
221 283
221 306
221 313
221 331
221 332
221 347
221 351
221 356
221 379
221 389
221 396
222 223
222 229
222 240
222 254
222 255
222 262
222 276
222 278
222 284
222 289
222 291
222 303
222 308
222 309
222 325
222 330
222 331
222 333
222 338
222 363
222 387
222 389
222 393
222 397
222 399
223 230
223 232
223 246
223 253
223 257
223 261
223 282
223 293
223 295
223 297
223 302
223 308
223 317
223 344
223 351
223 357
223 358
223 364
223 380
223 386
223 390
223 395
223 398
224 259
224 265
224 266
224 269
224 273
224 275
224 277
224 281
224 282
224 291
224 295
224 300
224 303
224 310
224 332
224 337
224 342
224 350
224 369
224 370
224 373
224 374
224 375
224 393
225 234
225 251
225 254
225 257
225 259
225 270
225 276
225 285
225 294
225 302
225 318
225 322
225 331
225 332
225 353
225 364
225 367
225 377
225 378
225 381
225 383
225 384
225 385
226 233
226 241
226 245
226 248
226 251
226 253
226 267
226 268
226 275
226 303
226 304
226 307
226 309
226 323
226 331
226 346
226 348
226 351
226 352
226 355
226 359
226 366
226 370
226 372
226 391
226 396
227 228
227 239
227 247
227 249
227 295
227 298
227 320
227 327
227 339
227 351
227 356
227 365
227 392
227 397
228 241
228 242
228 249
228 253
228 282
228 285
228 289
228 296
228 349
228 352
228 366
228 377
228 389
229 234
229 239
229 240
229 241
229 243
229 260
229 267
229 271
229 272
229 298
229 308
229 313
229 314
229 323
229 328
229 340
229 346
229 366
229 381
230 248
230 269
230 270
230 272
230 275
230 278
230 279
230 284
230 287
230 293
230 304
230 306
230 322
230 327
230 366
230 371
230 390
231 236
231 242
231 246
231 269
231 273
231 280
231 281
231 283
231 291
231 296
231 310
231 316
231 320
231 323
231 327
231 337
231 352
231 354
231 355
231 381
231 384
232 239
232 259
232 293
232 299
232 302
232 324
232 332
232 335
232 337
232 353
232 355
232 359
232 363
232 370
232 388
232 390
233 240
233 245
233 259
233 278
233 279
233 280
233 289
233 319
233 327
233 332
233 337
233 346
233 347
233 357
233 358
233 370
233 384
233 385
233 388
233 395
234 237
234 239
234 284
234 295
234 297
234 303
234 309
234 313
234 323
234 337
234 344
234 349
234 350
234 356
234 357
234 376
234 377
234 379
234 386
234 391
234 399
235 259
235 269
235 275
235 302
235 303
235 326
235 332
235 340
235 346
235 362
235 371
235 373
235 374
235 379
236 253
236 260
236 263
236 265
236 284
236 285
236 287
236 292
236 295
236 298
236 310
236 313
236 329
236 336
236 360
236 361
236 365
236 371
236 388
237 243
237 272
237 273
237 287
237 300
237 320
237 321
237 347
237 362
237 374
237 377
237 385
237 391
237 392
238 242
238 252
238 255
238 256
238 259
238 260
238 274
238 293
238 304
238 327
238 335
238 355
238 366
238 367
238 369
238 395
239 250
239 270
239 276
239 280
239 285
239 301
239 316
239 331
239 332
239 342
239 363
239 367
239 382
239 386
239 399
240 254
240 260
240 281
240 294
240 295
240 323
240 326
240 331
240 332
240 345
240 347
240 363
240 372
240 379
241 252
241 274
241 280
241 285
241 308
241 309
241 320
241 326
241 330
241 348
241 354
241 384
241 399
242 252
242 257
242 260
242 286
242 288
242 301
242 323
242 325
242 328
242 338
242 342
242 347
242 358
242 360
242 371
242 374
242 383
242 387
242 393
242 399
243 247
243 281
243 329
243 332
243 343
243 376
243 385
244 251
244 252
244 264
244 279
244 287
244 297
244 308
244 310
244 354
244 357
244 366
244 373
244 388
245 252
245 255
245 268
245 275
245 290
245 297
245 298
245 304
245 329
245 330
245 332
245 340
245 351
245 353
245 364
245 367
245 375
245 381
245 391
246 250
246 262
246 266
246 274
246 278
246 289
246 290
246 304
246 307
246 310
246 312
246 324
246 340
246 345
246 347
246 351
246 361
246 362
246 364
246 366
246 374
247 249
247 273
247 276
247 277
247 280
247 282
247 313
247 361
247 362
247 364
247 367
247 374
247 377
247 398
248 254
248 264
248 272
248 273
248 283
248 290
248 306
248 309
248 320
248 321
248 370
248 388
248 390
248 392
248 399
249 267
249 302
249 306
249 324
249 351
249 366
249 370
249 372
249 383
250 255
250 271
250 276
250 300
250 310
250 314
250 315
250 339
250 346
250 348
250 357
250 365
250 375
250 395
251 281
251 284
251 304
251 305
251 312
251 313
251 320
251 322
251 325
251 327
251 328
251 344
251 345
251 347
251 368
251 382
251 384
251 387
251 389
251 391
252 265
252 276
252 287
252 288
252 291
252 299
252 308
252 324
252 371
252 373
252 389
252 399
253 269
253 270
253 272
253 295
253 300
253 315
253 322
253 324
253 353
253 357
253 358
253 365
253 370
253 375
253 389
254 277
254 279
254 322
254 328
254 337
254 352
254 355
255 257
255 258
255 289
255 303
255 312
255 314
255 347
255 365
255 366
255 384
255 394
255 396
256 261
256 273
256 277
256 279
256 286
256 291
256 311
256 325
256 326
256 328
256 336
256 338
256 342
256 348
256 360
256 380
256 396
257 265
257 294
257 300
257 303
257 308
257 321
257 327
257 358
257 361
257 364
257 372
257 379
257 383
257 385
257 394
258 261
258 285
258 295
258 305
258 312
258 313
258 335
258 336
258 358
258 366
258 371
258 379
258 383
258 386
258 389
258 394
259 264
259 301
259 304
259 310
259 311
259 321
259 332
259 344
259 362
259 372
259 376
259 395
260 264
260 269
260 285
260 292
260 293
260 300
260 305
260 320
260 329
260 344
260 362
260 367
260 368
260 385
260 396
261 274
261 282
261 295
261 296
261 302
261 311
261 340
261 353
261 355
261 370
261 377
261 378
261 379
261 387
261 390
261 394
261 395
261 397
262 276
262 282
262 313
262 318
262 329
262 347
262 356
262 359
262 369
262 378
262 384
262 386
262 388
263 273
263 278
263 294
263 305
263 308
263 309
263 310
263 321
263 328
263 337
263 351
263 364
263 366
263 369
263 371
263 391
263 392
264 265
264 266
264 268
264 284
264 298
264 299
264 314
264 315
264 321
264 328
264 362
264 365
264 366
264 376
264 379
264 387
264 397
265 284
265 286
265 297
265 312
265 315
265 327
265 328
265 337
265 343
265 355
265 366
265 372
265 373
265 390
265 393
266 295
266 300
266 334
266 343
266 347
266 355
266 367
266 380
266 384
266 396
267 273
267 280
267 290
267 296
267 303
267 320
267 328
267 329
267 333
267 340
267 350
267 353
267 384
268 269
268 280
268 287
268 291
268 301
268 307
268 313
268 326
268 334
268 357
268 375
268 384
268 395
269 276
269 282
269 292
269 295
269 331
269 333
269 334
269 335
269 336
269 349
269 351
269 354
269 356
269 374
269 380
269 387
269 388
269 393
270 271
270 308
270 312
270 315
270 339
270 344
270 346
270 351
270 362
270 363
270 364
270 371
270 377
271 275
271 279
271 280
271 282
271 290
271 294
271 308
271 314
271 324
271 325
271 331
271 340
271 348
271 367
271 382
271 387
271 389
272 296
272 302
272 313
272 318
272 319
272 325
272 331
272 335
272 340
272 365
272 372
272 374
272 378
272 386
272 388
272 392
273 274
273 292
273 302
273 303
273 320
273 331
273 332
273 341
273 342
273 344
273 362
273 370
273 385
273 396
274 286
274 298
274 305
274 318
274 332
274 336
274 350
274 364
274 385
275 285
275 294
275 318
275 322
275 351
275 357
275 375
275 387
275 388
275 389
276 287
276 292
276 324
276 341
276 345
276 346
276 355
276 389
276 391
276 398
277 294
277 295
277 307
277 318
277 328
277 336
277 344
277 349
277 357
277 360
277 365
277 380
277 395
278 290
278 309
278 371
278 384
278 386
278 395
279 282
279 283
279 290
279 291
279 309
279 315
279 320
279 332
279 336
279 337
279 366
279 378
279 383
279 386
280 303
280 305
280 306
280 307
280 308
280 322
280 327
280 334
280 343
280 350
280 366
280 381
280 387
280 388
281 285
281 286
281 290
281 293
281 310
281 372
281 386
282 287
282 292
282 308
282 318
282 335
282 358
282 362
282 379
282 381
282 389
283 284
283 292
283 302
283 304
283 310
283 312
283 313
283 323
283 341
283 350
283 352
283 361
283 362
283 371
283 374
283 384
284 296
284 307
284 310
284 316
284 321
284 323
284 325
284 344
284 350
284 373
284 381
284 391
284 397
285 307
285 326
285 334
285 339
285 342
285 349
285 363
285 367
285 369
285 373
285 395
286 295
286 297
286 322
286 323
286 337
286 341
286 364
286 368
286 389
287 297
287 298
287 312
287 329
287 343
287 348
287 351
287 366
287 372
287 385
287 387
287 390
287 393
288 312
288 332
288 333
288 344
288 346
288 347
288 361
288 371
288 380
288 385
289 294
289 300
289 302
289 314
289 316
289 325
289 327
289 335
289 344
289 359
289 363
289 367
289 377
289 385
290 293
290 314
290 317
290 323
290 333
290 348
290 364
290 377
291 293
291 299
291 310
291 311
291 330
291 346
291 353
291 361
291 362
291 375
291 378
291 380
292 308
292 317
292 318
292 319
292 320
292 339
292 349
292 350
292 356
292 363
292 366
292 369
292 396
293 298
293 304
293 321
293 325
293 329
293 358
293 379
293 382
294 298
294 310
294 342
294 344
294 346
294 355
294 367
294 382
295 321
295 348
295 358
295 372
295 378
295 380
295 387
295 395
296 309
296 337
296 339
296 343
296 348
296 351
296 365
296 366
296 380
296 384
296 396
296 399
297 302
297 303
297 307
297 319
297 331
297 332
297 342
297 356
297 367
297 377
297 380
297 386
298 303
298 307
298 311
298 323
298 327
298 330
298 342
298 354
298 355
298 374
298 376
298 378
298 379
298 392
298 393
299 304
299 323
299 326
299 327
299 340
299 348
299 350
299 367
299 392
300 311
300 314
300 347
300 350
300 362
300 365
300 376
300 386
300 389
300 393
301 308
301 364
301 373
302 306
302 330
302 334
302 369
302 388
303 305
303 307
303 319
303 330
303 350
303 362
303 368
303 372
303 387
303 398
304 309
304 315
304 321
304 327
304 330
304 336
304 343
304 350
304 352
304 359
304 364
304 375
304 393
305 310
305 338
305 339
305 359
305 365
305 371
305 376
306 327
306 350
306 353
306 370
306 382
306 388
307 309
307 319
307 321
307 326
307 337
307 341
307 348
307 351
307 368
307 373
307 376
307 390
307 393
308 316
308 317
308 318
308 320
308 325
308 356
308 373
308 380
308 389
308 399
309 311
309 316
309 323
309 328
309 362
309 364
309 385
310 314
310 318
310 329
310 336
310 346
310 347
310 348
310 358
310 364
310 386
311 321
311 325
311 338
311 340
311 350
311 351
311 353
311 354
311 375
311 379
311 389
312 330
312 333
312 336
312 339
312 346
312 350
312 365
312 367
312 374
312 390
313 318
313 329
313 345
313 346
313 356
313 363
313 364
313 371
313 386
313 395
314 319
314 327
314 369
314 372
314 378
314 389
314 394
315 330
315 333
315 342
315 344
315 354
315 372
315 375
315 386
316 330
316 338
316 356
316 360
316 365
316 372
316 373
316 377
316 384
316 392
316 394
316 397
317 326
317 336
317 353
317 355
317 358
317 377
317 383
317 390
317 391
317 392
317 397
318 326
318 336
318 358
318 359
318 364
318 372
319 320
319 334
319 341
319 342
319 345
319 349
319 366
319 385
319 396
319 397
320 321
320 323
320 338
320 341
320 342
320 367
320 378
321 327
321 330
321 336
321 340
321 341
321 343
321 353
321 358
321 362
321 386
322 334
322 343
322 351
322 353
322 357
322 366
322 370
322 398
323 328
323 329
323 365
323 374
324 344
324 363
324 368
325 327
325 334
325 363
325 386
325 391
325 392
326 347
326 349
326 357
326 358
326 359
326 369
326 376
326 379
326 381
327 329
327 358
327 363
327 368
327 383
327 384
327 387
328 329
328 344
328 368
328 391
328 394
329 337
329 342
329 351
329 352
329 362
329 366
329 375
329 380
329 386
330 337
330 343
330 350
330 380
330 384
330 398
331 337
331 347
331 353
331 369
331 377
331 383
331 384
331 386
331 390
331 396
332 346
333 341
333 384
333 395
334 342
334 346
334 354
334 357
334 363
334 365
334 370
334 391
334 394
334 395
335 342
335 373
335 376
335 378
335 393
335 394
335 398
336 347
336 374
336 381
336 389
336 392
336 395
337 363
337 367
337 371
337 373
337 387
337 388
338 354
338 378
338 385
339 340
339 367
339 370
339 382
339 383
339 399
340 343
340 355
340 356
340 358
340 359
340 361
340 363
340 381
341 343
341 356
341 368
341 376
341 384
341 388
341 398
342 350
342 358
342 379
342 396
343 347
343 367
343 391
343 392
343 395
343 397
343 398
344 358
344 378
344 379
344 393
345 356
345 368
345 381
345 387
345 390
346 377
347 357
347 367
347 387
347 392
348 359
348 383
348 392
348 398
349 351
349 355
349 360
349 372
349 380
350 367
350 368
350 370
350 379
350 380
350 388
351 372
351 374
351 380
351 385
351 394
352 367
352 369
352 399
353 369
353 388
353 391
354 356
354 362
354 379
354 389
354 397
355 361
355 364
355 367
355 370
355 379
355 394
355 396
355 397
356 359
356 383
356 385
356 394
357 358
357 380
357 393
357 395
358 371
358 383
358 394
359 361
359 365
359 379
359 380
359 389
359 394
360 367
360 368
360 386
361 368
361 379
361 385
361 393
361 398
362 363
362 367
362 374
363 364
363 365
363 366
363 391
363 396
363 397
364 368
364 375
364 380
364 384
364 387
364 390
364 394
365 381
365 386
365 387
365 389
365 390
365 391
365 394
365 395
365 399
366 376
366 383
366 390
367 370
367 373
367 375
367 388
367 389
367 392
368 382
368 389
368 391
368 394
368 397
369 370
369 397
370 375
370 395
371 382
371 386
371 388
371 389
371 396
373 389
374 385
374 395
375 398
376 381
376 383
377 397
377 399
378 381
378 384
379 396
380 397
381 383
382 383
382 394
383 395
385 391
388 397
388 398
389 399
390 392
390 394
390 397
391 395
391 397
393 398
363 277 345 234 224 383 79 276 16 390 190 299 153 247 46 229 123 148 186 379 223 193 121 143 108 385 166 195 149 207 165 75 232 9 203 37 359 120 290 128
97 60 82 96 292 199 161 34 98 291 31 311 162 179 88 328 187 118 142 206 212 323 266 265 321 134 313 54 157 112 251 90 178 87 25 73 109 173 243 117
268 192 72 209 58 1 319 175 262 274 85 264 239 343 182 160 197 101 12 19 80 377 302 180 38 138 322 106 158 258 154 260 241 67 308 270 155 174 176 191
136 36 219 163 349 362 358 278 210 105 397 181 216 77 71 304 0 305 307 371 74 196 297 169 14 11 126 350 50 295 335 89 386 285 384 346 325 64 267 26
360 86 168 303 231 20 375 132 56 53 230 48 159 271 205 133 286 100 300 259 310 257 344 140 69 51 185 381 177 214 10 184 221 298 27 24 244 115 338 201
240 23 61 122 329 119 110 289 357 246 130 254 361 347 248 6 92 125 269 39 396 194 152 4 63 29 208 68 30 17 242 2 337 279 372 111 145 59 94 104
238 49 324 391 378 28 35 127 315 320 189 327 114 8 236 228 287 141 220 296 5 351 339 334 341 314 348 33 66 204 18 144 332 352 222 306 353 70 167 369
116 21 113 198 171 78 280 356 365 288 188 103 374 252 124 15 367 237 215 83 41 255 263 52 218 172 45 387 336 393 245 95 388 233 81 226 227 392 376 293
32 213 7 225 202 354 256 91 156 93 22 318 366 301 146 331 398 200 76 364 47 284 40 395 250 164 13 249 99 342 253 139 316 129 370 368 282 65 340 44
217 309 272 3 261 147 333 373 380 183 135 55 211 389 84 131 150 312 107 43 326 137 294 235 102 283 151 57 382 399 394 62 275 355 330 42 281 317 273 170
