40
155
10
51
7
78
42
69
55
78
74
77
52
0 13
0 14
0 18
0 24
0 34
1 2
1 5
1 6
1 10
1 18
1 21
1 27
1 29
1 30
1 35
2 5
2 8
2 16
2 17
2 21
3 9
3 14
3 18
3 19
3 21
3 24
3 25
3 28
3 30
3 33
4 8
4 11
4 22
4 25
4 27
4 33
4 34
4 38
4 39
5 9
5 10
5 12
5 13
5 30
5 34
6 7
6 9
6 29
6 32
6 36
6 39
7 20
7 32
7 34
8 14
8 18
8 19
8 22
8 26
8 33
9 16
9 18
9 19
9 23
10 12
10 13
10 21
10 22
10 23
10 29
10 32
10 34
10 36
11 19
11 23
11 24
11 25
11 37
12 13
12 16
12 19
12 23
12 29
12 33
12 34
12 37
13 16
13 23
13 25
13 32
13 35
13 39
15 16
15 24
15 37
15 38
16 20
16 23
16 24
16 26
16 28
16 31
16 35
17 27
17 32
18 19
18 24
18 25
18 26
19 20
19 21
19 34
19 35
20 22
20 32
20 35
20 36
20 37
20 38
21 22
21 25
21 31
21 39
22 34
22 35
23 31
23 35
23 36
23 37
24 26
24 38
25 27
25 28
25 31
25 33
25 35
25 37
25 38
26 31
26 37
26 39
27 35
27 38
28 38
29 30
29 38
30 32
30 36
30 37
31 37
32 33
32 34
33 39
35 36
35 39
26 9 31 30
16 34 27 17
13 37 33 22
10 32 6 8
5 2 12 7
18 28 29 36
38 19 21 39
11 24 25 20
1 35 4 15
3 14 0 23
