400
7999
4
4
82
75
78
0 15
0 20
0 25
0 30
0 38
0 42
0 44
0 63
0 67
0 80
0 84
0 95
0 104
0 111
0 116
0 135
0 142
0 149
0 152
0 156
0 158
0 168
0 179
0 187
0 225
0 228
0 233
0 255
0 267
0 270
0 292
0 320
0 328
0 337
0 360
0 364
0 370
0 389
1 3
1 24
1 38
1 50
1 60
1 62
1 69
1 88
1 96
1 97
1 104
1 126
1 132
1 143
1 162
1 170
1 182
1 188
1 201
1 202
1 206
1 241
1 256
1 265
1 269
1 277
1 286
1 314
1 322
1 327
1 332
1 364
1 392
1 394
2 3
2 21
2 43
2 84
2 90
2 100
2 138
2 142
2 147
2 156
2 170
2 178
2 189
2 193
2 202
2 266
2 269
2 279
2 288
2 289
2 300
2 348
2 354
2 357
2 359
2 360
2 367
2 399
3 13
3 35
3 36
3 55
3 56
3 58
3 71
3 76
3 116
3 128
3 136
3 146
3 153
3 181
3 183
3 186
3 190
3 203
3 222
3 227
3 234
3 247
3 249
3 255
3 265
3 267
3 270
3 302
3 318
3 319
3 328
3 344
3 360
4 26
4 42
4 70
4 80
4 85
4 103
4 109
4 110
4 126
4 139
4 149
4 163
4 164
4 179
4 180
4 235
4 240
4 243
4 247
4 256
4 258
4 259
4 263
4 267
4 274
4 302
4 316
4 323
4 325
4 330
4 339
4 352
4 356
4 368
4 370
4 376
4 381
4 383
4 397
5 10
5 13
5 23
5 28
5 33
5 61
5 64
5 80
5 99
5 107
5 108
5 109
5 110
5 160
5 167
5 185
5 186
5 207
5 232
5 242
5 246
5 250
5 260
5 262
5 266
5 282
5 286
5 297
5 300
5 301
5 307
5 314
5 318
5 329
5 330
5 335
5 336
5 339
5 355
5 356
5 362
5 368
5 389
6 21
6 22
6 23
6 42
6 60
6 73
6 76
6 81
6 82
6 97
6 98
6 101
6 123
6 134
6 135
6 159
6 220
6 232
6 251
6 277
6 284
6 287
6 295
6 298
6 301
6 311
6 312
6 325
6 329
6 336
6 339
6 342
6 345
6 365
6 372
6 373
6 377
6 384
6 389
7 9
7 19
7 20
7 24
7 26
7 27
7 32
7 41
7 69
7 86
7 99
7 104
7 141
7 165
7 173
7 176
7 187
7 221
7 224
7 243
7 282
7 289
7 296
7 341
7 344
7 350
7 356
7 365
7 370
7 396
8 13
8 23
8 40
8 44
8 54
8 61
8 64
8 79
8 84
8 105
8 109
8 118
8 122
8 130
8 132
8 135
8 138
8 140
8 143
8 163
8 172
8 180
8 181
8 183
8 201
8 204
8 206
8 231
8 239
8 255
8 259
8 265
8 270
8 271
8 273
8 281
8 296
8 297
8 302
8 304
8 306
8 319
8 365
8 377
8 388
9 11
9 15
9 19
9 25
9 27
9 30
9 35
9 36
9 38
9 53
9 57
9 78
9 84
9 97
9 102
9 104
9 117
9 120
9 128
9 162
9 168
9 189
9 202
9 208
9 211
9 213
9 219
9 226
9 241
9 256
9 269
9 318
9 321
9 330
9 337
9 356
9 373
9 377
10 18
10 25
10 37
10 38
10 65
10 84
10 85
10 88
10 90
10 109
10 114
10 129
10 134
10 174
10 187
10 193
10 200
10 209
10 234
10 237
10 240
10 258
10 265
10 268
10 291
10 296
10 302
10 315
10 331
10 333
10 342
10 344
10 356
10 359
10 362
10 363
10 366
10 385
10 390
10 398
10 399
11 18
11 23
11 32
11 39
11 44
11 49
11 54
11 60
11 62
11 70
11 74
11 99
11 102
11 104
11 127
11 136
11 142
11 156
11 157
11 161
11 162
11 163
11 168
11 175
11 179
11 199
11 203
11 212
11 215
11 225
11 226
11 231
11 270
11 273
11 304
11 310
11 328
11 333
11 362
11 367
11 382
11 387
12 25
12 27
12 54
12 58
12 66
12 70
12 83
12 95
12 96
12 104
12 144
12 151
12 159
12 175
12 176
12 182
12 188
12 194
12 204
12 219
12 234
12 245
12 277
12 280
12 288
12 294
12 329
12 351
12 353
12 358
12 369
13 27
13 34
13 36
13 48
13 51
13 75
13 77
13 78
13 86
13 91
13 100
13 103
13 106
13 127
13 128
13 141
13 152
13 165
13 171
13 195
13 197
13 200
13 202
13 264
13 277
13 289
13 291
13 323
13 334
13 339
13 340
13 341
13 342
13 385
13 396
13 397
13 398
14 15
14 17
14 26
14 29
14 32
14 36
14 43
14 50
14 54
14 73
14 81
14 85
14 98
14 114
14 123
14 137
14 152
14 156
14 161
14 169
14 185
14 204
14 233
14 238
14 243
14 249
14 259
14 261
14 275
14 289
14 292
14 295
14 308
14 321
14 328
14 343
14 348
14 360
14 375
14 389
14 391
15 18
15 30
15 70
15 74
15 88
15 89
15 93
15 97
15 104
15 105
15 130
15 131
15 138
15 155
15 160
15 163
15 164
15 180
15 191
15 193
15 207
15 212
15 223
15 231
15 232
15 254
15 265
15 266
15 270
15 274
15 275
15 309
15 310
15 321
15 326
15 331
15 333
15 342
15 352
15 362
15 368
15 374
15 377
15 378
15 394
16 36
16 42
16 47
16 60
16 65
16 68
16 87
16 101
16 108
16 119
16 126
16 135
16 164
16 171
16 176
16 186
16 206
16 212
16 215
16 217
16 221
16 236
16 239
16 244
16 265
16 275
16 310
16 312
16 315
16 322
16 324
16 333
16 337
16 340
16 343
16 344
16 357
16 366
17 39
17 46
17 51
17 52
17 72
17 81
17 84
17 98
17 101
17 112
17 113
17 114
17 120
17 124
17 166
17 194
17 196
17 201
17 204
17 211
17 214
17 219
17 236
17 262
17 264
17 270
17 305
17 315
17 322
17 345
17 353
17 363
17 366
17 373
17 385
17 389
17 395
17 397
18 44
18 46
18 47
18 57
18 66
18 69
18 77
18 90
18 95
18 99
18 130
18 150
18 192
18 222
18 226
18 238
18 239
18 246
18 251
18 290
18 305
18 312
18 316
18 319
18 320
18 345
18 362
18 397
19 32
19 36
19 43
19 48
19 50
19 57
19 69
19 73
19 80
19 87
19 102
19 123
19 124
19 129
19 157
19 159
19 160
19 162
19 183
19 185
19 191
19 202
19 205
19 217
19 222
19 239
19 276
19 283
19 303
19 334
19 339
19 348
19 358
19 362
19 370
19 373
19 375
19 377
20 26
20 29
20 35
20 48
20 58
20 62
20 73
20 91
20 92
20 105
20 110
20 112
20 113
20 118
20 125
20 136
20 141
20 147
20 149
20 163
20 178
20 186
20 193
20 201
20 247
20 251
20 256
20 269
20 270
20 278
20 304
20 305
20 313
20 314
20 330
20 332
20 339
20 346
20 379
20 389
21 22
21 32
21 37
21 63
21 77
21 110
21 113
21 123
21 126
21 166
21 168
21 178
21 201
21 216
21 223
21 234
21 247
21 248
21 261
21 271
21 274
21 279
21 286
21 300
21 306
21 315
21 322
21 329
21 333
21 334
21 339
21 356
21 361
21 387
21 393
22 35
22 37
22 38
22 47
22 60
22 66
22 70
22 84
22 104
22 119
22 123
22 164
22 182
22 187
22 197
22 213
22 215
22 223
22 229
22 230
22 239
22 243
22 259
22 260
22 265
22 293
22 310
22 321
22 329
22 346
22 352
22 355
22 360
22 361
22 372
22 380
22 384
22 387
22 389
23 28
23 30
23 48
23 73
23 80
23 85
23 90
23 93
23 112
23 125
23 142
23 161
23 171
23 183
23 184
23 207
23 211
23 212
23 226
23 235
23 242
23 245
23 258
23 275
23 282
23 284
23 286
23 288
23 290
23 312
23 332
23 343
23 345
23 351
23 352
23 360
23 375
23 376
23 377
23 387
23 394
23 397
24 42
24 54
24 73
24 80
24 106
24 118
24 132
24 177
24 187
24 220
24 228
24 258
24 269
24 276
24 289
24 294
24 301
24 305
24 306
24 310
24 334
24 338
24 339
24 340
24 346
24 358
24 370
24 372
24 375
25 42
25 45
25 53
25 62
25 78
25 89
25 93
25 101
25 104
25 111
25 126
25 130
25 136
25 158
25 163
25 170
25 191
25 193
25 200
25 204
25 216
25 237
25 242
25 263
25 269
25 271
25 278
25 296
25 301
25 306
25 317
25 335
25 336
25 345
25 369
25 382
25 395
25 396
26 28
26 31
26 36
26 39
26 46
26 62
26 69
26 76
26 94
26 99
26 105
26 108
26 111
26 125
26 129
26 130
26 141
26 157
26 161
26 177
26 181
26 190
26 202
26 205
26 213
26 228
26 238
26 253
26 256
26 258
26 269
26 272
26 287
26 290
26 291
26 293
26 301
26 302
26 331
26 347
26 366
26 367
26 372
26 386
26 388
26 392
26 395
27 31
27 67
27 99
27 102
27 105
27 112
27 113
27 129
27 130
27 131
27 137
27 154
27 158
27 159
27 164
27 168
27 173
27 176
27 182
27 186
27 189
27 209
27 224
27 226
27 230
27 264
27 274
27 277
27 292
27 295
27 300
27 307
27 317
27 325
27 326
27 341
27 346
27 354
27 360
27 374
27 375
27 376
27 386
27 391
28 32
28 38
28 39
28 50
28 55
28 61
28 64
28 75
28 87
28 115
28 120
28 126
28 158
28 170
28 176
28 178
28 179
28 188
28 195
28 196
28 209
28 212
28 253
28 259
28 271
28 272
28 296
28 303
28 311
28 317
28 322
28 335
28 350
28 358
28 367
28 369
28 379
28 383
28 384
29 35
29 46
29 52
29 60
29 64
29 69
29 81
29 87
29 94
29 103
29 111
29 117
29 141
29 148
29 155
29 174
29 185
29 189
29 205
29 207
29 210
29 248
29 249
29 259
29 271
29 273
29 284
29 287
29 304
29 319
29 332
29 333
29 335
29 338
29 394
29 395
30 52
30 53
30 55
30 65
30 67
30 68
30 70
30 80
30 92
30 116
30 127
30 152
30 156
30 184
30 187
30 190
30 191
30 205
30 208
30 212
30 217
30 218
30 229
30 276
30 285
30 302
30 311
30 330
30 341
30 349
30 355
30 377
30 384
31 53
31 64
31 65
31 73
31 82
31 104
31 109
31 140
31 147
31 148
31 155
31 175
31 180
31 185
31 186
31 197
31 202
31 207
31 224
31 234
31 256
31 266
31 275
31 279
31 317
31 319
31 320
31 323
31 327
31 333
31 351
31 362
31 378
31 387
31 391
32 34
32 36
32 37
32 42
32 59
32 69
32 78
32 81
32 83
32 90
32 117
32 124
32 132
32 137
32 143
32 146
32 153
32 170
32 174
32 194
32 222
32 256
32 264
32 277
32 286
32 287
32 293
32 299
32 308
32 315
32 338
32 350
32 356
32 361
32 368
32 369
32 381
32 394
33 40
33 61
33 64
33 117
33 123
33 129
33 132
33 136
33 139
33 145
33 158
33 162
33 176
33 184
33 191
33 197
33 204
33 205
33 213
33 214
33 216
33 222
33 263
33 276
33 282
33 310
33 312
33 320
33 329
33 332
33 342
33 360
33 367
33 371
33 374
33 375
33 379
33 390
34 50
34 54
34 60
34 76
34 83
34 92
34 98
34 107
34 114
34 115
34 125
34 136
34 152
34 159
34 165
34 178
34 180
34 186
34 187
34 190
34 198
34 200
34 204
34 211
34 223
34 224
34 231
34 232
34 236
34 253
34 266
34 286
34 289
34 299
34 323
34 342
34 344
34 346
34 348
34 375
35 40
35 48
35 51
35 56
35 62
35 79
35 87
35 104
35 106
35 109
35 132
35 138
35 155
35 162
35 174
35 177
35 182
35 187
35 188
35 195
35 231
35 253
35 261
35 278
35 345
35 346
35 360
35 368
35 378
36 39
36 41
36 42
36 72
36 73
36 86
36 87
36 117
36 131
36 134
36 151
36 166
36 175
36 182
36 189
36 219
36 245
36 249
36 254
36 269
36 271
36 279
36 281
36 292
36 302
36 304
36 308
36 313
36 322
36 331
36 335
36 340
36 342
36 354
36 357
36 384
36 398
37 42
37 43
37 48
37 58
37 59
37 62
37 80
37 81
37 92
37 113
37 118
37 142
37 155
37 157
37 164
37 190
37 203
37 231
37 232
37 237
37 249
37 256
37 260
37 262
37 267
37 269
37 304
37 315
37 327
37 350
37 361
37 378
37 388
37 392
38 53
38 66
38 71
38 85
38 92
38 93
38 98
38 104
38 107
38 122
38 123
38 125
38 150
38 155
38 156
38 163
38 175
38 180
38 186
38 189
38 203
38 220
38 233
38 234
38 237
38 267
38 272
38 276
38 282
38 283
38 287
38 297
38 301
38 319
38 324
38 326
38 354
38 371
38 385
38 386
39 47
39 67
39 75
39 95
39 105
39 125
39 136
39 138
39 148
39 154
39 155
39 168
39 169
39 174
39 179
39 189
39 229
39 250
39 254
39 256
39 258
39 264
39 268
39 279
39 289
39 290
39 322
39 337
39 340
39 354
39 373
39 376
39 395
40 49
40 57
40 68
40 69
40 81
40 93
40 102
40 108
40 121
40 123
40 152
40 161
40 163
40 165
40 201
40 207
40 217
40 220
40 234
40 252
40 295
40 296
40 300
40 328
40 335
40 351
40 357
40 362
40 365
40 366
40 369
40 372
40 378
40 381
41 63
41 67
41 78
41 85
41 103
41 112
41 119
41 138
41 146
41 150
41 152
41 159
41 165
41 171
41 175
41 180
41 181
41 189
41 202
41 209
41 210
41 216
41 256
41 275
41 313
41 317
41 319
41 320
41 335
41 342
41 345
41 351
41 353
41 359
41 366
41 367
41 371
41 378
41 387
41 389
41 391
42 50
42 51
42 63
42 69
42 76
42 98
42 108
42 118
42 125
42 135
42 136
42 154
42 165
42 186
42 188
42 196
42 200
42 204
42 217
42 218
42 228
42 233
42 242
42 246
42 258
42 262
42 268
42 275
42 281
42 282
42 290
42 300
42 317
42 353
42 355
42 392
42 397
43 45
43 67
43 80
43 92
43 110
43 124
43 131
43 132
43 144
43 146
43 156
43 173
43 182
43 195
43 204
43 208
43 219
43 223
43 231
43 233
43 242
43 262
43 270
43 275
43 281
43 289
43 297
43 303
43 318
43 327
43 341
43 346
43 374
43 385
43 387
43 390
44 52
44 65
44 80
44 100
44 123
44 140
44 146
44 156
44 160
44 165
44 171
44 181
44 194
44 208
44 216
44 217
44 219
44 221
44 222
44 227
44 228
44 239
44 250
44 253
44 254
44 268
44 273
44 284
44 299
44 306
44 314
44 317
44 322
44 346
44 348
44 350
44 371
44 377
44 390
44 391
44 392
45 53
45 56
45 65
45 73
45 82
45 89
45 97
45 105
45 124
45 129
45 132
45 143
45 146
45 160
45 166
45 173
45 176
45 193
45 194
45 222
45 230
45 242
45 244
45 256
45 264
45 275
45 288
45 317
45 336
45 340
45 344
45 359
45 360
45 363
45 367
45 378
45 399
46 47
46 61
46 71
46 88
46 96
46 106
46 140
46 146
46 169
46 172
46 175
46 180
46 206
46 212
46 218
46 226
46 233
46 243
46 272
46 284
46 293
46 305
46 311
46 317
46 323
46 350
46 358
46 362
46 365
46 366
46 374
46 389
46 392
46 394
47 74
47 98
47 106
47 109
47 131
47 139
47 140
47 174
47 175
47 186
47 197
47 213
47 232
47 260
47 261
47 270
47 290
47 310
47 334
47 353
47 375
47 397
47 399
48 50
48 56
48 58
48 61
48 63
48 74
48 88
48 98
48 113
48 114
48 116
48 118
48 125
48 126
48 139
48 152
48 160
48 183
48 206
48 220
48 248
48 253
48 256
48 259
48 262
48 263
48 264
48 280
48 313
48 318
48 322
48 332
48 341
48 343
48 345
48 354
48 367
48 369
48 381
48 387
49 58
49 73
49 78
49 79
49 138
49 143
49 151
49 180
49 190
49 197
49 208
49 213
49 233
49 255
49 261
49 273
49 276
49 277
49 283
49 285
49 288
49 290
49 293
49 307
49 313
49 314
49 355
49 361
49 364
50 61
50 62
50 66
50 67
50 78
50 106
50 114
50 133
50 137
50 138
50 139
50 173
50 182
50 183
50 186
50 187
50 201
50 213
50 215
50 217
50 233
50 241
50 243
50 244
50 245
50 250
50 267
50 319
50 324
50 330
50 333
50 342
50 348
50 352
50 353
50 373
50 379
50 396
50 398
51 87
51 103
51 110
51 117
51 120
51 125
51 153
51 158
51 163
51 171
51 204
51 205
51 211
51 231
51 234
51 235
51 253
51 278
51 279
51 307
51 322
51 331
51 336
51 341
51 350
51 355
51 365
51 370
51 371
51 384
51 387
52 67
52 79
52 95
52 97
52 110
52 115
52 120
52 124
52 125
52 142
52 149
52 151
52 158
52 183
52 202
52 206
52 221
52 229
52 237
52 238
52 248
52 260
52 277
52 286
52 295
52 297
52 327
52 332
52 333
52 342
52 346
52 350
52 353
52 355
52 369
53 57
53 65
53 71
53 78
53 96
53 113
53 118
53 119
53 124
53 150
53 165
53 194
53 204
53 206
53 207
53 233
53 235
53 255
53 269
53 281
53 304
53 311
53 321
53 325
53 332
53 337
53 343
53 353
53 358
53 359
53 375
53 396
54 59
54 63
54 93
54 110
54 111
54 122
54 127
54 142
54 147
54 150
54 167
54 175
54 176
54 190
54 201
54 227
54 234
54 236
54 260
54 271
54 284
54 286
54 308
54 309
54 310
54 319
54 324
54 325
54 336
54 342
54 359
54 360
54 367
54 374
54 392
54 399
55 64
55 89
55 91
55 94
55 99
55 101
55 105
55 115
55 132
55 145
55 150
55 154
55 164
55 182
55 184
55 197
55 220
55 272
55 276
55 283
55 291
55 294
55 295
55 301
55 313
55 327
55 345
55 352
56 58
56 62
56 67
56 93
56 113
56 172
56 183
56 203
56 213
56 215
56 218
56 219
56 223
56 225
56 232
56 250
56 314
56 315
56 318
56 334
56 335
56 337
56 342
56 343
56 361
56 372
56 384
57 59
57 69
57 82
57 87
57 89
57 95
57 100
57 103
57 109
57 112
57 145
57 152
57 164
57 190
57 191
57 204
57 205
57 206
57 217
57 225
57 234
57 243
57 247
57 258
57 271
57 275
57 276
57 277
57 285
57 294
57 296
57 300
57 322
57 337
57 384
57 388
57 389
57 391
57 393
57 396
58 77
58 78
58 82
58 89
58 101
58 111
58 120
58 126
58 129
58 147
58 165
58 169
58 186
58 188
58 197
58 203
58 206
58 220
58 239
58 257
58 262
58 266
58 270
58 276
58 279
58 285
58 319
58 320
58 352
58 365
58 384
58 386
59 61
59 62
59 65
59 71
59 93
59 97
59 106
59 113
59 120
59 124
59 127
59 139
59 140
59 147
59 161
59 175
59 176
59 178
59 188
59 196
59 203
59 204
59 232
59 235
59 244
59 246
59 248
59 267
59 273
59 283
59 292
59 314
59 326
59 342
59 345
59 356
59 359
59 395
60 101
60 111
60 113
60 129
60 149
60 155
60 167
60 170
60 173
60 185
60 203
60 218
60 219
60 235
60 242
60 244
60 304
60 306
60 329
60 341
60 351
60 354
60 372
60 384
60 399
61 69
61 70
61 73
61 76
61 78
61 85
61 100
61 121
61 130
61 134
61 137
61 145
61 169
61 207
61 210
61 234
61 240
61 253
61 267
61 272
61 283
61 287
61 296
61 309
61 310
61 318
61 334
61 340
61 346
61 347
61 348
61 351
61 373
61 387
61 391
62 64
62 65
62 76
62 77
62 80
62 81
62 113
62 118
62 134
62 142
62 143
62 144
62 162
62 201
62 223
62 239
62 256
62 267
62 271
62 272
62 277
62 295
62 299
62 300
62 317
62 325
62 335
62 339
62 342
62 345
62 346
62 349
62 365
62 370
62 372
62 383
62 397
63 69
63 73
63 76
63 79
63 83
63 96
63 131
63 137
63 150
63 162
63 163
63 172
63 176
63 195
63 198
63 209
63 211
63 223
63 224
63 232
63 252
63 262
63 298
63 304
63 305
63 306
63 322
63 326
63 356
63 379
63 382
63 383
64 74
64 79
64 93
64 101
64 108
64 130
64 138
64 149
64 161
64 176
64 182
64 194
64 209
64 217
64 230
64 239
64 240
64 243
64 253
64 255
64 262
64 278
64 285
64 289
64 321
64 324
64 339
64 342
64 346
64 353
64 357
64 361
64 373
64 377
64 382
64 388
65 76
65 109
65 123
65 130
65 131
65 156
65 170
65 175
65 186
65 193
65 194
65 202
65 222
65 227
65 229
65 231
65 243
65 248
65 250
65 252
65 272
65 281
65 304
65 326
65 331
65 332
65 335
65 351
65 352
65 354
65 362
65 368
65 369
65 397
66 86
66 105
66 112
66 113
66 116
66 126
66 130
66 136
66 137
66 145
66 163
66 173
66 177
66 182
66 200
66 205
66 206
66 208
66 218
66 235
66 238
66 250
66 253
66 267
66 270
66 278
66 299
66 301
66 345
66 349
66 351
66 367
66 388
66 391
67 68
67 69
67 85
67 95
67 122
67 126
67 130
67 135
67 139
67 147
67 151
67 154
67 156
67 173
67 174
67 192
67 196
67 200
67 202
67 211
67 216
67 250
67 261
67 271
67 276
67 293
67 309
67 318
67 329
67 347
67 360
67 366
67 385
68 75
68 90
68 106
68 115
68 128
68 132
68 140
68 156
68 166
68 173
68 178
68 183
68 200
68 209
68 216
68 236
68 244
68 255
68 263
68 282
68 291
68 296
68 298
68 315
68 320
68 336
68 342
68 344
68 346
68 354
68 359
68 387
68 389
69 70
69 71
69 77
69 86
69 96
69 99
69 109
69 120
69 130
69 131
69 144
69 183
69 218
69 224
69 232
69 239
69 241
69 254
69 257
69 260
69 269
69 289
69 292
69 295
69 296
69 303
69 310
69 320
69 340
69 371
69 374
69 375
69 378
69 389
70 109
70 112
70 134
70 152
70 154
70 158
70 173
70 178
70 198
70 213
70 225
70 236
70 237
70 243
70 249
70 257
70 267
70 276
70 286
70 290
70 305
70 321
70 326
70 342
70 344
70 359
70 367
70 376
70 378
70 385
70 387
70 390
70 396
71 100
71 106
71 110
71 120
71 125
71 130
71 147
71 150
71 160
71 163
71 166
71 180
71 189
71 196
71 232
71 247
71 256
71 266
71 267
71 276
71 278
71 288
71 289
71 315
71 322
71 332
71 333
71 346
71 370
71 386
72 79
72 89
72 108
72 130
72 131
72 137
72 139
72 140
72 144
72 150
72 155
72 162
72 172
72 181
72 188
72 191
72 192
72 210
72 215
72 229
72 240
72 244
72 247
72 259
72 261
72 262
72 266
72 279
72 282
72 285
72 305
72 322
72 327
72 333
72 348
72 365
72 379
72 385
73 94
73 115
73 119
73 132
73 142
73 160
73 176
73 178
73 196
73 207
73 215
73 223
73 227
73 237
73 274
73 275
73 278
73 282
73 306
73 327
73 328
73 334
73 357
73 370
73 378
73 385
73 386
73 393
73 396
74 94
74 96
74 99
74 108
74 113
74 115
74 123
74 127
74 158
74 165
74 166
74 174
74 196
74 200
74 217
74 218
74 220
74 249
74 257
74 267
74 295
74 307
74 316
74 320
74 348
74 360
74 372
75 86
75 90
75 125
75 129
75 132
75 136
75 142
75 146
75 148
75 164
75 198
75 206
75 209
75 214
75 251
75 258
75 260
75 263
75 279
75 283
75 300
75 308
75 320
75 327
75 343
75 356
75 361
75 362
75 365
75 384
75 397
76 78
76 101
76 115
76 127
76 199
76 200
76 203
76 211
76 213
76 215
76 238
76 242
76 263
76 265
76 281
76 283
76 299
76 300
76 304
76 313
76 317
76 320
76 326
76 361
76 363
76 366
76 372
76 380
76 390
76 399
77 84
77 86
77 91
77 106
77 114
77 119
77 124
77 142
77 151
77 175
77 180
77 184
77 193
77 195
77 197
77 219
77 236
77 237
77 260
77 272
77 276
77 282
77 299
77 304
77 309
77 314
77 323
77 340
77 353
77 360
77 361
77 381
78 84
78 86
78 99
78 126
78 131
78 158
78 162
78 167
78 184
78 191
78 192
78 198
78 201
78 213
78 249
78 280
78 282
78 297
78 305
78 308
78 311
78 313
78 321
78 333
78 357
78 366
78 367
78 369
78 371
78 374
78 376
78 398
79 81
79 82
79 91
79 107
79 121
79 137
79 140
79 150
79 151
79 158
79 159
79 162
79 165
79 166
79 171
79 181
79 193
79 210
79 238
79 246
79 252
79 268
79 313
79 331
79 333
79 353
79 356
79 357
79 359
79 371
79 374
79 391
80 113
80 126
80 129
80 134
80 150
80 161
80 162
80 182
80 186
80 219
80 236
80 238
80 256
80 260
80 287
80 292
80 333
80 386
81 99
81 105
81 110
81 114
81 120
81 121
81 134
81 145
81 149
81 160
81 169
81 176
81 178
81 185
81 209
81 212
81 214
81 224
81 229
81 231
81 239
81 248
81 263
81 268
81 279
81 281
81 284
81 294
81 297
81 307
81 308
81 331
81 343
81 356
81 397
81 399
82 94
82 96
82 109
82 146
82 153
82 158
82 176
82 184
82 195
82 207
82 209
82 213
82 214
82 221
82 228
82 237
82 244
82 266
82 281
82 285
82 286
82 301
82 312
82 316
82 319
82 325
82 326
82 340
82 353
82 360
82 363
82 380
83 94
83 101
83 106
83 109
83 140
83 145
83 163
83 164
83 170
83 181
83 184
83 191
83 199
83 211
83 213
83 217
83 234
83 235
83 236
83 238
83 252
83 261
83 276
83 305
83 309
83 311
83 312
83 335
83 340
83 346
83 348
83 354
83 356
83 359
83 361
83 369
83 390
83 397
84 87
84 96
84 97
84 113
84 114
84 117
84 127
84 137
84 142
84 147
84 151
84 156
84 159
84 179
84 183
84 193
84 203
84 204
84 211
84 213
84 214
84 218
84 219
84 224
84 249
84 255
84 271
84 277
84 295
84 316
84 321
84 331
84 342
84 351
84 353
84 365
84 370
84 374
84 393
84 398
85 101
85 110
85 122
85 133
85 143
85 144
85 152
85 182
85 187
85 194
85 196
85 199
85 206
85 214
85 221
85 224
85 225
85 229
85 255
85 260
85 264
85 272
85 281
85 282
85 284
85 287
85 299
85 312
85 315
85 318
85 328
85 342
85 362
85 367
85 371
85 378
85 393
85 398
86 88
86 97
86 98
86 108
86 113
86 137
86 162
86 163
86 169
86 206
86 208
86 212
86 227
86 229
86 231
86 254
86 255
86 262
86 268
86 273
86 296
86 306
86 316
86 341
86 348
86 361
86 376
86 378
86 390
86 397
87 92
87 104
87 108
87 109
87 115
87 117
87 135
87 147
87 157
87 166
87 172
87 176
87 197
87 208
87 212
87 220
87 225
87 227
87 231
87 237
87 240
87 254
87 260
87 290
87 291
87 303
87 307
87 309
87 312
87 314
87 326
87 350
87 363
87 399
88 98
88 106
88 111
88 119
88 130
88 133
88 134
88 147
88 148
88 157
88 162
88 184
88 192
88 227
88 242
88 247
88 268
88 276
88 278
88 291
88 295
88 302
88 311
88 319
88 320
88 321
88 340
88 343
88 347
88 352
88 368
88 372
88 375
88 389
89 95
89 112
89 119
89 133
89 149
89 157
89 164
89 184
89 206
89 214
89 229
89 236
89 244
89 250
89 252
89 254
89 264
89 270
89 272
89 279
89 283
89 294
89 296
89 308
89 333
89 338
89 353
89 356
89 363
89 388
89 394
90 106
90 113
90 114
90 116
90 117
90 119
90 120
90 123
90 143
90 160
90 164
90 168
90 170
90 181
90 201
90 205
90 227
90 228
90 234
90 258
90 264
90 269
90 297
90 318
90 319
90 320
90 336
90 337
90 346
90 352
90 358
90 369
90 376
90 396
91 99
91 101
91 102
91 106
91 108
91 148
91 149
91 161
91 167
91 185
91 197
91 200
91 224
91 230
91 235
91 240
91 241
91 244
91 250
91 256
91 262
91 266
91 270
91 297
91 307
91 329
91 330
91 336
91 341
91 343
91 354
91 383
91 388
91 389
91 393
91 395
92 103
92 105
92 140
92 155
92 170
92 183
92 210
92 211
92 213
92 225
92 233
92 255
92 275
92 278
92 283
92 300
92 307
92 325
92 328
92 356
92 363
92 367
92 371
92 373
92 394
92 399
93 102
93 111
93 135
93 153
93 177
93 210
93 214
93 221
93 267
93 277
93 281
93 294
93 298
93 299
93 303
93 309
93 313
93 350
93 355
93 356
93 360
93 365
93 370
93 372
93 382
93 384
93 386
93 388
93 390
93 397
94 96
94 119
94 122
94 139
94 145
94 157
94 168
94 174
94 191
94 200
94 212
94 217
94 218
94 222
94 228
94 232
94 235
94 251
94 259
94 287
94 295
94 320
94 321
94 331
94 341
94 356
94 374
94 380
94 394
95 117
95 122
95 126
95 128
95 129
95 151
95 155
95 166
95 170
95 180
95 193
95 196
95 198
95 223
95 226
95 240
95 253
95 254
95 277
95 278
95 282
95 307
95 315
95 320
95 352
95 355
95 359
95 361
95 366
95 392
96 99
96 126
96 131
96 139
96 144
96 145
96 147
96 180
96 181
96 192
96 197
96 206
96 208
96 223
96 225
96 232
96 253
96 256
96 300
96 308
96 314
96 317
96 327
96 330
96 379
96 381
96 392
96 397
97 103
97 132
97 157
97 169
97 195
97 208
97 213
97 224
97 235
97 238
97 243
97 254
97 275
97 300
97 301
97 306
97 311
97 319
97 323
97 340
97 346
97 372
97 377
98 100
98 110
98 154
98 165
98 176
98 177
98 180
98 186
98 190
98 220
98 247
98 248
98 254
98 259
98 272
98 287
98 300
98 313
98 324
98 328
98 330
98 336
98 338
98 342
98 362
98 363
98 367
98 370
98 381
98 390
99 134
99 138
99 144
99 152
99 161
99 178
99 183
99 191
99 193
99 194
99 199
99 221
99 222
99 228
99 237
99 254
99 263
99 265
99 273
99 298
99 302
99 309
99 323
99 332
99 333
99 343
99 368
99 370
99 374
99 379
99 395
100 114
100 116
100 121
100 126
100 128
100 145
100 146
100 149
100 154
100 194
100 228
100 254
100 260
100 261
100 281
100 285
100 292
100 302
100 346
100 364
100 367
100 379
100 392
100 398
101 103
101 107
101 108
101 116
101 117
101 119
101 132
101 144
101 151
101 154
101 158
101 171
101 173
101 174
101 197
101 199
101 207
101 220
101 233
101 249
101 255
101 258
101 260
101 262
101 268
101 308
101 313
101 319
101 322
101 330
101 342
101 358
101 369
101 372
101 377
101 383
102 120
102 128
102 134
102 143
102 146
102 157
102 170
102 175
102 185
102 188
102 204
102 237
102 267
102 272
102 279
102 306
102 308
102 314
102 321
102 326
102 328
102 334
102 340
102 351
102 358
102 362
102 376
102 388
102 393
102 397
103 116
103 120
103 121
103 124
103 135
103 147
103 152
103 157
103 175
103 176
103 184
103 192
103 194
103 221
103 222
103 234
103 238
103 257
103 260
103 276
103 284
103 285
103 290
103 292
103 293
103 313
103 319
103 323
103 334
103 347
103 362
103 385
103 388
103 393
104 106
104 108
104 114
104 115
104 121
104 138
104 168
104 178
104 179
104 188
104 194
104 199
104 207
104 213
104 236
104 242
104 305
104 306
104 335
104 339
104 350
104 371
104 378
104 381
104 383
104 385
104 387
104 395
104 398
105 110
105 113
105 129
105 167
105 182
105 183
105 190
105 207
105 209
105 217
105 223
105 228
105 270
105 293
105 297
105 304
105 311
105 318
105 323
105 334
105 341
105 350
105 362
105 365
105 366
105 368
105 384
105 387
105 390
105 395
106 107
106 124
106 127
106 129
106 134
106 135
106 144
106 148
106 192
106 194
106 197
106 221
106 236
106 241
106 268
106 276
106 277
106 281
106 286
106 292
106 297
106 305
106 306
106 310
106 317
106 337
106 350
106 356
106 359
106 363
106 365
106 367
106 392
107 110
107 157
107 175
107 188
107 201
107 204
107 213
107 214
107 217
107 232
107 236
107 237
107 258
107 280
107 287
107 292
107 293
107 305
107 307
107 313
107 317
107 340
107 350
107 353
107 354
107 365
107 368
107 369
107 379
107 383
107 387
108 121
108 122
108 133
108 170
108 181
108 183
108 193
108 200
108 209
108 246
108 252
108 260
108 269
108 270
108 272
108 291
108 299
108 318
108 330
108 339
108 340
108 355
108 389
108 396
108 397
109 112
109 123
109 130
109 140
109 142
109 144
109 146
109 152
109 179
109 181
109 182
109 213
109 237
109 245
109 254
109 256
109 259
109 261
109 295
109 296
109 310
109 314
109 342
109 344
109 345
109 349
109 366
109 378
109 384
109 394
109 397
110 112
110 132
110 160
110 168
110 179
110 181
110 205
110 209
110 217
110 248
110 286
110 300
110 306
110 329
110 339
110 340
110 345
110 351
110 363
110 378
110 385
111 113
111 118
111 130
111 131
111 135
111 157
111 161
111 174
111 204
111 211
111 235
111 255
111 269
111 326
111 330
111 336
111 338
111 342
111 353
111 357
111 369
111 373
111 384
111 387
111 391
111 399
112 121
112 131
112 132
112 135
112 136
112 159
112 179
112 185
112 190
112 199
112 245
112 255
112 269
112 271
112 278
112 285
112 287
112 298
112 299
112 321
112 332
112 335
112 353
112 360
112 369
112 372
112 375
112 378
112 381
112 393
113 117
113 119
113 147
113 155
113 157
113 158
113 165
113 166
113 167
113 177
113 182
113 196
113 211
113 224
113 235
113 237
113 240
113 246
113 249
113 253
113 263
113 270
113 274
113 281
113 283
113 286
113 301
113 303
113 306
113 307
113 316
113 317
113 318
113 330
113 334
113 346
113 360
113 374
113 379
114 115
114 155
114 176
114 181
114 185
114 188
114 217
114 236
114 240
114 251
114 262
114 264
114 284
114 289
114 314
114 317
114 321
114 324
114 341
114 350
114 363
114 364
114 365
114 367
114 374
114 375
114 379
114 381
114 386
115 116
115 118
115 120
115 130
115 133
115 148
115 154
115 175
115 178
115 183
115 186
115 193
115 200
115 203
115 214
115 215
115 232
115 246
115 257
115 273
115 281
115 283
115 297
115 299
115 310
115 312
115 324
115 326
115 327
115 339
115 355
115 360
115 378
115 394
116 151
116 158
116 163
116 178
116 182
116 185
116 198
116 203
116 223
116 242
116 243
116 245
116 247
116 252
116 274
116 299
116 311
116 318
116 319
116 328
116 335
116 340
116 352
116 381
116 395
117 157
117 166
117 172
117 173
117 185
117 186
117 193
117 200
117 206
117 221
117 228
117 242
117 246
117 275
117 283
117 286
117 288
117 289
117 314
117 316
117 318
117 356
117 364
117 370
117 394
117 396
118 148
118 167
118 169
118 173
118 174
118 179
118 194
118 201
118 231
118 236
118 266
118 277
118 282
118 298
118 303
118 304
118 317
118 320
118 328
118 331
118 376
118 396
118 399
119 126
119 128
119 131
119 144
119 152
119 155
119 158
119 175
119 183
119 186
119 207
119 212
119 233
119 236
119 238
119 239
119 264
119 266
119 268
119 272
119 290
119 307
119 318
119 323
119 325
119 327
119 338
119 339
119 341
119 346
119 383
119 392
120 128
120 132
120 140
120 149
120 155
120 157
120 159
120 161
120 163
120 170
120 175
120 207
120 217
120 226
120 233
120 235
120 236
120 240
120 268
120 274
120 284
120 285
120 303
120 305
120 319
120 341
120 343
120 350
120 353
120 360
120 369
120 372
120 373
120 376
120 384
120 385
121 127
121 129
121 148
121 165
121 166
121 179
121 184
121 185
121 190
121 220
121 233
121 245
121 249
121 251
121 264
121 272
121 273
121 288
121 294
121 306
121 308
121 315
121 329
121 346
121 357
121 358
122 124
122 130
122 142
122 148
122 150
122 164
122 165
122 166
122 168
122 172
122 180
122 195
122 200
122 206
122 208
122 213
122 231
122 232
122 241
122 256
122 262
122 276
122 280
122 286
122 295
122 303
122 311
122 321
122 332
122 359
122 367
122 384
122 387
122 393
122 394
123 133
123 174
123 177
123 185
123 186
123 199
123 200
123 220
123 232
123 239
123 255
123 257
123 263
123 276
123 288
123 303
123 311
123 335
123 350
123 351
123 360
123 361
123 362
123 363
123 367
123 368
123 369
123 372
123 384
124 140
124 144
124 155
124 165
124 176
124 197
124 208
124 213
124 220
124 221
124 228
124 230
124 245
124 276
124 277
124 282
124 294
124 301
124 306
124 339
124 348
124 378
124 380
124 393
125 139
125 141
125 157
125 160
125 162
125 163
125 173
125 185
125 191
125 211
125 221
125 238
125 251
125 266
125 276
125 287
125 302
125 319
125 326
125 337
125 338
125 340
125 341
125 343
125 344
125 346
125 384
126 144
126 154
126 155
126 193
126 198
126 204
126 233
126 237
126 245
126 265
126 270
126 272
126 277
126 282
126 288
126 289
126 290
126 309
126 335
126 344
126 359
126 362
126 375
126 379
126 383
126 388
126 389
126 393
127 161
127 164
127 177
127 180
127 219
127 227
127 230
127 237
127 242
127 272
127 278
127 286
127 291
127 298
127 299
127 307
127 336
127 341
127 346
127 350
127 367
127 385
128 134
128 144
128 147
128 156
128 163
128 179
128 185
128 194
128 242
128 259
128 260
128 262
128 276
128 278
128 290
128 296
128 317
128 320
128 328
128 337
128 339
128 340
128 344
128 366
128 372
128 380
128 383
128 391
128 392
129 150
129 157
129 162
129 166
129 178
129 179
129 187
129 190
129 232
129 240
129 242
129 253
129 256
129 260
129 279
129 289
129 340
129 349
129 353
129 372
130 135
130 148
130 152
130 154
130 183
130 202
130 207
130 209
130 234
130 261
130 269
130 270
130 278
130 290
130 293
130 301
130 346
130 348
130 359
130 388
131 141
131 144
131 148
131 155
131 194
131 202
131 207
131 225
131 231
131 264
131 266
131 269
131 274
131 276
131 291
131 298
131 303
131 309
131 311
131 335
131 341
131 343
131 345
131 347
131 352
131 353
131 380
131 382
131 383
132 135
132 141
132 144
132 191
132 192
132 197
132 209
132 215
132 222
132 237
132 243
132 279
132 293
132 315
132 329
132 354
132 376
132 384
133 136
133 143
133 147
133 151
133 157
133 169
133 189
133 198
133 245
133 247
133 248
133 280
133 298
133 308
133 351
133 356
133 361
133 369
133 370
133 386
133 393
134 137
134 140
134 150
134 156
134 164
134 171
134 181
134 187
134 191
134 192
134 199
134 233
134 240
134 267
134 291
134 294
134 309
134 318
134 343
134 364
134 370
134 377
134 387
134 392
135 140
135 148
135 171
135 190
135 192
135 200
135 222
135 245
135 262
135 268
135 276
135 281
135 288
135 291
135 305
135 307
135 319
135 328
135 333
135 337
135 354
135 359
135 386
135 388
135 390
135 394
136 161
136 169
136 170
136 176
136 192
136 197
136 205
136 212
136 217
136 218
136 229
136 231
136 246
136 248
136 263
136 270
136 281
136 286
136 293
136 304
136 308
136 315
136 326
136 348
136 349
136 362
136 369
136 382
137 152
137 155
137 163
137 169
137 178
137 202
137 207
137 209
137 217
137 222
137 236
137 240
137 245
137 248
137 255
137 259
137 275
137 281
137 291
137 292
137 296
137 298
137 305
137 315
137 319
137 339
137 340
137 341
137 345
137 378
137 379
137 399
138 142
138 184
138 186
138 188
138 205
138 216
138 222
138 227
138 238
138 244
138 255
138 271
138 274
138 297
138 302
138 306
138 314
138 319
138 329
138 341
138 349
138 354
138 358
138 363
138 375
138 379
138 387
138 389
138 396
139 144
139 163
139 169
139 181
139 192
139 200
139 202
139 214
139 232
139 243
139 252
139 253
139 276
139 286
139 299
139 301
139 315
139 355
139 362
139 368
139 371
139 383
139 389
139 396
139 398
140 144
140 150
140 156
140 157
140 168
140 169
140 193
140 199
140 208
140 211
140 212
140 222
140 223
140 224
140 228
140 232
140 245
140 275
140 283
140 303
140 307
140 329
140 335
140 337
140 341
140 345
140 349
140 354
140 376
140 383
141 149
141 157
141 172
141 174
141 194
141 214
141 216
141 217
141 220
141 226
141 227
141 234
141 265
141 286
141 308
141 337
141 338
141 340
141 341
141 346
141 351
141 359
141 361
141 366
141 393
141 395
142 158
142 169
142 175
142 201
142 204
142 222
142 227
142 230
142 234
142 239
142 241
142 261
142 262
142 269
142 289
142 310
142 321
142 324
142 326
142 346
142 359
142 369
142 373
143 149
143 157
143 161
143 167
143 185
143 190
143 194
143 209
143 228
143 239
143 244
143 247
143 281
143 284
143 288
143 295
143 305
143 308
143 331
143 332
143 337
143 360
143 371
143 380
144 156
144 158
144 191
144 209
144 214
144 218
144 229
144 230
144 242
144 260
144 261
144 272
144 281
144 285
144 287
144 309
144 324
144 336
144 342
144 343
144 352
144 354
144 367
144 377
144 394
145 157
145 164
145 185
145 186
145 216
145 219
145 234
145 245
145 246
145 253
145 258
145 262
145 276
145 279
145 285
145 298
145 316
145 329
145 336
145 347
145 356
145 374
145 381
145 382
145 384
145 396
146 160
146 162
146 168
146 170
146 171
146 208
146 217
146 228
146 239
146 245
146 251
146 264
146 266
146 296
146 333
146 334
146 344
146 351
146 370
146 373
146 379
147 148
147 156
147 165
147 185
147 194
147 204
147 205
147 208
147 209
147 227
147 228
147 231
147 234
147 238
147 272
147 273
147 275
147 278
147 280
147 303
147 311
147 342
147 356
147 357
147 368
147 369
147 384
147 392
147 394
147 397
147 398
148 153
148 154
148 163
148 173
148 185
148 212
148 256
148 262
148 270
148 273
148 280
148 297
148 305
148 321
148 345
148 371
148 383
148 386
148 391
148 396
149 196
149 197
149 200
149 208
149 251
149 256
149 261
149 284
149 293
149 296
149 328
149 335
149 348
149 351
149 368
149 376
149 379
149 389
150 161
150 162
150 169
150 173
150 179
150 181
150 195
150 205
150 206
150 215
150 219
150 237
150 243
150 286
150 301
150 304
150 311
150 319
150 327
150 332
150 333
150 368
150 378
150 386
150 398
151 152
151 164
151 171
151 206
151 229
151 246
151 283
151 287
151 303
151 305
151 316
151 320
151 327
151 332
151 338
151 370
151 375
151 378
151 382
151 383
151 395
151 396
152 153
152 183
152 214
152 218
152 221
152 228
152 234
152 270
152 282
152 301
152 310
152 313
152 336
152 340
152 344
152 352
152 355
152 358
152 364
152 389
153 159
153 176
153 186
153 188
153 190
153 192
153 197
153 201
153 222
153 224
153 243
153 252
153 256
153 272
153 286
153 293
153 307
153 332
153 352
153 361
153 378
153 391
153 396
154 155
154 168
154 183
154 191
154 193
154 200
154 202
154 206
154 211
154 216
154 219
154 222
154 234
154 250
154 255
154 307
154 310
154 311
154 319
154 328
154 332
154 335
154 342
154 346
154 347
154 348
154 369
154 385
154 387
155 165
155 171
155 175
155 189
155 202
155 212
155 213
155 223
155 230
155 277
155 280
155 300
155 316
155 344
155 355
155 362
155 368
155 378
155 381
155 384
155 389
155 398
156 169
156 179
156 189
156 200
156 215
156 216
156 218
156 220
156 225
156 233
156 247
156 251
156 263
156 271
156 279
156 287
156 309
156 314
156 355
156 380
156 383
157 160
157 166
157 175
157 179
157 205
157 239
157 248
157 250
157 262
157 281
157 284
157 289
157 332
157 338
157 340
157 348
157 358
157 372
157 381
157 385
158 177
158 181
158 187
158 197
158 210
158 212
158 233
158 236
158 237
158 239
158 241
158 261
158 278
158 279
158 281
158 282
158 291
158 293
158 299
158 317
158 320
158 367
158 368
158 377
158 378
158 394
159 187
159 190
159 193
159 205
159 223
159 236
159 239
159 251
159 257
159 275
159 278
159 287
159 299
159 300
159 301
159 304
159 311
159 323
159 338
159 352
159 376
159 387
159 398
160 197
160 233
160 240
160 251
160 253
160 264
160 269
160 271
160 292
160 295
160 296
160 297
160 307
160 309
160 311
160 316
160 340
160 344
160 346
160 349
160 363
160 367
160 385
160 389
160 399
161 168
161 172
161 174
161 175
161 178
161 185
161 186
161 202
161 205
161 228
161 233
161 260
161 282
161 294
161 299
161 310
161 324
161 325
161 326
161 376
161 383
161 385
161 393
162 165
162 168
162 179
162 185
162 192
162 206
162 215
162 221
162 234
162 236
162 246
162 248
162 249
162 250
162 251
162 267
162 268
162 290
162 309
162 313
162 317
162 322
162 334
162 337
162 350
162 355
162 369
162 372
162 381
162 391
163 164
163 168
163 175
163 181
163 183
163 193
163 199
163 206
163 221
163 253
163 282
163 299
163 301
163 304
163 307
163 330
163 344
163 345
163 352
163 353
163 354
163 360
163 361
163 367
163 369
163 375
163 387
163 391
164 166
164 167
164 171
164 182
164 186
164 191
164 206
164 220
164 243
164 251
164 270
164 280
164 300
164 307
164 319
164 345
164 363
164 374
164 388
164 389
165 181
165 194
165 211
165 215
165 244
165 287
165 294
165 295
165 303
165 304
165 327
165 357
165 362
165 379
165 383
165 386
166 169
166 216
166 248
166 250
166 251
166 259
166 272
166 275
166 293
166 300
166 331
166 344
166 348
166 352
166 353
166 354
166 358
166 371
167 174
167 182
167 184
167 201
167 207
167 209
167 210
167 211
167 213
167 231
167 232
167 234
167 238
167 241
167 248
167 249
167 254
167 256
167 264
167 275
167 277
167 285
167 297
167 298
167 306
167 312
167 314
167 315
167 323
167 328
167 329
167 338
167 341
167 386
168 177
168 180
168 181
168 183
168 201
168 212
168 217
168 220
168 221
168 232
168 245
168 269
168 286
168 321
168 342
168 349
168 354
168 361
168 364
168 376
168 378
168 392
169 170
169 179
169 219
169 228
169 237
169 249
169 252
169 254
169 297
169 309
169 319
169 321
169 329
169 349
169 360
169 363
169 364
169 376
169 395
170 172
170 191
170 197
170 201
170 244
170 245
170 247
170 261
170 262
170 265
170 289
170 304
170 316
170 336
170 350
170 352
170 353
170 355
170 362
170 370
170 372
170 373
170 380
170 384
170 389
171 194
171 209
171 215
171 220
171 223
171 229
171 232
171 284
171 306
171 315
171 318
171 333
171 342
171 345
171 347
171 348
171 364
171 370
171 376
171 384
171 385
171 391
172 175
172 185
172 186
172 188
172 203
172 206
172 221
172 248
172 254
172 261
172 264
172 270
172 275
172 279
172 296
172 297
172 306
172 307
172 314
172 323
172 339
172 350
172 374
172 381
172 386
172 396
173 176
173 187
173 192
173 198
173 203
173 211
173 212
173 236
173 239
173 242
173 255
173 261
173 266
173 274
173 297
173 303
173 310
173 313
173 339
173 360
173 364
173 369
173 374
173 378
173 380
173 385
173 390
173 399
174 176
174 186
174 190
174 195
174 202
174 218
174 222
174 232
174 245
174 248
174 270
174 292
174 296
174 299
174 309
174 311
174 323
174 328
174 349
174 359
174 388
174 392
174 394
175 179
175 181
175 183
175 201
175 210
175 227
175 257
175 259
175 267
175 269
175 274
175 288
175 295
175 300
175 312
175 314
175 316
175 325
175 326
175 329
175 355
175 360
175 366
175 367
175 376
175 380
175 381
175 385
176 180
176 193
176 203
176 213
176 220
176 231
176 244
176 261
176 278
176 281
176 296
176 314
176 327
176 341
176 346
176 356
176 358
176 359
176 361
176 363
176 372
176 382
176 389
176 390
176 394
177 189
177 205
177 208
177 215
177 219
177 224
177 227
177 230
177 236
177 240
177 241
177 256
177 259
177 264
177 270
177 274
177 275
177 276
177 279
177 304
177 308
177 313
177 317
177 326
177 359
177 364
177 366
177 372
177 379
177 381
177 387
177 392
178 182
178 189
178 198
178 214
178 216
178 217
178 220
178 222
178 239
178 263
178 264
178 287
178 293
178 308
178 311
178 329
178 338
178 340
178 346
178 355
178 361
178 374
178 379
178 383
178 384
179 181
179 187
179 201
179 221
179 224
179 226
179 232
179 233
179 234
179 254
179 264
179 281
179 295
179 299
179 309
179 317
179 318
179 319
179 341
179 343
179 354
179 357
179 359
179 381
179 385
179 391
179 397
180 182
180 185
180 190
180 210
180 236
180 246
180 250
180 252
180 254
180 255
180 268
180 276
180 280
180 281
180 287
180 296
180 299
180 301
180 309
180 313
180 318
180 342
180 359
180 360
180 362
180 377
180 382
181 186
181 195
181 201
181 209
181 216
181 222
181 234
181 236
181 257
181 276
181 280
181 288
181 300
181 328
181 333
181 347
181 348
181 350
181 359
181 387
181 399
182 206
182 223
182 229
182 230
182 237
182 239
182 253
182 269
182 271
182 273
182 282
182 290
182 292
182 296
182 297
182 317
182 321
182 322
182 325
182 328
182 331
182 340
182 355
182 386
182 395
183 184
183 188
183 191
183 200
183 206
183 220
183 222
183 241
183 249
183 252
183 275
183 279
183 308
183 327
183 336
183 339
183 374
183 377
183 381
183 383
183 385
183 387
183 390
184 186
184 210
184 217
184 221
184 228
184 235
184 236
184 241
184 247
184 251
184 275
184 295
184 306
184 307
184 310
184 313
184 314
184 317
184 347
184 356
184 357
184 359
184 360
184 370
184 372
184 374
184 375
184 376
184 396
184 397
185 189
185 207
185 209
185 211
185 219
185 229
185 244
185 275
185 279
185 305
185 313
185 315
185 326
185 330
185 332
185 336
185 345
185 383
185 398
186 218
186 237
186 254
186 260
186 262
186 273
186 281
186 284
186 290
186 293
186 298
186 299
186 301
186 335
186 338
186 343
186 346
186 358
187 189
187 210
187 231
187 233
187 244
187 256
187 261
187 287
187 330
187 334
187 345
187 349
187 352
187 353
187 374
187 390
187 395
188 202
188 203
188 210
188 219
188 221
188 228
188 245
188 246
188 251
188 285
188 289
188 299
188 304
188 305
188 317
188 319
188 348
188 350
188 358
188 385
188 390
188 393
189 203
189 208
189 210
189 211
189 216
189 224
189 237
189 253
189 263
189 270
189 274
189 276
189 278
189 283
189 317
189 318
189 333
189 339
189 344
189 360
189 363
189 376
189 391
189 396
190 193
190 194
190 228
190 231
190 243
190 248
190 254
190 256
190 273
190 327
190 332
190 334
190 347
190 362
190 368
190 385
190 391
190 399
191 225
191 237
191 243
191 266
191 273
191 276
191 279
191 287
191 312
191 316
191 326
191 346
191 352
191 353
191 356
191 359
191 364
191 370
191 382
191 393
192 193
192 201
192 212
192 216
192 225
192 231
192 238
192 241
192 247
192 266
192 292
192 296
192 309
192 316
192 324
192 328
192 341
192 349
192 350
192 366
192 369
192 373
192 391
192 394
193 205
193 209
193 216
193 236
193 250
193 280
193 284
193 298
193 305
193 344
193 367
193 377
193 396
193 398
194 206
194 221
194 283
194 315
194 324
194 327
194 343
194 351
194 355
194 366
194 376
194 388
194 398
195 196
195 206
195 218
195 224
195 231
195 244
195 252
195 255
195 264
195 266
195 273
195 285
195 288
195 334
195 357
195 362
195 391
195 397
196 197
196 210
196 226
196 230
196 256
196 270
196 283
196 294
196 310
196 318
196 330
196 333
196 343
196 350
196 380
196 384
196 387
196 390
196 393
196 399
197 205
197 206
197 218
197 223
197 240
197 241
197 261
197 269
197 270
197 274
197 275
197 297
197 323
197 326
197 346
197 353
197 361
197 362
197 366
197 375
197 378
197 380
197 382
198 212
198 214
198 217
198 224
198 231
198 248
198 266
198 294
198 322
198 340
198 360
198 363
198 384
198 394
199 205
199 216
199 243
199 245
199 254
199 256
199 289
199 292
199 329
199 331
199 335
199 342
199 360
199 382
199 387
200 201
200 207
200 233
200 235
200 236
200 252
200 253
200 266
200 267
200 269
200 283
200 296
200 315
200 321
200 325
200 334
200 335
200 341
200 354
200 356
200 372
200 377
200 379
200 380
200 382
200 394
200 395
201 239
201 251
201 258
201 261
201 267
201 283
201 311
201 326
201 333
201 345
201 346
201 347
201 354
201 361
201 362
201 389
201 394
202 222
202 240
202 241
202 249
202 250
202 260
202 263
202 276
202 294
202 302
202 310
202 312
202 314
202 317
202 322
202 336
202 340
202 351
202 352
202 354
202 365
202 372
202 376
202 384
202 397
202 398
203 212
203 217
203 227
203 232
203 234
203 259
203 271
203 309
203 326
203 329
203 330
203 343
203 347
203 356
203 358
203 395
204 209
204 214
204 216
204 225
204 228
204 236
204 239
204 262
204 268
204 302
204 305
204 309
204 315
204 321
204 322
204 327
204 334
204 346
204 347
204 366
204 369
204 390
204 392
205 212
205 219
205 229
205 246
205 250
205 267
205 269
205 283
205 318
205 323
205 333
205 350
205 361
205 369
205 372
205 379
205 381
205 393
206 210
206 222
206 224
206 236
206 239
206 240
206 250
206 251
206 256
206 269
206 290
206 299
206 303
206 304
206 316
206 321
206 387
206 399
207 240
207 250
207 277
207 284
207 290
207 304
207 315
207 331
207 341
207 342
207 345
207 361
207 383
208 254
208 264
208 270
208 271
208 272
208 279
208 291
208 295
208 310
208 314
208 324
208 343
208 349
208 353
208 363
208 373
208 385
208 386
209 219
209 225
209 231
209 232
209 243
209 247
209 253
209 255
209 264
209 265
209 272
209 295
209 312
209 315
209 322
209 324
209 338
209 352
209 357
209 367
209 372
209 373
209 375
209 380
209 384
209 398
210 223
210 238
210 243
210 248
210 255
210 277
210 280
210 284
210 305
210 327
210 336
210 337
210 339
210 340
210 341
210 350
210 372
210 378
210 394
211 218
211 230
211 247
211 280
211 297
211 307
211 308
211 332
211 333
211 344
211 355
211 358
211 361
211 364
211 392
211 393
212 215
212 226
212 228
212 232
212 233
212 244
212 245
212 281
212 283
212 284
212 293
212 296
212 304
212 312
212 313
212 322
212 334
212 346
212 351
212 352
212 360
212 363
212 370
212 376
212 377
212 383
212 385
212 392
212 397
213 214
213 230
213 245
213 254
213 266
213 285
213 289
213 313
213 319
213 324
213 329
213 332
213 350
213 358
213 362
213 365
213 368
213 378
213 383
214 215
214 228
214 234
214 236
214 242
214 247
214 262
214 268
214 272
214 283
214 300
214 307
214 310
214 316
214 323
214 328
214 332
214 356
214 378
215 220
215 224
215 225
215 240
215 241
215 243
215 250
215 255
215 265
215 290
215 292
215 298
215 299
215 315
215 317
215 320
215 325
215 339
215 349
215 352
215 353
215 362
215 377
215 387
215 395
216 224
216 230
216 232
216 239
216 241
216 253
216 254
216 272
216 273
216 297
216 315
216 319
216 320
216 322
216 330
216 344
216 346
216 355
216 377
216 380
216 381
216 384
216 391
216 394
216 399
217 219
217 221
217 279
217 287
217 332
217 345
217 346
217 354
217 360
217 380
217 381
217 385
217 392
217 399
218 228
218 231
218 241
218 252
218 279
218 284
218 288
218 296
218 300
218 310
218 312
218 351
218 352
218 353
218 362
218 369
218 370
218 372
218 379
218 395
218 398
219 229
219 240
219 256
219 260
219 291
219 293
219 298
219 301
219 318
219 329
219 344
219 348
219 351
219 355
219 356
219 359
219 365
219 366
219 385
219 393
220 239
220 264
220 269
220 282
220 286
220 305
220 312
220 314
220 323
220 329
220 332
220 336
220 340
220 345
220 347
220 360
220 362
220 367
220 374
220 375
220 378
220 394
221 244
221 248
221 262
221 294
221 304
221 310
221 311
221 326
221 332
221 356
221 363
221 366
221 368
221 375
221 397
221 398
222 236
222 241
222 244
222 271
222 273
222 277
222 292
222 296
222 306
222 311
222 320
222 321
222 343
222 345
222 367
222 373
222 386
222 388
222 394
223 227
223 229
223 234
223 237
223 238
223 239
223 243
223 244
223 270
223 273
223 305
223 325
223 357
223 374
223 394
224 225
224 226
224 235
224 249
224 253
224 259
224 268
224 271
224 278
224 284
224 288
224 303
224 305
224 314
224 321
224 339
224 370
225 235
225 237
225 242
225 243
225 245
225 254
225 257
225 259
225 261
225 267
225 278
225 281
225 298
225 312
225 317
225 337
225 366
225 398
226 233
226 245
226 252
226 272
226 283
226 314
226 338
226 355
226 357
226 358
226 375
226 380
226 382
226 390
226 392
226 393
227 242
227 244
227 255
227 257
227 264
227 265
227 277
227 279
227 288
227 295
227 297
227 299
227 301
227 303
227 311
227 315
227 325
227 331
227 340
227 365
227 370
227 371
227 389
228 229
228 245
228 249
228 250
228 257
228 258
228 277
228 280
228 291
228 299
228 307
228 316
228 328
228 376
228 386
228 387
228 390
229 236
229 240
229 246
229 251
229 255
229 264
229 274
229 297
229 300
229 307
229 318
229 363
229 373
229 384
229 387
229 397
230 235
230 238
230 251
230 253
230 258
230 260
230 289
230 299
230 305
230 306
230 313
230 317
230 323
230 373
230 396
231 255
231 257
231 264
231 270
231 280
231 287
231 290
231 335
231 338
231 343
231 352
231 355
231 362
231 363
231 366
231 386
231 395
232 278
232 282
232 312
232 321
232 324
232 332
232 340
232 344
232 360
232 372
232 375
232 378
232 383
233 240
233 248
233 251
233 261
233 287
233 294
233 310
233 314
233 322
233 328
233 334
233 337
233 365
233 370
233 372
233 374
233 385
233 387
234 235
234 237
234 240
234 245
234 248
234 256
234 260
234 263
234 264
234 271
234 277
234 291
234 342
234 351
234 359
234 367
234 368
234 369
234 370
234 381
234 386
234 388
235 260
235 266
235 269
235 300
235 303
235 318
235 324
235 335
235 338
235 342
235 344
235 347
235 352
235 378
236 241
236 248
236 249
236 276
236 299
236 313
236 314
236 332
236 336
236 344
236 351
236 368
236 378
236 379
237 238
237 239
237 253
237 262
237 284
237 296
237 307
237 363
237 391
237 393
238 243
238 254
238 259
238 285
238 287
238 302
238 331
238 340
238 367
238 376
238 383
238 389
239 240
239 242
239 245
239 262
239 263
239 277
239 285
239 292
239 296
239 301
239 305
239 308
239 310
239 315
239 320
239 330
239 343
239 353
239 364
239 371
239 373
239 376
239 393
240 247
240 249
240 303
240 305
240 310
240 351
240 356
240 386
240 391
241 242
241 248
241 254
241 274
241 279
241 283
241 285
241 299
241 305
241 331
241 332
241 334
241 345
241 346
241 359
241 367
241 387
241 388
241 391
242 247
242 252
242 253
242 255
242 275
242 284
242 291
242 295
242 303
242 315
242 320
242 321
242 331
242 388
242 395
242 396
243 244
243 258
243 262
243 277
243 278
243 279
243 281
243 290
243 296
243 302
243 311
243 317
243 339
243 345
243 348
243 352
243 363
243 367
243 375
243 392
243 398
243 399
244 270
244 271
244 274
244 291
244 300
244 310
244 318
244 321
244 338
244 341
244 343
244 349
244 356
244 361
244 369
244 379
245 246
245 247
245 253
245 258
245 261
245 263
245 288
245 294
245 301
245 313
245 322
245 328
245 343
245 355
245 378
245 391
245 394
245 396
246 257
246 277
246 279
246 281
246 291
246 299
246 316
246 329
246 331
246 335
246 341
246 343
246 352
246 362
246 366
246 370
246 384
246 387
246 396
247 248
247 254
247 264
247 281
247 302
247 307
247 329
247 331
247 357
247 360
247 364
247 372
247 374
247 384
248 253
248 274
248 275
248 283
248 301
248 312
248 316
248 338
248 347
248 350
248 366
248 383
249 252
249 264
249 282
249 303
249 304
249 307
249 312
249 314
249 315
249 317
249 322
249 323
249 339
249 359
249 363
249 371
249 394
250 254
250 263
250 268
250 271
250 291
250 310
250 340
250 350
250 351
250 354
250 355
250 361
250 365
250 369
250 389
250 390
251 265
251 268
251 271
251 277
251 283
251 316
251 318
251 324
251 338
251 340
251 342
251 350
251 354
251 388
251 395
251 399
252 254
252 258
252 266
252 268
252 283
252 289
252 352
252 354
252 357
252 374
252 384
252 396
253 285
253 296
253 309
253 310
253 324
253 332
253 333
253 346
253 353
253 372
253 384
253 386
253 390
253 396
254 267
254 269
254 286
254 298
254 305
254 309
254 325
254 338
255 266
255 271
255 273
255 281
255 284
255 287
255 288
255 294
255 303
255 304
255 311
255 318
255 322
255 343
255 346
255 377
255 384
255 395
256 285
256 295
256 301
256 332
256 340
256 348
256 360
256 376
256 383
257 273
257 286
257 289
257 303
257 306
257 310
257 336
257 346
257 350
257 352
257 353
257 366
257 386
258 260
258 272
258 274
258 281
258 297
258 299
258 313
258 331
258 389
259 261
259 293
259 294
259 300
259 303
259 307
259 314
259 345
259 352
259 374
259 381
259 392
260 277
260 279
260 286
260 298
260 311
260 322
260 327
260 347
260 351
260 372
260 373
260 374
260 376
261 269
261 282
261 302
261 303
261 306
261 322
261 328
261 333
261 340
261 356
261 382
261 398
262 268
262 339
262 340
262 344
262 348
262 357
262 359
262 386
263 280
263 295
263 299
263 301
263 302
263 314
263 325
263 333
263 338
263 347
263 351
263 358
263 385
263 391
264 274
264 301
264 305
264 306
264 307
264 309
264 317
264 327
264 343
264 349
264 355
264 367
264 371
264 375
264 395
265 268
265 279
265 285
265 297
265 302
265 314
265 330
265 340
265 346
265 347
265 348
265 352
265 355
265 361
265 392
266 280
266 295
266 296
266 307
266 326
266 331
266 335
266 341
266 346
266 348
266 353
266 364
266 369
266 375
266 386
266 394
267 271
267 287
267 334
267 347
267 354
267 376
268 278
268 279
268 285
268 295
268 301
268 302
268 304
268 308
268 312
268 327
268 329
268 374
268 388
268 395
269 274
269 275
269 295
269 313
269 323
269 331
269 332
269 335
269 359
269 363
269 379
269 386
269 395
269 398
270 291
270 323
270 336
270 341
270 344
270 358
270 389
270 392
270 398
271 276
271 286
271 297
271 307
271 315
271 317
271 321
271 330
271 332
271 333
271 340
271 346
271 360
271 365
271 378
271 385
271 398
272 273
272 274
272 285
272 316
272 318
272 323
272 333
272 360
272 366
272 382
273 286
273 291
273 302
273 303
273 311
273 354
273 372
273 395
274 275
274 287
274 303
274 307
274 312
274 316
274 321
274 324
274 328
274 331
274 338
274 347
274 353
274 359
274 365
274 367
274 384
274 397
275 284
275 286
275 296
275 318
275 339
275 343
275 351
275 353
275 356
275 364
275 375
275 393
276 281
276 288
276 296
276 307
276 309
276 328
276 343
276 345
276 353
276 354
276 360
276 364
276 399
277 292
277 321
277 322
277 328
277 333
277 355
277 356
277 364
277 370
277 374
277 385
277 386
277 391
277 392
278 282
278 321
278 322
278 334
278 361
278 377
278 393
278 395
279 286
279 300
279 301
279 307
279 308
279 322
279 334
279 344
279 351
279 353
279 357
279 364
279 366
279 371
279 377
279 378
279 384
279 391
280 298
280 300
280 311
280 317
280 331
280 332
280 334
280 340
280 346
280 361
280 376
280 395
281 295
281 307
281 318
281 321
281 337
281 349
281 350
281 356
281 360
281 369
281 370
281 377
281 387
282 286
282 301
282 311
282 312
282 316
282 319
282 328
282 334
282 342
282 358
282 374
283 290
283 301
283 311
283 313
283 314
283 331
283 333
283 334
283 339
283 362
283 368
283 379
284 290
284 313
284 317
284 323
284 334
284 358
284 359
284 363
284 387
284 392
285 292
285 293
285 315
285 326
285 328
285 330
285 349
285 356
285 358
285 360
285 394
285 399
286 291
286 294
286 309
286 313
286 330
286 339
286 342
286 344
286 359
286 368
286 374
286 375
286 376
286 382
286 387
286 396
287 292
287 293
287 306
287 318
287 336
287 337
287 345
287 378
287 385
288 291
288 294
288 302
288 303
288 316
288 318
288 323
288 332
288 341
288 346
288 356
288 361
288 362
288 367
288 382
288 396
289 293
289 301
289 318
289 319
289 333
289 344
289 361
289 364
289 365
289 369
289 385
289 399
290 312
290 317
290 320
290 333
290 342
290 358
290 362
290 366
290 370
290 385
291 302
291 307
291 310
291 312
291 314
291 321
291 326
291 354
291 358
291 367
292 311
292 312
292 319
292 321
292 322
292 339
292 343
292 345
292 369
292 384
293 295
293 298
293 306
293 321
293 325
293 328
293 335
293 345
293 361
293 365
293 371
293 372
293 374
293 377
293 379
293 393
293 397
294 303
294 324
294 362
294 365
294 366
294 367
294 381
294 382
294 392
295 337
295 367
295 368
295 381
295 385
295 393
296 297
296 306
296 314
296 316
296 346
296 353
296 357
296 366
296 372
296 383
296 397
297 331
297 342
297 355
297 369
297 378
298 302
298 314
298 322
298 337
298 356
298 359
298 360
298 363
298 382
298 383
298 386
299 304
299 310
299 312
299 316
299 317
299 328
299 345
299 357
299 363
299 387
300 302
300 314
300 326
300 329
300 339
300 369
300 375
300 380
300 383
300 385
300 390
301 306
301 311
301 331
301 349
301 384
301 385
301 391
301 393
301 398
302 307
302 326
302 330
302 348
302 387
302 391
302 393
302 395
303 311
303 322
303 323
303 366
303 370
303 395
304 305
304 310
304 332
304 339
304 341
304 350
304 371
304 372
304 380
304 381
304 387
304 393
305 331
305 355
305 362
305 364
305 380
305 385
305 399
306 311
306 322
306 326
306 331
306 338
306 342
306 364
306 368
306 394
307 309
307 310
307 312
307 313
307 317
307 321
307 325
307 327
307 340
307 343
307 348
307 356
307 368
307 371
307 372
307 374
307 382
308 316
308 329
308 346
308 357
308 363
308 364
308 376
308 381
308 389
308 390
308 395
309 318
309 327
309 328
309 329
309 333
309 343
309 355
309 356
309 361
309 362
309 370
309 377
310 314
310 330
310 350
310 363
310 372
310 387
310 393
310 397
311 314
311 320
311 327
311 353
311 357
311 359
311 374
311 375
311 380
311 382
311 387
311 394
311 397
311 398
312 316
312 319
312 321
312 332
312 353
312 367
312 371
312 373
312 377
312 391
312 396
313 324
313 331
313 336
313 341
313 344
313 357
313 358
313 368
313 382
313 388
314 315
314 316
314 324
314 333
314 338
314 340
314 346
314 360
314 361
314 363
314 370
314 373
314 386
314 390
314 394
314 398
314 399
315 318
315 320
315 332
315 342
315 344
315 365
315 373
315 393
315 399
316 337
316 354
317 323
317 335
317 343
317 352
317 357
317 387
317 396
318 319
318 321
318 331
318 339
318 343
318 349
318 364
318 365
318 371
318 374
318 379
318 382
319 333
319 337
319 350
319 355
319 364
319 369
319 378
319 384
319 387
319 389
319 396
320 321
320 323
320 333
320 342
320 357
320 363
320 371
320 376
320 377
320 385
320 387
320 393
320 397
321 332
321 335
321 339
321 349
321 356
321 392
321 393
322 349
322 354
322 360
322 378
322 379
322 385
322 395
322 396
322 398
323 324
323 331
323 359
323 371
323 391
323 396
324 326
324 328
324 341
324 358
324 380
324 382
324 398
325 327
325 332
325 340
325 356
325 359
325 361
325 371
325 372
325 375
325 396
326 327
326 329
326 339
326 340
326 341
326 357
326 385
326 386
326 393
326 398
327 340
327 345
327 349
327 356
327 368
327 371
327 375
327 379
327 382
327 386
328 334
328 351
328 355
328 356
328 357
328 364
328 367
328 377
329 331
329 336
329 359
329 365
329 373
329 376
329 387
329 398
330 331
330 336
330 344
330 354
330 360
330 380
330 383
330 384
330 397
331 340
331 346
331 352
331 359
331 361
331 374
331 385
331 386
331 393
332 371
332 379
332 382
332 394
333 365
333 377
333 378
333 381
333 386
333 390
333 397
334 335
334 344
334 353
334 365
334 397
335 340
335 351
335 357
335 360
335 364
335 367
335 373
335 387
335 389
335 390
336 359
336 365
336 399
337 341
337 352
337 364
337 376
337 393
338 349
338 366
338 375
338 381
338 388
338 389
338 392
338 399
339 350
339 352
339 359
339 374
339 389
339 390
339 391
340 342
340 348
340 349
340 353
340 356
340 372
340 385
340 389
341 343
341 351
341 353
341 357
341 363
341 366
341 373
341 383
341 385
342 351
342 354
342 367
342 373
342 380
342 383
342 387
342 395
342 399
343 346
343 366
343 372
343 373
343 378
343 388
344 357
344 358
344 359
344 365
344 369
344 380
344 389
345 350
345 352
345 354
345 357
345 364
345 365
345 395
345 396
346 366
346 367
346 380
346 397
347 348
347 354
347 383
347 390
347 394
348 363
348 374
348 378
348 384
348 391
348 395
349 355
349 357
349 360
349 377
349 394
350 367
350 375
350 380
350 388
350 393
351 354
351 366
351 369
351 372
351 393
352 356
352 361
352 370
352 374
352 382
352 385
353 373
353 385
353 399
354 359
354 369
354 372
354 377
354 390
355 397
356 360
356 374
356 378
356 387
357 369
357 386
358 387
358 398
359 363
359 371
359 376
359 383
359 385
359 391
359 396
360 388
360 396
361 362
361 370
361 398
362 365
362 371
362 374
362 397
363 376
363 384
363 395
364 376
364 379
364 381
365 379
365 385
365 393
366 367
366 375
366 385
366 390
366 399
367 369
367 373
368 370
368 377
368 381
369 370
369 392
370 372
370 373
370 382
371 373
372 380
372 389
373 391
374 387
374 394
375 378
375 381
376 391
376 394
376 398
376 399
377 390
377 392
377 396
377 397
378 379
378 387
378 388
379 388
379 389
379 396
380 390
380 394
381 382
382 384
382 392
383 389
383 393
383 398
383 399
385 390
386 398
387 388
387 390
391 395
392 394
392 397
394 399
396 398
397 398
258 23 31 39 98 171 139 375 376 104 256 117 311 173 11 133 387 69 243 264 150 394 336 145 347 126 266 341 331 29 381 370 61 119 318 321 356 215 202 239 180 302 182 329 130 65 377 200 2 57 186 269 248 314 163 216 88 229 324 238 103 153 105 72 217 232 134 388 4 149 5 320 109 312 268 136 355 333 121 114 66 41 71 13 261 354 295 289 59 184 81 382 223 251 240 230 365 395 28 362
43 161 307 253 70 346 313 383 380 10 211 42 207 76 36 9 330 6 262 148 284 108 30 7 189 21 162 64 368 178 348 99 51 80 74 283 53 361 231 166 327 335 192 222 38 34 125 158 194 392 110 279 141 50 115 12 359 75 257 135 181 25 3 291 360 82 332 45 278 78 277 62 101 274 26 280 22 35 1 366 46 195 270 226 397 89 107 374 37 111 84 170 352 367 68 247 87 241 288 357
155 345 19 303 127 300 393 255 235 308 328 325 177 73 116 373 112 337 219 8 317 208 369 165 63 85 275 246 342 225 281 167 237 47 334 140 118 67 204 185 338 363 14 27 154 44 228 290 179 399 147 113 49 156 198 129 389 227 20 250 378 175 322 197 33 123 292 157 86 306 152 340 60 213 137 326 160 371 159 97 188 106 259 18 212 271 79 297 301 364 131 122 201 358 164 169 265 286 343 263
56 40 254 221 234 17 218 285 214 353 287 385 120 58 323 267 48 236 102 210 168 95 132 138 16 233 183 398 396 220 91 128 339 93 273 191 349 296 144 193 260 199 190 294 319 391 203 386 90 55 172 249 282 151 196 143 379 52 24 276 244 242 305 77 252 0 209 142 245 32 351 174 176 92 316 146 310 15 100 124 83 206 293 390 272 309 350 205 187 299 372 344 315 298 54 304 384 224 94 96
