40
145
4
88
91
80
54
0 7
0 17
0 18
0 21
0 22
0 23
0 39
1 6
1 14
1 16
1 23
1 25
1 26
1 27
1 29
1 31
1 38
1 39
2 15
2 17
2 23
2 28
2 29
2 37
3 12
3 15
3 16
4 5
4 16
4 20
4 24
4 30
4 32
4 33
4 38
5 10
5 11
5 15
5 17
5 18
5 19
5 22
5 29
5 38
5 39
6 19
6 21
6 25
6 33
6 37
7 24
7 29
7 30
7 35
7 39
8 14
8 17
8 24
8 31
9 23
9 25
9 32
9 33
10 14
10 19
10 20
10 25
10 34
10 39
11 14
11 26
11 28
11 29
12 13
12 14
12 27
12 31
12 33
12 35
12 37
13 28
13 31
14 15
14 16
14 18
14 29
15 27
16 25
16 27
16 28
16 37
17 21
17 22
17 24
17 29
17 30
17 31
17 32
18 27
18 38
19 28
19 33
19 37
19 39
20 23
20 25
20 29
20 32
21 24
21 27
21 28
21 36
21 37
21 38
22 28
22 31
22 35
22 36
23 27
23 29
23 34
23 35
23 37
25 31
25 37
26 29
26 34
26 35
26 39
27 30
27 35
27 37
27 38
27 39
28 34
28 39
29 30
29 37
30 32
30 34
30 39
32 36
34 35
35 36
37 38
16 35 10 37 22 28 38 19 7 29
26 27 33 23 30 9 13 36 2 24
4 39 25 0 34 17 11 3 5 21
14 12 6 18 32 15 20 1 8 31
