500
12558
7
99
92
2
82
99
72
83
0 17
0 22
0 23
0 53
0 55
0 64
0 71
0 77
0 88
0 93
0 97
0 105
0 122
0 135
0 139
0 160
0 164
0 187
0 241
0 275
0 280
0 281
0 285
0 308
0 334
0 346
0 363
0 373
0 375
0 384
0 387
0 420
0 426
0 446
0 464
0 483
0 484
1 9
1 29
1 34
1 36
1 50
1 57
1 71
1 88
1 99
1 105
1 113
1 121
1 128
1 143
1 155
1 158
1 162
1 163
1 173
1 175
1 186
1 208
1 214
1 216
1 222
1 224
1 232
1 239
1 243
1 247
1 251
1 255
1 261
1 268
1 284
1 293
1 307
1 316
1 322
1 327
1 331
1 340
1 344
1 351
1 354
1 369
1 377
1 390
1 392
1 395
1 409
1 411
1 423
1 450
1 477
1 481
1 492
2 17
2 24
2 36
2 37
2 42
2 45
2 60
2 68
2 71
2 106
2 111
2 116
2 120
2 122
2 132
2 134
2 177
2 196
2 205
2 208
2 214
2 221
2 239
2 240
2 241
2 247
2 251
2 258
2 267
2 290
2 296
2 302
2 327
2 329
2 337
2 341
2 353
2 358
2 359
2 361
2 362
2 371
2 378
2 430
2 441
2 449
2 453
2 458
2 462
2 484
2 492
3 4
3 8
3 23
3 32
3 54
3 69
3 70
3 74
3 98
3 102
3 107
3 128
3 142
3 147
3 156
3 178
3 181
3 199
3 204
3 217
3 240
3 246
3 247
3 250
3 265
3 279
3 303
3 306
3 315
3 322
3 324
3 330
3 341
3 346
3 348
3 353
3 364
3 367
3 370
3 381
3 384
3 405
3 407
3 420
3 429
3 433
3 435
3 468
3 470
3 475
3 497
3 499
4 13
4 16
4 26
4 28
4 29
4 48
4 56
4 81
4 94
4 111
4 120
4 125
4 129
4 140
4 141
4 158
4 167
4 190
4 194
4 201
4 224
4 232
4 250
4 262
4 282
4 287
4 298
4 318
4 352
4 357
4 371
4 373
4 374
4 408
4 415
4 425
4 432
4 450
4 456
4 462
4 463
4 466
4 469
4 473
4 478
4 488
4 496
5 22
5 25
5 34
5 36
5 69
5 70
5 83
5 84
5 113
5 122
5 125
5 135
5 140
5 143
5 158
5 173
5 180
5 187
5 198
5 199
5 229
5 271
5 274
5 282
5 293
5 299
5 304
5 331
5 342
5 355
5 379
5 398
5 414
5 419
5 426
5 440
5 447
5 455
5 460
5 465
5 477
5 486
5 490
6 19
6 23
6 28
6 57
6 58
6 59
6 68
6 127
6 144
6 154
6 156
6 162
6 167
6 195
6 196
6 210
6 214
6 220
6 230
6 249
6 279
6 281
6 297
6 302
6 304
6 319
6 330
6 366
6 367
6 382
6 386
6 393
6 411
6 445
6 455
6 466
6 474
6 496
7 9
7 12
7 22
7 39
7 47
7 49
7 62
7 84
7 86
7 90
7 99
7 123
7 137
7 138
7 140
7 152
7 157
7 168
7 188
7 191
7 198
7 203
7 207
7 257
7 297
7 301
7 305
7 315
7 320
7 327
7 328
7 339
7 345
7 356
7 366
7 372
7 376
7 382
7 406
7 424
7 444
7 464
7 485
7 487
8 19
8 34
8 36
8 43
8 46
8 47
8 57
8 62
8 79
8 84
8 101
8 136
8 137
8 140
8 150
8 151
8 155
8 174
8 185
8 188
8 205
8 214
8 262
8 293
8 300
8 301
8 319
8 320
8 322
8 327
8 335
8 338
8 346
8 356
8 357
8 374
8 394
8 398
8 402
8 409
8 417
8 433
8 438
8 453
8 475
8 490
9 30
9 31
9 32
9 47
9 62
9 68
9 77
9 80
9 104
9 114
9 142
9 149
9 151
9 154
9 162
9 171
9 174
9 181
9 186
9 197
9 206
9 209
9 220
9 233
9 235
9 237
9 249
9 251
9 252
9 255
9 271
9 272
9 273
9 279
9 302
9 309
9 316
9 324
9 331
9 337
9 338
9 343
9 345
9 351
9 361
9 368
9 390
9 403
9 409
9 413
9 418
9 425
9 430
9 456
9 471
9 479
9 483
9 486
10 22
10 48
10 52
10 67
10 71
10 92
10 99
10 100
10 102
10 104
10 107
10 109
10 118
10 129
10 139
10 140
10 169
10 181
10 185
10 199
10 201
10 202
10 208
10 215
10 225
10 226
10 229
10 230
10 239
10 250
10 255
10 271
10 283
10 318
10 319
10 321
10 333
10 338
10 341
10 343
10 347
10 356
10 360
10 381
10 407
10 411
10 423
10 435
10 436
10 456
10 457
10 476
10 479
11 30
11 35
11 46
11 48
11 57
11 58
11 75
11 86
11 108
11 121
11 140
11 146
11 152
11 160
11 168
11 170
11 173
11 176
11 194
11 222
11 226
11 230
11 256
11 267
11 284
11 288
11 299
11 338
11 350
11 352
11 353
11 365
11 375
11 387
11 398
11 400
11 404
11 411
11 420
11 450
11 464
11 468
11 469
11 489
12 16
12 22
12 30
12 37
12 41
12 50
12 51
12 58
12 59
12 62
12 69
12 79
12 93
12 123
12 148
12 161
12 182
12 212
12 218
12 233
12 236
12 242
12 244
12 281
12 282
12 288
12 291
12 300
12 312
12 318
12 334
12 345
12 352
12 354
12 356
12 369
12 384
12 394
12 398
12 401
12 402
12 405
12 407
12 410
12 415
12 417
12 429
12 434
12 442
12 457
12 471
12 474
12 482
12 491
13 15
13 24
13 34
13 37
13 39
13 44
13 51
13 54
13 84
13 90
13 112
13 121
13 122
13 174
13 183
13 196
13 205
13 225
13 234
13 244
13 258
13 274
13 279
13 280
13 286
13 327
13 336
13 341
13 342
13 347
13 359
13 368
13 369
13 380
13 387
13 388
13 412
13 415
13 420
13 445
13 447
13 456
13 460
13 478
14 16
14 24
14 30
14 37
14 41
14 51
14 55
14 60
14 64
14 67
14 70
14 71
14 74
14 84
14 87
14 109
14 143
14 144
14 146
14 152
14 154
14 172
14 200
14 201
14 212
14 218
14 220
14 224
14 228
14 232
14 240
14 244
14 246
14 247
14 266
14 271
14 279
14 285
14 293
14 298
14 310
14 311
14 319
14 329
14 355
14 356
14 363
14 365
14 367
14 369
14 390
14 393
14 412
14 413
14 418
14 441
14 450
14 461
14 492
14 494
14 496
14 499
15 26
15 29
15 34
15 55
15 58
15 61
15 64
15 76
15 77
15 81
15 99
15 110
15 112
15 115
15 118
15 120
15 124
15 125
15 129
15 130
15 138
15 143
15 159
15 161
15 162
15 182
15 185
15 191
15 194
15 198
15 205
15 208
15 209
15 216
15 229
15 248
15 259
15 260
15 263
15 270
15 272
15 273
15 304
15 307
15 314
15 320
15 329
15 334
15 335
15 342
15 368
15 387
15 402
15 404
15 421
15 428
15 442
15 457
15 459
15 462
15 468
15 473
15 476
15 492
15 498
15 499
16 29
16 56
16 73
16 105
16 117
16 125
16 133
16 149
16 158
16 174
16 179
16 183
16 202
16 208
16 216
16 226
16 227
16 230
16 238
16 268
16 276
16 277
16 291
16 300
16 312
16 320
16 330
16 332
16 334
16 342
16 352
16 369
16 370
16 375
16 385
16 387
16 402
16 403
16 427
16 435
16 453
16 463
16 479
16 493
17 32
17 36
17 44
17 88
17 107
17 112
17 116
17 126
17 129
17 134
17 143
17 157
17 170
17 189
17 198
17 201
17 212
17 218
17 236
17 245
17 250
17 271
17 272
17 275
17 277
17 291
17 307
17 312
17 327
17 338
17 346
17 373
17 375
17 397
17 403
17 427
17 442
17 444
17 446
17 448
17 479
17 487
17 489
17 494
18 33
18 36
18 46
18 54
18 57
18 66
18 82
18 83
18 87
18 88
18 115
18 128
18 142
18 143
18 152
18 154
18 160
18 167
18 177
18 190
18 206
18 213
18 226
18 227
18 253
18 255
18 262
18 279
18 280
18 292
18 299
18 317
18 328
18 331
18 337
18 340
18 346
18 357
18 396
18 401
18 413
18 432
18 435
18 441
18 442
18 447
18 455
18 470
18 490
19 26
19 35
19 43
19 51
19 59
19 69
19 75
19 83
19 103
19 126
19 134
19 140
19 142
19 145
19 165
19 166
19 173
19 192
19 198
19 203
19 216
19 221
19 227
19 233
19 259
19 268
19 276
19 279
19 314
19 359
19 394
19 397
19 407
19 408
19 418
19 424
19 428
19 433
19 452
19 453
19 455
19 460
19 475
19 482
19 487
19 488
19 496
19 499
20 22
20 25
20 29
20 42
20 51
20 61
20 82
20 94
20 99
20 113
20 127
20 134
20 141
20 147
20 162
20 166
20 167
20 172
20 179
20 193
20 207
20 214
20 250
20 255
20 258
20 267
20 275
20 283
20 312
20 320
20 324
20 326
20 340
20 344
20 366
20 368
20 369
20 370
20 371
20 388
20 408
20 421
20 428
20 432
20 442
20 457
20 463
20 472
20 492
20 499
21 27
21 40
21 48
21 49
21 77
21 82
21 83
21 96
21 103
21 110
21 113
21 117
21 124
21 131
21 152
21 156
21 167
21 203
21 216
21 221
21 228
21 234
21 247
21 248
21 255
21 262
21 263
21 274
21 288
21 291
21 298
21 299
21 307
21 313
21 326
21 327
21 331
21 332
21 334
21 350
21 366
21 370
21 397
21 399
21 408
21 415
21 420
21 438
21 445
21 448
21 450
21 473
21 475
21 481
21 491
21 492
22 41
22 47
22 51
22 52
22 68
22 72
22 75
22 89
22 92
22 103
22 124
22 146
22 148
22 158
22 167
22 172
22 180
22 184
22 186
22 199
22 202
22 206
22 209
22 211
22 220
22 224
22 229
22 240
22 259
22 267
22 269
22 272
22 273
22 278
22 279
22 280
22 281
22 290
22 297
22 329
22 342
22 346
22 351
22 360
22 362
22 370
22 386
22 394
22 398
22 403
22 410
22 414
22 450
22 452
22 489
22 492
23 61
23 65
23 88
23 94
23 103
23 111
23 113
23 126
23 168
23 169
23 191
23 219
23 224
23 228
23 238
23 242
23 259
23 290
23 296
23 309
23 315
23 317
23 329
23 336
23 338
23 344
23 377
23 383
23 394
23 399
23 404
23 406
23 412
23 420
23 421
23 431
23 441
23 454
23 462
23 469
23 485
23 490
24 26
24 28
24 38
24 59
24 96
24 104
24 119
24 124
24 130
24 158
24 160
24 167
24 180
24 195
24 202
24 205
24 212
24 219
24 225
24 261
24 269
24 272
24 291
24 297
24 303
24 304
24 307
24 328
24 351
24 361
24 384
24 390
24 398
24 410
24 422
24 429
24 437
24 455
24 474
24 485
24 487
24 488
24 495
24 498
25 29
25 45
25 65
25 68
25 74
25 78
25 98
25 114
25 141
25 161
25 169
25 171
25 197
25 206
25 219
25 253
25 257
25 260
25 275
25 277
25 284
25 289
25 304
25 311
25 318
25 327
25 328
25 332
25 340
25 348
25 358
25 393
25 423
25 428
25 439
25 454
25 468
25 469
25 470
25 474
25 487
25 491
26 37
26 54
26 55
26 76
26 85
26 105
26 132
26 137
26 140
26 151
26 155
26 157
26 172
26 174
26 200
26 204
26 223
26 238
26 261
26 278
26 282
26 316
26 317
26 328
26 337
26 353
26 362
26 366
26 391
26 392
26 400
26 424
26 429
26 455
26 458
26 461
26 469
26 479
26 486
26 491
26 492
26 497
27 33
27 45
27 46
27 57
27 59
27 64
27 72
27 76
27 90
27 91
27 97
27 120
27 123
27 129
27 147
27 161
27 174
27 190
27 216
27 221
27 222
27 225
27 228
27 243
27 247
27 254
27 256
27 258
27 269
27 278
27 309
27 314
27 327
27 334
27 336
27 342
27 351
27 359
27 374
27 379
27 391
27 392
27 396
27 420
27 435
27 446
27 459
27 469
27 472
27 479
27 491
28 29
28 36
28 38
28 62
28 67
28 71
28 93
28 102
28 103
28 104
28 114
28 118
28 135
28 137
28 141
28 142
28 150
28 169
28 174
28 179
28 184
28 195
28 196
28 198
28 210
28 214
28 218
28 242
28 248
28 252
28 268
28 286
28 296
28 297
28 299
28 308
28 316
28 333
28 346
28 349
28 351
28 356
28 360
28 367
28 396
28 398
28 402
28 407
28 414
28 421
28 426
28 429
28 446
28 448
28 463
28 491
29 43
29 50
29 57
29 97
29 104
29 111
29 116
29 118
29 140
29 142
29 148
29 149
29 155
29 177
29 181
29 205
29 216
29 218
29 234
29 242
29 264
29 266
29 269
29 278
29 301
29 323
29 327
29 329
29 335
29 353
29 363
29 380
29 384
29 391
29 401
29 425
29 435
29 438
29 451
29 459
29 464
29 484
29 492
29 495
29 498
30 31
30 46
30 55
30 62
30 78
30 79
30 96
30 107
30 120
30 121
30 123
30 134
30 143
30 165
30 168
30 174
30 192
30 196
30 199
30 204
30 238
30 252
30 262
30 263
30 303
30 307
30 308
30 319
30 320
30 323
30 335
30 358
30 359
30 360
30 369
30 371
30 374
30 384
30 387
30 411
30 412
30 413
30 418
30 419
30 428
30 429
30 463
30 464
30 467
30 478
30 482
30 485
31 43
31 50
31 65
31 81
31 89
31 96
31 97
31 148
31 153
31 165
31 166
31 172
31 173
31 190
31 193
31 197
31 201
31 209
31 210
31 219
31 225
31 229
31 231
31 252
31 255
31 264
31 271
31 275
31 277
31 279
31 287
31 288
31 315
31 322
31 375
31 402
31 403
31 408
31 427
31 429
31 457
31 463
31 464
31 466
31 475
31 489
32 35
32 37
32 43
32 50
32 66
32 68
32 74
32 118
32 132
32 137
32 142
32 145
32 165
32 171
32 178
32 229
32 243
32 250
32 251
32 254
32 255
32 257
32 263
32 271
32 277
32 290
32 302
32 303
32 306
32 308
32 313
32 340
32 350
32 358
32 379
32 380
32 385
32 392
32 397
32 411
32 413
32 416
32 436
32 442
32 443
32 452
32 459
32 463
32 467
32 470
33 49
33 52
33 65
33 71
33 77
33 112
33 114
33 132
33 135
33 145
33 146
33 152
33 170
33 180
33 182
33 183
33 191
33 192
33 231
33 243
33 255
33 289
33 302
33 308
33 310
33 318
33 346
33 353
33 356
33 381
33 398
33 403
33 422
33 433
33 450
33 478
33 484
33 485
33 486
34 45
34 54
34 63
34 64
34 92
34 93
34 108
34 109
34 110
34 116
34 120
34 122
34 149
34 151
34 158
34 165
34 180
34 187
34 203
34 210
34 215
34 220
34 221
34 222
34 238
34 243
34 265
34 271
34 281
34 287
34 302
34 303
34 309
34 314
34 329
34 345
34 347
34 353
34 367
34 378
34 393
34 422
34 443
34 447
34 450
34 489
34 493
34 497
35 37
35 81
35 92
35 103
35 109
35 120
35 133
35 140
35 155
35 170
35 182
35 196
35 198
35 203
35 205
35 216
35 229
35 232
35 238
35 239
35 248
35 250
35 261
35 266
35 276
35 278
35 282
35 299
35 313
35 321
35 327
35 339
35 344
35 345
35 352
35 372
35 398
35 405
35 411
35 417
35 431
35 446
35 453
35 458
35 472
36 49
36 55
36 61
36 64
36 96
36 113
36 115
36 122
36 127
36 131
36 186
36 195
36 204
36 208
36 216
36 233
36 255
36 285
36 290
36 291
36 294
36 299
36 310
36 312
36 333
36 337
36 342
36 344
36 370
36 391
36 395
36 397
36 403
36 412
36 420
36 432
36 433
36 452
36 458
36 462
36 468
36 475
36 481
36 488
37 62
37 66
37 91
37 104
37 113
37 125
37 128
37 134
37 135
37 161
37 173
37 177
37 186
37 187
37 213
37 216
37 218
37 221
37 227
37 251
37 255
37 256
37 263
37 272
37 280
37 298
37 301
37 302
37 314
37 351
37 379
37 381
37 404
37 413
37 414
37 419
37 426
37 431
37 434
37 469
37 484
37 494
38 54
38 64
38 66
38 93
38 119
38 164
38 165
38 173
38 177
38 186
38 190
38 206
38 225
38 226
38 232
38 246
38 264
38 273
38 278
38 286
38 290
38 293
38 301
38 313
38 316
38 326
38 330
38 351
38 357
38 359
38 376
38 386
38 408
38 418
38 444
38 464
39 45
39 52
39 53
39 80
39 89
39 92
39 97
39 116
39 153
39 157
39 159
39 176
39 181
39 182
39 208
39 219
39 223
39 232
39 242
39 254
39 259
39 268
39 277
39 289
39 304
39 305
39 309
39 314
39 319
39 324
39 326
39 336
39 339
39 346
39 348
39 385
39 389
39 401
39 415
39 421
39 436
39 452
39 456
39 474
39 480
39 489
40 52
40 53
40 67
40 77
40 85
40 101
40 126
40 128
40 134
40 143
40 151
40 154
40 163
40 165
40 168
40 174
40 184
40 210
40 212
40 214
40 225
40 258
40 269
40 270
40 296
40 298
40 300
40 316
40 329
40 330
40 332
40 340
40 351
40 355
40 358
40 376
40 390
40 395
40 400
40 407
40 433
40 465
40 466
40 474
40 483
40 492
40 494
40 495
41 49
41 53
41 63
41 64
41 82
41 90
41 107
41 120
41 125
41 126
41 129
41 136
41 139
41 160
41 165
41 167
41 184
41 210
41 214
41 221
41 234
41 238
41 255
41 268
41 270
41 272
41 276
41 293
41 308
41 320
41 327
41 338
41 349
41 378
41 386
41 390
41 395
41 397
41 398
41 405
41 415
41 422
41 451
41 486
41 488
42 47
42 52
42 58
42 69
42 120
42 134
42 159
42 179
42 181
42 191
42 197
42 198
42 204
42 225
42 228
42 231
42 250
42 261
42 279
42 287
42 291
42 292
42 300
42 303
42 311
42 336
42 360
42 386
42 391
42 395
42 396
42 404
42 408
42 411
42 415
42 419
42 422
42 450
42 451
42 458
42 466
42 488
43 46
43 63
43 80
43 87
43 100
43 106
43 110
43 111
43 116
43 127
43 128
43 145
43 181
43 192
43 201
43 202
43 204
43 246
43 251
43 252
43 256
43 258
43 263
43 265
43 270
43 288
43 289
43 290
43 294
43 296
43 304
43 313
43 346
43 353
43 370
43 372
43 397
43 406
43 411
43 425
43 431
43 456
43 463
43 470
43 471
43 473
43 483
43 485
44 55
44 81
44 86
44 91
44 96
44 105
44 123
44 140
44 146
44 155
44 156
44 157
44 159
44 160
44 166
44 181
44 193
44 196
44 206
44 224
44 230
44 243
44 252
44 259
44 264
44 294
44 299
44 321
44 329
44 347
44 357
44 372
44 374
44 405
44 417
44 425
44 433
44 447
44 464
44 467
44 468
44 471
44 475
45 49
45 69
45 78
45 80
45 81
45 93
45 95
45 96
45 121
45 130
45 135
45 148
45 160
45 167
45 174
45 189
45 195
45 214
45 219
45 232
45 256
45 259
45 263
45 281
45 295
45 296
45 309
45 330
45 332
45 347
45 367
45 368
45 375
45 377
45 395
45 406
45 434
45 442
45 447
45 453
45 465
45 466
45 474
45 475
46 50
46 60
46 83
46 85
46 86
46 102
46 105
46 108
46 114
46 118
46 125
46 139
46 142
46 143
46 144
46 161
46 166
46 172
46 175
46 179
46 197
46 199
46 238
46 245
46 253
46 277
46 286
46 304
46 322
46 328
46 347
46 348
46 360
46 374
46 382
46 421
46 436
46 440
46 441
46 445
46 457
46 475
46 482
46 485
46 496
47 55
47 57
47 58
47 65
47 74
47 88
47 97
47 104
47 127
47 135
47 137
47 139
47 140
47 156
47 157
47 158
47 163
47 183
47 192
47 194
47 206
47 214
47 233
47 239
47 250
47 253
47 257
47 273
47 286
47 289
47 303
47 322
47 332
47 342
47 344
47 359
47 367
47 376
47 391
47 417
47 424
47 434
47 440
47 450
47 458
47 460
47 464
47 484
47 492
48 51
48 55
48 61
48 83
48 89
48 117
48 121
48 125
48 128
48 146
48 158
48 163
48 167
48 172
48 182
48 190
48 208
48 220
48 221
48 235
48 242
48 258
48 271
48 288
48 296
48 348
48 358
48 363
48 373
48 374
48 397
48 401
48 402
48 405
48 412
48 413
48 416
48 428
48 431
48 432
48 442
48 454
48 479
48 488
48 497
49 58
49 59
49 60
49 69
49 83
49 114
49 124
49 130
49 141
49 143
49 146
49 147
49 153
49 155
49 159
49 176
49 194
49 210
49 220
49 227
49 263
49 264
49 278
49 286
49 309
49 317
49 331
49 335
49 338
49 350
49 384
49 393
49 398
49 400
49 408
49 410
49 412
49 415
49 431
49 455
49 468
49 469
49 481
50 59
50 60
50 69
50 78
50 85
50 92
50 117
50 128
50 130
50 132
50 133
50 142
50 150
50 156
50 176
50 180
50 197
50 200
50 203
50 208
50 211
50 213
50 216
50 235
50 238
50 249
50 259
50 263
50 267
50 269
50 280
50 290
50 293
50 298
50 326
50 329
50 330
50 336
50 341
50 352
50 366
50 373
50 380
50 387
50 403
50 412
50 457
50 461
50 476
50 489
50 495
50 498
51 57
51 68
51 88
51 89
51 90
51 96
51 99
51 103
51 104
51 112
51 121
51 131
51 137
51 138
51 140
51 156
51 160
51 161
51 167
51 174
51 191
51 192
51 194
51 202
51 207
51 225
51 229
51 230
51 238
51 243
51 267
51 276
51 280
51 294
51 317
51 319
51 320
51 325
51 333
51 335
51 357
51 374
51 383
51 385
51 387
51 426
51 437
51 443
51 447
51 449
51 458
51 464
51 470
51 475
51 485
51 491
51 495
51 496
51 497
52 66
52 73
52 77
52 87
52 89
52 103
52 112
52 116
52 119
52 133
52 141
52 146
52 153
52 175
52 182
52 195
52 205
52 206
52 211
52 219
52 241
52 269
52 282
52 287
52 300
52 327
52 345
52 367
52 387
52 393
52 397
52 400
52 402
52 408
52 420
52 422
52 439
52 460
52 468
52 474
52 477
52 478
52 485
53 58
53 62
53 68
53 71
53 78
53 85
53 87
53 102
53 111
53 113
53 169
53 180
53 187
53 191
53 204
53 205
53 216
53 218
53 227
53 237
53 248
53 259
53 266
53 271
53 275
53 278
53 287
53 295
53 302
53 305
53 306
53 307
53 316
53 322
53 323
53 324
53 327
53 331
53 335
53 344
53 352
53 368
53 391
53 412
53 421
53 422
53 430
53 431
53 432
53 488
53 491
53 498
54 71
54 76
54 91
54 92
54 104
54 107
54 111
54 127
54 133
54 147
54 150
54 160
54 172
54 183
54 188
54 201
54 221
54 241
54 248
54 257
54 261
54 263
54 273
54 278
54 280
54 282
54 283
54 310
54 334
54 337
54 341
54 354
54 356
54 364
54 365
54 375
54 388
54 403
54 406
54 432
54 455
54 463
54 499
55 63
55 69
55 70
55 73
55 82
55 100
55 102
55 112
55 121
55 123
55 124
55 128
55 138
55 140
55 142
55 144
55 145
55 168
55 181
55 183
55 210
55 213
55 223
55 224
55 243
55 247
55 253
55 258
55 264
55 271
55 273
55 278
55 286
55 288
55 289
55 312
55 322
55 333
55 337
55 340
55 342
55 349
55 359
55 362
55 370
55 395
55 409
55 438
55 444
55 452
55 453
55 460
55 462
55 463
55 473
55 480
55 481
55 495
56 64
56 90
56 95
56 109
56 112
56 113
56 114
56 117
56 120
56 121
56 125
56 130
56 131
56 137
56 139
56 148
56 154
56 169
56 170
56 202
56 227
56 229
56 232
56 238
56 239
56 247
56 263
56 272
56 297
56 298
56 299
56 316
56 322
56 330
56 339
56 341
56 353
56 364
56 372
56 378
56 382
56 387
56 393
56 394
56 395
56 402
56 404
56 427
56 429
56 433
56 436
56 450
56 459
56 495
57 66
57 68
57 87
57 102
57 109
57 113
57 119
57 120
57 153
57 155
57 164
57 169
57 178
57 193
57 201
57 228
57 229
57 234
57 243
57 265
57 285
57 291
57 297
57 313
57 314
57 325
57 331
57 332
57 336
57 355
57 368
57 375
57 380
57 382
57 385
57 403
57 404
57 410
57 426
57 444
57 451
57 459
57 460
57 488
58 61
58 85
58 100
58 105
58 125
58 130
58 131
58 138
58 140
58 143
58 156
58 167
58 182
58 190
58 195
58 199
58 200
58 201
58 208
58 224
58 237
58 240
58 244
58 245
58 250
58 262
58 264
58 293
58 297
58 298
58 313
58 314
58 318
58 334
58 338
58 358
58 360
58 380
58 395
58 421
58 432
58 443
58 452
58 453
58 461
58 467
58 492
58 494
59 65
59 70
59 74
59 81
59 98
59 106
59 107
59 111
59 115
59 116
59 124
59 128
59 136
59 137
59 153
59 155
59 157
59 158
59 162
59 166
59 167
59 198
59 224
59 226
59 245
59 254
59 265
59 271
59 272
59 275
59 284
59 285
59 296
59 301
59 318
59 319
59 323
59 330
59 336
59 341
59 384
59 386
59 391
59 404
59 417
59 418
59 423
59 424
59 427
59 428
59 431
59 439
59 447
59 467
59 478
60 61
60 68
60 72
60 92
60 98
60 103
60 122
60 143
60 148
60 162
60 169
60 175
60 177
60 180
60 188
60 209
60 217
60 222
60 224
60 244
60 252
60 256
60 285
60 287
60 296
60 301
60 306
60 307
60 317
60 323
60 326
60 332
60 367
60 381
60 410
60 412
60 415
60 423
60 424
60 435
60 436
60 439
60 478
60 480
60 494
60 495
61 73
61 77
61 87
61 100
61 127
61 136
61 148
61 163
61 169
61 171
61 184
61 222
61 229
61 231
61 232
61 242
61 247
61 250
61 267
61 271
61 284
61 290
61 299
61 322
61 323
61 325
61 330
61 360
61 363
61 371
61 377
61 405
61 410
61 421
61 432
61 437
61 441
61 442
61 447
61 460
61 461
61 467
61 468
61 478
61 498
62 63
62 70
62 71
62 98
62 104
62 134
62 154
62 158
62 162
62 187
62 189
62 193
62 268
62 273
62 275
62 279
62 282
62 288
62 289
62 329
62 337
62 349
62 353
62 357
62 358
62 364
62 372
62 375
62 378
62 389
62 402
62 413
62 428
62 435
62 437
62 444
62 456
62 464
62 490
62 494
62 495
63 69
63 72
63 77
63 81
63 84
63 102
63 103
63 115
63 121
63 122
63 125
63 136
63 147
63 168
63 174
63 181
63 199
63 201
63 213
63 216
63 218
63 225
63 229
63 231
63 238
63 244
63 246
63 255
63 259
63 263
63 282
63 303
63 335
63 337
63 342
63 343
63 354
63 356
63 361
63 381
63 382
63 390
63 399
63 410
63 427
63 458
63 459
63 478
63 491
64 78
64 80
64 102
64 116
64 117
64 126
64 129
64 135
64 149
64 169
64 171
64 189
64 193
64 196
64 206
64 212
64 221
64 233
64 240
64 242
64 252
64 253
64 260
64 263
64 284
64 298
64 299
64 305
64 307
64 310
64 317
64 318
64 320
64 335
64 341
64 349
64 355
64 357
64 374
64 375
64 416
64 417
64 458
64 469
64 470
64 486
64 489
64 493
64 494
65 73
65 75
65 88
65 95
65 103
65 117
65 119
65 120
65 135
65 136
65 152
65 170
65 171
65 177
65 187
65 201
65 203
65 209
65 213
65 218
65 233
65 237
65 250
65 266
65 275
65 286
65 288
65 289
65 319
65 328
65 332
65 338
65 339
65 347
65 349
65 350
65 361
65 367
65 368
65 370
65 372
65 401
65 417
65 453
65 458
65 472
65 474
65 487
65 493
65 494
66 74
66 86
66 92
66 101
66 104
66 134
66 144
66 153
66 163
66 177
66 188
66 189
66 194
66 195
66 217
66 221
66 228
66 266
66 273
66 293
66 310
66 329
66 330
66 332
66 346
66 351
66 361
66 365
66 390
66 393
66 406
66 407
66 414
66 416
66 419
66 421
66 430
66 433
66 453
66 466
66 467
66 470
66 491
67 86
67 95
67 101
67 108
67 116
67 124
67 145
67 146
67 172
67 175
67 179
67 192
67 203
67 205
67 209
67 216
67 222
67 229
67 236
67 238
67 246
67 254
67 255
67 260
67 261
67 281
67 287
67 298
67 309
67 321
67 331
67 335
67 347
67 357
67 376
67 386
67 389
67 392
67 394
67 405
67 408
67 414
67 415
67 441
67 471
67 475
67 491
68 71
68 80
68 92
68 93
68 106
68 109
68 115
68 119
68 133
68 136
68 143
68 175
68 192
68 197
68 200
68 211
68 231
68 251
68 266
68 273
68 278
68 280
68 296
68 311
68 321
68 324
68 326
68 335
68 357
68 358
68 363
68 369
68 370
68 375
68 377
68 402
68 412
68 424
68 449
68 460
68 463
68 495
69 71
69 91
69 126
69 130
69 176
69 186
69 194
69 209
69 211
69 237
69 251
69 268
69 277
69 302
69 304
69 331
69 332
69 336
69 338
69 387
69 410
69 412
69 453
69 454
69 462
69 485
69 490
70 78
70 104
70 108
70 112
70 120
70 123
70 155
70 171
70 174
70 180
70 188
70 189
70 192
70 216
70 227
70 239
70 257
70 263
70 277
70 278
70 281
70 291
70 324
70 336
70 340
70 359
70 374
70 384
70 395
70 401
70 404
70 407
70 425
70 426
70 427
70 430
70 434
70 442
70 450
70 459
70 470
70 477
70 482
70 491
70 494
70 497
71 72
71 80
71 84
71 90
71 124
71 149
71 153
71 163
71 171
71 178
71 199
71 202
71 210
71 214
71 243
71 255
71 260
71 273
71 290
71 291
71 294
71 324
71 327
71 333
71 343
71 358
71 378
71 404
71 429
71 457
71 477
71 480
71 494
71 496
72 88
72 99
72 100
72 111
72 116
72 118
72 119
72 135
72 146
72 165
72 175
72 184
72 189
72 223
72 224
72 232
72 241
72 245
72 259
72 276
72 291
72 297
72 303
72 308
72 309
72 315
72 317
72 337
72 368
72 372
72 399
72 435
72 443
72 444
72 447
72 454
72 457
72 473
72 478
73 83
73 117
73 137
73 143
73 148
73 159
73 215
73 221
73 223
73 236
73 244
73 263
73 264
73 279
73 285
73 295
73 298
73 306
73 308
73 310
73 333
73 338
73 339
73 342
73 343
73 344
73 359
73 360
73 372
73 395
73 415
73 433
73 435
73 440
73 441
73 457
73 464
73 467
73 476
73 480
73 492
74 75
74 83
74 87
74 97
74 98
74 103
74 122
74 123
74 141
74 144
74 147
74 162
74 176
74 183
74 185
74 190
74 194
74 203
74 206
74 218
74 234
74 235
74 246
74 269
74 296
74 299
74 301
74 306
74 308
74 319
74 324
74 336
74 339
74 340
74 369
74 378
74 394
74 399
74 405
74 417
74 435
74 447
74 454
74 461
74 470
74 485
75 94
75 96
75 100
75 116
75 140
75 148
75 157
75 160
75 179
75 203
75 208
75 210
75 223
75 247
75 254
75 255
75 258
75 261
75 287
75 308
75 320
75 326
75 360
75 369
75 370
75 371
75 373
75 377
75 395
75 409
75 411
75 416
75 437
75 440
75 446
75 450
75 455
75 470
75 483
75 495
75 496
76 84
76 96
76 115
76 117
76 180
76 186
76 208
76 214
76 225
76 230
76 231
76 245
76 261
76 269
76 278
76 280
76 287
76 291
76 293
76 316
76 318
76 322
76 332
76 336
76 338
76 373
76 388
76 403
76 405
76 415
76 417
76 422
76 439
76 448
76 450
76 451
76 470
76 484
77 94
77 100
77 126
77 127
77 134
77 140
77 149
77 154
77 167
77 177
77 182
77 185
77 193
77 217
77 221
77 260
77 266
77 269
77 271
77 297
77 299
77 302
77 314
77 321
77 340
77 353
77 356
77 373
77 374
77 376
77 444
77 445
77 461
77 462
77 472
77 475
77 479
77 481
77 492
78 82
78 90
78 94
78 98
78 106
78 133
78 134
78 154
78 160
78 167
78 194
78 200
78 213
78 221
78 223
78 242
78 245
78 272
78 286
78 300
78 308
78 318
78 328
78 333
78 340
78 343
78 344
78 409
78 410
78 415
78 418
78 429
78 430
78 453
79 90
79 134
79 138
79 146
79 169
79 175
79 176
79 185
79 188
79 189
79 238
79 263
79 264
79 268
79 279
79 284
79 286
79 302
79 317
79 334
79 336
79 368
79 373
79 381
79 383
79 389
79 405
79 411
79 413
79 417
79 423
79 424
79 434
79 436
79 437
79 457
79 469
79 473
79 490
80 94
80 95
80 108
80 114
80 117
80 129
80 139
80 142
80 148
80 157
80 158
80 177
80 185
80 222
80 232
80 233
80 243
80 273
80 275
80 279
80 285
80 338
80 348
80 355
80 366
80 374
80 400
81 100
81 103
81 106
81 108
81 115
81 120
81 125
81 131
81 141
81 146
81 171
81 198
81 200
81 205
81 206
81 216
81 227
81 247
81 256
81 272
81 282
81 296
81 298
81 302
81 309
81 315
81 374
81 375
81 389
81 394
81 449
81 452
81 453
81 467
81 468
81 472
81 475
81 489
82 89
82 98
82 103
82 111
82 163
82 176
82 192
82 194
82 197
82 199
82 227
82 229
82 232
82 233
82 234
82 239
82 265
82 273
82 280
82 287
82 290
82 300
82 304
82 306
82 309
82 312
82 316
82 329
82 331
82 348
82 352
82 357
82 369
82 378
82 404
82 413
82 440
82 446
82 461
82 465
82 471
82 477
82 479
82 482
82 489
82 497
83 92
83 96
83 103
83 127
83 135
83 136
83 149
83 154
83 157
83 169
83 178
83 182
83 183
83 184
83 202
83 206
83 212
83 238
83 256
83 262
83 274
83 281
83 306
83 320
83 346
83 352
83 369
83 373
83 377
83 404
83 406
83 408
83 425
83 426
83 434
83 457
83 463
83 472
83 485
83 490
83 495
84 86
84 100
84 114
84 115
84 118
84 119
84 185
84 191
84 196
84 198
84 201
84 209
84 213
84 221
84 228
84 229
84 236
84 241
84 243
84 254
84 263
84 269
84 274
84 284
84 286
84 297
84 307
84 314
84 315
84 321
84 323
84 349
84 380
84 403
84 412
84 415
84 416
84 425
84 427
84 445
84 449
84 459
85 94
85 109
85 115
85 120
85 125
85 136
85 142
85 143
85 161
85 175
85 182
85 192
85 196
85 204
85 206
85 210
85 220
85 227
85 228
85 237
85 250
85 266
85 275
85 278
85 293
85 299
85 314
85 342
85 349
85 355
85 362
85 376
85 385
85 452
85 454
85 464
85 474
86 97
86 101
86 105
86 124
86 130
86 134
86 144
86 153
86 164
86 211
86 216
86 223
86 240
86 242
86 248
86 261
86 263
86 303
86 312
86 317
86 322
86 326
86 332
86 339
86 349
86 362
86 365
86 366
86 367
86 373
86 374
86 376
86 389
86 391
86 396
86 408
86 410
86 411
86 415
86 419
86 425
86 435
86 456
86 457
86 477
86 495
86 496
87 97
87 107
87 112
87 116
87 119
87 128
87 130
87 154
87 158
87 172
87 190
87 192
87 194
87 213
87 237
87 250
87 251
87 253
87 255
87 289
87 290
87 313
87 326
87 328
87 342
87 380
87 386
87 396
87 412
87 423
87 428
87 439
87 442
87 444
87 454
87 460
87 497
88 89
88 134
88 162
88 173
88 174
88 176
88 181
88 189
88 191
88 206
88 210
88 218
88 227
88 232
88 241
88 243
88 253
88 276
88 283
88 284
88 299
88 309
88 310
88 311
88 313
88 314
88 323
88 327
88 349
88 373
88 390
88 402
88 428
88 434
88 448
88 451
88 475
88 499
89 107
89 111
89 118
89 123
89 153
89 166
89 167
89 180
89 181
89 185
89 202
89 250
89 274
89 278
89 286
89 287
89 297
89 299
89 300
89 301
89 324
89 331
89 341
89 345
89 350
89 369
89 378
89 381
89 382
89 387
89 390
89 392
89 404
89 438
89 448
89 449
89 464
89 466
89 467
89 486
89 492
90 95
90 108
90 115
90 132
90 134
90 139
90 143
90 163
90 167
90 177
90 182
90 184
90 189
90 216
90 220
90 222
90 226
90 234
90 254
90 262
90 263
90 264
90 291
90 295
90 296
90 303
90 333
90 343
90 354
90 355
90 362
90 367
90 373
90 382
90 386
90 398
90 439
90 442
90 478
90 483
90 485
90 489
90 496
91 94
91 114
91 117
91 123
91 133
91 134
91 144
91 157
91 165
91 169
91 173
91 176
91 186
91 190
91 191
91 211
91 212
91 220
91 257
91 260
91 268
91 283
91 307
91 324
91 334
91 337
91 343
91 348
91 354
91 359
91 362
91 364
91 366
91 382
91 388
91 391
91 392
91 427
91 431
91 432
91 475
91 480
91 486
91 488
92 131
92 158
92 180
92 190
92 227
92 234
92 238
92 239
92 243
92 248
92 256
92 267
92 269
92 273
92 277
92 283
92 288
92 290
92 297
92 306
92 331
92 348
92 353
92 356
92 361
92 423
92 425
92 442
92 470
92 477
92 483
92 492
93 101
93 109
93 119
93 126
93 131
93 141
93 144
93 147
93 152
93 158
93 163
93 184
93 197
93 204
93 212
93 230
93 237
93 245
93 247
93 255
93 261
93 272
93 273
93 277
93 278
93 317
93 333
93 336
93 342
93 376
93 385
93 401
93 409
93 410
93 420
93 422
93 426
93 443
93 448
93 453
93 454
93 463
93 475
93 479
93 491
93 492
94 96
94 108
94 117
94 163
94 182
94 187
94 193
94 196
94 212
94 224
94 225
94 236
94 237
94 241
94 243
94 249
94 265
94 271
94 273
94 274
94 284
94 301
94 312
94 316
94 317
94 320
94 325
94 328
94 340
94 343
94 345
94 355
94 360
94 379
94 388
94 398
94 416
94 430
94 436
94 441
94 444
94 474
94 475
94 476
94 480
94 486
95 96
95 105
95 120
95 132
95 135
95 145
95 160
95 162
95 174
95 179
95 180
95 182
95 183
95 190
95 194
95 199
95 223
95 230
95 233
95 252
95 258
95 268
95 272
95 280
95 315
95 317
95 318
95 324
95 333
95 342
95 345
95 375
95 400
95 430
95 432
95 440
95 443
95 487
96 114
96 115
96 120
96 153
96 154
96 157
96 164
96 172
96 179
96 182
96 204
96 228
96 234
96 242
96 247
96 254
96 255
96 266
96 279
96 280
96 281
96 285
96 292
96 311
96 312
96 326
96 327
96 338
96 341
96 358
96 371
96 379
96 386
96 391
96 396
96 403
96 419
96 430
96 432
96 452
96 471
96 486
96 494
96 495
96 499
97 104
97 144
97 150
97 155
97 183
97 189
97 190
97 196
97 199
97 215
97 236
97 237
97 244
97 257
97 260
97 267
97 291
97 293
97 302
97 306
97 312
97 317
97 322
97 338
97 341
97 347
97 351
97 376
97 387
97 390
97 393
97 403
97 404
97 409
97 410
97 413
97 426
97 429
97 449
97 465
97 471
97 475
97 482
97 489
98 99
98 125
98 137
98 157
98 166
98 176
98 181
98 184
98 197
98 206
98 207
98 211
98 219
98 222
98 223
98 225
98 237
98 255
98 260
98 269
98 286
98 287
98 293
98 295
98 308
98 309
98 315
98 327
98 334
98 338
98 387
98 389
98 391
98 422
98 428
98 429
98 451
98 457
98 467
98 470
98 476
98 488
98 496
99 114
99 129
99 131
99 133
99 136
99 141
99 176
99 181
99 201
99 218
99 221
99 226
99 239
99 249
99 254
99 283
99 284
99 285
99 304
99 311
99 319
99 320
99 358
99 359
99 366
99 374
99 376
99 386
99 393
99 396
99 411
99 414
99 424
99 440
99 444
99 449
99 450
99 459
99 465
99 471
99 473
99 479
100 104
100 129
100 149
100 161
100 165
100 172
100 185
100 187
100 192
100 201
100 216
100 224
100 232
100 256
100 285
100 298
100 314
100 336
100 345
100 349
100 355
100 359
100 387
100 411
100 420
100 444
100 447
100 451
100 454
100 467
100 476
100 493
101 103
101 109
101 110
101 118
101 122
101 126
101 140
101 158
101 169
101 177
101 208
101 216
101 231
101 251
101 252
101 253
101 262
101 276
101 280
101 281
101 299
101 302
101 334
101 338
101 344
101 397
101 403
101 405
101 411
101 414
101 438
101 439
101 442
101 454
101 460
101 471
101 472
101 480
101 490
102 111
102 125
102 138
102 140
102 144
102 146
102 177
102 194
102 198
102 204
102 214
102 226
102 228
102 239
102 248
102 253
102 254
102 259
102 266
102 272
102 288
102 319
102 321
102 325
102 336
102 339
102 344
102 352
102 354
102 361
102 362
102 379
102 380
102 381
102 387
102 389
102 406
102 410
102 425
102 434
102 452
102 455
102 456
102 458
102 465
102 469
102 482
102 484
102 489
102 490
102 497
103 119
103 130
103 139
103 154
103 176
103 179
103 180
103 204
103 210
103 232
103 234
103 238
103 250
103 252
103 265
103 283
103 294
103 299
103 306
103 308
103 340
103 347
103 354
103 361
103 370
103 391
103 393
103 396
103 415
103 419
103 422
103 425
103 427
103 436
103 446
103 456
103 473
103 496
104 119
104 131
104 142
104 146
104 149
104 155
104 169
104 181
104 242
104 251
104 265
104 272
104 314
104 316
104 319
104 322
104 338
104 343
104 348
104 355
104 356
104 374
104 379
104 385
104 409
104 420
104 451
104 475
105 115
105 142
105 149
105 150
105 155
105 156
105 159
105 181
105 186
105 189
105 192
105 207
105 214
105 225
105 239
105 244
105 253
105 281
105 282
105 294
105 302
105 304
105 314
105 321
105 327
105 329
105 346
105 388
105 394
105 395
105 403
105 407
105 412
105 418
105 441
105 452
105 456
105 457
105 463
105 471
105 476
105 493
105 495
106 116
106 119
106 127
106 131
106 142
106 146
106 157
106 164
106 166
106 172
106 179
106 186
106 194
106 206
106 221
106 230
106 240
106 243
106 252
106 260
106 263
106 269
106 285
106 293
106 297
106 298
106 301
106 305
106 312
106 324
106 332
106 338
106 351
106 352
106 365
106 368
106 380
106 406
106 415
106 439
106 455
106 456
106 458
106 464
106 472
106 486
107 118
107 122
107 125
107 132
107 137
107 143
107 157
107 181
107 189
107 198
107 201
107 221
107 222
107 230
107 233
107 234
107 243
107 244
107 266
107 274
107 290
107 297
107 298
107 314
107 315
107 321
107 328
107 333
107 341
107 350
107 351
107 371
107 377
107 378
107 388
107 389
107 402
107 413
107 418
107 433
107 441
107 443
107 489
107 491
108 144
108 150
108 162
108 174
108 178
108 190
108 199
108 201
108 202
108 205
108 207
108 224
108 230
108 233
108 235
108 238
108 244
108 266
108 276
108 290
108 323
108 325
108 330
108 331
108 335
108 350
108 373
108 408
108 416
108 428
108 437
108 439
108 453
108 460
108 465
108 469
108 475
109 113
109 138
109 149
109 151
109 161
109 182
109 186
109 195
109 202
109 203
109 216
109 226
109 234
109 235
109 249
109 263
109 268
109 275
109 280
109 283
109 293
109 296
109 314
109 318
109 323
109 324
109 343
109 353
109 365
109 368
109 381
109 384
109 393
109 403
109 414
109 422
109 423
109 426
109 461
109 464
109 467
109 476
109 480
110 112
110 129
110 134
110 138
110 147
110 148
110 151
110 156
110 187
110 198
110 204
110 215
110 219
110 227
110 237
110 255
110 262
110 291
110 320
110 322
110 327
110 328
110 346
110 353
110 356
110 359
110 362
110 368
110 372
110 375
110 376
110 391
110 395
110 404
110 414
110 426
110 429
110 447
110 451
110 452
110 454
110 478
110 495
111 114
111 133
111 175
111 176
111 191
111 196
111 201
111 207
111 229
111 234
111 241
111 249
111 254
111 262
111 268
111 270
111 279
111 290
111 313
111 321
111 364
111 369
111 371
111 374
111 410
111 415
111 417
111 435
111 442
111 460
111 462
111 470
111 473
111 474
111 487
111 495
112 113
112 114
112 149
112 150
112 155
112 161
112 162
112 167
112 181
112 191
112 192
112 198
112 214
112 225
112 228
112 229
112 253
112 257
112 264
112 270
112 283
112 293
112 294
112 297
112 306
112 314
112 316
112 338
112 341
112 369
112 377
112 382
112 410
112 411
112 419
112 422
112 432
112 442
112 446
112 450
112 470
112 475
112 483
112 484
112 485
112 496
113 132
113 133
113 143
113 158
113 171
113 174
113 182
113 188
113 200
113 211
113 213
113 215
113 221
113 222
113 225
113 236
113 247
113 249
113 252
113 256
113 261
113 268
113 273
113 274
113 276
113 285
113 287
113 318
113 346
113 347
113 365
113 429
113 442
113 459
113 461
113 463
113 465
113 471
114 119
114 120
114 139
114 152
114 169
114 171
114 203
114 205
114 221
114 225
114 241
114 249
114 291
114 294
114 295
114 296
114 307
114 318
114 319
114 320
114 323
114 332
114 334
114 337
114 342
114 350
114 374
114 393
114 397
114 398
114 407
114 438
114 444
114 452
114 457
114 459
114 466
114 469
114 470
114 473
114 476
114 478
114 484
114 498
115 123
115 128
115 133
115 138
115 144
115 150
115 155
115 161
115 164
115 167
115 177
115 210
115 226
115 228
115 232
115 269
115 282
115 290
115 299
115 301
115 320
115 324
115 328
115 341
115 349
115 351
115 366
115 375
115 404
115 412
115 416
115 467
115 468
115 479
115 492
116 119
116 131
116 138
116 141
116 147
116 160
116 165
116 166
116 171
116 216
116 266
116 269
116 283
116 288
116 294
116 295
116 299
116 324
116 344
116 353
116 365
116 370
116 385
116 389
116 396
116 399
116 406
116 411
116 422
116 433
116 454
116 456
116 463
116 475
116 490
116 492
116 499
117 141
117 143
117 153
117 181
117 190
117 204
117 226
117 230
117 249
117 253
117 254
117 256
117 264
117 267
117 269
117 272
117 287
117 290
117 294
117 307
117 320
117 329
117 331
117 332
117 333
117 336
117 339
117 349
117 356
117 370
117 377
117 413
117 416
117 423
117 426
117 428
117 433
117 440
117 443
117 453
117 456
117 467
117 473
117 484
118 123
118 124
118 126
118 129
118 132
118 136
118 151
118 155
118 194
118 199
118 202
118 207
118 214
118 219
118 238
118 239
118 252
118 254
118 255
118 257
118 264
118 278
118 305
118 306
118 317
118 319
118 329
118 330
118 337
118 342
118 348
118 354
118 366
118 380
118 392
118 396
118 397
118 401
118 402
118 407
118 408
118 415
118 416
118 417
118 422
118 476
118 477
118 495
119 123
119 132
119 183
119 187
119 198
119 213
119 217
119 234
119 248
119 260
119 264
119 265
119 266
119 273
119 282
119 317
119 321
119 324
119 333
119 375
119 377
119 379
119 384
119 387
119 393
119 397
119 403
119 422
119 430
119 437
119 440
119 467
119 476
119 491
119 492
119 496
119 499
120 123
120 140
120 161
120 171
120 172
120 174
120 186
120 189
120 200
120 211
120 218
120 222
120 227
120 233
120 253
120 264
120 266
120 269
120 280
120 284
120 294
120 321
120 326
120 340
120 346
120 347
120 352
120 353
120 367
120 385
120 393
120 405
120 415
120 435
120 437
120 440
120 442
120 448
120 449
120 458
120 466
120 487
120 489
120 492
121 125
121 128
121 136
121 161
121 162
121 163
121 194
121 211
121 215
121 225
121 239
121 240
121 249
121 259
121 262
121 263
121 268
121 275
121 278
121 300
121 305
121 319
121 330
121 354
121 367
121 375
121 381
121 383
121 389
121 424
121 435
121 437
121 461
121 468
121 470
121 477
121 478
121 485
121 493
122 123
122 126
122 138
122 147
122 156
122 166
122 173
122 175
122 178
122 183
122 192
122 207
122 208
122 209
122 227
122 239
122 241
122 247
122 251
122 253
122 256
122 261
122 286
122 293
122 303
122 306
122 308
122 313
122 325
122 326
122 333
122 335
122 338
122 342
122 343
122 346
122 352
122 369
122 377
122 382
122 391
122 403
122 414
122 431
122 435
122 438
122 441
122 442
122 452
122 454
122 458
122 464
122 474
122 485
122 493
123 148
123 149
123 162
123 166
123 172
123 183
123 200
123 208
123 212
123 238
123 252
123 258
123 266
123 269
123 280
123 281
123 284
123 292
123 310
123 315
123 322
123 339
123 341
123 343
123 344
123 377
123 415
123 417
123 419
123 424
123 439
123 445
123 455
123 457
123 460
123 467
123 485
123 490
123 495
123 496
124 133
124 148
124 153
124 156
124 157
124 165
124 170
124 171
124 183
124 184
124 211
124 235
124 237
124 239
124 248
124 249
124 262
124 277
124 280
124 287
124 325
124 332
124 337
124 339
124 340
124 343
124 347
124 362
124 366
124 377
124 382
124 398
124 407
124 417
124 430
124 440
124 467
124 472
124 491
124 494
124 497
125 142
125 145
125 158
125 163
125 179
125 181
125 186
125 190
125 202
125 207
125 209
125 222
125 225
125 227
125 229
125 233
125 234
125 247
125 248
125 251
125 261
125 268
125 272
125 281
125 287
125 288
125 303
125 328
125 344
125 352
125 366
125 375
125 387
125 394
125 395
125 405
125 409
125 415
125 431
125 435
125 436
125 447
125 466
125 488
125 489
125 498
126 127
126 129
126 149
126 172
126 184
126 189
126 195
126 198
126 217
126 225
126 252
126 255
126 297
126 307
126 308
126 319
126 324
126 331
126 339
126 344
126 347
126 348
126 377
126 379
126 387
126 410
126 420
126 425
126 435
126 470
126 475
126 482
127 128
127 153
127 167
127 169
127 176
127 193
127 196
127 216
127 223
127 230
127 232
127 250
127 252
127 257
127 258
127 262
127 273
127 309
127 329
127 332
127 335
127 344
127 357
127 374
127 377
127 391
127 395
127 398
127 408
127 412
127 423
127 431
127 458
127 462
127 468
127 470
127 484
127 486
127 495
127 498
127 499
128 134
128 138
128 139
128 143
128 148
128 167
128 185
128 188
128 223
128 280
128 282
128 299
128 309
128 310
128 330
128 342
128 351
128 356
128 361
128 389
128 398
128 401
128 402
128 404
128 407
128 411
128 423
128 426
128 438
128 439
128 453
128 469
128 472
128 474
128 482
128 491
129 139
129 143
129 144
129 151
129 162
129 168
129 197
129 203
129 205
129 208
129 224
129 229
129 256
129 279
129 288
129 293
129 309
129 330
129 336
129 337
129 340
129 342
129 343
129 346
129 355
129 380
129 388
129 390
129 393
129 397
129 398
129 408
129 421
129 453
129 457
129 458
129 474
129 477
129 485
130 133
130 139
130 145
130 152
130 161
130 163
130 184
130 195
130 231
130 243
130 247
130 257
130 268
130 269
130 271
130 282
130 301
130 316
130 319
130 329
130 332
130 336
130 344
130 367
130 381
130 383
130 387
130 405
130 422
130 459
130 468
130 472
130 475
130 478
130 485
131 146
131 149
131 187
131 203
131 204
131 247
131 248
131 256
131 258
131 285
131 289
131 295
131 296
131 300
131 312
131 315
131 318
131 345
131 346
131 379
131 393
131 397
131 415
131 422
131 460
131 462
131 463
131 466
131 479
131 482
131 498
132 135
132 139
132 144
132 147
132 148
132 154
132 160
132 164
132 170
132 179
132 185
132 188
132 203
132 206
132 225
132 260
132 316
132 335
132 338
132 343
132 362
132 363
132 366
132 369
132 371
132 377
132 378
132 387
132 392
132 400
132 403
132 417
132 419
132 421
132 446
132 452
132 459
132 464
132 471
132 473
133 148
133 165
133 167
133 170
133 184
133 205
133 228
133 245
133 252
133 255
133 257
133 262
133 263
133 294
133 300
133 315
133 326
133 343
133 357
133 362
133 370
133 380
133 382
133 397
133 424
133 426
133 433
133 438
133 450
133 454
133 465
133 470
133 478
133 494
134 138
134 141
134 146
134 150
134 219
134 221
134 223
134 226
134 231
134 250
134 254
134 260
134 284
134 291
134 298
134 303
134 310
134 339
134 342
134 351
134 354
134 359
134 379
134 414
134 422
134 440
134 450
134 453
134 464
134 466
134 474
134 489
134 496
135 144
135 149
135 156
135 160
135 190
135 204
135 207
135 209
135 215
135 238
135 239
135 272
135 311
135 326
135 332
135 338
135 341
135 343
135 352
135 355
135 356
135 378
135 398
135 405
135 407
135 413
135 419
135 428
135 432
135 441
135 444
135 448
135 464
135 468
135 469
135 472
135 477
135 484
136 165
136 166
136 180
136 181
136 187
136 212
136 213
136 215
136 222
136 228
136 230
136 263
136 280
136 281
136 298
136 308
136 327
136 346
136 355
136 385
136 415
136 418
136 434
136 438
136 447
136 450
136 458
136 467
136 469
136 479
136 481
136 499
137 148
137 159
137 161
137 162
137 192
137 197
137 206
137 252
137 261
137 273
137 274
137 279
137 280
137 287
137 291
137 297
137 300
137 305
137 322
137 328
137 332
137 350
137 353
137 355
137 364
137 365
137 408
137 413
137 414
137 419
137 446
137 464
137 479
137 486
138 143
138 146
138 158
138 159
138 164
138 173
138 178
138 191
138 204
138 211
138 213
138 219
138 226
138 229
138 249
138 251
138 257
138 258
138 273
138 281
138 317
138 319
138 338
138 339
138 345
138 347
138 354
138 359
138 361
138 387
138 399
138 402
138 418
138 451
138 459
138 466
138 471
138 479
138 496
139 159
139 183
139 194
139 203
139 205
139 214
139 217
139 220
139 222
139 229
139 232
139 236
139 239
139 244
139 249
139 266
139 275
139 278
139 302
139 308
139 313
139 324
139 347
139 352
139 354
139 363
139 380
139 403
139 429
139 439
139 441
139 442
139 461
139 469
139 488
139 497
139 498
140 143
140 148
140 169
140 183
140 184
140 188
140 196
140 201
140 230
140 244
140 251
140 267
140 274
140 281
140 298
140 301
140 311
140 326
140 327
140 328
140 333
140 355
140 361
140 381
140 382
140 386
140 389
140 394
140 401
140 420
140 474
140 490
140 495
141 158
141 169
141 170
141 176
141 216
141 226
141 228
141 237
141 242
141 247
141 249
141 253
141 256
141 262
141 270
141 273
141 283
141 300
141 301
141 305
141 307
141 315
141 325
141 327
141 342
141 347
141 351
141 359
141 381
141 386
141 393
141 396
141 400
141 414
141 434
141 440
141 446
141 459
141 498
142 150
142 162
142 173
142 182
142 183
142 186
142 236
142 249
142 252
142 259
142 269
142 274
142 275
142 281
142 283
142 285
142 287
142 291
142 302
142 303
142 306
142 310
142 318
142 322
142 360
142 364
142 400
142 425
142 430
142 453
142 454
142 456
142 457
142 469
142 474
142 475
142 482
142 483
142 495
143 151
143 155
143 161
143 164
143 167
143 185
143 186
143 227
143 248
143 251
143 252
143 273
143 276
143 280
143 290
143 297
143 300
143 303
143 321
143 331
143 339
143 340
143 374
143 393
143 432
143 450
143 455
143 462
143 466
143 470
143 477
143 491
144 152
144 170
144 206
144 211
144 244
144 249
144 253
144 272
144 276
144 277
144 279
144 289
144 291
144 308
144 309
144 314
144 318
144 319
144 322
144 338
144 345
144 369
144 378
144 382
144 387
144 410
144 418
144 419
144 420
144 428
144 434
144 451
144 473
144 477
144 489
144 494
144 495
144 498
145 148
145 151
145 159
145 160
145 164
145 166
145 173
145 176
145 178
145 181
145 182
145 187
145 189
145 197
145 198
145 212
145 222
145 231
145 237
145 248
145 287
145 313
145 321
145 350
145 352
145 363
145 365
145 381
145 392
145 395
145 411
145 418
145 453
145 455
145 457
145 481
145 488
145 491
145 492
146 152
146 164
146 168
146 170
146 176
146 187
146 188
146 206
146 213
146 221
146 222
146 225
146 236
146 263
146 265
146 299
146 309
146 319
146 333
146 339
146 359
146 368
146 380
146 381
146 386
146 409
146 417
146 431
146 442
146 459
146 460
146 461
146 470
146 472
146 491
147 156
147 161
147 167
147 181
147 186
147 206
147 225
147 228
147 233
147 254
147 270
147 279
147 283
147 285
147 317
147 350
147 357
147 360
147 370
147 390
147 391
147 401
147 404
147 413
147 415
147 419
147 424
147 431
147 440
147 450
147 455
147 478
147 485
147 489
147 491
148 152
148 154
148 156
148 177
148 231
148 234
148 236
148 273
148 292
148 306
148 312
148 325
148 330
148 341
148 357
148 365
148 379
148 388
148 393
148 399
148 409
148 412
148 415
148 422
148 431
148 440
148 445
148 451
148 459
148 468
148 471
148 481
148 483
148 490
148 492
149 155
149 160
149 163
149 168
149 174
149 181
149 185
149 186
149 203
149 210
149 213
149 219
149 226
149 245
149 255
149 259
149 260
149 273
149 292
149 301
149 325
149 340
149 341
149 347
149 349
149 351
149 369
149 373
149 386
149 389
149 401
149 403
149 408
149 414
149 416
149 429
149 442
149 465
149 470
149 481
149 494
150 164
150 169
150 170
150 183
150 206
150 237
150 240
150 244
150 245
150 248
150 251
150 263
150 266
150 287
150 320
150 327
150 334
150 337
150 359
150 368
150 391
150 411
150 420
150 423
150 432
150 441
150 444
150 469
150 473
150 496
151 165
151 180
151 184
151 193
151 270
151 279
151 280
151 288
151 290
151 291
151 295
151 301
151 302
151 325
151 329
151 334
151 336
151 362
151 401
151 403
151 413
151 426
151 439
151 451
151 452
151 499
152 159
152 196
152 198
152 239
152 247
152 275
152 287
152 296
152 301
152 314
152 357
152 367
152 386
152 396
152 414
152 423
152 459
152 460
152 480
152 482
153 160
153 161
153 192
153 197
153 200
153 246
153 251
153 267
153 272
153 291
153 294
153 306
153 320
153 340
153 342
153 358
153 391
153 392
153 401
153 411
153 432
153 439
153 463
153 469
153 473
153 474
153 483
154 162
154 185
154 189
154 196
154 214
154 243
154 248
154 256
154 262
154 281
154 302
154 308
154 314
154 316
154 320
154 321
154 324
154 330
154 333
154 338
154 354
154 356
154 368
154 379
154 397
154 403
154 404
154 412
154 417
154 420
154 422
154 427
154 458
154 464
154 478
154 498
155 184
155 205
155 227
155 233
155 238
155 246
155 248
155 263
155 265
155 268
155 271
155 279
155 288
155 290
155 320
155 328
155 335
155 343
155 356
155 362
155 367
155 368
155 379
155 404
155 415
155 431
155 459
155 461
155 472
156 159
156 163
156 164
156 177
156 181
156 190
156 200
156 203
156 238
156 262
156 274
156 279
156 280
156 283
156 284
156 321
156 327
156 328
156 336
156 337
156 339
156 346
156 348
156 353
156 365
156 374
156 380
156 392
156 398
156 428
156 430
156 434
156 445
156 461
156 478
156 491
157 165
157 167
157 190
157 193
157 196
157 199
157 207
157 211
157 218
157 224
157 233
157 235
157 251
157 261
157 262
157 314
157 317
157 322
157 323
157 328
157 350
157 357
157 368
157 385
157 394
157 397
157 409
157 417
157 420
157 427
157 432
157 434
157 441
157 447
157 456
157 460
157 471
157 490
158 165
158 180
158 186
158 196
158 197
158 200
158 207
158 210
158 213
158 231
158 248
158 260
158 267
158 270
158 282
158 283
158 306
158 309
158 352
158 360
158 362
158 364
158 370
158 379
158 383
158 395
158 398
158 415
158 416
158 424
158 425
158 457
158 461
159 183
159 189
159 192
159 201
159 207
159 210
159 221
159 227
159 235
159 260
159 276
159 284
159 304
159 305
159 311
159 312
159 319
159 337
159 338
159 348
159 354
159 357
159 370
159 375
159 385
159 423
159 435
159 437
159 466
159 473
160 161
160 163
160 166
160 169
160 189
160 192
160 195
160 211
160 227
160 232
160 236
160 246
160 251
160 255
160 261
160 297
160 304
160 317
160 321
160 322
160 368
160 377
160 382
160 398
160 430
160 441
160 452
160 461
160 462
160 499
161 172
161 196
161 203
161 273
161 278
161 335
161 352
161 389
161 405
161 424
161 443
161 454
161 477
161 486
161 490
161 491
161 493
161 494
162 166
162 185
162 232
162 234
162 247
162 254
162 266
162 273
162 292
162 296
162 310
162 328
162 333
162 343
162 353
162 366
162 369
162 375
162 395
162 399
162 410
162 411
162 412
162 426
162 431
162 444
162 460
162 464
162 479
162 484
163 171
163 189
163 198
163 243
163 247
163 248
163 251
163 266
163 302
163 315
163 327
163 330
163 342
163 357
163 370
163 382
163 405
163 412
163 416
163 425
163 446
163 447
163 456
163 466
163 468
163 478
163 479
163 497
164 170
164 171
164 182
164 200
164 222
164 233
164 244
164 245
164 277
164 280
164 286
164 298
164 314
164 317
164 333
164 334
164 347
164 352
164 373
164 406
164 407
164 411
164 437
164 452
164 453
164 455
164 456
164 482
164 486
164 487
165 167
165 174
165 176
165 177
165 204
165 213
165 214
165 219
165 230
165 233
165 236
165 244
165 249
165 254
165 255
165 281
165 290
165 304
165 307
165 322
165 334
165 350
165 353
165 355
165 361
165 367
165 383
165 393
165 413
165 418
165 431
165 445
165 464
165 472
165 478
166 173
166 185
166 186
166 195
166 201
166 213
166 228
166 237
166 241
166 252
166 254
166 271
166 273
166 274
166 276
166 290
166 292
166 293
166 295
166 297
166 298
166 301
166 308
166 310
166 333
166 339
166 353
166 364
166 366
166 367
166 376
166 380
166 382
166 389
166 391
166 394
166 407
166 408
166 422
166 425
166 427
166 436
166 445
166 446
166 456
166 466
166 477
166 480
166 493
166 496
167 187
167 207
167 216
167 228
167 240
167 250
167 295
167 297
167 303
167 311
167 315
167 316
167 323
167 324
167 343
167 354
167 359
167 386
167 390
167 393
167 410
167 414
167 418
167 422
167 425
167 426
167 431
167 436
167 449
167 456
167 476
167 478
167 490
167 491
168 169
168 172
168 196
168 212
168 218
168 254
168 261
168 279
168 286
168 311
168 315
168 318
168 323
168 324
168 329
168 338
168 341
168 354
168 374
168 377
168 380
168 383
168 425
168 435
168 446
168 449
168 450
168 473
168 493
168 497
169 170
169 172
169 201
169 205
169 213
169 231
169 237
169 245
169 257
169 271
169 281
169 298
169 312
169 314
169 316
169 321
169 330
169 337
169 348
169 351
169 359
169 368
169 373
169 381
169 395
169 409
169 416
169 431
169 435
169 445
169 451
169 460
169 465
169 466
169 473
169 480
169 494
169 495
170 179
170 185
170 187
170 191
170 197
170 199
170 201
170 205
170 210
170 225
170 229
170 234
170 237
170 261
170 271
170 294
170 301
170 307
170 312
170 327
170 343
170 346
170 357
170 358
170 366
170 377
170 385
170 387
170 420
170 439
170 442
170 452
170 464
170 476
170 478
170 481
171 179
171 190
171 194
171 195
171 203
171 209
171 232
171 237
171 247
171 250
171 258
171 272
171 276
171 281
171 311
171 312
171 333
171 335
171 342
171 378
171 379
171 388
171 397
171 445
171 453
171 465
171 476
171 494
171 499
172 179
172 181
172 194
172 196
172 200
172 206
172 222
172 230
172 274
172 275
172 284
172 285
172 292
172 300
172 301
172 302
172 312
172 337
172 342
172 356
172 361
172 372
172 394
172 398
172 400
172 405
172 410
172 411
172 418
172 420
172 453
172 454
172 461
172 462
172 474
172 491
172 492
173 179
173 200
173 204
173 223
173 229
173 231
173 233
173 238
173 239
173 255
173 262
173 278
173 287
173 288
173 292
173 303
173 307
173 323
173 348
173 352
173 381
173 407
173 411
173 425
173 426
173 435
173 446
173 448
173 453
173 460
173 470
173 479
173 485
173 490
173 499
174 179
174 194
174 199
174 206
174 209
174 227
174 238
174 245
174 252
174 255
174 280
174 286
174 305
174 306
174 308
174 313
174 327
174 339
174 345
174 355
174 365
174 400
174 405
174 417
174 423
174 441
174 450
174 463
174 478
174 482
174 484
174 492
175 178
175 196
175 209
175 222
175 241
175 252
175 255
175 258
175 270
175 271
175 278
175 282
175 294
175 302
175 307
175 312
175 321
175 324
175 332
175 339
175 340
175 341
175 344
175 351
175 372
175 373
175 380
175 381
175 397
175 400
175 412
175 414
175 425
175 449
175 466
175 468
175 473
175 478
175 480
175 484
176 194
176 206
176 210
176 215
176 229
176 234
176 244
176 254
176 265
176 269
176 273
176 275
176 290
176 357
176 371
176 381
176 383
176 392
176 404
176 406
176 410
176 427
176 454
176 471
176 482
176 487
176 497
176 498
177 190
177 193
177 198
177 217
177 227
177 233
177 263
177 267
177 276
177 282
177 298
177 305
177 310
177 315
177 317
177 318
177 320
177 322
177 339
177 350
177 354
177 375
177 380
177 398
177 410
177 421
177 425
177 434
177 449
177 461
177 475
177 490
178 199
178 211
178 220
178 224
178 225
178 230
178 232
178 252
178 260
178 263
178 272
178 279
178 300
178 301
178 306
178 310
178 314
178 315
178 353
178 355
178 367
178 392
178 401
178 416
178 426
178 446
178 449
178 450
178 452
178 465
178 478
178 486
178 498
179 190
179 195
179 199
179 231
179 258
179 259
179 271
179 274
179 286
179 287
179 302
179 305
179 327
179 329
179 334
179 337
179 338
179 352
179 359
179 367
179 382
179 384
179 387
179 400
179 409
179 410
179 417
179 419
179 424
179 428
179 433
179 451
179 463
179 474
179 477
179 495
180 193
180 205
180 221
180 229
180 248
180 258
180 262
180 266
180 287
180 289
180 313
180 314
180 317
180 323
180 330
180 338
180 343
180 353
180 368
180 380
180 382
180 383
180 386
180 391
180 399
180 404
180 406
180 417
180 466
180 473
180 490
181 189
181 209
181 219
181 244
181 246
181 253
181 269
181 288
181 300
181 303
181 304
181 309
181 310
181 313
181 314
181 316
181 323
181 324
181 340
181 343
181 350
181 363
181 366
181 383
181 385
181 387
181 407
181 408
181 413
181 416
181 429
181 440
181 450
181 451
181 454
181 456
181 463
181 469
181 479
181 485
181 494
182 189
182 216
182 217
182 243
182 256
182 257
182 260
182 265
182 266
182 269
182 286
182 296
182 299
182 308
182 348
182 362
182 366
182 376
182 383
182 388
182 389
182 390
182 405
182 416
182 422
182 456
182 459
182 474
182 485
182 491
183 194
183 201
183 215
183 217
183 218
183 238
183 246
183 250
183 266
183 273
183 277
183 287
183 292
183 305
183 328
183 337
183 339
183 348
183 355
183 357
183 358
183 375
183 392
183 401
183 414
183 417
183 420
183 440
183 442
183 443
183 449
183 456
183 460
183 475
183 478
183 482
184 189
184 200
184 204
184 208
184 210
184 211
184 213
184 217
184 221
184 223
184 224
184 227
184 234
184 235
184 253
184 254
184 263
184 265
184 268
184 276
184 291
184 300
184 304
184 318
184 328
184 343
184 348
184 376
184 379
184 386
184 394
184 400
184 404
184 408
184 426
184 434
184 440
184 441
184 442
184 447
184 462
184 467
184 475
185 197
185 202
185 211
185 221
185 232
185 243
185 258
185 287
185 291
185 306
185 326
185 347
185 350
185 354
185 358
185 368
185 384
185 391
185 405
185 428
185 434
185 446
185 452
185 456
185 467
185 471
185 491
185 495
186 206
186 226
186 230
186 232
186 240
186 243
186 271
186 276
186 284
186 285
186 288
186 294
186 300
186 309
186 322
186 332
186 334
186 339
186 343
186 344
186 347
186 354
186 367
186 376
186 380
186 388
186 389
186 400
186 406
186 426
186 427
186 435
186 493
186 494
186 495
187 202
187 205
187 220
187 221
187 228
187 237
187 241
187 243
187 245
187 259
187 263
187 273
187 296
187 309
187 312
187 316
187 325
187 329
187 335
187 341
187 366
187 367
187 382
187 395
187 406
187 412
187 417
187 420
187 430
187 433
187 453
187 458
187 464
187 468
187 474
187 476
187 484
187 485
188 198
188 209
188 220
188 229
188 250
188 257
188 258
188 268
188 280
188 296
188 299
188 303
188 322
188 351
188 364
188 366
188 375
188 379
188 383
188 390
188 409
188 415
188 425
188 426
188 457
188 470
189 227
189 237
189 248
189 269
189 271
189 273
189 309
189 312
189 335
189 336
189 344
189 351
189 356
189 371
189 386
189 390
189 395
189 406
189 433
189 437
189 448
189 463
189 464
189 496
190 191
190 216
190 230
190 238
190 244
190 255
190 256
190 259
190 289
190 292
190 298
190 299
190 303
190 306
190 332
190 339
190 351
190 355
190 373
190 377
190 383
190 385
190 389
190 398
190 426
190 433
190 438
190 439
190 456
190 477
190 499
191 194
191 198
191 215
191 221
191 232
191 235
191 246
191 250
191 260
191 272
191 289
191 306
191 318
191 319
191 321
191 325
191 332
191 360
191 372
191 373
191 374
191 397
191 399
191 403
191 408
191 415
191 432
191 435
191 436
191 454
191 457
191 459
191 464
191 471
191 492
192 208
192 211
192 223
192 235
192 279
192 281
192 294
192 303
192 305
192 306
192 312
192 333
192 336
192 337
192 349
192 357
192 359
192 363
192 398
192 422
192 423
192 435
192 448
192 452
192 457
192 487
192 496
193 216
193 219
193 221
193 225
193 228
193 230
193 243
193 248
193 252
193 259
193 282
193 300
193 308
193 311
193 313
193 350
193 355
193 380
193 381
193 394
193 396
193 404
193 425
193 443
193 451
193 460
193 474
193 480
193 481
193 485
193 498
194 197
194 205
194 207
194 212
194 221
194 233
194 266
194 288
194 304
194 317
194 337
194 380
194 382
194 384
194 386
194 388
194 405
194 412
194 413
194 416
194 435
194 441
194 452
194 458
194 460
194 467
194 481
194 487
194 490
194 492
194 499
195 209
195 218
195 224
195 229
195 230
195 231
195 246
195 250
195 263
195 273
195 276
195 299
195 318
195 334
195 338
195 344
195 351
195 366
195 370
195 375
195 379
195 382
195 402
195 404
195 412
195 429
195 441
195 462
195 464
195 467
195 477
195 485
195 487
195 495
196 208
196 210
196 219
196 222
196 264
196 271
196 273
196 282
196 295
196 301
196 308
196 315
196 319
196 329
196 344
196 349
196 373
196 376
196 377
196 396
196 404
196 432
196 439
196 442
196 458
196 459
196 480
196 483
196 486
196 494
197 199
197 215
197 223
197 229
197 231
197 260
197 263
197 273
197 283
197 286
197 287
197 311
197 323
197 324
197 354
197 356
197 363
197 378
197 380
197 382
197 396
197 402
197 408
197 409
197 417
197 427
197 438
197 441
197 448
197 456
197 483
197 492
198 204
198 209
198 216
198 219
198 242
198 244
198 274
198 287
198 294
198 305
198 313
198 319
198 346
198 353
198 360
198 364
198 368
198 370
198 375
198 397
198 422
198 437
198 443
198 444
198 453
198 467
198 492
199 205
199 210
199 219
199 220
199 225
199 235
199 246
199 268
199 299
199 302
199 318
199 336
199 342
199 363
199 367
199 374
199 375
199 391
199 393
199 397
199 403
199 405
199 427
199 430
199 431
199 442
199 448
199 452
199 453
199 463
199 475
199 486
199 493
200 213
200 226
200 238
200 251
200 267
200 274
200 281
200 285
200 288
200 295
200 301
200 309
200 311
200 318
200 322
200 346
200 351
200 357
200 365
200 368
200 374
200 380
200 384
200 401
200 408
200 428
200 442
200 456
200 464
200 466
200 469
200 479
200 484
200 487
200 499
201 212
201 219
201 231
201 244
201 252
201 260
201 274
201 276
201 284
201 310
201 314
201 319
201 333
201 359
201 363
201 371
201 390
201 402
201 403
201 416
201 417
201 429
201 432
201 435
201 438
201 444
201 457
201 458
201 466
201 469
201 485
202 206
202 233
202 243
202 249
202 266
202 272
202 275
202 278
202 289
202 295
202 299
202 308
202 311
202 312
202 315
202 316
202 346
202 368
202 380
202 391
202 396
202 407
202 414
202 417
202 460
202 489
203 204
203 205
203 206
203 210
203 216
203 227
203 230
203 243
203 245
203 248
203 252
203 278
203 289
203 290
203 299
203 300
203 331
203 332
203 340
203 346
203 348
203 353
203 358
203 364
203 366
203 371
203 377
203 379
203 382
203 384
203 404
203 412
203 421
203 436
203 441
203 466
203 480
203 485
203 491
204 205
204 213
204 227
204 253
204 267
204 268
204 293
204 305
204 310
204 319
204 327
204 338
204 339
204 360
204 362
204 364
204 379
204 383
204 407
204 408
204 416
204 423
204 430
204 436
204 451
204 457
204 459
204 465
204 473
204 478
204 479
204 487
204 488
205 214
205 217
205 219
205 241
205 275
205 281
205 282
205 285
205 292
205 326
205 353
205 355
205 365
205 372
205 385
205 391
205 396
205 399
205 431
205 440
205 442
205 446
205 457
205 468
205 476
205 478
205 483
205 489
205 495
205 498
206 220
206 222
206 224
206 243
206 261
206 270
206 271
206 289
206 290
206 308
206 330
206 332
206 338
206 348
206 350
206 360
206 372
206 373
206 395
206 407
206 416
206 420
206 428
206 451
206 459
206 465
206 472
207 212
207 232
207 233
207 238
207 239
207 245
207 255
207 280
207 290
207 291
207 313
207 316
207 331
207 343
207 346
207 359
207 377
207 384
207 392
207 402
207 411
207 415
207 420
207 431
207 478
207 479
208 217
208 220
208 236
208 240
208 241
208 244
208 248
208 282
208 288
208 298
208 302
208 311
208 320
208 322
208 324
208 344
208 348
208 363
208 373
208 375
208 382
208 388
208 389
208 392
208 396
208 405
208 406
208 408
208 414
208 424
208 440
208 451
208 466
208 477
208 487
208 489
209 223
209 239
209 240
209 244
209 246
209 256
209 266
209 269
209 287
209 300
209 303
209 305
209 315
209 320
209 326
209 365
209 367
209 369
209 370
209 383
209 386
209 402
209 428
209 433
209 442
209 457
209 472
209 488
209 491
210 221
210 236
210 248
210 270
210 274
210 281
210 287
210 294
210 298
210 313
210 314
210 318
210 331
210 333
210 336
210 359
210 367
210 374
210 385
210 393
210 401
210 425
210 429
210 437
210 440
210 449
210 454
210 472
210 474
210 493
210 498
211 219
211 236
211 255
211 258
211 268
211 269
211 272
211 284
211 308
211 319
211 322
211 329
211 332
211 340
211 352
211 356
211 386
211 396
211 428
211 433
211 444
211 449
211 451
211 454
211 456
211 469
211 470
211 471
211 494
212 213
212 224
212 232
212 255
212 275
212 283
212 294
212 295
212 296
212 302
212 303
212 307
212 320
212 339
212 362
212 372
212 375
212 377
212 380
212 411
212 412
212 413
212 414
212 446
212 465
212 486
212 496
213 228
213 245
213 260
213 268
213 279
213 291
213 292
213 305
213 314
213 327
213 348
213 349
213 356
213 371
213 379
213 395
213 406
213 414
213 422
213 428
213 429
213 439
213 444
213 445
213 475
213 482
213 494
213 495
214 220
214 222
214 224
214 228
214 255
214 258
214 264
214 268
214 269
214 294
214 307
214 313
214 319
214 329
214 337
214 348
214 356
214 359
214 360
214 364
214 380
214 381
214 384
214 386
214 407
214 409
214 410
214 415
214 420
214 425
214 431
214 458
214 466
214 467
214 473
214 475
214 477
214 487
214 492
214 495
215 230
215 233
215 246
215 259
215 261
215 273
215 293
215 298
215 299
215 329
215 336
215 340
215 369
215 376
215 382
215 412
215 417
215 423
215 434
215 440
215 461
215 496
216 221
216 226
216 231
216 244
216 245
216 246
216 248
216 254
216 259
216 265
216 270
216 277
216 290
216 291
216 294
216 295
216 302
216 322
216 324
216 328
216 340
216 341
216 348
216 350
216 358
216 360
216 369
216 377
216 387
216 399
216 402
216 409
216 420
216 432
216 433
216 464
216 495
217 234
217 235
217 236
217 257
217 268
217 270
217 294
217 318
217 367
217 376
217 381
217 394
217 397
217 415
217 426
217 435
217 444
217 452
217 479
217 480
217 498
218 221
218 224
218 251
218 252
218 284
218 289
218 313
218 320
218 329
218 334
218 336
218 339
218 351
218 361
218 376
218 399
218 400
218 407
218 437
218 456
218 460
218 467
218 492
218 496
219 262
219 270
219 278
219 296
219 308
219 309
219 311
219 314
219 319
219 335
219 345
219 348
219 358
219 373
219 383
219 387
219 390
219 409
219 428
219 450
219 485
219 499
220 231
220 239
220 255
220 285
220 292
220 306
220 308
220 317
220 325
220 349
220 351
220 366
220 367
220 374
220 378
220 395
220 404
220 416
220 446
220 491
220 497
220 498
220 499
221 252
221 274
221 279
221 305
221 318
221 324
221 326
221 337
221 344
221 357
221 358
221 363
221 368
221 388
221 391
221 396
221 409
221 412
221 416
221 420
221 421
221 424
221 441
221 444
221 448
221 451
221 459
221 461
221 464
221 469
221 495
222 223
222 253
222 254
222 260
222 261
222 280
222 282
222 283
222 310
222 329
222 340
222 344
222 353
222 356
222 378
222 390
222 436
222 437
222 444
222 450
222 473
222 475
222 478
222 484
222 492
223 229
223 241
223 243
223 248
223 257
223 258
223 267
223 272
223 283
223 295
223 298
223 301
223 319
223 322
223 329
223 356
223 365
223 372
223 389
223 396
223 400
223 404
223 414
223 420
223 436
223 443
223 462
223 475
223 498
224 230
224 231
224 239
224 241
224 242
224 249
224 252
224 259
224 285
224 287
224 292
224 296
224 302
224 333
224 338
224 343
224 364
224 375
224 384
224 389
224 413
224 417
224 430
224 459
224 465
224 467
224 472
224 481
224 489
224 497
225 228
225 233
225 247
225 254
225 256
225 262
225 266
225 275
225 276
225 289
225 292
225 312
225 319
225 333
225 336
225 361
225 372
225 383
225 387
225 395
225 398
225 402
225 405
225 428
225 429
225 430
225 438
225 439
225 451
225 455
225 476
225 484
226 258
226 259
226 272
226 275
226 276
226 279
226 281
226 293
226 296
226 316
226 318
226 322
226 324
226 326
226 328
226 336
226 339
226 340
226 361
226 362
226 363
226 366
226 367
226 368
226 377
226 381
226 389
226 392
226 393
226 403
226 409
226 411
226 414
226 420
226 434
226 453
226 474
226 480
226 489
226 497
227 232
227 237
227 240
227 256
227 271
227 272
227 282
227 295
227 304
227 320
227 323
227 335
227 339
227 342
227 347
227 355
227 358
227 395
227 421
227 429
227 430
227 432
227 465
227 473
227 480
227 489
227 492
228 234
228 262
228 278
228 300
228 321
228 324
228 336
228 341
228 342
228 350
228 353
228 358
228 377
228 394
228 408
228 415
228 433
228 438
228 451
228 472
228 495
229 241
229 243
229 263
229 273
229 284
229 288
229 291
229 292
229 295
229 306
229 321
229 335
229 339
229 340
229 347
229 367
229 368
229 382
229 386
229 401
229 408
229 418
229 461
229 473
229 498
230 231
230 236
230 279
230 285
230 290
230 296
230 301
230 318
230 319
230 322
230 324
230 331
230 335
230 347
230 349
230 375
230 380
230 392
230 396
230 403
230 409
230 422
230 430
230 436
230 443
230 447
230 464
230 466
230 475
230 479
230 481
230 499
231 232
231 234
231 235
231 236
231 249
231 252
231 256
231 259
231 263
231 264
231 268
231 273
231 275
231 298
231 299
231 306
231 327
231 330
231 338
231 357
231 363
231 364
231 369
231 370
231 382
231 402
231 406
231 422
231 427
231 432
231 449
231 489
232 234
232 236
232 240
232 243
232 247
232 276
232 296
232 307
232 308
232 310
232 316
232 328
232 333
232 340
232 368
232 376
232 379
232 401
232 428
232 433
232 448
232 451
232 467
232 469
232 473
232 485
232 498
233 239
233 251
233 254
233 269
233 273
233 279
233 291
233 310
233 318
233 325
233 333
233 334
233 335
233 342
233 360
233 366
233 374
233 389
233 391
233 393
233 396
233 412
233 416
233 418
233 430
233 441
233 442
233 446
233 461
233 480
233 483
233 484
233 493
233 494
234 236
234 248
234 256
234 258
234 261
234 271
234 279
234 283
234 294
234 300
234 305
234 321
234 350
234 356
234 370
234 375
234 383
234 385
234 391
234 394
234 398
234 403
234 405
234 407
234 409
234 416
234 421
234 439
234 440
234 441
234 458
234 460
234 473
234 474
234 484
234 489
234 493
234 499
235 251
235 256
235 273
235 283
235 287
235 299
235 301
235 305
235 315
235 335
235 344
235 352
235 368
235 382
235 395
235 402
235 441
235 450
235 477
235 478
236 238
236 245
236 271
236 287
236 293
236 305
236 313
236 321
236 347
236 356
236 370
236 384
236 395
236 411
236 424
236 426
236 436
236 438
236 449
236 450
236 465
236 471
236 475
237 248
237 271
237 318
237 323
237 326
237 332
237 338
237 346
237 349
237 357
237 425
237 449
237 479
237 485
238 239
238 240
238 249
238 254
238 258
238 290
238 297
238 301
238 309
238 310
238 330
238 338
238 350
238 354
238 365
238 369
238 374
238 383
238 396
238 399
238 419
238 429
238 439
238 443
238 452
238 458
238 462
238 466
238 486
238 498
239 240
239 242
239 243
239 255
239 276
239 278
239 281
239 291
239 296
239 308
239 312
239 314
239 323
239 330
239 351
239 364
239 365
239 368
239 369
239 376
239 386
239 398
239 402
239 406
239 414
239 421
239 431
239 433
239 441
239 442
239 462
239 472
239 491
240 244
240 249
240 260
240 262
240 272
240 308
240 314
240 319
240 322
240 340
240 359
240 365
240 380
240 390
240 426
240 450
240 456
240 457
240 466
240 471
240 473
240 482
240 495
241 248
241 252
241 260
241 261
241 272
241 287
241 292
241 309
241 329
241 332
241 333
241 341
241 379
241 384
241 394
241 405
241 406
241 413
241 425
241 427
241 442
241 448
241 449
241 493
241 496
241 497
242 255
242 260
242 275
242 282
242 291
242 310
242 313
242 344
242 346
242 356
242 368
242 374
242 385
242 389
242 407
242 427
242 429
242 438
242 453
242 464
242 486
243 248
243 249
243 253
243 257
243 261
243 264
243 275
243 286
243 287
243 309
243 315
243 318
243 325
243 331
243 339
243 353
243 363
243 367
243 378
243 387
243 407
243 439
243 445
243 466
243 481
243 489
243 495
243 499
244 252
244 254
244 257
244 267
244 269
244 280
244 285
244 289
244 293
244 296
244 299
244 309
244 315
244 340
244 341
244 348
244 352
244 362
244 374
244 388
244 390
244 395
244 401
244 402
244 403
244 406
244 424
244 434
244 435
244 436
244 444
244 453
244 458
244 462
244 465
244 482
244 494
245 250
245 258
245 292
245 294
245 301
245 324
245 325
245 327
245 332
245 380
245 381
245 387
245 395
245 439
245 440
245 456
245 464
245 471
245 478
246 254
246 256
246 271
246 312
246 317
246 326
246 330
246 333
246 349
246 361
246 370
246 386
246 388
246 408
246 411
246 416
246 419
246 426
246 432
246 454
246 457
246 464
246 490
246 493
246 494
247 248
247 260
247 266
247 283
247 291
247 306
247 307
247 331
247 338
247 354
247 356
247 360
247 370
247 375
247 404
247 416
247 432
247 447
247 464
247 472
247 476
247 496
248 253
248 257
248 261
248 286
248 296
248 301
248 308
248 318
248 319
248 337
248 344
248 366
248 381
248 382
248 383
248 392
248 440
248 446
248 447
248 463
248 464
248 499
249 291
249 306
249 318
249 320
249 355
249 366
249 377
249 378
249 389
249 397
249 401
249 408
249 432
249 462
249 472
249 473
249 482
249 490
250 252
250 258
250 265
250 272
250 285
250 293
250 294
250 297
250 298
250 334
250 348
250 374
250 381
250 386
250 403
250 433
250 446
250 461
250 465
250 471
250 499
251 263
251 269
251 270
251 274
251 284
251 298
251 299
251 313
251 320
251 331
251 359
251 365
251 388
251 405
251 406
251 423
251 431
251 444
251 465
251 474
251 478
251 486
251 492
251 493
251 494
251 496
252 256
252 258
252 262
252 263
252 268
252 295
252 299
252 305
252 309
252 311
252 322
252 364
252 381
252 391
252 395
252 396
252 399
252 421
252 428
252 434
252 469
252 491
253 263
253 381
253 391
253 396
253 409
253 411
253 426
253 427
253 461
253 470
253 471
253 482
254 255
254 278
254 280
254 284
254 290
254 299
254 300
254 314
254 317
254 324
254 341
254 343
254 344
254 349
254 351
254 358
254 359
254 369
254 381
254 397
254 403
254 409
254 418
254 423
254 434
254 440
254 442
254 463
254 477
254 482
254 488
254 499
255 256
255 260
255 262
255 263
255 264
255 274
255 275
255 282
255 291
255 295
255 300
255 311
255 342
255 370
255 380
255 381
255 383
255 385
255 386
255 390
255 406
255 426
255 428
255 429
255 431
255 445
255 448
255 449
255 455
255 490
256 283
256 286
256 294
256 296
256 304
256 313
256 314
256 326
256 331
256 333
256 337
256 344
256 348
256 367
256 386
256 393
256 400
256 434
256 438
256 442
256 451
256 477
256 485
256 495
257 271
257 272
257 275
257 312
257 313
257 315
257 320
257 337
257 353
257 363
257 367
257 368
257 379
257 405
257 406
257 420
257 423
257 428
257 478
257 487
257 498
258 260
258 272
258 290
258 300
258 303
258 304
258 307
258 321
258 329
258 351
258 353
258 367
258 369
258 371
258 375
258 376
258 385
258 397
258 407
258 417
258 437
258 453
258 482
258 486
259 296
259 302
259 305
259 319
259 326
259 353
259 366
259 368
259 370
259 376
259 382
259 391
259 401
259 414
259 417
259 431
259 432
259 437
259 445
259 473
259 475
259 488
260 270
260 283
260 285
260 322
260 350
260 363
260 370
260 382
260 386
260 397
260 425
260 429
260 430
260 444
260 453
260 465
260 467
260 479
260 486
260 487
261 266
261 271
261 273
261 275
261 302
261 311
261 317
261 334
261 335
261 337
261 341
261 353
261 375
261 380
261 385
261 398
261 411
261 413
261 417
261 425
261 446
261 447
261 452
261 453
261 467
261 468
261 479
261 487
261 490
261 496
261 499
262 265
262 267
262 276
262 279
262 283
262 285
262 297
262 302
262 313
262 323
262 333
262 352
262 356
262 378
262 386
262 392
262 393
262 414
262 436
262 439
262 456
262 467
262 487
263 267
263 290
263 297
263 319
263 322
263 328
263 344
263 352
263 353
263 356
263 382
263 384
263 389
263 395
263 416
263 421
263 456
263 476
263 480
263 494
264 268
264 278
264 287
264 304
264 307
264 309
264 311
264 380
264 384
264 387
264 393
264 409
264 443
264 467
264 468
264 482
265 270
265 276
265 279
265 283
265 301
265 308
265 313
265 318
265 328
265 350
265 368
265 382
265 383
265 401
265 407
265 420
265 454
265 460
265 461
265 476
265 487
265 488
265 499
266 268
266 271
266 272
266 280
266 288
266 314
266 363
266 368
266 371
266 385
266 398
266 402
266 415
266 417
266 429
266 432
266 441
266 444
266 451
266 456
266 461
266 471
266 480
266 482
266 487
267 282
267 286
267 288
267 302
267 305
267 308
267 312
267 313
267 315
267 325
267 333
267 334
267 338
267 352
267 373
267 387
267 389
267 409
267 411
267 416
267 424
267 425
267 427
267 431
267 437
267 445
267 460
267 479
267 492
267 498
268 274
268 282
268 283
268 287
268 291
268 298
268 317
268 321
268 337
268 341
268 343
268 347
268 356
268 360
268 378
268 390
268 391
268 393
268 395
268 414
268 415
268 421
268 424
268 433
268 436
268 440
268 442
268 450
268 459
268 471
268 476
268 484
268 485
269 270
269 289
269 294
269 297
269 318
269 324
269 326
269 327
269 334
269 338
269 344
269 352
269 354
269 373
269 386
269 423
269 427
269 430
269 440
269 442
269 483
269 497
270 279
270 284
270 290
270 304
270 308
270 312
270 338
270 361
270 367
270 374
270 392
270 409
270 419
270 436
270 438
270 452
270 457
270 465
270 467
270 471
270 481
270 487
271 272
271 278
271 290
271 314
271 342
271 350
271 387
271 397
271 422
271 435
271 439
271 483
272 301
272 324
272 336
272 339
272 342
272 350
272 361
272 383
272 392
272 393
272 410
272 412
272 419
272 439
272 440
272 457
272 481
272 499
273 280
273 283
273 309
273 314
273 319
273 323
273 333
273 352
273 357
273 362
273 375
273 377
273 379
273 383
273 392
273 398
273 406
273 407
273 408
273 420
273 422
273 497
274 275
274 288
274 302
274 306
274 339
274 350
274 351
274 358
274 365
274 367
274 392
274 399
274 403
274 404
274 411
274 415
274 433
274 436
274 442
274 450
274 461
274 480
275 276
275 289
275 296
275 304
275 306
275 308
275 321
275 322
275 335
275 347
275 351
275 354
275 367
275 369
275 396
275 403
275 411
275 428
275 436
275 452
275 474
275 488
276 298
276 303
276 313
276 315
276 317
276 319
276 351
276 381
276 385
276 401
276 407
276 409
276 413
276 422
276 424
276 434
276 443
276 447
276 463
276 467
276 468
276 487
276 498
277 289
277 292
277 302
277 311
277 343
277 352
277 359
277 374
277 378
277 379
277 400
277 401
277 407
277 424
277 429
277 452
277 462
277 471
277 489
277 497
278 279
278 286
278 364
278 379
278 384
278 389
278 405
278 431
278 455
278 472
278 474
278 489
278 495
279 287
279 331
279 340
279 355
279 391
279 406
279 413
279 416
279 424
279 444
279 451
279 470
279 485
279 487
279 488
279 492
279 494
279 497
280 289
280 297
280 304
280 305
280 311
280 318
280 319
280 321
280 329
280 331
280 357
280 372
280 380
280 388
280 406
280 407
280 429
280 451
280 465
280 475
280 484
280 499
281 282
281 288
281 290
281 300
281 310
281 312
281 326
281 329
281 348
281 363
281 399
281 410
281 412
281 433
281 455
281 463
281 472
281 478
281 480
281 488
281 490
281 493
282 288
282 307
282 325
282 345
282 348
282 368
282 385
282 389
282 397
282 398
282 413
282 417
282 436
282 439
282 449
282 451
282 459
282 462
282 470
282 474
282 477
282 488
282 497
283 284
283 287
283 291
283 296
283 314
283 315
283 323
283 337
283 339
283 364
283 365
283 373
283 377
283 381
283 387
283 388
283 404
283 414
283 432
283 433
283 464
283 469
283 473
283 477
283 499
284 294
284 297
284 317
284 334
284 335
284 339
284 347
284 354
284 367
284 386
284 388
284 393
284 403
284 409
284 417
284 431
284 463
284 472
284 478
284 481
284 491
285 314
285 328
285 351
285 356
285 358
285 366
285 369
285 381
285 390
285 395
285 407
285 409
285 416
285 435
285 438
285 447
285 451
285 454
285 460
285 488
285 492
285 495
286 293
286 299
286 301
286 316
286 326
286 332
286 350
286 367
286 369
286 374
286 395
286 424
286 425
286 439
286 441
286 452
286 494
287 317
287 318
287 327
287 334
287 342
287 360
287 361
287 368
287 397
287 401
287 403
287 414
287 437
287 450
287 452
287 466
287 470
287 479
288 289
288 298
288 315
288 322
288 333
288 364
288 368
288 374
288 375
288 377
288 383
288 385
288 404
288 410
288 427
288 428
288 429
288 430
288 435
288 441
288 452
288 463
288 466
288 475
288 484
288 485
289 305
289 306
289 311
289 318
289 320
289 328
289 351
289 365
289 397
289 411
289 421
289 427
289 428
289 436
289 441
289 445
289 449
289 451
289 453
289 454
289 481
289 482
289 483
290 309
290 310
290 323
290 334
290 340
290 355
290 360
290 371
290 372
290 391
290 413
290 448
290 458
290 462
290 465
290 467
290 472
290 485
290 489
291 292
291 304
291 307
291 311
291 317
291 328
291 359
291 369
291 373
291 374
291 376
291 378
291 391
291 402
291 421
291 425
291 428
291 439
291 440
291 442
291 447
291 452
291 453
291 455
292 298
292 333
292 338
292 339
292 358
292 359
292 378
292 382
292 400
292 408
292 420
292 447
292 450
292 451
292 463
292 465
292 470
292 476
292 478
292 485
292 487
292 492
292 497
293 320
293 334
293 343
293 344
293 364
293 365
293 390
293 392
293 411
293 428
293 435
293 461
293 465
293 471
293 475
293 487
294 299
294 305
294 307
294 315
294 353
294 355
294 357
294 362
294 371
294 402
294 418
294 431
294 436
294 438
294 442
294 448
294 451
294 457
294 458
294 472
294 480
294 496
295 301
295 313
295 323
295 332
295 340
295 354
295 362
295 369
295 373
295 383
295 386
295 387
295 395
295 399
295 412
295 413
295 416
295 420
295 440
295 448
295 466
295 469
295 471
295 474
295 479
295 482
295 495
296 298
296 327
296 357
296 360
296 373
296 374
296 375
296 379
296 394
296 401
296 411
296 423
296 431
296 447
296 449
296 463
296 485
296 494
297 309
297 320
297 350
297 351
297 355
297 366
297 394
297 403
297 411
297 416
297 428
297 441
297 447
297 450
297 457
297 484
297 485
298 315
298 318
298 323
298 334
298 336
298 342
298 352
298 366
298 367
298 372
298 386
298 390
298 399
298 408
298 416
298 419
298 427
298 429
298 434
298 445
298 456
298 461
298 466
298 478
299 307
299 316
299 320
299 329
299 346
299 347
299 356
299 360
299 369
299 382
299 391
299 411
299 432
299 434
299 439
299 443
299 447
299 455
299 462
299 464
299 466
299 494
300 306
300 314
300 316
300 337
300 338
300 356
300 364
300 368
300 379
300 385
300 388
300 390
300 395
300 396
300 418
300 438
300 462
300 467
300 473
300 484
300 487
300 491
300 497
301 311
301 316
301 355
301 360
301 366
301 369
301 370
301 372
301 388
301 402
301 410
301 411
301 414
301 416
301 438
301 443
301 467
301 484
301 487
302 309
302 328
302 336
302 366
302 370
302 378
302 388
302 390
302 401
302 412
302 418
302 419
302 424
302 428
302 435
302 439
302 446
302 467
302 478
302 481
302 484
302 494
303 313
303 319
303 324
303 327
303 333
303 341
303 346
303 375
303 400
303 404
303 407
303 411
303 414
303 424
303 429
303 437
303 438
303 456
303 459
303 464
303 473
303 494
304 326
304 332
304 347
304 350
304 395
304 396
304 430
304 434
304 444
304 454
304 476
304 489
304 492
304 496
305 319
305 322
305 338
305 340
305 341
305 343
305 355
305 363
305 364
305 368
305 371
305 375
305 378
305 392
305 400
305 401
305 409
305 423
305 437
305 446
305 457
305 463
305 480
305 485
305 486
305 487
305 494
306 324
306 325
306 374
306 389
306 395
306 396
306 401
306 415
306 420
306 422
306 424
306 427
306 457
306 471
306 496
307 312
307 313
307 317
307 331
307 336
307 338
307 352
307 376
307 385
307 400
307 405
307 418
307 419
307 431
307 446
307 465
307 473
307 475
307 482
307 489
307 493
307 494
307 498
308 317
308 320
308 332
308 336
308 347
308 352
308 361
308 379
308 390
308 399
308 401
308 406
308 424
308 441
308 445
308 464
308 477
308 485
309 325
309 361
309 362
309 366
309 380
309 393
309 395
309 408
309 423
309 432
309 434
309 446
309 454
309 462
309 468
309 477
309 482
309 490
310 311
310 312
310 314
310 322
310 341
310 342
310 348
310 353
310 359
310 363
310 383
310 390
310 402
310 404
310 406
310 412
310 431
310 434
310 441
311 333
311 339
311 358
311 364
311 380
311 401
311 404
311 418
311 425
311 434
311 441
311 447
311 450
311 459
311 464
311 475
311 479
311 497
312 316
312 317
312 321
312 328
312 351
312 379
312 401
312 408
312 427
312 433
312 434
312 436
312 444
312 489
313 315
313 326
313 330
313 350
313 373
313 378
313 391
313 400
313 404
313 405
313 407
313 413
313 420
313 447
313 463
313 466
313 475
313 489
313 490
313 491
313 495
313 497
314 328
314 329
314 343
314 347
314 352
314 358
314 359
314 384
314 399
314 402
314 409
314 411
314 429
314 448
314 450
314 454
314 463
314 473
314 477
314 480
315 316
315 318
315 323
315 325
315 331
315 335
315 343
315 345
315 351
315 364
315 367
315 369
315 392
315 410
315 412
315 413
315 417
315 422
315 427
315 433
315 436
315 462
315 474
315 481
316 317
316 328
316 339
316 342
316 345
316 362
316 369
316 371
316 400
316 405
316 409
316 416
316 426
316 434
316 437
316 452
316 469
316 488
317 323
317 350
317 363
317 366
317 372
317 377
317 380
317 381
317 386
317 391
317 400
317 402
317 403
317 404
317 411
317 423
317 424
317 429
317 430
317 431
317 451
317 453
317 462
317 473
317 478
317 499
318 323
318 332
318 334
318 342
318 350
318 361
318 363
318 368
318 372
318 388
318 391
318 395
318 420
318 431
318 439
318 440
318 464
318 486
318 492
319 360
319 364
319 378
319 385
319 396
319 456
319 474
319 477
319 483
320 337
320 348
320 360
320 363
320 401
320 409
320 441
320 448
320 452
320 461
320 463
320 466
320 483
320 485
320 495
321 335
321 354
321 357
321 363
321 374
321 376
321 378
321 382
321 388
321 407
321 419
321 424
321 455
321 462
321 476
321 489
322 325
322 336
322 354
322 356
322 386
322 395
322 396
322 401
322 406
322 415
322 451
322 472
322 489
322 490
322 493
323 324
323 333
323 336
323 348
323 358
323 372
323 375
323 407
323 410
323 426
323 444
323 448
323 460
323 461
323 475
323 487
324 338
324 340
324 346
324 370
324 379
324 383
324 391
324 398
324 399
324 414
324 420
324 437
324 439
324 440
324 463
324 465
324 468
324 497
325 337
325 345
325 357
325 364
325 370
325 385
325 402
325 408
325 411
325 418
325 429
325 463
325 464
325 471
325 482
326 332
326 333
326 352
326 355
326 361
326 364
326 382
326 383
326 384
326 388
326 397
326 398
326 407
326 408
326 413
326 429
326 439
326 442
326 443
326 447
326 471
326 476
326 480
326 485
326 486
326 488
327 337
327 351
327 355
327 374
327 377
327 378
327 380
327 392
327 400
327 420
327 422
327 425
327 429
327 434
327 445
327 448
327 450
327 461
327 462
327 464
327 471
327 477
327 488
328 406
328 411
328 422
328 429
328 438
328 468
328 473
328 479
328 482
328 487
328 491
328 494
329 354
329 355
329 376
329 393
329 402
329 411
329 419
329 422
329 423
329 428
329 446
329 451
329 474
330 336
330 341
330 349
330 364
330 373
330 387
330 389
330 414
330 421
330 429
330 432
330 454
330 462
330 476
330 479
330 488
330 495
330 499
331 387
331 434
331 444
331 446
331 459
331 464
331 481
331 488
331 491
332 335
332 341
332 353
332 369
332 373
332 374
332 382
332 384
332 393
332 398
332 401
332 413
332 431
332 432
332 456
332 461
332 474
332 483
333 338
333 344
333 350
333 363
333 377
333 391
333 401
333 406
333 412
333 416
333 443
333 450
333 454
333 467
333 484
333 487
333 489
333 496
333 497
334 335
334 339
334 340
334 341
334 346
334 349
334 380
334 384
334 392
334 393
334 399
334 404
334 410
334 420
334 438
334 441
334 443
334 448
334 449
334 457
334 459
334 470
334 483
334 487
334 488
334 497
335 348
335 352
335 358
335 372
335 378
335 379
335 383
335 393
335 395
335 407
335 414
335 427
335 466
335 470
335 485
335 494
336 357
336 366
336 384
336 398
336 413
336 415
336 424
336 425
336 428
336 433
336 434
336 438
336 450
336 456
336 472
336 474
336 495
337 339
337 347
337 368
337 381
337 407
337 408
337 413
337 417
337 434
337 443
337 449
337 458
337 459
337 460
337 466
337 484
337 498
338 343
338 352
338 368
338 370
338 391
338 395
338 396
338 404
338 409
338 411
338 412
338 419
338 426
338 443
338 453
338 459
338 473
338 495
338 499
339 345
339 364
339 378
339 379
339 381
339 387
339 404
339 409
339 411
339 414
339 433
339 435
339 440
339 464
339 475
339 482
339 487
339 499
340 343
340 346
340 354
340 366
340 398
340 424
340 431
340 449
340 453
340 488
341 356
341 359
341 363
341 375
341 381
341 391
341 393
341 396
341 404
341 421
341 431
341 440
341 441
341 447
341 460
342 344
342 347
342 350
342 355
342 358
342 360
342 396
342 408
342 424
342 427
342 441
342 460
342 475
342 480
343 374
343 378
343 395
343 398
343 408
343 421
343 424
343 437
343 447
343 448
343 460
343 476
344 347
344 367
344 370
344 371
344 372
344 415
344 426
344 434
344 435
344 483
345 346
345 350
345 359
345 378
345 380
345 381
345 383
345 385
345 389
345 397
345 399
345 402
345 404
345 405
345 407
345 415
345 436
345 445
345 462
345 464
345 490
345 492
345 496
345 498
345 499
346 350
346 363
346 368
346 371
346 373
346 381
346 385
346 392
346 396
346 403
346 407
346 422
346 439
346 453
346 457
346 478
346 479
346 480
346 482
346 483
346 490
346 491
347 357
347 364
347 366
347 372
347 382
347 391
347 392
347 407
347 419
347 429
347 461
347 462
347 474
347 494
347 495
348 354
348 366
348 373
348 379
348 384
348 386
348 414
348 432
348 438
348 450
348 457
349 357
349 364
349 372
349 383
349 389
349 414
349 426
349 437
349 438
349 447
349 448
349 458
349 466
349 475
349 484
349 497
350 359
350 366
350 367
350 373
350 375
350 382
350 390
350 412
350 426
350 459
350 486
350 487
350 488
350 494
350 497
351 371
351 378
351 379
351 387
351 389
351 397
351 399
351 409
351 433
351 448
351 449
351 452
351 489
352 355
352 358
352 371
352 372
352 378
352 384
352 394
352 401
352 406
352 407
352 431
352 443
352 463
352 464
352 468
352 479
352 488
352 493
352 498
352 499
353 354
353 366
353 380
353 381
353 418
353 451
353 464
353 499
354 362
354 374
354 404
354 406
354 407
354 410
354 422
354 444
354 445
354 459
354 487
355 362
355 398
355 405
355 418
355 420
355 438
355 443
355 464
355 471
355 496
355 497
356 360
356 387
356 390
356 401
356 410
356 414
356 418
356 420
356 436
356 440
356 453
356 459
356 466
356 467
356 470
356 497
357 358
357 363
357 371
357 376
357 377
357 414
357 417
357 428
357 430
357 433
357 440
357 454
357 457
357 462
357 463
357 466
357 481
358 374
358 385
358 389
358 391
358 421
358 438
358 452
358 454
358 458
358 460
358 466
358 467
358 472
358 484
359 360
359 363
359 371
359 375
359 381
359 390
359 400
359 411
359 425
359 426
359 431
359 439
359 440
359 451
359 462
359 498
360 387
360 396
360 405
360 451
360 457
360 475
360 480
360 491
360 499
361 364
361 369
361 397
361 414
361 440
361 441
361 457
361 465
361 480
361 490
361 493
361 499
362 368
362 385
362 402
362 404
362 411
362 414
362 433
362 437
362 463
362 483
362 487
362 489
363 414
363 439
363 444
363 492
364 371
364 377
364 379
364 381
364 389
364 392
364 401
364 409
364 411
364 431
364 469
364 479
364 487
364 492
364 494
365 368
365 377
365 385
365 386
365 409
365 410
365 418
365 419
365 432
365 439
365 447
365 480
366 382
366 385
366 386
366 405
366 410
366 432
366 436
366 446
366 450
366 460
366 468
366 483
367 368
367 370
367 376
367 378
367 390
367 402
367 413
367 420
367 422
367 427
367 462
367 468
367 473
367 493
367 499
368 369
368 372
368 375
368 381
368 388
368 392
368 401
368 413
368 424
368 428
368 455
368 478
368 481
368 493
368 495
368 496
369 387
369 389
369 403
369 411
369 421
369 428
369 461
369 464
369 471
369 475
369 482
369 498
370 374
370 380
370 414
370 415
370 416
370 457
370 470
370 473
370 474
370 479
370 480
370 492
370 498
371 378
371 391
371 412
371 421
371 426
371 437
371 447
371 460
371 462
371 472
371 477
371 481
371 483
371 485
371 492
371 493
371 494
371 496
372 375
372 381
372 386
372 411
372 415
372 419
372 424
372 446
372 454
372 461
372 466
372 469
372 483
372 493
372 498
373 383
373 391
373 395
373 408
373 438
373 440
373 463
373 470
373 477
373 488
374 386
374 410
374 413
374 454
374 468
374 470
374 472
374 473
374 478
374 482
374 483
374 499
375 385
375 389
375 391
375 394
375 398
375 402
375 410
375 411
375 413
375 436
375 487
375 497
376 377
376 392
376 425
376 443
376 453
376 456
376 474
376 479
376 485
377 378
377 385
377 400
377 426
377 442
377 457
377 458
377 463
377 464
377 465
377 471
377 480
377 481
377 494
377 496
378 401
378 404
378 409
378 417
378 436
378 485
378 492
379 409
379 418
379 435
379 460
379 470
379 471
379 475
379 481
379 489
380 381
380 386
380 407
380 418
380 419
380 420
380 424
380 437
380 438
380 445
380 448
380 454
380 463
380 464
380 465
380 468
380 477
380 479
380 482
380 492
380 495
381 385
381 421
381 428
381 436
381 442
381 443
381 446
381 458
381 462
381 465
381 477
381 487
382 384
382 398
382 402
382 403
382 420
382 421
382 428
382 433
382 458
382 464
382 479
382 493
382 499
383 404
383 438
383 442
383 446
383 448
383 459
383 470
383 484
383 497
384 396
384 416
384 417
384 432
384 446
384 459
384 460
384 465
385 389
385 391
385 398
385 399
385 424
385 435
385 436
385 442
385 463
385 471
385 472
385 488
386 388
386 416
386 451
386 457
386 474
386 482
386 484
386 494
387 390
387 393
387 395
387 407
387 421
387 431
387 432
387 437
387 452
387 454
387 463
387 473
387 474
387 477
388 392
388 413
388 418
388 420
388 428
388 441
388 444
388 455
388 458
388 489
389 390
389 394
389 399
389 403
389 407
389 408
389 411
389 430
389 443
389 461
389 462
389 465
389 470
389 487
389 495
389 497
390 400
390 408
390 410
390 414
390 428
390 431
390 444
390 452
390 468
390 470
390 487
390 488
391 401
391 403
391 427
391 432
391 471
391 475
391 495
392 405
392 410
392 423
392 440
392 460
392 467
392 468
392 475
392 482
392 487
392 488
392 491
393 396
393 402
393 414
393 436
393 444
393 446
393 452
393 456
393 461
393 469
393 480
393 482
393 483
393 489
393 499
394 395
394 397
394 398
394 413
394 448
394 463
394 464
394 467
394 470
394 473
394 490
394 493
395 439
395 452
395 460
395 461
395 469
395 471
395 472
395 473
395 478
395 488
396 436
396 453
396 474
396 479
396 482
396 491
396 499
397 424
397 427
397 442
397 459
397 460
397 461
397 470
397 498
398 399
398 407
398 408
398 410
398 417
398 419
398 433
398 434
398 448
398 456
398 458
398 484
398 497
399 402
399 406
399 431
399 433
399 438
399 446
399 449
399 450
399 451
399 458
399 459
399 460
399 478
399 479
399 484
399 485
399 486
399 490
400 405
400 418
400 430
400 435
400 436
400 443
400 451
400 454
400 466
400 468
400 485
400 494
400 496
401 406
401 410
401 416
401 422
401 426
401 459
401 462
401 473
401 491
402 412
402 413
402 417
402 426
402 452
402 453
402 458
402 471
402 488
402 498
403 409
403 420
403 429
403 451
403 452
403 455
403 468
403 478
403 481
403 484
403 493
404 405
404 407
404 419
404 421
404 436
404 439
404 444
404 460
404 469
404 470
404 483
404 486
404 491
404 493
405 414
405 437
405 441
405 442
405 444
405 446
405 447
405 448
405 452
405 470
405 471
405 479
405 494
405 496
406 407
406 415
406 430
406 433
406 437
406 453
406 467
406 474
406 477
406 487
407 414
407 424
407 428
407 429
407 435
407 440
407 454
407 459
407 465
407 479
407 490
408 427
408 439
408 458
408 467
408 469
408 497
409 430
409 439
409 441
409 472
409 473
409 478
409 487
409 492
409 495
410 414
410 444
410 463
410 468
410 471
410 474
410 491
410 499
411 414
411 425
411 432
411 435
411 439
411 445
411 469
411 475
411 488
411 491
412 416
412 426
412 433
412 439
412 445
412 448
412 469
412 488
412 490
413 420
413 423
413 427
413 429
413 431
413 434
413 445
413 452
413 456
413 486
413 489
413 497
414 429
414 437
414 442
414 451
414 460
414 463
414 484
414 494
415 422
415 434
415 461
415 469
415 474
415 477
415 495
416 419
416 428
416 431
416 444
416 446
416 476
417 437
417 438
417 453
417 454
417 472
417 476
417 494
418 421
418 424
418 426
418 433
418 436
418 451
418 459
418 470
418 478
418 480
418 485
418 490
418 491
418 498
418 499
419 439
419 471
419 477
419 485
420 453
420 459
420 469
420 472
420 485
420 492
421 430
421 434
421 440
421 452
421 453
421 471
421 486
421 493
422 428
422 454
422 456
422 460
422 461
422 476
422 489
422 491
423 433
423 437
423 442
423 445
423 451
423 452
423 456
423 460
423 475
423 477
423 487
423 496
424 426
424 438
424 457
424 458
424 463
424 473
424 481
424 490
424 493
425 431
425 437
425 449
425 455
425 461
425 462
425 466
425 492
425 497
426 434
426 448
426 466
426 467
426 471
426 478
426 498
427 428
427 431
427 443
427 449
427 450
427 454
427 463
427 469
427 471
427 473
427 484
427 496
427 497
428 430
428 452
428 475
428 479
429 452
429 453
429 462
429 466
429 479
429 481
429 489
430 434
430 439
430 443
430 445
430 452
430 457
430 475
430 479
430 482
430 485
431 442
431 462
431 481
431 484
431 491
432 443
432 447
432 467
432 474
432 484
433 434
433 456
433 475
433 499
434 444
434 450
434 455
434 461
434 471
434 483
434 484
435 436
435 449
435 451
435 454
435 458
435 481
435 493
436 438
436 467
436 496
437 462
437 471
437 476
437 485
438 442
438 444
438 446
438 447
438 453
438 454
439 450
439 453
439 455
439 466
439 470
439 481
439 484
439 494
440 458
440 464
440 468
440 477
441 444
441 460
441 465
441 498
442 456
442 490
443 445
443 447
443 472
443 474
443 476
443 487
444 470
444 481
444 497
445 460
445 469
445 497
446 488
447 460
447 461
447 478
447 479
447 483
447 484
447 486
448 451
448 485
448 495
448 497
449 457
449 461
449 474
449 476
449 489
449 492
450 454
450 472
450 475
450 476
451 456
451 462
451 466
452 471
452 473
452 480
452 483
452 489
452 495
453 471
453 473
453 474
453 487
454 459
454 466
454 468
454 483
454 498
455 467
455 479
456 462
456 465
456 475
456 485
457 466
457 468
457 490
457 498
458 461
458 465
458 486
459 471
459 479
459 493
459 497
460 467
460 471
460 486
460 488
462 473
462 475
462 485
462 497
463 465
463 484
464 467
465 466
465 471
465 481
465 482
465 494
466 474
466 493
466 496
468 496
469 475
469 490
469 492
470 481
470 493
471 475
471 489
472 477
472 483
472 490
472 496
472 498
473 481
473 493
474 489
474 491
474 492
474 493
475 488
476 477
476 479
476 482
477 483
477 485
478 493
478 496
479 484
480 495
481 488
482 492
482 498
483 485
483 491
484 494
485 493
485 494
485 498
486 487
486 489
486 490
486 491
488 497
488 499
494 499
495 499
76 197 261 85 252 306 342 155 321 41 223 96 481 467 174 237 191 202 368 294 451 118 169 423 284 171 161 357 19 426 396 101 170 277 121 314 447 164 58 472 8 178 153 359 108 148 142 11 256 470 395 455 3 334 228 436 71 424 168 304 257 1 167 81 432 78 349 66 137 39 375 425 192 297 322
44 486 113 489 233 98 288 35 210 26 195 416 355 366 217 466 219 449 12 156 14 116 283 464 16 13 457 427 307 139 474 303 65 93 0 119 289 329 337 299 420 90 496 38 162 400 398 290 211 444 232 485 387 145 446 331 265 88 270 282 249 91 454 392 53 410 214 250 260 374 389 40 17 445 109
82 33 379 255 48 115 208 498 149 180 263 462 378 128 315 421 364 236 129 54 328 194 465 327 127 163 412 188 61 497 308 428 352 49 336 198 189 347 469 478 494 258 22 397 411 59 468 280 47 75 241 323 350 405 333 417 343 452 419 230 15 413 143 279 140 434 56 479 358 278 367 406 130 399 316
37 458 123 185 7 141 151 86 173 422 373 102 68 73 318 298 240 491 133 165 401 196 351 72 275 27 344 77 206 484 64 179 10 408 147 295 248 32 79 271 391 215 220 204 407 490 264 346 372 201 402 340 231 338 242 440 286 160 371 63 480 443 97 21 227 18 269 305 335 190 25 450 110 268 369
463 483 393 317 487 20 235 24 324 134 184 262 69 87 4 42 361 94 388 459 57 251 460 493 418 186 431 441 300 309 45 492 120 150 362 183 246 112 111 245 437 80 482 394 311 152 254 320 176 430 60 287 23 414 146 442 253 377 135 339 403 438 353 382 181 158 99 302 107 461 495 476 95 29 238
310 360 384 125 332 212 365 221 473 83 385 131 234 159 213 259 154 243 313 43 126 370 435 456 187 105 376 381 383 499 84 415 114 28 345 247 6 216 9 273 74 224 239 274 330 51 390 319 356 46 177 439 30 5 157 122 2 225 429 193 293 229 292 132 296 409 62 144 341 386 488 136 244 207 348
70 203 325 301 312 272 477 67 363 124 175 205 276 34 226 100 291 380 354 89 106 166 172 266 475 199 222 182 138 471 209 104 218 103 267 36 52 31 50 285 117 92 200 448 281 433 404 326 453 55
