50
249
10
65
19
17
29
56
23
9
44
5
33
0 4
0 7
0 15
0 23
0 28
0 31
0 34
0 37
0 38
0 42
0 43
0 46
1 3
1 6
1 7
1 18
1 20
1 37
1 38
1 41
2 4
2 13
2 29
2 31
2 41
2 47
3 6
3 7
3 8
3 11
3 13
3 16
3 17
3 23
3 24
3 25
3 28
3 31
3 36
4 9
4 13
4 15
4 20
4 21
4 23
4 26
4 27
4 28
4 33
4 35
4 36
4 43
4 49
5 6
5 12
5 18
5 25
5 32
5 36
5 40
5 42
5 44
5 49
6 15
6 22
6 27
6 31
6 33
6 40
6 49
7 9
7 12
7 14
7 16
7 18
7 19
7 21
7 25
7 34
7 36
7 44
7 48
8 11
8 12
8 17
8 23
8 28
8 48
9 10
9 17
9 37
9 44
10 11
10 14
10 20
10 21
10 22
10 24
10 26
10 27
10 32
10 34
10 35
10 43
10 44
10 46
10 48
11 17
11 20
11 37
11 39
11 44
12 14
12 20
12 24
12 35
12 36
13 16
13 19
13 36
13 38
13 39
13 43
13 46
14 16
14 18
14 28
14 32
14 33
14 47
15 35
15 39
15 42
15 46
15 48
16 19
16 21
16 22
16 23
16 34
16 39
16 41
17 18
17 22
17 23
17 36
17 37
17 39
17 42
17 43
18 19
18 37
19 25
19 32
19 34
19 36
19 40
19 44
19 47
20 22
20 27
20 34
20 44
20 46
20 47
20 49
21 23
21 25
21 26
21 31
21 33
21 35
21 40
21 43
21 44
21 47
21 49
22 28
22 35
22 40
22 43
23 30
23 37
23 41
23 45
23 47
24 26
24 38
24 41
24 46
24 48
25 31
25 32
25 38
25 42
25 43
25 44
25 45
25 48
26 30
26 47
27 29
27 31
27 34
27 37
27 38
27 39
27 43
28 32
28 40
28 42
28 45
29 32
29 33
29 34
29 41
29 47
30 43
30 48
30 49
31 36
31 41
31 47
31 49
32 35
33 39
33 40
33 41
33 47
33 49
34 38
34 40
35 37
35 46
35 48
36 38
36 39
36 46
37 38
37 40
37 48
38 41
39 44
40 46
40 48
41 45
42 44
42 47
46 47
34 47 20 17 32
6 15 11 43 39
18 23 29 45 9
48 19 30 37 4
25 1 41 5 27
46 31 13 16 40
35 33 21 8 26
12 10 7 2 44
28 22 38 49 36
3 42 0 14 24
