50
567
5
61
28
85
26
54
0 2
0 3
0 5
0 9
0 11
0 14
0 15
0 16
0 27
0 29
0 31
0 33
0 35
0 41
0 42
0 46
0 47
0 48
0 49
1 2
1 3
1 5
1 7
1 9
1 13
1 16
1 18
1 21
1 24
1 26
1 29
1 31
1 32
1 36
1 37
1 43
1 47
1 48
1 49
2 6
2 12
2 13
2 15
2 20
2 22
2 23
2 24
2 25
2 37
2 39
2 41
2 42
2 43
2 45
2 46
2 47
2 48
3 4
3 5
3 8
3 10
3 11
3 12
3 13
3 14
3 16
3 18
3 19
3 22
3 23
3 24
3 25
3 28
3 30
3 33
3 35
3 41
3 42
3 44
3 46
3 49
4 6
4 8
4 13
4 15
4 16
4 20
4 22
4 25
4 27
4 30
4 32
4 33
4 35
4 37
4 38
4 39
4 40
4 42
4 43
4 45
4 48
5 11
5 15
5 18
5 19
5 20
5 21
5 22
5 23
5 24
5 26
5 27
5 28
5 30
5 31
5 32
5 33
5 35
5 44
5 47
6 8
6 9
6 12
6 13
6 15
6 17
6 23
6 27
6 29
6 32
6 33
6 39
6 41
6 44
6 46
6 49
7 11
7 12
7 15
7 18
7 20
7 21
7 26
7 29
7 30
7 31
7 34
7 36
7 38
7 39
7 41
7 44
7 45
8 9
8 13
8 14
8 15
8 16
8 17
8 18
8 22
8 25
8 28
8 30
8 31
8 32
8 34
8 36
8 37
8 39
8 43
8 44
8 46
8 47
8 49
9 10
9 13
9 16
9 18
9 20
9 22
9 23
9 25
9 27
9 29
9 38
9 40
9 41
9 42
9 43
9 44
9 46
9 47
9 49
10 11
10 13
10 14
10 16
10 17
10 19
10 25
10 27
10 32
10 33
10 37
10 38
10 39
10 41
10 43
10 44
10 45
10 46
10 49
11 14
11 16
11 17
11 21
11 22
11 23
11 27
11 28
11 30
11 32
11 36
11 37
11 39
11 41
11 43
11 46
11 48
11 49
12 13
12 14
12 15
12 16
12 18
12 19
12 22
12 25
12 26
12 28
12 30
12 31
12 34
12 36
12 38
12 39
12 40
12 41
12 46
12 47
12 48
12 49
13 14
13 15
13 16
13 17
13 22
13 24
13 26
13 27
13 30
13 32
13 33
13 38
13 39
13 40
13 41
13 42
13 49
14 15
14 16
14 17
14 18
14 19
14 23
14 24
14 29
14 31
14 33
14 34
14 37
14 39
14 40
14 41
14 42
14 46
14 49
15 19
15 20
15 21
15 22
15 24
15 27
15 28
15 31
15 32
15 34
15 36
15 46
16 18
16 20
16 22
16 25
16 26
16 29
16 30
16 32
16 42
16 43
16 47
16 49
17 18
17 19
17 23
17 27
17 28
17 32
17 33
17 34
17 35
17 36
17 39
17 40
17 44
17 45
17 47
18 19
18 21
18 22
18 23
18 26
18 27
18 32
18 33
18 37
18 41
18 42
18 43
18 44
18 46
18 47
18 48
19 20
19 22
19 24
19 27
19 28
19 33
19 34
19 35
19 36
19 37
19 39
19 40
19 42
19 43
19 44
19 46
19 47
19 48
19 49
20 21
20 27
20 37
20 38
20 39
20 42
20 43
20 44
20 45
20 47
21 22
21 25
21 26
21 27
21 29
21 31
21 32
21 35
21 37
21 40
21 41
21 43
21 44
21 45
21 47
22 26
22 28
22 29
22 33
22 34
22 35
22 36
22 40
22 41
22 43
22 44
22 46
22 47
23 25
23 27
23 28
23 32
23 34
23 35
23 37
23 42
23 44
23 45
23 47
23 49
24 26
24 28
24 29
24 30
24 31
24 34
24 39
24 42
24 43
24 44
24 46
25 26
25 27
25 28
25 35
25 39
25 40
25 42
25 44
25 46
25 48
25 49
26 28
26 29
26 32
26 34
26 35
26 38
26 40
26 41
26 42
27 29
27 30
27 31
27 32
27 33
27 39
27 42
27 43
27 44
27 45
27 46
27 48
28 31
28 32
28 34
28 36
28 39
28 40
28 42
28 43
28 44
28 46
28 49
29 30
29 31
29 33
29 34
29 35
29 37
29 41
29 42
29 44
29 47
29 49
30 32
30 34
30 35
30 36
30 37
30 47
30 48
31 33
31 37
31 39
31 41
31 42
31 43
31 46
31 47
31 49
32 33
32 35
32 36
32 39
32 42
32 44
32 47
32 48
32 49
33 34
33 36
33 37
33 38
33 39
33 40
33 42
33 43
33 45
33 46
33 49
34 35
34 36
34 37
34 40
34 41
34 42
34 47
35 37
35 38
35 39
35 48
36 39
36 45
36 46
36 47
36 48
36 49
37 39
37 40
37 41
37 43
38 39
38 41
38 45
38 48
39 41
39 42
39 43
39 44
39 45
39 46
39 48
39 49
40 41
40 42
40 43
40 46
40 47
41 45
41 46
41 48
42 43
42 45
42 47
42 48
43 44
43 45
43 47
43 49
44 46
44 49
45 47
47 49
8 35 27 3 33 10 36 45 41 1 20 30
9 28 11 48 12 29 49 5 0 42 19 6
13 46 23 38 34 18 16 37 14 4 25 7
31 40 15 47 26 21 44 22 43 2 39 32
17 24
