50
136
25
5
86
28
36
93
34
2
97
76
84
25
78
9
98
0
41
64
46
20
98
42
52
26
72
35
0 4
0 10
0 11
0 24
0 26
0 28
1 12
1 22
1 29
1 46
2 5
2 6
2 7
2 8
2 20
2 26
2 32
2 34
2 36
2 38
3 6
3 29
3 30
3 34
4 13
4 14
4 16
4 47
5 21
5 30
5 43
5 47
5 49
6 7
6 20
6 25
6 39
6 49
7 8
7 16
7 27
7 36
7 37
7 44
8 25
8 36
9 13
9 19
9 22
9 26
10 20
10 47
11 20
11 22
11 27
12 20
12 28
12 39
13 18
13 26
13 32
13 48
14 15
14 19
14 28
14 29
14 32
14 33
14 43
14 48
15 28
15 34
15 35
15 38
15 43
16 18
16 23
16 26
16 32
16 33
16 46
17 31
17 32
17 47
18 21
18 32
18 38
18 39
19 24
19 37
20 30
20 37
20 39
20 40
21 26
21 28
21 42
22 27
22 33
23 38
24 26
24 32
24 35
24 49
25 43
26 37
26 39
26 41
27 39
27 48
28 37
28 41
28 44
29 32
29 43
29 47
30 41
30 43
31 32
31 38
31 44
31 46
31 48
32 42
32 45
33 36
33 40
34 49
36 41
37 42
38 41
38 47
40 44
40 46
41 44
45 49
11 46
29 44
10 24
23 40
35 28
47 15
26 1
20 5
49 3
25 39
9 14
37 45
41 21
43 16
38 19
13 33
7 31
22 8
17 32
0 12
36 6
27 2
42 4
18 30
34 48
