500
12455
4
3
40
89
14
0 2
0 20
0 25
0 29
0 34
0 39
0 42
0 43
0 56
0 62
0 72
0 75
0 83
0 85
0 97
0 101
0 102
0 121
0 130
0 132
0 136
0 153
0 155
0 160
0 162
0 186
0 192
0 193
0 195
0 200
0 208
0 212
0 213
0 214
0 220
0 226
0 235
0 237
0 239
0 243
0 245
0 271
0 283
0 288
0 290
0 307
0 311
0 316
0 318
0 324
0 330
0 338
0 339
0 341
0 344
0 351
0 380
0 383
0 393
0 408
0 413
0 417
0 420
0 444
0 446
0 450
0 465
0 467
0 473
1 21
1 40
1 62
1 74
1 84
1 100
1 114
1 116
1 117
1 134
1 157
1 177
1 181
1 192
1 207
1 218
1 220
1 222
1 229
1 239
1 247
1 249
1 254
1 289
1 299
1 301
1 307
1 335
1 340
1 348
1 372
1 376
1 388
1 397
1 398
1 399
1 408
1 417
1 434
1 455
1 457
1 458
1 466
1 499
2 11
2 22
2 43
2 59
2 64
2 69
2 75
2 91
2 99
2 101
2 105
2 164
2 175
2 176
2 177
2 182
2 192
2 197
2 207
2 236
2 239
2 240
2 242
2 245
2 261
2 263
2 268
2 272
2 275
2 294
2 316
2 326
2 331
2 361
2 367
2 393
2 396
2 400
2 410
2 413
2 415
2 432
2 434
2 445
2 454
2 456
2 458
2 459
2 478
2 491
3 8
3 15
3 23
3 24
3 25
3 28
3 36
3 43
3 45
3 62
3 84
3 87
3 96
3 99
3 103
3 106
3 108
3 133
3 140
3 154
3 165
3 181
3 187
3 188
3 192
3 193
3 198
3 200
3 204
3 211
3 217
3 247
3 251
3 266
3 274
3 276
3 287
3 305
3 307
3 309
3 316
3 332
3 335
3 338
3 344
3 349
3 361
3 362
3 369
3 371
3 378
3 381
3 385
3 399
3 409
3 422
3 433
3 470
3 482
4 21
4 38
4 39
4 47
4 48
4 54
4 59
4 67
4 112
4 115
4 119
4 130
4 132
4 135
4 143
4 148
4 161
4 163
4 168
4 183
4 188
4 196
4 262
4 268
4 282
4 322
4 332
4 369
4 371
4 372
4 373
4 377
4 381
4 386
4 393
4 398
4 404
4 416
4 421
4 436
4 447
4 452
4 485
4 489
4 494
4 495
5 12
5 25
5 29
5 33
5 51
5 78
5 106
5 125
5 140
5 145
5 147
5 158
5 162
5 183
5 188
5 196
5 209
5 219
5 265
5 300
5 304
5 318
5 325
5 329
5 331
5 346
5 350
5 361
5 373
5 384
5 388
5 391
5 395
5 401
5 405
5 407
5 415
5 420
5 423
5 438
5 440
5 442
5 458
5 464
5 469
5 475
5 477
5 480
5 481
6 38
6 41
6 43
6 52
6 61
6 67
6 98
6 127
6 129
6 130
6 143
6 155
6 170
6 180
6 183
6 204
6 221
6 237
6 240
6 250
6 252
6 259
6 266
6 269
6 273
6 274
6 288
6 297
6 298
6 300
6 310
6 312
6 317
6 321
6 330
6 364
6 390
6 395
6 398
6 408
6 433
6 461
6 464
6 465
6 468
6 499
7 8
7 22
7 31
7 35
7 44
7 47
7 68
7 72
7 76
7 88
7 92
7 100
7 127
7 131
7 133
7 141
7 155
7 157
7 160
7 170
7 175
7 183
7 195
7 204
7 205
7 206
7 221
7 222
7 227
7 245
7 251
7 260
7 269
7 279
7 287
7 289
7 291
7 301
7 316
7 339
7 342
7 346
7 351
7 365
7 389
7 400
7 407
7 408
7 419
7 431
7 442
7 452
7 470
7 471
7 484
7 495
7 496
8 36
8 37
8 40
8 50
8 62
8 70
8 71
8 73
8 77
8 85
8 116
8 121
8 125
8 127
8 129
8 135
8 136
8 137
8 147
8 160
8 179
8 189
8 204
8 220
8 240
8 266
8 271
8 309
8 310
8 340
8 341
8 347
8 348
8 367
8 371
8 376
8 377
8 384
8 391
8 404
8 408
8 420
8 427
8 431
8 434
8 435
8 441
8 477
8 479
8 480
8 482
8 496
9 22
9 31
9 44
9 52
9 53
9 55
9 59
9 71
9 78
9 97
9 108
9 113
9 153
9 169
9 180
9 201
9 207
9 210
9 212
9 224
9 234
9 266
9 290
9 306
9 312
9 321
9 326
9 340
9 346
9 358
9 411
9 413
9 426
9 428
9 436
9 441
9 444
9 481
9 489
10 15
10 21
10 23
10 24
10 25
10 49
10 69
10 71
10 75
10 117
10 125
10 171
10 174
10 178
10 199
10 209
10 212
10 237
10 238
10 239
10 275
10 305
10 306
10 311
10 322
10 331
10 339
10 340
10 346
10 350
10 361
10 367
10 371
10 386
10 394
10 398
10 407
10 423
10 446
10 450
10 456
10 460
10 470
10 473
10 477
10 487
10 498
11 25
11 31
11 34
11 83
11 119
11 130
11 152
11 166
11 197
11 204
11 213
11 219
11 222
11 225
11 238
11 248
11 250
11 255
11 261
11 266
11 267
11 277
11 280
11 282
11 304
11 329
11 335
11 348
11 349
11 352
11 381
11 399
11 400
11 405
11 410
11 423
11 429
11 431
11 440
11 441
11 460
11 495
12 18
12 47
12 52
12 53
12 54
12 102
12 108
12 123
12 128
12 130
12 142
12 154
12 159
12 166
12 173
12 194
12 198
12 201
12 211
12 215
12 216
12 223
12 232
12 242
12 244
12 249
12 255
12 260
12 284
12 287
12 298
12 299
12 306
12 310
12 319
12 338
12 339
12 347
12 349
12 355
12 360
12 371
12 388
12 389
12 394
12 401
12 428
12 431
12 443
12 467
12 486
12 492
13 28
13 40
13 44
13 46
13 48
13 57
13 69
13 76
13 77
13 91
13 98
13 105
13 114
13 127
13 150
13 157
13 159
13 183
13 197
13 202
13 203
13 224
13 230
13 233
13 255
13 256
13 263
13 267
13 287
13 289
13 305
13 337
13 351
13 359
13 381
13 406
13 429
13 467
13 490
13 493
13 498
14 23
14 33
14 46
14 72
14 89
14 113
14 120
14 138
14 145
14 152
14 173
14 192
14 207
14 219
14 230
14 238
14 262
14 269
14 280
14 298
14 299
14 322
14 325
14 362
14 381
14 391
14 394
14 406
14 411
14 413
14 418
14 424
14 436
14 451
14 462
14 468
14 479
14 483
15 18
15 32
15 55
15 62
15 86
15 87
15 92
15 142
15 154
15 162
15 170
15 175
15 201
15 207
15 208
15 213
15 220
15 222
15 228
15 246
15 277
15 299
15 301
15 315
15 340
15 356
15 363
15 373
15 382
15 386
15 394
15 397
15 423
15 452
15 453
15 456
15 461
15 471
16 17
16 27
16 30
16 32
16 52
16 57
16 58
16 91
16 93
16 98
16 101
16 111
16 115
16 118
16 127
16 139
16 140
16 142
16 144
16 149
16 155
16 178
16 204
16 215
16 219
16 227
16 229
16 241
16 249
16 319
16 332
16 345
16 363
16 369
16 375
16 378
16 401
16 411
16 426
16 461
16 469
16 493
16 495
16 498
16 499
17 30
17 35
17 36
17 44
17 50
17 54
17 95
17 107
17 112
17 117
17 118
17 125
17 127
17 143
17 144
17 159
17 181
17 186
17 192
17 194
17 199
17 202
17 218
17 229
17 251
17 252
17 253
17 284
17 288
17 296
17 297
17 305
17 310
17 312
17 352
17 357
17 368
17 379
17 386
17 389
17 394
17 421
17 431
17 437
17 440
17 444
17 457
17 460
17 462
17 467
17 493
17 496
18 26
18 55
18 58
18 59
18 84
18 88
18 104
18 120
18 127
18 130
18 139
18 166
18 175
18 178
18 186
18 194
18 208
18 213
18 222
18 232
18 247
18 251
18 267
18 275
18 287
18 289
18 294
18 315
18 321
18 327
18 334
18 335
18 350
18 355
18 375
18 377
18 378
18 393
18 421
18 441
18 471
18 493
19 28
19 47
19 49
19 64
19 65
19 66
19 75
19 77
19 82
19 94
19 97
19 146
19 147
19 160
19 162
19 199
19 226
19 243
19 246
19 249
19 278
19 282
19 301
19 323
19 327
19 350
19 360
19 363
19 369
19 371
19 375
19 382
19 383
19 393
19 394
19 402
19 403
19 426
19 429
19 431
19 444
19 452
19 456
19 457
19 463
19 478
19 480
19 491
19 495
19 497
20 25
20 27
20 44
20 77
20 83
20 131
20 133
20 147
20 150
20 162
20 164
20 178
20 216
20 217
20 242
20 260
20 264
20 269
20 277
20 282
20 283
20 299
20 303
20 318
20 319
20 323
20 325
20 359
20 370
20 372
20 374
20 388
20 392
20 398
20 427
20 430
20 441
20 443
20 453
20 465
20 467
20 472
20 486
20 491
20 497
21 22
21 29
21 39
21 44
21 57
21 66
21 73
21 78
21 104
21 106
21 107
21 119
21 132
21 141
21 146
21 148
21 149
21 188
21 195
21 212
21 219
21 239
21 241
21 242
21 255
21 263
21 281
21 288
21 306
21 332
21 338
21 340
21 358
21 363
21 364
21 374
21 386
21 403
21 405
21 410
21 418
21 429
21 434
21 435
21 439
21 455
21 460
21 466
21 477
21 499
22 26
22 29
22 50
22 62
22 84
22 88
22 91
22 94
22 96
22 103
22 109
22 134
22 140
22 146
22 169
22 174
22 194
22 211
22 220
22 228
22 240
22 248
22 251
22 277
22 294
22 295
22 303
22 318
22 328
22 329
22 338
22 366
22 384
22 386
22 392
22 393
22 403
22 431
22 468
23 56
23 69
23 73
23 83
23 102
23 107
23 109
23 113
23 125
23 126
23 129
23 142
23 146
23 147
23 182
23 193
23 209
23 218
23 236
23 249
23 258
23 267
23 268
23 272
23 283
23 284
23 289
23 291
23 296
23 299
23 309
23 341
23 375
23 382
23 389
23 399
23 406
23 414
23 430
23 433
23 446
23 457
23 472
23 478
23 486
23 488
23 489
23 495
24 26
24 34
24 54
24 58
24 83
24 113
24 126
24 132
24 146
24 174
24 175
24 177
24 182
24 196
24 202
24 218
24 225
24 233
24 248
24 254
24 265
24 268
24 288
24 336
24 351
24 352
24 355
24 364
24 368
24 372
24 377
24 378
24 384
24 387
24 404
24 408
24 415
24 420
24 430
24 431
24 444
24 448
24 457
24 459
24 460
24 461
24 470
24 471
24 491
25 35
25 40
25 45
25 47
25 53
25 64
25 118
25 121
25 122
25 126
25 133
25 150
25 155
25 156
25 159
25 160
25 166
25 170
25 191
25 200
25 206
25 208
25 217
25 223
25 226
25 234
25 244
25 245
25 255
25 284
25 291
25 292
25 302
25 319
25 342
25 356
25 407
25 417
25 430
25 445
25 470
25 473
25 486
25 491
26 40
26 53
26 79
26 87
26 90
26 91
26 102
26 105
26 107
26 110
26 117
26 118
26 131
26 146
26 148
26 165
26 175
26 177
26 188
26 195
26 201
26 209
26 226
26 240
26 250
26 259
26 263
26 264
26 265
26 267
26 284
26 285
26 307
26 314
26 326
26 334
26 345
26 361
26 375
26 400
26 442
26 457
26 466
26 481
26 484
27 29
27 47
27 59
27 72
27 97
27 107
27 124
27 128
27 130
27 133
27 134
27 146
27 148
27 154
27 174
27 190
27 211
27 214
27 249
27 252
27 260
27 261
27 268
27 286
27 329
27 337
27 341
27 353
27 361
27 399
27 415
27 421
27 439
27 468
27 482
27 489
28 30
28 31
28 42
28 57
28 64
28 90
28 101
28 107
28 117
28 141
28 144
28 148
28 154
28 157
28 163
28 164
28 181
28 183
28 209
28 212
28 228
28 230
28 236
28 238
28 243
28 261
28 267
28 269
28 271
28 277
28 283
28 293
28 327
28 338
28 341
28 345
28 353
28 356
28 360
28 362
28 367
28 384
28 385
28 386
28 423
28 435
28 443
28 477
28 491
28 498
29 40
29 41
29 49
29 73
29 99
29 108
29 115
29 118
29 142
29 152
29 165
29 180
29 184
29 196
29 246
29 250
29 251
29 258
29 266
29 275
29 295
29 305
29 326
29 336
29 343
29 348
29 360
29 368
29 369
29 373
29 381
29 388
29 409
29 411
29 412
29 438
29 447
29 453
29 461
29 464
29 478
29 487
29 488
29 492
30 33
30 36
30 37
30 68
30 74
30 77
30 83
30 91
30 92
30 99
30 100
30 114
30 120
30 129
30 140
30 141
30 147
30 158
30 163
30 178
30 180
30 183
30 189
30 194
30 197
30 209
30 217
30 218
30 225
30 231
30 243
30 264
30 295
30 301
30 333
30 338
30 339
30 362
30 365
30 377
30 379
30 384
30 396
30 397
30 400
30 410
30 463
30 468
30 478
30 494
31 44
31 53
31 63
31 75
31 83
31 86
31 89
31 102
31 103
31 120
31 136
31 141
31 151
31 155
31 191
31 215
31 217
31 263
31 267
31 268
31 280
31 282
31 292
31 298
31 306
31 312
31 331
31 347
31 354
31 357
31 360
31 363
31 364
31 367
31 378
31 388
31 392
31 403
31 418
31 439
31 450
31 455
31 464
31 466
31 469
31 471
31 479
31 493
32 48
32 95
32 98
32 100
32 104
32 136
32 147
32 151
32 155
32 160
32 177
32 182
32 188
32 195
32 199
32 201
32 218
32 244
32 276
32 282
32 290
32 294
32 308
32 311
32 312
32 329
32 336
32 338
32 343
32 346
32 363
32 364
32 382
32 384
32 387
32 406
32 422
32 430
32 438
32 463
32 464
32 465
32 469
32 491
32 497
33 41
33 43
33 55
33 72
33 94
33 112
33 115
33 123
33 130
33 135
33 139
33 140
33 143
33 150
33 152
33 157
33 167
33 186
33 192
33 193
33 203
33 242
33 253
33 270
33 272
33 293
33 296
33 312
33 322
33 326
33 331
33 338
33 341
33 343
33 391
33 407
33 412
33 416
33 418
33 422
33 424
33 427
33 440
33 450
33 475
33 478
33 483
33 494
34 37
34 44
34 47
34 77
34 87
34 88
34 97
34 99
34 113
34 121
34 126
34 129
34 132
34 155
34 157
34 171
34 204
34 210
34 221
34 236
34 240
34 253
34 258
34 267
34 282
34 285
34 300
34 306
34 324
34 325
34 341
34 343
34 349
34 391
34 408
34 411
34 416
34 417
34 444
34 447
34 459
34 467
34 473
34 489
34 497
35 40
35 45
35 50
35 80
35 87
35 99
35 113
35 133
35 138
35 145
35 147
35 159
35 174
35 181
35 198
35 206
35 215
35 220
35 225
35 231
35 235
35 258
35 260
35 263
35 264
35 302
35 312
35 320
35 322
35 353
35 406
35 415
35 423
35 429
35 430
35 456
35 457
35 458
35 470
35 479
35 481
35 491
35 496
36 40
36 41
36 54
36 74
36 83
36 91
36 97
36 98
36 113
36 129
36 144
36 148
36 150
36 156
36 159
36 176
36 181
36 192
36 198
36 202
36 210
36 243
36 272
36 281
36 304
36 306
36 313
36 319
36 323
36 326
36 329
36 340
36 345
36 354
36 360
36 372
36 377
36 380
36 381
36 385
36 396
36 397
36 409
36 432
36 439
36 452
36 475
36 484
36 492
36 496
37 41
37 87
37 102
37 114
37 120
37 133
37 155
37 158
37 186
37 208
37 228
37 239
37 251
37 256
37 259
37 267
37 273
37 274
37 277
37 297
37 303
37 314
37 331
37 338
37 342
37 350
37 358
37 374
37 385
37 393
37 396
37 397
37 412
37 417
37 422
37 438
37 439
37 460
37 463
37 481
37 487
37 488
38 48
38 53
38 58
38 62
38 66
38 79
38 84
38 92
38 94
38 116
38 129
38 145
38 166
38 173
38 185
38 189
38 190
38 197
38 217
38 224
38 225
38 227
38 238
38 240
38 244
38 246
38 264
38 266
38 273
38 278
38 301
38 323
38 324
38 329
38 333
38 353
38 369
38 370
38 372
38 395
38 400
38 413
38 421
38 453
38 459
38 487
38 490
38 492
38 494
39 45
39 48
39 63
39 69
39 73
39 76
39 96
39 99
39 125
39 141
39 144
39 158
39 162
39 164
39 169
39 171
39 197
39 199
39 206
39 207
39 228
39 235
39 242
39 243
39 254
39 263
39 264
39 273
39 285
39 290
39 299
39 315
39 327
39 330
39 334
39 361
39 376
39 378
39 389
39 400
39 407
39 414
39 424
39 425
39 429
39 444
39 445
39 450
39 459
39 467
39 479
39 483
40 48
40 63
40 67
40 74
40 78
40 80
40 93
40 103
40 108
40 111
40 120
40 123
40 131
40 138
40 145
40 149
40 153
40 192
40 205
40 208
40 214
40 220
40 228
40 229
40 230
40 231
40 232
40 238
40 247
40 273
40 324
40 335
40 350
40 352
40 358
40 361
40 371
40 382
40 391
40 398
40 400
40 431
40 455
40 474
40 493
40 495
40 497
41 51
41 58
41 62
41 84
41 98
41 113
41 116
41 119
41 134
41 160
41 179
41 181
41 199
41 211
41 226
41 228
41 272
41 284
41 293
41 294
41 297
41 299
41 305
41 308
41 318
41 319
41 324
41 342
41 353
41 354
41 368
41 372
41 373
41 385
41 401
41 405
41 414
41 420
41 431
41 486
41 496
42 44
42 51
42 84
42 89
42 91
42 94
42 101
42 106
42 125
42 132
42 144
42 145
42 148
42 164
42 180
42 186
42 195
42 205
42 206
42 214
42 217
42 219
42 221
42 229
42 236
42 244
42 247
42 259
42 274
42 275
42 281
42 291
42 292
42 295
42 299
42 312
42 336
42 342
42 361
42 362
42 368
42 371
42 375
42 378
42 387
42 396
42 400
42 405
42 408
42 417
42 431
42 461
42 465
42 471
42 485
42 499
43 78
43 99
43 104
43 112
43 115
43 123
43 126
43 136
43 143
43 144
43 163
43 207
43 209
43 211
43 234
43 242
43 243
43 256
43 264
43 290
43 303
43 317
43 321
43 329
43 344
43 348
43 349
43 352
43 357
43 369
43 384
43 385
43 398
43 400
43 433
43 449
43 451
43 458
43 466
43 475
43 499
44 52
44 58
44 68
44 88
44 93
44 113
44 118
44 131
44 132
44 134
44 154
44 166
44 168
44 169
44 180
44 197
44 229
44 231
44 233
44 238
44 251
44 266
44 292
44 305
44 311
44 315
44 332
44 370
44 372
44 394
44 405
44 424
44 428
44 434
44 439
44 443
44 452
44 463
44 474
44 475
44 481
45 88
45 92
45 105
45 111
45 113
45 115
45 119
45 120
45 134
45 155
45 164
45 166
45 186
45 187
45 214
45 217
45 221
45 228
45 234
45 243
45 244
45 255
45 263
45 284
45 286
45 289
45 311
45 321
45 326
45 338
45 345
45 354
45 386
45 397
45 413
45 419
45 426
45 472
45 492
46 54
46 67
46 82
46 107
46 118
46 123
46 137
46 154
46 170
46 185
46 192
46 207
46 208
46 217
46 221
46 229
46 236
46 243
46 244
46 247
46 249
46 251
46 282
46 306
46 313
46 344
46 351
46 368
46 387
46 396
46 405
46 413
46 416
46 425
46 430
46 436
46 447
46 467
46 471
46 480
46 482
47 49
47 55
47 75
47 93
47 96
47 98
47 119
47 125
47 136
47 142
47 144
47 149
47 155
47 167
47 185
47 187
47 189
47 191
47 203
47 215
47 222
47 240
47 250
47 263
47 268
47 276
47 277
47 283
47 285
47 292
47 308
47 332
47 360
47 375
47 397
47 400
47 405
47 407
47 408
47 413
47 420
47 431
47 436
47 465
47 498
48 69
48 75
48 87
48 93
48 95
48 110
48 131
48 133
48 135
48 140
48 150
48 157
48 162
48 236
48 238
48 245
48 252
48 256
48 260
48 268
48 289
48 294
48 298
48 303
48 306
48 322
48 337
48 350
48 363
48 366
48 367
48 372
48 375
48 390
48 395
48 408
48 421
48 424
48 446
48 450
48 458
48 475
48 479
48 480
48 481
49 52
49 55
49 56
49 72
49 84
49 101
49 102
49 111
49 117
49 121
49 128
49 134
49 142
49 143
49 159
49 171
49 190
49 195
49 196
49 220
49 246
49 251
49 258
49 278
49 297
49 307
49 339
49 359
49 367
49 375
49 376
49 378
49 402
49 405
49 418
49 425
49 440
49 461
49 468
49 477
49 485
50 67
50 72
50 88
50 95
50 113
50 119
50 120
50 136
50 139
50 140
50 156
50 166
50 168
50 171
50 178
50 184
50 186
50 189
50 190
50 198
50 202
50 205
50 212
50 215
50 231
50 237
50 279
50 298
50 302
50 306
50 312
50 314
50 329
50 333
50 335
50 347
50 351
50 378
50 408
50 409
50 410
50 424
50 434
50 435
50 448
50 450
50 466
50 476
50 479
50 486
50 498
50 499
51 93
51 101
51 113
51 121
51 135
51 142
51 147
51 161
51 168
51 170
51 183
51 186
51 196
51 203
51 212
51 214
51 215
51 218
51 226
51 259
51 262
51 272
51 287
51 290
51 325
51 351
51 357
51 364
51 388
51 392
51 394
51 401
51 415
51 425
51 429
51 430
51 451
51 455
51 461
51 473
51 476
51 484
52 70
52 75
52 104
52 115
52 126
52 138
52 139
52 142
52 203
52 216
52 261
52 268
52 272
52 273
52 289
52 298
52 299
52 301
52 303
52 309
52 317
52 325
52 331
52 349
52 359
52 361
52 362
52 374
52 380
52 385
52 397
52 398
52 426
52 430
52 440
52 451
52 461
52 471
52 474
52 479
52 493
53 57
53 71
53 74
53 76
53 85
53 89
53 92
53 99
53 101
53 103
53 113
53 116
53 127
53 132
53 156
53 157
53 171
53 183
53 184
53 185
53 190
53 195
53 209
53 238
53 242
53 244
53 263
53 264
53 289
53 291
53 301
53 305
53 316
53 323
53 342
53 357
53 361
53 363
53 369
53 377
53 404
53 413
53 422
53 425
53 428
53 436
53 440
53 448
53 456
53 485
54 60
54 62
54 71
54 72
54 75
54 79
54 80
54 86
54 98
54 102
54 135
54 136
54 146
54 178
54 191
54 209
54 222
54 223
54 226
54 237
54 259
54 269
54 271
54 276
54 290
54 292
54 295
54 304
54 308
54 322
54 326
54 351
54 353
54 356
54 357
54 364
54 371
54 388
54 389
54 404
54 425
54 431
54 434
54 448
54 454
54 475
54 480
54 481
55 66
55 76
55 80
55 81
55 84
55 91
55 102
55 104
55 128
55 129
55 139
55 142
55 143
55 145
55 148
55 156
55 169
55 174
55 196
55 198
55 199
55 215
55 247
55 250
55 251
55 261
55 274
55 282
55 283
55 295
55 296
55 310
55 314
55 315
55 351
55 359
55 362
55 368
55 370
55 392
55 403
55 418
55 426
55 430
55 440
55 442
55 443
55 449
55 459
55 461
55 463
55 470
55 493
55 498
56 61
56 92
56 98
56 110
56 114
56 133
56 134
56 147
56 154
56 168
56 177
56 183
56 188
56 195
56 199
56 243
56 263
56 264
56 266
56 271
56 276
56 277
56 279
56 286
56 301
56 302
56 303
56 310
56 324
56 328
56 387
56 399
56 418
56 422
56 458
56 471
56 474
56 479
56 496
57 60
57 61
57 94
57 108
57 110
57 124
57 140
57 145
57 154
57 167
57 169
57 172
57 174
57 186
57 201
57 213
57 218
57 221
57 222
57 226
57 230
57 233
57 240
57 243
57 252
57 256
57 278
57 284
57 307
57 311
57 328
57 342
57 357
57 368
57 389
57 404
57 419
57 427
57 451
57 458
57 462
57 465
57 472
57 483
57 484
57 489
58 60
58 61
58 62
58 74
58 77
58 91
58 97
58 107
58 113
58 144
58 149
58 150
58 163
58 170
58 176
58 195
58 197
58 206
58 208
58 224
58 240
58 246
58 262
58 289
58 298
58 301
58 309
58 316
58 318
58 337
58 357
58 362
58 371
58 378
58 381
58 400
58 462
58 463
58 471
58 479
59 61
59 76
59 80
59 87
59 91
59 96
59 102
59 115
59 136
59 143
59 159
59 179
59 181
59 182
59 191
59 201
59 211
59 247
59 251
59 259
59 266
59 268
59 270
59 290
59 321
59 326
59 327
59 351
59 359
59 361
59 377
59 384
59 402
59 413
59 421
59 451
59 452
59 466
59 477
59 482
59 486
59 489
60 62
60 65
60 67
60 72
60 77
60 78
60 83
60 96
60 110
60 126
60 145
60 168
60 173
60 196
60 209
60 223
60 235
60 257
60 268
60 269
60 271
60 276
60 292
60 315
60 321
60 324
60 330
60 342
60 344
60 347
60 352
60 359
60 363
60 380
60 395
60 401
60 418
60 428
60 439
60 440
60 451
60 460
60 469
60 470
60 475
61 94
61 95
61 99
61 105
61 107
61 112
61 114
61 132
61 139
61 147
61 149
61 158
61 192
61 196
61 197
61 206
61 224
61 233
61 236
61 245
61 249
61 255
61 259
61 271
61 273
61 279
61 283
61 313
61 324
61 326
61 327
61 343
61 384
61 392
61 447
61 448
61 458
61 485
61 489
62 72
62 85
62 93
62 102
62 103
62 122
62 124
62 126
62 137
62 151
62 152
62 184
62 207
62 209
62 215
62 219
62 225
62 228
62 238
62 253
62 255
62 257
62 270
62 272
62 277
62 279
62 286
62 290
62 292
62 305
62 306
62 314
62 320
62 350
62 353
62 360
62 366
62 372
62 392
62 404
62 413
62 474
62 476
62 489
62 499
63 77
63 85
63 92
63 123
63 125
63 137
63 138
63 153
63 166
63 175
63 180
63 213
63 214
63 256
63 262
63 272
63 273
63 290
63 299
63 310
63 340
63 352
63 363
63 383
63 386
63 398
63 408
63 440
63 448
63 449
63 461
63 464
63 486
63 489
64 65
64 66
64 69
64 79
64 87
64 100
64 102
64 103
64 105
64 144
64 152
64 215
64 223
64 227
64 229
64 233
64 236
64 239
64 245
64 260
64 261
64 277
64 278
64 280
64 301
64 306
64 313
64 335
64 346
64 366
64 373
64 374
64 379
64 390
64 400
64 406
64 416
64 435
64 438
64 460
64 463
64 469
64 479
64 485
64 491
64 499
65 66
65 73
65 78
65 79
65 85
65 99
65 122
65 159
65 224
65 259
65 285
65 297
65 303
65 309
65 313
65 319
65 330
65 344
65 346
65 349
65 368
65 371
65 379
65 381
65 384
65 389
65 390
65 402
65 403
65 422
65 428
65 437
65 441
65 452
65 461
65 469
65 474
65 482
65 490
66 81
66 91
66 96
66 106
66 117
66 124
66 133
66 134
66 138
66 165
66 167
66 183
66 193
66 196
66 198
66 220
66 223
66 228
66 240
66 247
66 253
66 260
66 266
66 273
66 280
66 295
66 305
66 311
66 316
66 318
66 326
66 362
66 368
66 376
66 379
66 380
66 382
66 384
66 387
66 388
66 402
66 408
66 425
66 429
66 435
66 441
66 448
66 455
66 462
66 465
66 466
66 478
66 490
66 491
66 499
67 86
67 101
67 104
67 105
67 110
67 152
67 161
67 176
67 188
67 189
67 200
67 219
67 230
67 245
67 247
67 258
67 271
67 275
67 283
67 286
67 303
67 310
67 337
67 339
67 341
67 363
67 376
67 378
67 384
67 402
67 419
67 421
67 425
67 429
67 436
67 439
67 449
67 457
67 459
67 463
67 467
67 491
67 498
68 74
68 83
68 97
68 108
68 117
68 119
68 121
68 147
68 160
68 164
68 165
68 199
68 207
68 213
68 224
68 225
68 234
68 240
68 245
68 247
68 254
68 266
68 271
68 281
68 283
68 288
68 298
68 311
68 315
68 316
68 324
68 328
68 331
68 345
68 366
68 374
68 380
68 381
68 389
68 397
68 406
68 410
68 425
68 431
68 454
68 462
68 463
68 469
68 473
69 74
69 79
69 95
69 101
69 134
69 213
69 225
69 236
69 237
69 243
69 261
69 262
69 264
69 276
69 277
69 281
69 284
69 285
69 309
69 312
69 331
69 332
69 341
69 343
69 357
69 380
69 383
69 386
69 398
69 411
69 415
69 416
69 425
69 434
69 492
70 71
70 74
70 78
70 87
70 93
70 103
70 127
70 131
70 161
70 162
70 168
70 177
70 184
70 188
70 198
70 209
70 210
70 213
70 222
70 236
70 237
70 247
70 248
70 277
70 283
70 293
70 301
70 305
70 326
70 349
70 369
70 371
70 372
70 379
70 400
70 409
70 422
70 426
70 430
70 465
70 472
70 475
70 482
71 80
71 88
71 92
71 118
71 128
71 130
71 139
71 140
71 156
71 157
71 180
71 197
71 199
71 213
71 217
71 222
71 224
71 237
71 240
71 266
71 274
71 276
71 284
71 288
71 305
71 307
71 308
71 327
71 340
71 341
71 347
71 371
71 405
71 416
71 425
71 437
71 478
71 489
71 491
72 73
72 78
72 81
72 83
72 90
72 102
72 113
72 157
72 161
72 195
72 197
72 198
72 219
72 224
72 225
72 233
72 234
72 243
72 251
72 257
72 260
72 291
72 308
72 327
72 328
72 332
72 338
72 350
72 371
72 373
72 388
72 389
72 417
72 419
72 423
72 449
72 453
72 455
72 456
72 463
72 476
72 487
73 85
73 86
73 87
73 89
73 114
73 124
73 135
73 147
73 150
73 154
73 157
73 166
73 197
73 200
73 202
73 227
73 236
73 254
73 255
73 274
73 286
73 290
73 291
73 297
73 308
73 324
73 377
73 379
73 384
73 411
73 450
73 451
73 452
73 455
73 456
73 459
73 464
73 467
73 482
73 492
73 499
74 85
74 86
74 88
74 98
74 99
74 106
74 112
74 129
74 131
74 134
74 140
74 145
74 162
74 163
74 166
74 168
74 189
74 191
74 195
74 214
74 224
74 232
74 238
74 247
74 254
74 263
74 283
74 288
74 289
74 296
74 310
74 313
74 314
74 315
74 316
74 326
74 327
74 346
74 356
74 369
74 379
74 390
74 405
74 407
74 415
74 423
74 428
74 433
74 460
74 470
74 479
74 482
75 85
75 89
75 91
75 100
75 111
75 127
75 143
75 167
75 169
75 173
75 191
75 216
75 226
75 232
75 247
75 250
75 251
75 252
75 258
75 259
75 265
75 270
75 275
75 291
75 332
75 337
75 348
75 377
75 402
75 417
75 424
75 438
75 440
75 443
75 448
75 450
75 461
75 475
75 477
75 493
75 497
75 499
76 80
76 81
76 83
76 94
76 100
76 110
76 112
76 114
76 115
76 119
76 132
76 144
76 151
76 154
76 163
76 171
76 173
76 182
76 186
76 198
76 201
76 216
76 220
76 223
76 232
76 246
76 257
76 260
76 268
76 270
76 272
76 274
76 315
76 329
76 330
76 337
76 361
76 364
76 367
76 378
76 402
76 406
76 407
76 430
76 441
76 444
76 446
76 447
76 471
76 472
76 478
76 487
76 490
76 494
77 101
77 105
77 113
77 120
77 132
77 135
77 145
77 154
77 159
77 184
77 187
77 198
77 201
77 209
77 215
77 217
77 219
77 235
77 284
77 289
77 290
77 302
77 307
77 318
77 326
77 356
77 358
77 399
77 408
77 439
77 455
77 463
77 482
77 484
78 80
78 90
78 91
78 102
78 107
78 113
78 124
78 134
78 137
78 144
78 163
78 200
78 205
78 207
78 213
78 219
78 223
78 229
78 235
78 241
78 250
78 259
78 260
78 273
78 287
78 290
78 301
78 303
78 304
78 319
78 336
78 341
78 345
78 363
78 364
78 367
78 372
78 416
78 421
78 428
78 432
78 434
78 435
78 442
78 445
78 460
78 483
78 487
78 497
79 85
79 89
79 93
79 104
79 122
79 132
79 144
79 156
79 202
79 208
79 223
79 226
79 236
79 237
79 263
79 267
79 282
79 284
79 298
79 309
79 311
79 340
79 358
79 388
79 391
79 398
79 401
79 402
79 417
79 419
79 443
79 446
79 451
79 465
79 469
79 471
79 476
79 480
79 486
79 489
80 91
80 93
80 98
80 101
80 108
80 120
80 127
80 128
80 141
80 150
80 160
80 164
80 166
80 171
80 180
80 192
80 196
80 201
80 203
80 225
80 228
80 231
80 237
80 257
80 259
80 269
80 285
80 302
80 318
80 322
80 327
80 328
80 332
80 341
80 376
80 386
80 387
80 398
80 404
80 442
80 463
80 471
80 477
80 494
80 498
81 87
81 91
81 92
81 94
81 96
81 127
81 128
81 135
81 138
81 164
81 167
81 176
81 180
81 186
81 210
81 228
81 232
81 238
81 242
81 243
81 249
81 254
81 260
81 272
81 273
81 279
81 282
81 284
81 293
81 305
81 315
81 319
81 325
81 338
81 365
81 372
81 405
81 407
81 428
81 441
81 451
81 453
81 457
81 462
81 474
82 96
82 99
82 154
82 162
82 173
82 183
82 204
82 214
82 222
82 224
82 233
82 280
82 285
82 291
82 292
82 325
82 337
82 348
82 357
82 363
82 371
82 395
82 399
82 432
82 434
82 438
82 441
82 453
82 468
82 469
83 86
83 109
83 111
83 133
83 143
83 147
83 150
83 166
83 171
83 199
83 202
83 216
83 218
83 223
83 231
83 237
83 240
83 252
83 256
83 261
83 266
83 270
83 283
83 286
83 319
83 324
83 372
83 384
83 404
83 419
83 424
83 442
83 453
83 462
83 479
84 86
84 112
84 121
84 128
84 154
84 160
84 161
84 162
84 168
84 172
84 183
84 190
84 192
84 203
84 205
84 211
84 240
84 264
84 283
84 288
84 289
84 301
84 332
84 338
84 345
84 346
84 352
84 369
84 384
84 391
84 405
84 423
84 430
84 450
84 487
84 491
84 492
84 493
85 86
85 92
85 97
85 98
85 103
85 105
85 114
85 118
85 123
85 129
85 130
85 147
85 152
85 158
85 199
85 213
85 217
85 220
85 225
85 241
85 248
85 256
85 277
85 281
85 300
85 304
85 313
85 321
85 324
85 327
85 342
85 357
85 366
85 367
85 372
85 373
85 379
85 387
85 399
85 400
85 409
85 414
85 416
85 431
85 443
85 454
85 455
85 485
86 89
86 91
86 121
86 138
86 139
86 140
86 148
86 155
86 160
86 177
86 178
86 203
86 208
86 221
86 222
86 229
86 232
86 235
86 237
86 238
86 272
86 274
86 289
86 290
86 306
86 308
86 330
86 344
86 356
86 416
86 420
86 438
86 466
86 468
86 471
86 486
87 91
87 96
87 105
87 109
87 113
87 116
87 117
87 124
87 129
87 132
87 139
87 146
87 149
87 155
87 182
87 193
87 197
87 200
87 213
87 215
87 223
87 233
87 235
87 253
87 263
87 269
87 272
87 281
87 310
87 316
87 324
87 331
87 337
87 340
87 348
87 351
87 367
87 374
87 375
87 383
87 396
87 425
87 426
87 427
87 431
87 444
87 470
87 471
87 472
87 473
87 483
87 489
88 92
88 109
88 111
88 114
88 129
88 134
88 135
88 154
88 168
88 172
88 180
88 186
88 192
88 208
88 215
88 228
88 231
88 232
88 240
88 245
88 249
88 254
88 270
88 285
88 292
88 293
88 307
88 308
88 310
88 322
88 359
88 380
88 388
88 399
88 402
88 407
88 408
88 409
88 419
88 425
88 427
88 443
88 448
88 454
88 466
88 467
88 472
88 479
89 92
89 98
89 110
89 112
89 131
89 141
89 142
89 146
89 149
89 176
89 177
89 202
89 204
89 210
89 219
89 225
89 228
89 237
89 245
89 289
89 290
89 297
89 301
89 308
89 310
89 319
89 324
89 331
89 332
89 334
89 335
89 346
89 386
89 406
89 412
89 430
89 453
89 458
89 462
89 467
89 476
89 492
89 495
90 98
90 100
90 107
90 116
90 117
90 128
90 138
90 142
90 156
90 159
90 182
90 195
90 202
90 229
90 247
90 249
90 259
90 261
90 262
90 271
90 283
90 285
90 289
90 301
90 303
90 315
90 316
90 318
90 322
90 330
90 334
90 339
90 354
90 366
90 378
90 417
90 433
90 435
90 447
90 452
90 460
90 465
90 468
90 475
90 476
90 477
91 107
91 109
91 119
91 133
91 163
91 166
91 168
91 170
91 182
91 189
91 208
91 222
91 225
91 228
91 244
91 247
91 265
91 302
91 304
91 321
91 323
91 324
91 327
91 332
91 352
91 354
91 369
91 402
91 417
91 449
91 473
91 476
92 102
92 112
92 114
92 115
92 124
92 128
92 139
92 141
92 161
92 163
92 164
92 174
92 179
92 186
92 222
92 250
92 259
92 262
92 283
92 286
92 292
92 301
92 308
92 322
92 335
92 366
92 368
92 387
92 397
92 409
92 417
92 418
92 425
92 435
92 489
92 490
92 498
93 100
93 114
93 144
93 147
93 151
93 156
93 171
93 177
93 218
93 227
93 228
93 229
93 232
93 233
93 239
93 249
93 253
93 283
93 288
93 293
93 298
93 300
93 301
93 319
93 367
93 371
93 375
93 388
93 396
93 402
93 404
93 410
93 435
93 441
93 443
93 446
93 447
93 454
93 462
93 469
93 492
94 98
94 102
94 112
94 119
94 121
94 124
94 125
94 133
94 137
94 152
94 157
94 160
94 168
94 179
94 219
94 239
94 243
94 258
94 261
94 263
94 275
94 287
94 291
94 314
94 315
94 317
94 321
94 328
94 333
94 341
94 348
94 356
94 361
94 369
94 379
94 388
94 402
94 405
94 410
94 416
94 418
94 425
94 427
94 446
94 484
94 487
94 499
95 96
95 97
95 116
95 139
95 150
95 151
95 177
95 180
95 184
95 193
95 201
95 210
95 218
95 219
95 221
95 222
95 235
95 237
95 244
95 269
95 278
95 282
95 284
95 293
95 294
95 296
95 304
95 316
95 326
95 354
95 362
95 377
95 379
95 382
95 384
95 392
95 396
95 399
95 408
95 419
95 423
95 445
95 458
95 467
95 470
95 474
95 487
95 494
96 107
96 131
96 149
96 155
96 176
96 183
96 189
96 192
96 209
96 223
96 235
96 239
96 240
96 242
96 257
96 269
96 298
96 307
96 312
96 316
96 321
96 331
96 333
96 337
96 339
96 350
96 377
96 384
96 385
96 386
96 393
96 420
96 426
96 458
96 472
96 477
96 483
96 485
96 488
97 100
97 103
97 104
97 110
97 139
97 142
97 170
97 187
97 216
97 223
97 225
97 238
97 245
97 271
97 282
97 288
97 291
97 335
97 339
97 340
97 350
97 351
97 352
97 401
97 405
97 408
97 417
97 471
97 493
97 498
98 116
98 119
98 121
98 131
98 152
98 153
98 181
98 183
98 186
98 190
98 192
98 196
98 197
98 206
98 243
98 247
98 261
98 277
98 282
98 311
98 313
98 343
98 354
98 355
98 357
98 365
98 380
98 388
98 397
98 405
98 412
98 418
98 430
98 444
98 451
98 480
98 487
99 102
99 117
99 118
99 140
99 145
99 148
99 197
99 201
99 212
99 218
99 228
99 239
99 249
99 250
99 263
99 265
99 266
99 269
99 271
99 278
99 279
99 288
99 296
99 297
99 306
99 322
99 326
99 331
99 367
99 372
99 383
99 407
99 452
99 453
99 455
99 459
99 464
99 471
99 472
99 480
100 110
100 114
100 119
100 125
100 127
100 140
100 150
100 161
100 166
100 171
100 174
100 189
100 198
100 209
100 227
100 229
100 235
100 254
100 259
100 274
100 275
100 310
100 319
100 333
100 338
100 351
100 357
100 365
100 366
100 368
100 415
100 427
100 445
100 470
100 472
100 473
100 489
101 103
101 129
101 130
101 133
101 139
101 150
101 179
101 203
101 208
101 215
101 234
101 257
101 258
101 269
101 274
101 299
101 333
101 334
101 343
101 367
101 373
101 396
101 405
101 413
101 414
101 417
101 438
101 452
101 461
102 111
102 124
102 131
102 138
102 143
102 147
102 152
102 176
102 178
102 195
102 206
102 207
102 236
102 238
102 240
102 244
102 271
102 272
102 290
102 300
102 302
102 306
102 309
102 311
102 319
102 326
102 331
102 384
102 389
102 404
102 420
102 425
102 441
102 442
102 454
102 472
102 488
102 496
103 122
103 140
103 143
103 149
103 154
103 163
103 174
103 182
103 184
103 205
103 209
103 211
103 216
103 229
103 234
103 235
103 236
103 237
103 245
103 249
103 250
103 288
103 295
103 305
103 307
103 312
103 319
103 325
103 326
103 330
103 337
103 340
103 343
103 363
103 368
103 369
103 371
103 380
103 400
103 405
103 406
103 409
103 410
103 425
103 428
103 432
103 433
103 442
103 454
103 461
103 463
103 477
103 480
104 107
104 109
104 110
104 111
104 114
104 118
104 144
104 149
104 167
104 169
104 195
104 207
104 214
104 215
104 218
104 222
104 228
104 242
104 243
104 259
104 263
104 270
104 274
104 290
104 301
104 311
104 343
104 345
104 358
104 362
104 365
104 368
104 375
104 377
104 383
104 387
104 393
104 397
104 416
104 420
104 422
104 429
104 432
104 443
104 447
104 449
104 452
104 462
104 465
104 472
104 476
104 478
104 487
104 489
104 494
104 497
105 115
105 132
105 146
105 149
105 150
105 152
105 157
105 158
105 161
105 173
105 175
105 195
105 202
105 224
105 237
105 245
105 248
105 256
105 257
105 259
105 272
105 282
105 288
105 291
105 296
105 297
105 298
105 306
105 308
105 310
105 318
105 320
105 337
105 357
105 367
105 374
105 380
105 392
105 449
105 461
105 467
105 469
105 472
105 480
105 493
105 495
105 498
106 128
106 154
106 172
106 173
106 186
106 194
106 199
106 200
106 212
106 215
106 225
106 242
106 243
106 252
106 254
106 262
106 265
106 271
106 279
106 328
106 336
106 340
106 358
106 366
106 373
106 375
106 381
106 393
106 394
106 395
106 404
106 408
106 421
106 444
106 452
106 485
107 114
107 125
107 131
107 135
107 144
107 146
107 157
107 160
107 191
107 192
107 201
107 204
107 205
107 255
107 259
107 270
107 277
107 281
107 287
107 297
107 309
107 315
107 320
107 321
107 325
107 336
107 343
107 357
107 371
107 379
107 390
107 398
107 400
107 406
107 412
107 418
107 421
107 430
107 451
107 455
107 456
107 466
107 474
107 475
107 489
107 491
107 492
107 493
108 114
108 127
108 129
108 132
108 134
108 137
108 178
108 180
108 207
108 209
108 216
108 224
108 226
108 242
108 248
108 286
108 289
108 293
108 296
108 308
108 316
108 350
108 358
108 359
108 372
108 384
108 387
108 403
108 412
108 420
108 430
108 431
108 448
108 450
108 451
108 457
108 467
109 135
109 144
109 154
109 180
109 181
109 198
109 218
109 234
109 240
109 269
109 286
109 288
109 289
109 291
109 296
109 331
109 335
109 348
109 351
109 365
109 373
109 374
109 402
109 420
109 426
109 431
109 436
109 439
109 449
109 458
109 476
109 482
109 486
110 111
110 134
110 177
110 196
110 209
110 231
110 238
110 240
110 244
110 266
110 299
110 317
110 319
110 323
110 352
110 354
110 364
110 374
110 407
110 408
110 412
110 422
110 423
110 442
110 451
110 458
110 459
110 477
110 483
110 489
111 114
111 140
111 168
111 179
111 183
111 201
111 227
111 232
111 265
111 267
111 339
111 352
111 374
111 381
111 384
111 390
111 393
111 417
111 418
111 425
111 438
111 448
111 449
111 458
111 461
111 462
111 499
112 120
112 144
112 162
112 163
112 171
112 181
112 184
112 187
112 188
112 194
112 202
112 209
112 215
112 217
112 220
112 242
112 245
112 253
112 269
112 270
112 296
112 307
112 312
112 337
112 367
112 371
112 372
112 375
112 378
112 382
112 392
112 394
112 397
112 409
112 422
112 423
112 431
112 442
112 466
112 467
112 472
112 499
113 130
113 133
113 135
113 138
113 157
113 174
113 176
113 197
113 198
113 210
113 212
113 241
113 246
113 266
113 279
113 290
113 322
113 329
113 348
113 350
113 359
113 363
113 365
113 381
113 395
113 398
113 406
113 412
113 422
113 423
113 430
113 438
113 442
113 443
113 463
113 464
113 467
113 477
113 478
113 482
113 484
113 485
113 493
114 150
114 151
114 162
114 169
114 176
114 190
114 201
114 206
114 236
114 248
114 261
114 282
114 291
114 296
114 309
114 317
114 324
114 330
114 336
114 345
114 352
114 379
114 385
114 386
114 387
114 391
114 394
114 403
114 419
114 429
114 431
114 443
114 444
114 470
114 478
115 126
115 127
115 130
115 133
115 154
115 156
115 157
115 161
115 193
115 195
115 196
115 203
115 219
115 226
115 228
115 257
115 261
115 267
115 268
115 280
115 285
115 307
115 309
115 310
115 322
115 342
115 355
115 365
115 366
115 376
115 385
115 413
115 414
115 415
115 419
115 445
115 462
115 480
115 486
115 487
116 122
116 123
116 124
116 135
116 147
116 160
116 176
116 177
116 179
116 182
116 183
116 200
116 203
116 205
116 268
116 297
116 304
116 315
116 316
116 323
116 331
116 335
116 356
116 362
116 374
116 407
116 416
116 423
116 430
116 437
116 440
116 441
116 445
116 446
116 469
116 481
116 498
117 119
117 123
117 133
117 141
117 187
117 192
117 198
117 200
117 206
117 209
117 213
117 234
117 240
117 244
117 247
117 268
117 274
117 278
117 279
117 283
117 295
117 305
117 309
117 322
117 337
117 339
117 342
117 353
117 366
117 380
117 397
117 411
117 414
117 416
117 418
117 420
117 422
117 428
117 433
117 445
117 455
117 470
117 487
117 496
118 119
118 138
118 146
118 155
118 161
118 167
118 169
118 188
118 197
118 203
118 232
118 233
118 240
118 242
118 248
118 254
118 264
118 282
118 290
118 291
118 303
118 306
118 328
118 348
118 350
118 364
118 379
118 382
118 396
118 406
118 409
118 411
118 427
118 431
118 476
118 482
118 488
119 132
119 135
119 136
119 143
119 151
119 155
119 161
119 163
119 170
119 172
119 183
119 212
119 215
119 229
119 232
119 254
119 271
119 278
119 289
119 290
119 300
119 303
119 306
119 307
119 310
119 330
119 339
119 340
119 342
119 367
119 376
119 392
119 404
119 412
119 419
119 432
119 456
119 461
119 467
119 475
119 476
119 481
119 495
119 496
120 132
120 147
120 170
120 178
120 202
120 209
120 213
120 216
120 225
120 231
120 238
120 265
120 273
120 276
120 284
120 289
120 322
120 336
120 345
120 347
120 359
120 362
120 375
120 378
120 391
120 398
120 407
120 418
120 420
120 436
120 440
120 454
120 467
120 474
120 484
121 123
121 124
121 135
121 142
121 157
121 158
121 177
121 187
121 197
121 211
121 227
121 228
121 248
121 256
121 264
121 271
121 272
121 274
121 275
121 283
121 321
121 322
121 328
121 344
121 357
121 361
121 372
121 404
121 424
121 430
121 435
121 442
121 477
121 478
121 484
122 134
122 145
122 146
122 175
122 182
122 196
122 198
122 227
122 228
122 230
122 243
122 252
122 254
122 258
122 276
122 279
122 280
122 291
122 321
122 323
122 325
122 335
122 345
122 351
122 369
122 371
122 381
122 383
122 394
122 399
122 401
122 404
122 409
122 416
122 422
122 429
122 474
122 475
122 479
122 499
123 127
123 132
123 133
123 151
123 152
123 154
123 155
123 180
123 186
123 195
123 217
123 239
123 247
123 255
123 309
123 349
123 352
123 368
123 376
123 383
123 385
123 390
123 391
123 400
123 418
123 422
123 426
123 440
123 453
123 483
124 136
124 139
124 147
124 149
124 152
124 157
124 159
124 164
124 172
124 175
124 179
124 184
124 188
124 203
124 204
124 210
124 223
124 224
124 227
124 228
124 236
124 247
124 255
124 285
124 286
124 290
124 312
124 317
124 325
124 336
124 340
124 356
124 358
124 383
124 409
124 430
124 436
124 439
124 441
124 451
124 464
124 497
124 498
125 126
125 128
125 143
125 152
125 158
125 171
125 181
125 207
125 211
125 223
125 229
125 232
125 239
125 246
125 252
125 259
125 264
125 272
125 283
125 310
125 312
125 326
125 365
125 372
125 385
125 399
125 410
125 414
125 425
125 436
125 455
125 492
126 131
126 163
126 171
126 181
126 190
126 195
126 205
126 208
126 211
126 213
126 224
126 230
126 242
126 250
126 268
126 281
126 282
126 286
126 293
126 310
126 314
126 338
126 351
126 352
126 355
126 393
126 409
126 424
126 446
126 453
126 455
126 458
126 463
126 466
126 473
126 474
126 478
126 487
126 492
127 128
127 133
127 138
127 170
127 173
127 188
127 198
127 200
127 202
127 209
127 212
127 218
127 261
127 289
127 292
127 296
127 315
127 321
127 327
127 330
127 340
127 347
127 368
127 371
127 399
127 418
127 420
127 423
127 445
127 446
127 457
127 473
127 486
127 490
127 491
127 495
128 133
128 144
128 169
128 185
128 188
128 194
128 200
128 202
128 206
128 215
128 217
128 220
128 228
128 230
128 234
128 241
128 256
128 301
128 321
128 323
128 325
128 331
128 334
128 356
128 367
128 376
128 383
128 387
128 391
128 423
128 432
128 462
128 463
128 475
128 477
128 481
129 149
129 161
129 164
129 173
129 187
129 188
129 190
129 192
129 193
129 204
129 208
129 209
129 217
129 220
129 232
129 240
129 245
129 253
129 256
129 259
129 270
129 286
129 287
129 289
129 292
129 301
129 305
129 333
129 347
129 383
129 405
129 431
129 435
129 460
129 468
129 479
129 486
130 150
130 153
130 159
130 162
130 169
130 188
130 196
130 228
130 229
130 263
130 277
130 291
130 294
130 321
130 325
130 333
130 337
130 344
130 357
130 360
130 363
130 410
130 416
130 433
130 442
130 458
130 465
130 480
130 486
130 499
131 137
131 150
131 159
131 162
131 166
131 171
131 172
131 182
131 186
131 190
131 191
131 192
131 211
131 214
131 215
131 226
131 230
131 234
131 240
131 250
131 258
131 259
131 269
131 270
131 280
131 288
131 295
131 296
131 312
131 333
131 344
131 347
131 353
131 366
131 371
131 393
131 403
131 433
131 434
131 437
131 449
131 458
131 468
131 473
131 478
131 493
132 133
132 142
132 160
132 164
132 195
132 197
132 206
132 218
132 222
132 223
132 238
132 247
132 264
132 270
132 275
132 305
132 318
132 321
132 341
132 342
132 344
132 399
132 428
132 482
132 491
133 155
133 175
133 223
133 232
133 240
133 250
133 263
133 269
133 271
133 281
133 283
133 286
133 318
133 343
133 345
133 353
133 358
133 359
133 388
133 408
133 414
133 418
133 423
133 447
133 467
133 475
133 483
133 485
133 486
133 488
133 489
134 138
134 141
134 150
134 154
134 161
134 165
134 166
134 196
134 204
134 215
134 221
134 223
134 234
134 235
134 239
134 249
134 250
134 254
134 266
134 274
134 276
134 277
134 281
134 295
134 298
134 322
134 330
134 346
134 376
134 387
134 394
134 401
134 403
134 415
134 417
134 439
134 444
134 447
134 451
134 466
134 472
134 473
134 474
134 487
134 495
135 141
135 157
135 166
135 173
135 178
135 179
135 183
135 186
135 192
135 195
135 197
135 204
135 206
135 216
135 218
135 230
135 231
135 235
135 252
135 263
135 271
135 292
135 303
135 349
135 353
135 358
135 400
135 412
135 438
135 453
135 480
135 482
135 489
136 168
136 174
136 178
136 190
136 192
136 195
136 202
136 211
136 212
136 214
136 218
136 220
136 243
136 249
136 251
136 257
136 267
136 269
136 285
136 289
136 298
136 299
136 303
136 310
136 316
136 319
136 328
136 340
136 341
136 346
136 349
136 355
136 367
136 373
136 374
136 381
136 392
136 404
136 405
136 420
136 431
136 446
136 447
136 458
136 461
136 467
136 474
136 476
136 482
136 487
136 493
136 497
137 141
137 158
137 162
137 166
137 167
137 169
137 173
137 191
137 197
137 202
137 203
137 226
137 228
137 229
137 241
137 247
137 262
137 270
137 288
137 308
137 322
137 325
137 342
137 349
137 353
137 358
137 361
137 372
137 376
137 411
137 418
137 419
137 439
137 456
137 460
137 465
137 472
137 480
137 487
138 143
138 155
138 163
138 165
138 169
138 196
138 205
138 233
138 260
138 263
138 273
138 288
138 294
138 300
138 303
138 311
138 315
138 319
138 325
138 327
138 333
138 338
138 341
138 349
138 350
138 366
138 367
138 371
138 376
138 379
138 386
138 388
138 397
138 403
138 409
138 436
138 455
138 463
138 475
138 484
138 485
138 491
139 141
139 174
139 176
139 202
139 204
139 208
139 210
139 221
139 226
139 229
139 240
139 245
139 248
139 252
139 259
139 282
139 284
139 295
139 316
139 328
139 340
139 361
139 367
139 368
139 385
139 400
139 415
139 416
139 424
139 425
139 433
139 436
139 483
139 498
140 160
140 164
140 166
140 168
140 171
140 178
140 180
140 187
140 195
140 203
140 206
140 210
140 221
140 227
140 230
140 234
140 261
140 268
140 285
140 287
140 288
140 295
140 298
140 302
140 304
140 305
140 310
140 317
140 329
140 337
140 349
140 353
140 365
140 368
140 386
140 387
140 391
140 393
140 409
140 413
140 419
140 420
140 430
140 441
140 442
140 474
140 483
141 148
141 154
141 165
141 175
141 176
141 181
141 191
141 210
141 215
141 218
141 259
141 281
141 283
141 287
141 291
141 310
141 330
141 340
141 344
141 347
141 353
141 354
141 375
141 401
141 425
141 433
141 435
141 453
141 468
141 473
141 482
141 483
141 489
141 494
142 150
142 155
142 157
142 166
142 170
142 174
142 218
142 219
142 262
142 286
142 298
142 318
142 320
142 329
142 348
142 360
142 364
142 365
142 370
142 390
142 393
142 400
142 410
142 416
142 422
142 427
142 431
142 447
142 453
142 467
142 496
142 499
143 146
143 162
143 183
143 208
143 212
143 218
143 227
143 235
143 247
143 260
143 263
143 277
143 278
143 287
143 294
143 295
143 298
143 305
143 311
143 339
143 345
143 352
143 353
143 386
143 403
143 422
143 442
143 447
143 469
144 152
144 153
144 157
144 171
144 173
144 192
144 200
144 214
144 225
144 231
144 232
144 247
144 259
144 288
144 303
144 330
144 334
144 338
144 342
144 356
144 363
144 382
144 385
144 393
144 419
144 435
144 436
144 446
144 449
144 491
144 497
144 499
145 164
145 168
145 177
145 197
145 199
145 204
145 208
145 219
145 221
145 230
145 234
145 243
145 251
145 258
145 263
145 274
145 298
145 299
145 306
145 327
145 340
145 352
145 353
145 361
145 380
145 381
145 411
145 415
145 417
145 427
145 430
145 440
145 444
145 445
145 451
145 461
145 463
145 481
145 485
145 486
145 491
146 180
146 184
146 194
146 199
146 201
146 229
146 242
146 249
146 279
146 292
146 311
146 315
146 317
146 332
146 343
146 348
146 351
146 359
146 369
146 373
146 389
146 393
146 397
146 413
146 433
146 448
146 453
146 497
147 149
147 160
147 177
147 181
147 191
147 192
147 197
147 224
147 230
147 234
147 238
147 241
147 245
147 253
147 270
147 284
147 304
147 313
147 316
147 326
147 329
147 335
147 340
147 355
147 361
147 375
147 413
147 415
147 418
147 426
147 428
147 439
147 456
147 457
147 463
147 467
147 470
147 473
147 476
147 483
147 492
148 159
148 161
148 170
148 176
148 177
148 181
148 190
148 196
148 200
148 223
148 229
148 236
148 237
148 242
148 245
148 263
148 273
148 278
148 280
148 282
148 290
148 291
148 298
148 326
148 337
148 353
148 392
148 411
148 413
148 424
148 431
148 437
148 442
148 467
148 471
148 478
148 483
148 490
148 492
149 167
149 176
149 184
149 190
149 192
149 204
149 213
149 220
149 226
149 235
149 260
149 281
149 292
149 309
149 319
149 322
149 328
149 343
149 345
149 351
149 364
149 370
149 376
149 387
149 389
149 390
149 418
149 441
149 444
149 453
149 466
149 478
149 480
149 489
149 493
149 494
149 498
150 152
150 189
150 195
150 200
150 204
150 217
150 223
150 239
150 241
150 243
150 245
150 251
150 258
150 272
150 286
150 289
150 298
150 309
150 310
150 313
150 328
150 330
150 334
150 338
150 354
150 360
150 361
150 373
150 381
150 385
150 398
150 432
150 436
150 438
150 449
150 450
150 462
150 477
150 490
150 499
151 157
151 167
151 172
151 180
151 184
151 191
151 193
151 203
151 210
151 212
151 222
151 223
151 229
151 233
151 237
151 241
151 253
151 260
151 265
151 271
151 277
151 293
151 305
151 318
151 329
151 340
151 369
151 372
151 374
151 405
151 409
151 419
151 471
152 155
152 158
152 159
152 174
152 218
152 227
152 236
152 241
152 244
152 247
152 254
152 261
152 273
152 282
152 293
152 307
152 309
152 314
152 316
152 319
152 342
152 351
152 360
152 367
152 370
152 378
152 380
152 392
152 400
152 417
152 419
152 443
152 445
152 451
152 452
152 455
152 456
152 497
153 162
153 170
153 186
153 202
153 203
153 216
153 218
153 222
153 228
153 239
153 247
153 261
153 264
153 291
153 305
153 316
153 338
153 340
153 348
153 352
153 357
153 367
153 371
153 388
153 393
153 395
153 400
153 403
153 429
153 446
153 461
153 468
153 474
153 486
153 490
153 499
154 190
154 195
154 204
154 209
154 222
154 223
154 244
154 248
154 250
154 255
154 276
154 294
154 308
154 340
154 355
154 365
154 378
154 385
154 387
154 390
154 392
154 398
154 402
154 412
154 423
154 439
154 444
154 445
154 457
154 466
154 469
154 473
154 474
154 482
154 483
154 492
154 498
155 156
155 202
155 204
155 211
155 220
155 261
155 274
155 275
155 281
155 314
155 316
155 328
155 341
155 343
155 345
155 348
155 355
155 373
155 384
155 391
155 398
155 423
155 435
155 466
155 470
155 474
155 486
155 490
156 168
156 181
156 233
156 247
156 256
156 263
156 266
156 284
156 291
156 297
156 304
156 310
156 312
156 316
156 323
156 353
156 354
156 365
156 369
156 418
156 424
156 428
156 435
156 448
156 449
156 484
156 485
156 491
156 498
157 159
157 176
157 181
157 186
157 188
157 194
157 206
157 212
157 213
157 214
157 234
157 238
157 239
157 263
157 285
157 319
157 347
157 372
157 376
157 379
157 386
157 418
157 448
157 465
157 466
157 470
158 166
158 168
158 172
158 176
158 215
158 228
158 230
158 255
158 259
158 268
158 287
158 295
158 299
158 314
158 325
158 328
158 329
158 341
158 344
158 345
158 350
158 368
158 377
158 383
158 385
158 391
158 408
158 411
158 413
158 419
158 424
158 440
158 454
158 462
158 481
158 482
159 162
159 195
159 206
159 211
159 221
159 257
159 259
159 320
159 339
159 340
159 359
159 361
159 365
159 366
159 370
159 377
159 388
159 391
159 395
159 396
159 397
159 409
159 410
159 413
159 420
159 442
159 446
159 463
159 466
159 479
159 496
159 497
160 170
160 174
160 192
160 195
160 208
160 210
160 212
160 213
160 214
160 218
160 222
160 236
160 241
160 248
160 276
160 322
160 341
160 344
160 345
160 364
160 375
160 406
160 410
160 417
160 450
160 473
160 477
160 491
160 497
161 172
161 185
161 196
161 228
161 231
161 232
161 240
161 262
161 264
161 271
161 278
161 280
161 294
161 300
161 301
161 320
161 326
161 339
161 341
161 343
161 350
161 369
161 378
161 381
161 385
161 401
161 402
161 410
161 415
161 439
161 440
161 460
161 487
161 492
161 495
162 163
162 165
162 185
162 188
162 190
162 192
162 194
162 195
162 200
162 203
162 232
162 234
162 237
162 242
162 248
162 250
162 265
162 266
162 274
162 289
162 301
162 311
162 316
162 329
162 340
162 378
162 381
162 396
162 408
162 420
162 422
162 428
162 433
163 170
163 172
163 178
163 209
163 213
163 215
163 216
163 239
163 244
163 249
163 250
163 258
163 271
163 302
163 317
163 330
163 374
163 380
163 381
163 386
163 410
163 424
163 426
163 427
163 439
163 456
163 459
163 460
163 461
163 465
163 471
163 477
163 479
163 489
164 167
164 188
164 217
164 222
164 239
164 242
164 244
164 249
164 289
164 292
164 298
164 301
164 316
164 332
164 354
164 370
164 376
164 377
164 392
164 399
164 402
164 415
164 437
164 450
164 490
164 493
164 498
165 179
165 183
165 191
165 194
165 198
165 206
165 227
165 231
165 252
165 287
165 291
165 313
165 337
165 347
165 373
165 383
165 415
165 419
165 428
165 433
165 436
165 449
165 460
165 462
165 466
165 471
165 475
165 478
165 491
166 172
166 178
166 179
166 186
166 229
166 238
166 249
166 256
166 257
166 273
166 278
166 281
166 293
166 296
166 299
166 310
166 313
166 330
166 360
166 387
166 405
166 435
166 447
166 456
166 457
166 461
166 491
167 179
167 183
167 210
167 212
167 213
167 218
167 222
167 224
167 233
167 236
167 276
167 325
167 329
167 337
167 338
167 345
167 347
167 379
167 382
167 394
167 404
167 409
167 418
167 419
167 423
167 425
167 432
167 451
167 460
167 463
167 464
167 479
167 481
167 484
167 497
168 170
168 182
168 186
168 196
168 220
168 227
168 243
168 253
168 255
168 269
168 274
168 282
168 298
168 331
168 335
168 340
168 351
168 353
168 368
168 369
168 370
168 389
168 395
168 417
168 426
168 429
168 430
168 440
168 441
168 445
168 466
168 480
168 498
169 187
169 201
169 215
169 217
169 220
169 221
169 225
169 229
169 230
169 234
169 241
169 255
169 280
169 285
169 295
169 303
169 307
169 310
169 316
169 324
169 328
169 339
169 356
169 363
169 380
169 427
169 430
169 435
169 436
169 452
169 467
169 493
169 498
170 179
170 197
170 265
170 287
170 303
170 313
170 352
170 354
170 359
170 360
170 373
170 390
170 401
170 405
170 423
170 428
170 430
170 447
170 463
171 173
171 175
171 201
171 205
171 207
171 209
171 225
171 228
171 230
171 235
171 236
171 240
171 245
171 247
171 250
171 251
171 254
171 256
171 262
171 268
171 319
171 323
171 328
171 341
171 342
171 352
171 360
171 365
171 368
171 376
171 378
171 397
171 409
171 438
171 454
171 459
171 477
171 489
171 490
172 180
172 186
172 199
172 208
172 226
172 230
172 241
172 244
172 251
172 265
172 267
172 270
172 321
172 325
172 326
172 333
172 338
172 341
172 344
172 350
172 369
172 376
172 382
172 386
172 388
172 389
172 405
172 432
172 435
172 442
172 449
172 450
172 463
172 465
172 472
172 489
173 181
173 184
173 191
173 201
173 202
173 221
173 222
173 232
173 237
173 242
173 251
173 252
173 254
173 260
173 277
173 293
173 328
173 352
173 361
173 393
173 397
173 404
173 417
173 420
173 444
173 449
173 458
173 459
173 476
173 478
173 480
173 483
173 485
173 499
174 177
174 180
174 185
174 188
174 198
174 207
174 216
174 265
174 277
174 309
174 319
174 332
174 373
174 375
174 383
174 388
174 393
174 435
174 450
174 453
174 463
174 481
174 486
174 488
175 184
175 188
175 193
175 196
175 200
175 202
175 206
175 229
175 237
175 247
175 262
175 273
175 274
175 280
175 284
175 286
175 294
175 296
175 306
175 318
175 334
175 335
175 344
175 353
175 360
175 369
175 378
175 382
175 387
175 392
175 401
175 439
175 448
175 453
175 460
175 466
175 471
175 472
175 483
175 486
175 491
176 191
176 194
176 201
176 210
176 215
176 220
176 222
176 236
176 237
176 247
176 284
176 299
176 300
176 319
176 342
176 344
176 360
176 364
176 365
176 392
176 408
176 411
176 420
176 429
176 438
176 447
176 461
176 471
176 472
176 473
176 476
176 483
176 484
177 178
177 180
177 182
177 189
177 221
177 225
177 227
177 229
177 243
177 245
177 266
177 315
177 319
177 326
177 346
177 348
177 365
177 389
177 395
177 398
177 401
177 413
177 433
177 461
177 462
177 470
177 475
177 479
177 489
177 493
177 499
178 190
178 193
178 225
178 241
178 244
178 252
178 267
178 288
178 289
178 292
178 293
178 297
178 313
178 315
178 340
178 343
178 352
178 358
178 362
178 393
178 399
178 406
178 417
178 429
178 446
178 448
178 453
178 479
178 480
179 196
179 198
179 210
179 241
179 255
179 267
179 273
179 290
179 309
179 322
179 345
179 360
179 367
179 368
179 388
179 400
179 406
179 415
179 417
179 444
179 456
179 471
179 475
179 491
180 182
180 185
180 192
180 211
180 222
180 223
180 227
180 233
180 264
180 285
180 288
180 292
180 297
180 298
180 307
180 320
180 325
180 330
180 339
180 350
180 364
180 370
180 371
180 377
180 402
180 413
180 425
180 426
180 477
180 481
180 482
180 488
180 495
181 183
181 184
181 198
181 204
181 257
181 267
181 272
181 287
181 301
181 313
181 318
181 323
181 341
181 345
181 352
181 362
181 363
181 380
181 394
181 406
181 410
181 412
181 420
181 423
181 430
181 437
181 449
181 477
181 478
181 488
181 492
181 494
181 498
182 189
182 210
182 213
182 217
182 221
182 233
182 243
182 276
182 280
182 294
182 295
182 317
182 358
182 373
182 380
182 401
182 404
182 413
182 439
182 445
182 446
182 455
182 471
182 475
183 203
183 220
183 222
183 225
183 229
183 278
183 289
183 296
183 305
183 316
183 318
183 326
183 337
183 342
183 344
183 359
183 387
183 391
183 396
183 402
183 404
183 405
183 412
183 413
183 419
183 441
183 449
183 467
183 469
183 471
183 473
183 486
183 487
183 493
184 186
184 187
184 200
184 209
184 220
184 226
184 247
184 250
184 269
184 279
184 288
184 303
184 304
184 305
184 307
184 312
184 322
184 349
184 376
184 384
184 389
184 396
184 431
184 448
184 455
184 473
185 190
185 199
185 207
185 209
185 220
185 222
185 227
185 229
185 235
185 245
185 254
185 257
185 274
185 282
185 286
185 307
185 315
185 316
185 318
185 324
185 326
185 329
185 349
185 367
185 410
185 423
185 443
185 457
185 468
185 472
185 480
185 483
186 189
186 201
186 207
186 225
186 235
186 243
186 252
186 257
186 279
186 281
186 287
186 303
186 322
186 328
186 336
186 337
186 353
186 367
186 375
186 418
186 426
186 439
186 451
186 464
186 465
186 475
186 477
186 488
187 194
187 196
187 202
187 204
187 216
187 224
187 234
187 238
187 246
187 253
187 254
187 258
187 263
187 264
187 286
187 324
187 329
187 331
187 340
187 382
187 387
187 390
187 393
187 394
187 404
187 428
187 436
187 451
187 459
187 461
187 480
187 487
188 236
188 241
188 244
188 246
188 251
188 259
188 271
188 278
188 299
188 308
188 322
188 333
188 346
188 349
188 367
188 369
188 375
188 377
188 401
188 409
188 414
188 434
188 440
188 464
188 494
188 495
189 216
189 236
189 262
189 268
189 309
189 310
189 330
189 331
189 348
189 350
189 360
189 361
189 385
189 387
189 393
189 406
189 418
189 422
189 431
189 441
189 461
189 465
189 478
189 489
190 232
190 240
190 295
190 301
190 306
190 322
190 342
190 345
190 370
190 375
190 380
190 411
190 421
190 427
190 439
190 450
190 462
190 486
190 489
190 490
190 495
191 205
191 211
191 212
191 229
191 232
191 234
191 247
191 252
191 273
191 293
191 304
191 308
191 321
191 327
191 332
191 339
191 349
191 351
191 354
191 374
191 387
191 388
191 392
191 414
191 415
191 422
191 428
191 444
191 456
191 458
191 473
191 475
192 194
192 243
192 245
192 253
192 262
192 270
192 272
192 301
192 321
192 331
192 343
192 360
192 378
192 424
192 460
192 471
192 473
192 497
193 209
193 219
193 251
193 277
193 278
193 297
193 298
193 303
193 316
193 335
193 349
193 359
193 404
193 414
193 418
193 419
193 421
193 428
193 434
193 456
193 465
193 469
193 499
194 206
194 213
194 222
194 233
194 236
194 237
194 252
194 260
194 282
194 289
194 307
194 308
194 316
194 322
194 324
194 332
194 340
194 352
194 358
194 365
194 371
194 380
194 382
194 389
194 394
194 406
194 436
194 442
194 446
194 451
194 496
195 201
195 206
195 219
195 223
195 255
195 257
195 259
195 264
195 270
195 272
195 291
195 344
195 351
195 372
195 388
195 420
195 424
195 428
195 432
195 436
195 440
195 448
195 451
195 461
195 468
195 481
195 484
195 492
195 496
196 198
196 213
196 227
196 233
196 239
196 246
196 250
196 267
196 276
196 277
196 310
196 311
196 318
196 333
196 349
196 350
196 368
196 373
196 385
196 391
196 394
196 395
196 398
196 400
196 401
196 407
196 413
196 424
196 436
196 447
196 450
196 451
196 462
196 485
196 496
196 497
197 199
197 206
197 210
197 214
197 247
197 259
197 263
197 269
197 279
197 289
197 290
197 300
197 309
197 313
197 316
197 322
197 328
197 346
197 361
197 365
197 369
197 372
197 376
197 383
197 395
197 401
197 403
197 409
197 425
197 428
197 431
197 451
197 453
197 454
197 459
197 489
198 208
198 216
198 221
198 258
198 262
198 272
198 280
198 300
198 301
198 311
198 321
198 324
198 327
198 337
198 344
198 388
198 420
198 427
198 431
198 443
198 447
198 452
198 464
198 482
199 202
199 207
199 215
199 220
199 229
199 243
199 244
199 247
199 270
199 282
199 286
199 300
199 301
199 302
199 309
199 316
199 317
199 338
199 343
199 344
199 348
199 351
199 367
199 373
199 380
199 381
199 418
199 419
199 443
199 444
199 457
199 472
199 473
199 480
199 481
199 486
200 228
200 232
200 238
200 241
200 243
200 244
200 249
200 254
200 255
200 257
200 268
200 276
200 281
200 291
200 295
200 305
200 342
200 374
200 375
200 379
200 381
200 392
200 410
200 414
200 416
200 419
200 430
200 432
200 441
200 443
200 460
200 467
200 469
200 471
200 477
200 488
201 217
201 222
201 227
201 241
201 249
201 256
201 269
201 277
201 280
201 284
201 290
201 299
201 306
201 314
201 321
201 327
201 336
201 340
201 348
201 358
201 359
201 362
201 366
201 376
201 395
201 413
201 432
201 438
201 455
201 472
201 474
201 485
201 495
202 230
202 240
202 243
202 257
202 264
202 265
202 272
202 275
202 306
202 317
202 324
202 337
202 340
202 344
202 355
202 372
202 385
202 388
202 426
202 436
202 467
202 468
202 469
202 490
202 492
202 493
203 230
203 239
203 248
203 255
203 266
203 272
203 286
203 297
203 304
203 310
203 339
203 340
203 342
203 375
203 377
203 383
203 388
203 417
203 424
203 427
203 431
203 432
203 438
203 440
203 448
203 453
203 479
203 490
203 491
203 495
204 224
204 227
204 228
204 240
204 245
204 252
204 256
204 272
204 279
204 309
204 310
204 326
204 345
204 346
204 347
204 355
204 370
204 374
204 379
204 382
204 385
204 387
204 388
204 401
204 420
204 432
204 435
204 444
204 462
204 476
204 477
205 217
205 230
205 233
205 257
205 258
205 293
205 311
205 319
205 322
205 323
205 326
205 345
205 375
205 392
205 394
205 396
205 419
205 430
205 440
205 464
205 467
205 477
205 479
206 233
206 239
206 246
206 252
206 261
206 264
206 276
206 283
206 296
206 297
206 301
206 307
206 314
206 315
206 333
206 336
206 337
206 343
206 347
206 375
206 395
206 409
206 441
206 445
206 456
206 470
206 475
206 477
206 484
206 491
206 496
206 497
207 209
207 210
207 220
207 225
207 228
207 231
207 233
207 268
207 276
207 278
207 320
207 337
207 367
207 378
207 380
207 426
207 439
207 443
207 446
207 448
207 459
207 466
207 474
207 477
207 482
207 483
207 488
207 499
208 226
208 234
208 235
208 243
208 244
208 246
208 247
208 261
208 263
208 266
208 268
208 269
208 270
208 285
208 307
208 323
208 337
208 354
208 376
208 382
208 383
208 396
208 399
208 401
208 416
208 424
208 426
208 427
208 435
208 436
208 439
208 451
208 452
208 467
208 478
208 484
208 492
208 495
208 498
209 211
209 212
209 213
209 218
209 237
209 244
209 248
209 273
209 274
209 275
209 284
209 313
209 329
209 334
209 338
209 339
209 343
209 346
209 353
209 354
209 358
209 362
209 370
209 375
209 381
209 398
209 416
209 428
209 442
209 443
209 452
209 475
210 214
210 223
210 225
210 235
210 257
210 259
210 269
210 282
210 286
210 298
210 308
210 317
210 324
210 329
210 332
210 333
210 334
210 337
210 340
210 341
210 356
210 366
210 371
210 373
210 395
210 413
210 414
210 417
210 420
210 446
210 456
210 475
210 477
210 490
210 493
211 269
211 284
211 291
211 300
211 306
211 330
211 352
211 353
211 360
211 369
211 372
211 387
211 391
211 393
211 398
211 405
211 414
211 426
211 449
211 468
211 473
212 219
212 221
212 223
212 229
212 231
212 232
212 271
212 283
212 294
212 305
212 306
212 329
212 347
212 354
212 377
212 390
212 403
212 420
212 426
212 433
212 437
212 439
212 460
212 466
212 467
212 474
212 477
212 480
212 499
213 216
213 219
213 232
213 238
213 240
213 246
213 248
213 249
213 259
213 278
213 283
213 302
213 310
213 320
213 339
213 346
213 355
213 358
213 366
213 388
213 391
213 403
213 405
213 413
213 418
213 445
213 465
213 476
213 479
213 488
214 245
214 262
214 270
214 272
214 282
214 284
214 292
214 343
214 352
214 365
214 371
214 391
214 394
214 402
214 410
214 444
214 447
214 449
214 470
214 471
214 496
215 242
215 247
215 255
215 277
215 278
215 292
215 293
215 300
215 322
215 336
215 353
215 358
215 364
215 368
215 379
215 384
215 395
215 399
215 405
215 410
215 419
215 436
215 450
215 452
215 471
215 486
215 490
216 221
216 224
216 233
216 246
216 250
216 271
216 279
216 287
216 295
216 304
216 310
216 312
216 325
216 331
216 338
216 354
216 359
216 360
216 367
216 383
216 384
216 389
216 402
216 414
216 423
216 424
216 426
216 442
216 446
216 473
216 481
216 486
216 493
217 226
217 238
217 243
217 251
217 270
217 279
217 284
217 285
217 292
217 295
217 299
217 312
217 316
217 348
217 386
217 395
217 417
217 422
217 427
217 429
217 432
217 439
217 450
217 453
217 459
217 478
217 491
218 228
218 229
218 233
218 250
218 251
218 261
218 263
218 277
218 279
218 282
218 288
218 293
218 314
218 356
218 381
218 382
218 387
218 389
218 392
218 407
218 425
218 431
218 437
218 440
218 447
218 453
218 468
218 473
218 479
218 480
218 497
219 222
219 233
219 254
219 269
219 278
219 310
219 318
219 320
219 344
219 346
219 347
219 349
219 407
219 409
219 410
219 417
219 418
219 424
219 425
219 430
219 438
219 442
219 451
219 452
219 456
219 462
219 475
219 485
219 486
219 499
220 221
220 229
220 233
220 235
220 246
220 254
220 255
220 260
220 265
220 277
220 279
220 299
220 346
220 353
220 363
220 371
220 372
220 388
220 408
220 413
220 421
220 430
220 432
220 469
220 491
220 499
221 228
221 230
221 239
221 244
221 250
221 273
221 275
221 288
221 295
221 298
221 301
221 302
221 314
221 323
221 340
221 368
221 377
221 382
221 392
221 396
221 402
221 418
221 429
221 432
221 441
221 445
221 447
221 457
221 461
221 463
221 484
221 492
221 493
221 498
222 246
222 249
222 256
222 259
222 278
222 298
222 308
222 331
222 335
222 350
222 351
222 353
222 354
222 363
222 370
222 397
222 410
222 412
222 427
222 431
222 436
222 439
222 440
222 445
222 446
222 451
222 463
222 469
222 475
222 481
222 484
222 485
222 488
222 490
222 493
222 498
223 234
223 240
223 241
223 247
223 258
223 264
223 281
223 284
223 285
223 308
223 340
223 342
223 347
223 365
223 366
223 370
223 383
223 389
223 391
223 397
223 400
223 401
223 410
223 434
223 451
223 454
224 233
224 243
224 247
224 249
224 254
224 266
224 270
224 271
224 284
224 291
224 294
224 310
224 313
224 325
224 336
224 365
224 371
224 381
224 383
224 389
224 399
224 407
224 410
224 430
224 452
224 479
224 484
224 491
224 497
225 252
225 265
225 268
225 269
225 276
225 288
225 291
225 295
225 307
225 319
225 333
225 357
225 359
225 371
225 374
225 384
225 401
225 429
225 440
225 446
225 454
225 460
225 464
225 476
226 232
226 241
226 256
226 261
226 265
226 267
226 268
226 271
226 282
226 310
226 316
226 320
226 323
226 324
226 326
226 335
226 348
226 356
226 368
226 406
226 407
226 422
226 423
226 424
226 434
226 464
226 482
226 484
226 486
226 496
226 497
227 229
227 238
227 240
227 271
227 274
227 283
227 298
227 307
227 317
227 324
227 325
227 354
227 393
227 399
227 402
227 417
227 418
227 423
227 432
227 438
227 439
227 445
227 476
227 478
227 480
227 481
227 484
227 495
228 238
228 239
228 258
228 262
228 269
228 278
228 283
228 304
228 311
228 314
228 325
228 338
228 353
228 361
228 364
228 371
228 393
228 396
228 415
228 418
228 420
228 432
228 459
228 495
229 235
229 262
229 263
229 273
229 301
229 304
229 305
229 309
229 315
229 317
229 320
229 324
229 326
229 330
229 341
229 362
229 382
229 395
229 398
229 403
229 408
229 414
229 419
229 421
229 425
229 437
229 439
229 452
229 471
229 473
230 238
230 255
230 257
230 268
230 276
230 277
230 286
230 357
230 360
230 362
230 369
230 376
230 398
230 401
230 407
230 414
230 421
230 423
230 426
230 431
230 432
230 434
230 435
230 443
230 454
230 464
230 477
230 479
230 496
231 232
231 244
231 253
231 255
231 266
231 294
231 298
231 325
231 335
231 348
231 356
231 362
231 372
231 376
231 387
231 388
231 393
231 394
231 410
231 422
231 425
231 441
231 461
231 463
231 471
231 480
231 486
232 235
232 257
232 265
232 275
232 278
232 281
232 286
232 291
232 294
232 297
232 303
232 310
232 311
232 328
232 336
232 348
232 363
232 366
232 374
232 375
232 378
232 382
232 384
232 385
232 388
232 389
232 393
232 404
232 411
232 412
232 424
232 428
232 445
232 448
232 449
232 453
232 465
233 236
233 237
233 250
233 262
233 272
233 285
233 293
233 307
233 312
233 316
233 342
233 363
233 376
233 384
233 387
233 403
233 415
233 451
233 472
233 476
233 482
233 486
233 490
233 497
234 247
234 273
234 274
234 279
234 280
234 292
234 298
234 300
234 311
234 312
234 315
234 323
234 343
234 350
234 357
234 362
234 367
234 370
234 376
234 393
234 394
234 419
234 423
234 425
234 428
234 431
234 445
234 451
234 452
234 462
234 470
234 480
234 482
234 492
234 499
235 237
235 251
235 279
235 309
235 310
235 320
235 324
235 340
235 354
235 370
235 372
235 417
235 439
235 441
235 454
235 465
235 470
235 474
236 238
236 255
236 256
236 268
236 282
236 289
236 294
236 312
236 316
236 321
236 322
236 362
236 367
236 368
236 374
236 375
236 397
236 405
236 422
236 455
236 460
236 482
236 485
237 238
237 250
237 264
237 280
237 308
237 309
237 335
237 339
237 341
237 351
237 353
237 356
237 431
237 437
237 438
237 439
237 443
237 470
237 476
237 478
238 241
238 252
238 270
238 271
238 272
238 278
238 285
238 289
238 311
238 316
238 322
238 325
238 345
238 347
238 348
238 350
238 356
238 359
238 363
238 370
238 377
238 387
238 419
238 421
238 443
238 448
238 456
238 459
238 462
238 468
238 471
238 475
238 477
238 481
239 245
239 247
239 251
239 293
239 296
239 298
239 310
239 321
239 324
239 352
239 356
239 357
239 360
239 366
239 371
239 372
239 408
239 411
239 417
239 439
239 444
239 462
239 463
239 468
239 479
239 482
239 485
239 486
240 243
240 260
240 263
240 268
240 272
240 275
240 281
240 284
240 292
240 298
240 299
240 301
240 307
240 310
240 314
240 323
240 333
240 341
240 350
240 351
240 361
240 363
240 375
240 383
240 394
240 395
240 412
240 426
240 428
240 435
240 439
240 449
240 450
240 484
240 490
241 273
241 279
241 291
241 318
241 325
241 336
241 350
241 385
241 398
241 400
241 408
241 438
241 444
241 449
241 450
241 455
241 465
241 467
241 478
241 481
241 483
241 484
241 485
242 251
242 253
242 257
242 263
242 282
242 315
242 346
242 347
242 351
242 365
242 367
242 369
242 373
242 374
242 376
242 381
242 382
242 389
242 393
242 408
242 411
242 427
242 434
242 438
242 450
242 459
242 465
242 471
243 246
243 252
243 254
243 263
243 284
243 286
243 293
243 302
243 314
243 317
243 319
243 322
243 327
243 366
243 371
243 381
243 410
243 413
243 433
243 441
243 445
243 447
243 461
243 475
243 483
243 498
244 252
244 266
244 282
244 287
244 294
244 311
244 312
244 336
244 364
244 367
244 369
244 378
244 394
244 402
244 404
244 410
244 439
244 445
244 449
244 468
244 470
244 477
245 252
245 253
245 272
245 273
245 278
245 297
245 301
245 306
245 307
245 317
245 340
245 345
245 364
245 427
245 458
245 461
245 463
245 493
246 259
246 265
246 290
246 294
246 298
246 303
246 317
246 318
246 322
246 328
246 329
246 345
246 364
246 366
246 368
246 387
246 392
246 404
246 442
246 463
246 482
246 489
247 250
247 254
247 262
247 267
247 268
247 280
247 285
247 293
247 307
247 309
247 313
247 318
247 326
247 327
247 332
247 364
247 372
247 378
247 382
247 413
247 418
247 431
247 444
247 445
247 452
247 453
247 466
247 472
247 478
247 479
247 481
247 482
248 267
248 269
248 273
248 294
248 296
248 306
248 318
248 330
248 375
248 381
248 387
248 397
248 401
248 406
248 430
248 437
248 452
248 454
248 460
248 469
248 475
248 480
248 491
249 250
249 269
249 270
249 277
249 301
249 322
249 326
249 351
249 353
249 379
249 381
249 386
249 396
249 398
249 399
249 412
249 414
249 436
249 443
249 448
249 453
249 466
249 470
249 482
249 485
249 492
250 251
250 256
250 258
250 263
250 280
250 285
250 286
250 291
250 306
250 311
250 317
250 326
250 329
250 337
250 344
250 355
250 385
250 386
250 395
250 405
250 415
250 418
250 425
250 431
250 452
250 457
250 487
250 494
251 270
251 283
251 291
251 334
251 359
251 361
251 363
251 384
251 401
251 402
251 406
251 424
251 426
251 431
251 438
251 440
251 447
251 451
251 452
251 467
251 469
251 489
251 490
251 491
251 492
252 253
252 263
252 264
252 265
252 269
252 295
252 298
252 304
252 321
252 326
252 334
252 360
252 377
252 380
252 384
252 391
252 406
252 413
252 414
252 420
252 427
252 438
252 450
252 455
252 467
252 471
252 476
252 495
252 497
253 262
253 265
253 270
253 282
253 283
253 284
253 319
253 333
253 337
253 364
253 365
253 374
253 376
253 383
253 389
253 433
253 442
253 444
253 451
253 456
253 472
253 475
253 478
253 481
253 491
253 498
254 259
254 277
254 287
254 289
254 305
254 314
254 352
254 369
254 370
254 381
254 385
254 386
254 406
254 413
254 417
254 428
254 430
254 444
254 456
254 462
255 256
255 275
255 280
255 296
255 297
255 304
255 310
255 318
255 325
255 327
255 328
255 358
255 362
255 369
255 374
255 388
255 401
255 405
255 428
255 435
255 451
255 466
255 473
255 493
255 496
255 497
256 265
256 269
256 270
256 274
256 326
256 332
256 357
256 372
256 373
256 377
256 395
256 408
256 416
256 433
256 452
256 462
256 463
256 481
256 494
256 496
257 262
257 274
257 275
257 295
257 302
257 308
257 321
257 335
257 336
257 339
257 343
257 381
257 382
257 388
257 389
257 398
257 419
257 423
257 445
257 453
257 463
257 477
258 273
258 282
258 309
258 333
258 348
258 352
258 356
258 375
258 381
258 386
258 390
258 411
258 420
258 421
258 433
258 439
258 442
258 459
258 469
258 470
258 480
258 486
258 487
258 490
258 492
258 496
259 270
259 273
259 276
259 277
259 291
259 298
259 301
259 304
259 324
259 325
259 345
259 355
259 372
259 376
259 383
259 400
259 404
259 408
259 410
259 418
259 437
259 439
259 448
259 450
259 466
259 474
259 478
259 491
260 264
260 283
260 294
260 304
260 314
260 335
260 345
260 352
260 356
260 364
260 365
260 366
260 367
260 389
260 393
260 408
260 436
260 439
260 458
260 477
260 481
260 490
260 492
260 493
261 271
261 282
261 292
261 297
261 341
261 344
261 348
261 352
261 356
261 367
261 375
261 379
261 391
261 405
261 418
261 422
261 424
261 441
261 443
261 451
261 474
262 266
262 287
262 290
262 296
262 307
262 314
262 333
262 334
262 352
262 357
262 367
262 379
262 383
262 394
262 397
262 406
262 440
262 477
262 479
262 480
262 485
262 492
262 498
263 270
263 293
263 307
263 314
263 318
263 332
263 344
263 345
263 365
263 386
263 392
263 404
263 408
263 424
263 440
263 445
263 467
264 265
264 293
264 294
264 300
264 312
264 316
264 357
264 391
264 402
264 408
264 421
264 432
264 436
264 444
264 463
264 465
264 474
264 475
264 483
264 487
264 497
265 290
265 298
265 304
265 310
265 318
265 350
265 357
265 365
265 375
265 386
265 393
265 394
265 423
265 441
265 461
265 470
265 473
265 492
265 494
266 288
266 295
266 310
266 315
266 348
266 364
266 409
266 448
266 450
266 453
266 476
266 489
266 498
267 273
267 279
267 280
267 286
267 294
267 309
267 310
267 317
267 320
267 322
267 324
267 368
267 376
267 387
267 392
267 398
267 406
267 408
267 410
267 411
267 419
267 434
267 435
267 438
267 440
267 443
267 445
267 469
267 477
267 486
267 493
267 498
268 277
268 278
268 286
268 294
268 297
268 298
268 307
268 335
268 347
268 354
268 372
268 384
268 385
268 388
268 390
268 394
268 419
268 430
268 438
268 453
268 462
268 466
268 488
268 490
269 285
269 295
269 296
269 338
269 353
269 360
269 363
269 377
269 398
269 406
269 421
269 422
269 434
269 437
269 461
270 273
270 279
270 287
270 297
270 307
270 325
270 329
270 354
270 373
270 382
270 393
270 407
270 409
270 410
270 423
270 425
270 431
270 433
270 445
270 454
270 463
270 468
270 472
270 492
271 277
271 287
271 289
271 298
271 311
271 316
271 322
271 330
271 369
271 380
271 384
271 385
271 394
271 395
271 396
271 413
271 426
271 427
271 443
271 451
271 465
271 471
271 474
271 486
272 283
272 285
272 288
272 291
272 313
272 315
272 318
272 332
272 340
272 354
272 360
272 367
272 388
272 396
272 406
272 422
272 431
272 432
272 448
272 449
272 460
272 475
272 496
272 497
273 277
273 279
273 293
273 299
273 301
273 307
273 322
273 323
273 338
273 341
273 349
273 358
273 363
273 368
273 378
273 396
273 399
273 413
273 420
273 421
273 424
273 437
273 438
273 462
273 472
273 485
273 487
274 278
274 294
274 295
274 322
274 342
274 345
274 371
274 378
274 397
274 407
274 412
274 414
274 417
274 424
274 427
274 441
274 447
274 449
274 460
274 465
274 469
274 470
274 482
274 491
274 495
275 278
275 280
275 293
275 298
275 299
275 314
275 331
275 333
275 352
275 361
275 363
275 369
275 370
275 405
275 420
275 443
275 444
275 446
275 448
275 466
275 478
275 495
276 298
276 304
276 313
276 314
276 356
276 362
276 367
276 370
276 374
276 400
276 427
276 433
276 434
276 435
276 439
276 440
276 443
276 448
276 452
276 460
276 463
276 467
276 481
276 483
276 491
276 495
277 306
277 309
277 340
277 341
277 364
277 367
277 374
277 399
277 403
277 406
277 423
277 428
277 436
277 437
277 442
277 447
277 449
277 459
277 468
277 479
278 281
278 287
278 289
278 309
278 312
278 314
278 337
278 338
278 342
278 344
278 368
278 380
278 385
278 471
278 487
279 282
279 298
279 299
279 307
279 316
279 326
279 349
279 366
279 368
279 369
279 377
279 386
279 397
279 400
279 412
279 419
279 430
279 438
279 446
279 470
279 473
279 483
279 487
279 489
279 490
279 493
279 494
280 285
280 287
280 293
280 296
280 313
280 329
280 331
280 343
280 353
280 354
280 356
280 361
280 366
280 373
280 376
280 385
280 392
280 398
280 406
280 422
280 430
280 433
280 438
280 448
280 479
280 483
281 296
281 319
281 322
281 328
281 360
281 370
281 373
281 376
281 380
281 403
281 406
281 417
281 438
281 440
281 441
281 458
281 472
281 484
281 489
281 499
282 287
282 294
282 296
282 302
282 307
282 313
282 334
282 345
282 366
282 382
282 387
282 406
282 420
282 448
282 466
282 469
282 476
282 478
282 491
283 305
283 318
283 319
283 327
283 330
283 347
283 359
283 375
283 394
283 396
283 432
283 441
283 443
283 448
283 462
283 463
283 490
283 496
284 288
284 299
284 305
284 317
284 320
284 323
284 333
284 349
284 357
284 361
284 377
284 378
284 384
284 385
284 392
284 401
284 402
284 410
284 417
284 421
284 430
284 445
284 453
284 455
284 461
284 477
284 480
285 304
285 306
285 312
285 322
285 333
285 342
285 348
285 358
285 373
285 374
285 392
285 396
285 397
285 418
285 422
285 427
285 430
285 439
285 450
285 453
285 456
285 468
285 477
285 491
285 499
286 288
286 304
286 305
286 311
286 326
286 332
286 347
286 348
286 357
286 361
286 363
286 408
286 414
286 457
286 479
287 293
287 304
287 307
287 315
287 321
287 369
287 389
287 391
287 392
287 417
287 429
287 441
287 456
287 459
287 460
287 492
287 494
287 495
288 291
288 320
288 323
288 325
288 343
288 345
288 356
288 365
288 380
288 388
288 394
288 408
288 409
288 443
288 496
289 293
289 300
289 304
289 323
289 329
289 354
289 383
289 391
289 396
289 415
289 416
289 420
289 424
289 440
289 454
289 457
289 466
289 467
289 484
290 299
290 304
290 305
290 318
290 327
290 347
290 369
290 370
290 394
290 397
290 400
290 402
290 403
290 406
290 439
290 440
290 447
290 454
290 457
290 473
290 476
291 294
291 301
291 302
291 304
291 307
291 309
291 319
291 320
291 337
291 344
291 345
291 360
291 365
291 375
291 380
291 384
291 387
291 392
291 400
291 425
291 429
291 434
291 438
291 450
291 453
291 454
291 466
291 471
291 475
291 480
291 481
291 485
291 492
291 494
291 496
291 498
292 302
292 307
292 311
292 315
292 317
292 323
292 332
292 335
292 350
292 408
292 409
292 414
292 416
292 429
292 433
292 453
292 456
292 466
292 468
292 473
292 482
292 499
293 306
293 324
293 328
293 329
293 350
293 374
293 376
293 384
293 389
293 407
293 410
293 413
293 419
293 421
293 434
293 435
293 441
293 450
293 469
293 479
293 488
293 489
293 490
293 498
294 311
294 333
294 334
294 357
294 376
294 398
294 417
294 421
294 442
294 445
294 446
294 453
294 486
295 296
295 303
295 305
295 315
295 317
295 318
295 321
295 337
295 338
295 343
295 350
295 391
295 401
295 403
295 408
295 417
295 466
295 473
295 475
295 476
295 496
296 300
296 305
296 318
296 326
296 329
296 334
296 345
296 346
296 352
296 353
296 358
296 367
296 370
296 376
296 379
296 381
296 395
296 398
296 404
296 418
296 419
296 457
296 475
296 494
296 498
297 298
297 300
297 305
297 309
297 316
297 317
297 321
297 333
297 336
297 345
297 360
297 372
297 393
297 399
297 420
297 425
297 430
297 432
297 440
297 449
297 458
297 480
297 485
298 307
298 309
298 314
298 319
298 322
298 354
298 356
298 373
298 385
298 387
298 388
298 399
298 407
298 409
298 420
298 450
298 453
298 466
298 470
298 472
298 480
299 302
299 310
299 320
299 322
299 328
299 340
299 352
299 355
299 364
299 370
299 388
299 391
299 398
299 409
299 412
299 418
299 427
299 432
299 437
299 448
299 451
299 458
299 461
299 466
299 472
299 473
299 474
299 476
299 498
300 312
300 332
300 337
300 342
300 351
300 357
300 368
300 370
300 402
300 412
300 417
300 422
300 425
300 428
300 461
300 462
300 463
300 470
300 473
300 477
300 496
301 323
301 336
301 346
301 354
301 367
301 369
301 393
301 403
301 415
301 427
301 437
301 438
301 441
301 448
301 454
301 475
301 480
301 496
302 317
302 330
302 337
302 349
302 368
302 375
302 379
302 384
302 402
302 403
302 445
302 446
302 453
303 305
303 309
303 311
303 314
303 318
303 328
303 337
303 344
303 368
303 370
303 373
303 375
303 384
303 396
303 413
303 442
303 462
303 470
303 477
303 478
304 306
304 307
304 317
304 324
304 328
304 356
304 361
304 379
304 384
304 389
304 410
304 422
304 463
304 465
304 467
304 472
304 483
304 484
305 306
305 330
305 337
305 339
305 343
305 359
305 375
305 399
305 401
305 404
305 418
305 421
305 431
305 441
305 461
305 478
305 485
306 318
306 342
306 349
306 354
306 365
306 389
306 424
306 430
306 451
306 472
306 475
307 310
307 347
307 372
307 378
307 385
307 391
307 394
307 408
307 412
307 420
307 432
307 439
307 467
307 482
307 484
307 489
307 494
308 318
308 328
308 340
308 346
308 349
308 360
308 418
308 430
308 437
308 439
308 450
308 455
308 459
308 460
308 462
308 466
308 476
309 311
309 335
309 340
309 347
309 348
309 364
309 369
309 370
309 398
309 402
309 408
309 438
309 440
309 457
309 462
309 469
309 480
309 483
309 493
310 312
310 313
310 314
310 316
310 324
310 330
310 337
310 343
310 356
310 358
310 361
310 363
310 368
310 374
310 394
310 400
310 413
310 417
310 482
310 493
310 497
310 499
311 316
311 319
311 324
311 327
311 329
311 334
311 341
311 345
311 351
311 354
311 367
311 368
311 369
311 381
311 387
311 395
311 407
311 424
311 436
311 437
311 444
311 446
311 450
311 460
311 465
311 481
311 486
311 498
312 316
312 341
312 350
312 352
312 373
312 385
312 386
312 393
312 406
312 407
312 410
312 426
312 428
312 436
312 438
312 440
312 441
312 453
312 480
312 497
313 320
313 326
313 329
313 334
313 342
313 365
313 372
313 392
313 407
313 412
313 431
313 440
313 447
313 456
313 460
313 461
313 480
313 482
313 495
314 322
314 326
314 331
314 342
314 351
314 356
314 357
314 360
314 368
314 377
314 378
314 383
314 404
314 416
314 429
314 437
314 457
314 478
315 330
315 339
315 343
315 348
315 349
315 364
315 381
315 389
315 392
315 405
315 409
315 468
315 485
315 492
316 321
316 349
316 373
316 380
316 384
316 391
316 398
316 400
316 407
316 414
316 417
316 426
316 429
316 435
316 442
316 447
316 452
316 454
316 459
316 472
316 473
316 479
316 485
316 491
317 332
317 346
317 351
317 368
317 379
317 381
317 382
317 404
317 406
317 407
317 410
317 413
317 427
317 459
317 483
318 352
318 356
318 363
318 366
318 371
318 374
318 379
318 383
318 386
318 389
318 392
318 396
318 411
318 413
318 415
318 417
318 435
318 437
318 452
318 464
318 467
318 475
318 482
318 488
318 499
319 328
319 342
319 346
319 350
319 363
319 367
319 377
319 381
319 382
319 387
319 392
319 433
319 436
319 437
319 470
320 331
320 340
320 346
320 357
320 366
320 382
320 393
320 423
320 424
320 433
320 491
320 495
321 346
321 347
321 387
321 411
321 428
321 451
321 463
321 465
321 469
321 487
321 489
321 496
322 331
322 333
322 337
322 353
322 356
322 393
322 396
322 398
322 412
322 421
322 425
322 426
322 433
322 465
322 467
322 471
322 472
322 480
322 498
323 331
323 332
323 333
323 346
323 351
323 355
323 378
323 388
323 398
323 415
323 424
323 440
323 442
323 450
323 470
323 477
323 480
323 489
323 490
324 335
324 337
324 363
324 366
324 382
324 400
324 403
324 409
324 413
324 432
324 450
324 462
324 476
324 479
324 489
324 495
325 334
325 356
325 357
325 362
325 367
325 379
325 399
325 401
325 403
325 420
325 446
325 450
325 460
325 461
325 482
325 495
325 497
326 334
326 339
326 374
326 389
326 391
326 397
326 399
326 411
326 418
326 419
326 423
326 429
326 431
326 438
326 442
326 467
326 469
326 471
326 472
326 473
326 474
327 339
327 341
327 344
327 349
327 352
327 354
327 372
327 390
327 400
327 401
327 405
327 429
327 434
327 440
327 447
327 449
327 454
327 458
327 464
327 472
327 479
327 487
327 488
327 491
327 493
328 341
328 345
328 358
328 410
328 436
328 437
328 438
328 440
328 441
328 442
328 447
328 467
328 476
328 490
328 496
329 339
329 351
329 366
329 367
329 378
329 385
329 395
329 410
329 423
329 434
329 455
329 456
329 460
329 475
329 477
329 480
329 493
329 499
330 338
330 343
330 370
330 376
330 393
330 418
330 423
330 424
330 452
330 472
330 486
331 343
331 348
331 389
331 393
331 403
331 407
331 431
331 434
331 441
331 448
331 449
331 454
331 456
331 464
331 492
331 495
332 338
332 344
332 354
332 359
332 361
332 364
332 385
332 386
332 399
332 410
332 413
332 423
332 432
332 436
332 456
332 477
332 478
332 482
332 486
332 493
333 338
333 340
333 342
333 356
333 368
333 379
333 398
333 410
333 428
333 431
333 445
333 478
333 481
333 482
333 490
333 495
334 335
334 336
334 347
334 362
334 373
334 379
334 385
334 386
334 405
334 407
334 414
334 426
334 467
334 469
334 475
334 483
334 487
334 496
335 345
335 348
335 356
335 362
335 371
335 388
335 392
335 412
335 432
335 436
335 448
335 455
335 456
335 463
335 475
335 478
335 490
335 491
335 495
336 339
336 343
336 345
336 346
336 348
336 349
336 368
336 398
336 407
336 431
336 438
336 470
336 472
336 474
336 486
336 489
336 491
336 494
337 338
337 346
337 371
337 373
337 393
337 394
337 395
337 411
337 416
337 417
337 421
337 427
337 438
337 472
337 481
337 492
337 498
338 344
338 345
338 356
338 357
338 367
338 370
338 412
338 415
338 416
338 426
338 436
338 442
338 447
338 472
338 491
338 498
339 343
339 356
339 362
339 376
339 386
339 400
339 412
339 416
339 419
339 433
339 434
339 444
339 448
339 450
339 453
339 458
339 463
339 491
340 347
340 361
340 381
340 386
340 387
340 406
340 423
340 434
340 451
340 466
340 469
340 480
340 485
340 492
341 354
341 355
341 365
341 378
341 382
341 387
341 390
341 391
341 411
341 442
341 445
341 457
341 476
341 480
341 491
341 494
342 343
342 364
342 372
342 373
342 374
342 382
342 390
342 403
342 424
342 456
342 458
342 495
343 362
343 363
343 373
343 381
343 394
343 395
343 400
343 441
343 444
343 464
343 469
343 477
343 483
343 486
343 489
344 348
344 353
344 372
344 377
344 382
344 407
344 412
344 415
344 419
344 422
344 424
344 456
344 462
344 465
344 476
344 478
345 347
345 371
345 375
345 383
345 391
345 395
345 407
345 423
345 427
345 440
345 462
345 476
345 480
345 481
345 498
345 499
346 348
346 351
346 356
346 360
346 380
346 388
346 395
346 400
346 407
346 417
346 418
346 440
346 448
346 466
346 469
346 488
346 490
346 495
346 499
347 352
347 359
347 368
347 402
347 403
347 408
347 414
347 426
347 446
347 462
347 481
347 484
347 486
347 488
348 359
348 360
348 363
348 364
348 377
348 385
348 387
348 388
348 396
348 402
348 413
348 425
348 428
348 434
348 435
348 441
348 444
348 447
348 497
348 499
349 370
349 371
349 373
349 393
349 403
349 404
349 432
349 439
349 445
349 453
349 460
349 469
349 471
349 479
349 481
349 486
349 496
350 352
350 371
350 381
350 396
350 427
350 435
350 440
350 442
350 452
350 457
350 459
350 474
350 480
350 487
350 493
350 496
351 353
351 369
351 376
351 391
351 404
351 407
351 421
351 423
351 449
351 467
351 474
351 475
351 488
351 498
351 499
352 360
352 386
352 388
352 391
352 401
352 402
352 406
352 416
352 424
352 427
352 435
352 459
352 475
352 477
352 487
352 488
352 489
352 491
353 354
353 355
353 365
353 387
353 395
353 404
353 415
353 421
353 422
353 428
353 434
353 435
353 436
353 437
353 455
353 461
353 464
353 476
354 362
354 373
354 376
354 403
354 406
354 429
354 434
354 439
354 453
354 463
354 464
354 470
354 477
354 486
355 364
355 369
355 374
355 384
355 396
355 397
355 419
355 428
355 429
355 436
355 452
355 454
355 459
355 480
355 497
356 368
356 371
356 376
356 383
356 384
356 404
356 406
356 431
356 434
356 436
356 448
356 458
356 464
356 468
356 486
356 489
357 387
357 401
357 407
357 433
357 441
357 442
357 456
357 461
357 466
357 489
357 496
357 497
358 359
358 366
358 369
358 376
358 378
358 416
358 432
358 442
358 450
358 455
358 471
358 497
359 372
359 377
359 398
359 438
359 444
359 448
359 450
359 453
359 455
359 457
359 465
359 475
359 479
359 481
359 482
359 493
360 372
360 375
360 376
360 377
360 397
360 413
360 418
360 423
360 424
360 426
360 457
360 459
360 465
360 468
360 484
360 485
361 366
361 395
361 405
361 407
361 425
361 427
361 437
361 448
361 454
361 456
361 475
361 477
361 491
361 493
361 498
362 367
362 372
362 379
362 383
362 387
362 401
362 402
362 403
362 410
362 415
362 416
362 424
362 434
362 444
362 461
362 472
362 475
363 368
363 371
363 374
363 384
363 386
363 388
363 396
363 405
363 415
363 429
363 432
363 438
363 451
363 475
363 482
363 489
363 492
364 365
364 375
364 396
364 413
364 435
364 438
364 451
364 474
364 479
364 499
365 393
365 402
365 406
365 412
365 415
365 430
365 438
365 442
365 476
365 483
366 373
366 380
366 381
366 382
366 385
366 386
366 388
366 395
366 411
366 416
366 418
366 427
366 433
366 440
366 452
366 474
366 476
366 486
366 488
366 498
367 375
367 382
367 384
367 408
367 411
367 424
367 426
367 446
367 465
367 468
367 485
367 490
368 380
368 399
368 403
368 413
368 415
368 420
368 426
368 441
368 444
368 448
368 457
368 460
368 474
368 475
368 476
368 489
369 373
369 397
369 403
369 429
369 433
369 442
369 459
369 469
369 475
369 484
369 488
369 493
369 496
370 376
370 379
370 385
370 396
370 398
370 419
370 441
370 470
370 478
370 479
370 482
370 497
371 372
371 374
371 385
371 389
371 413
371 414
371 441
371 451
371 463
371 476
371 479
371 485
371 491
371 499
372 373
372 390
372 409
372 411
372 437
372 439
372 442
372 446
372 449
372 451
372 453
372 454
372 457
372 463
372 468
372 478
372 480
372 485
372 488
373 389
373 394
373 396
373 414
373 432
373 445
373 459
373 467
374 379
374 381
374 440
374 443
374 471
375 378
375 390
375 391
375 396
375 407
375 412
375 436
375 438
375 441
375 443
375 447
375 454
375 457
375 463
375 494
376 378
376 383
376 389
376 394
376 411
376 421
376 439
376 442
376 470
376 471
376 472
376 479
376 481
376 485
376 498
377 384
377 388
377 392
377 395
377 404
377 407
377 419
377 423
377 431
377 436
377 437
377 443
377 447
377 451
377 454
377 458
377 466
377 473
377 476
377 485
377 491
378 404
378 439
378 441
378 443
378 447
378 485
378 499
379 389
379 393
379 399
379 408
379 422
379 435
379 443
379 444
379 451
379 460
379 468
379 474
379 480
379 492
380 385
380 405
380 406
380 433
380 443
380 448
380 450
380 457
380 486
380 490
380 492
381 387
381 398
381 412
381 435
381 448
381 449
381 451
381 498
382 405
382 431
382 438
382 444
382 449
382 451
382 452
382 454
382 465
382 471
382 475
382 477
382 489
382 490
382 494
383 385
383 417
383 424
383 425
383 433
383 448
383 465
383 467
383 480
384 387
384 395
384 402
384 403
384 432
384 434
384 438
384 450
384 462
384 485
384 498
385 387
385 396
385 398
385 408
385 410
385 427
385 438
385 439
385 442
385 453
385 460
385 462
385 463
385 472
386 393
386 405
386 423
386 429
386 437
386 450
386 470
386 483
387 400
387 405
387 412
387 436
387 439
387 448
387 469
387 471
387 485
387 488
387 495
388 393
388 395
388 429
388 431
388 451
388 452
388 457
388 471
388 474
388 475
388 494
389 392
389 401
389 430
389 431
389 432
389 433
389 456
389 461
389 471
389 481
389 484
389 498
390 404
390 406
390 416
390 424
390 427
390 435
390 440
390 443
390 448
390 453
390 456
390 457
390 470
390 493
390 499
391 401
391 407
391 415
391 419
391 430
391 445
391 475
391 481
392 403
392 411
392 424
392 439
392 442
392 445
392 461
392 463
392 477
392 493
393 408
393 420
393 430
393 439
393 452
393 469
393 472
394 406
394 412
394 413
394 414
394 435
394 438
394 442
394 449
394 466
394 471
394 475
394 477
394 479
394 481
394 497
395 405
395 406
395 416
395 420
395 429
395 458
395 462
395 464
395 493
395 499
396 403
396 406
396 430
396 439
396 457
396 483
396 488
397 406
397 410
397 419
397 420
397 422
397 431
397 437
397 439
397 451
397 458
397 460
397 464
397 470
397 476
397 480
398 400
398 406
398 407
398 411
398 416
398 421
398 442
398 457
398 468
398 470
398 471
398 472
398 485
398 498
399 415
399 421
399 435
399 440
399 450
399 465
399 486
400 416
400 428
400 443
400 454
400 460
400 465
400 474
400 491
400 497
401 404
401 429
401 433
401 437
401 439
401 444
401 454
401 456
401 488
401 489
401 492
401 495
402 424
402 426
402 446
402 452
402 454
402 470
402 489
402 490
402 491
402 492
403 406
403 411
403 420
403 433
403 449
403 456
403 458
403 465
403 471
403 495
404 411
404 412
404 415
404 442
404 464
404 469
404 487
404 493
404 496
405 408
405 416
405 417
405 418
405 434
405 456
405 464
405 479
405 481
405 485
405 498
406 409
406 414
406 436
406 444
406 471
406 497
407 413
407 427
407 433
407 436
407 440
407 459
407 464
407 489
407 490
407 496
408 420
408 445
408 455
408 473
408 480
408 490
408 495
409 421
409 439
409 447
409 452
409 469
409 492
410 411
410 424
410 454
410 456
410 477
410 483
410 488
411 420
411 423
411 437
411 451
411 457
411 471
411 499
412 418
412 424
412 443
412 444
412 457
412 462
412 477
412 481
413 434
413 448
413 450
413 460
413 462
413 477
413 493
413 498
414 415
414 417
414 420
414 430
414 438
414 439
414 451
414 462
414 483
414 485
414 497
415 426
415 427
415 435
415 446
415 447
415 449
415 458
415 460
415 464
415 471
415 480
415 491
415 495
416 432
416 436
416 438
416 446
416 480
416 496
417 426
417 437
417 440
417 444
417 450
417 452
417 471
417 474
417 477
417 497
418 422
418 424
418 427
418 451
418 453
418 465
418 467
418 471
418 477
418 487
418 492
418 497
418 499
419 448
419 474
419 489
419 490
419 495
419 497
420 434
420 449
420 454
420 461
420 469
420 477
420 482
420 495
420 499
421 441
421 446
421 449
421 454
421 480
421 484
421 495
422 438
422 442
422 443
422 463
422 467
422 473
422 480
422 488
422 489
422 494
423 462
423 479
423 480
423 483
423 493
423 494
424 428
424 438
424 447
424 458
424 459
424 465
424 482
424 492
424 494
424 499
425 429
425 440
425 445
425 452
425 467
425 468
425 475
425 477
425 481
426 447
426 452
426 461
426 465
426 470
426 471
426 486
427 444
427 450
427 457
427 490
427 494
428 432
428 442
428 454
428 470
428 473
428 488
428 489
428 495
428 496
429 430
429 437
429 441
429 458
429 467
429 473
429 499
430 433
430 436
430 437
430 443
430 448
430 453
430 456
430 458
430 467
430 476
430 489
431 472
431 477
431 479
432 436
432 441
432 451
432 463
432 464
432 469
432 480
433 440
433 449
433 456
433 472
433 476
433 481
433 482
434 436
434 442
434 444
434 456
434 457
434 461
434 473
434 476
434 486
434 490
434 499
435 453
435 470
435 483
435 491
436 441
436 443
436 452
436 458
436 478
436 495
436 497
437 441
437 445
437 452
437 454
437 464
437 471
437 483
437 490
437 498
438 467
438 482
438 488
438 489
438 495
439 440
439 449
439 460
439 463
439 488
439 498
440 447
440 458
440 464
440 480
440 498
441 443
441 452
441 457
441 469
441 494
442 450
442 451
442 491
443 455
443 460
443 472
443 477
443 479
443 483
443 498
444 466
444 476
444 482
444 483
444 484
444 489
444 492
445 451
445 464
445 471
445 477
445 496
446 450
446 462
446 464
446 471
446 472
447 448
447 452
447 468
447 478
447 488
447 498
448 451
448 473
448 478
448 489
448 493
448 499
449 450
449 452
449 457
449 484
450 460
450 467
450 475
450 483
450 499
451 452
451 453
451 469
451 476
451 477
451 479
451 484
452 461
452 467
452 483
452 485
453 455
453 457
453 463
453 485
453 498
454 459
454 477
454 479
454 489
454 491
454 494
455 458
455 461
455 482
455 488
455 494
455 499
456 466
456 479
456 483
456 486
457 459
457 464
457 471
457 484
457 497
458 463
458 467
458 470
458 478
458 491
459 485
460 461
460 491
461 467
461 471
461 474
461 489
461 490
461 491
461 494
462 492
462 495
463 476
463 483
463 497
464 473
464 479
464 480
464 482
464 486
464 490
465 468
465 481
465 493
465 495
466 474
466 484
466 485
466 492
466 496
467 481
468 481
468 489
468 490
469 473
469 484
469 493
470 478
471 478
471 487
472 473
472 484
472 491
472 497
472 498
473 493
474 480
474 481
475 486
475 491
476 487
477 479
477 492
477 497
479 480
479 498
480 485
480 486
480 487
480 489
480 490
480 499
482 483
483 485
483 488
483 498
484 485
484 496
484 499
485 492
487 492
487 498
490 495
490 498
490 499
493 494
493 496
494 498
496 497
496 499
497 498
280 55 231 98 353 340 491 333 424 40 447 416 352 376 483 36 478 463 10 385 37 332 464 233 426 453 373 210 386 335 60 155 11 495 305 296 469 297 53 377 434 203 275 243 114 341 151 149 73 392 366 391 498 51 123 488 172 282 3 215 164 412 70 378 364 436 470 154 485 480 273 379 316 425 250 177 337 254 331 351 137 458 285 142 101 195 171 199 179 454 312 242 444 34 159 146 328 264 445 290 497 156 222 23 308 68 323 239 370 96 173 75 93 357 321 382 185 354 18 440 300 64 120 38 14 189 259 348 152 228 471 186 466 455 183 398 269 9 403 468 29 57 50 255 193 118 369 187 103 482
372 286 39 327 45 20 216 78 400 448 248 212 175 446 310 295 477 138 405 198 197 127 188 112 87 106 144 227 132 135 129 143 99 270 493 314 218 79 83 499 334 116 170 240 388 456 257 102 109 246 419 438 449 89 84 201 41 1 435 211 356 281 361 140 362 365 247 451 291 92 251 121 420 136 85 399 24 457 165 262 134 429 100 19 363 249 263 65 244 150 163 141 110 490 288 21 384 182 421 278 206 104 4 72 133 430 342 267 461 107 322 441 346 396 496 219 358 16 452 467 462 494 90 25 224 207 268 52 279 31 302 476 33 390 113 433 406 180 277 481 56 238 306 304 115 204 28 221 200 473
230 324 465 292 12 128 487 349 432 190 178 157 336 293 397 94 117 205 283 80 61 125 74 492 126 311 232 30 309 44 301 439 167 442 411 67 443 368 329 237 298 124 265 235 380 410 479 245 266 46 236 287 407 160 418 192 395 59 428 417 345 374 450 176 166 194 226 48 47 209 35 168 325 383 22 6 71 307 350 371 320 217 32 147 486 208 344 202 153 7 315 58 119 393 82 162 196 17 375 43 489 319 169 272 408 234 347 404 105 26 484 139 394 81 423 289 97 389 111 274 130 303 27 161 271 284 326 474 158 317 256 181 223 191 220 229 0 258 69 241 381 2 360 253 62 339 66 313 330 413
427 437 42 355 122 401 145 276 299 318 431 260 252 91 460 184 402 338 213 414 49 359 409 459 95 131 108 415 5 343 76 174 88 422 214 54 8 63 86 294 261 13 77 15 148 475 367 225 472 387
