50
127
5
40
72
30
48
26
0 4
0 6
0 40
0 42
0 48
1 14
1 21
1 22
1 32
1 35
1 36
1 38
1 49
2 5
2 24
2 29
2 31
2 34
2 35
2 43
3 8
3 23
3 27
3 33
4 14
4 15
4 19
4 22
4 27
4 36
4 40
4 41
4 43
4 46
5 42
6 10
6 13
6 14
6 18
6 35
6 36
7 10
7 22
7 23
7 35
7 49
8 9
8 11
8 29
9 15
9 20
9 40
9 43
10 19
10 28
10 31
10 32
11 24
13 42
13 43
14 16
14 21
14 22
14 23
14 31
14 42
14 43
15 16
15 18
16 36
16 38
17 27
17 35
17 36
17 47
18 22
18 26
18 42
19 27
19 41
19 44
19 47
20 25
21 25
21 31
21 41
22 24
22 26
22 35
22 41
22 46
23 27
23 35
23 37
23 45
24 25
25 31
25 32
25 37
25 47
26 27
26 41
26 45
27 28
27 41
28 49
29 32
29 36
29 40
30 33
30 36
30 37
30 48
31 35
31 36
32 38
32 48
34 42
35 43
37 44
37 48
38 39
38 43
40 42
43 47
43 48
45 47
30 3 4 16 43 23 19 2 42 28
17 26 36 13 39 24 15 6 27 14
38 18 40 12 22 7 45 1 44 47
10 21 25 20 33 49 35 34 5 46
8 37 32 31 29 48 0 41 9 11
