50
477
5
52
25
53
79
25
0 4
0 7
0 12
0 16
0 17
0 22
0 24
0 25
0 28
0 29
0 33
0 34
0 37
0 38
0 40
0 42
0 48
1 3
1 12
1 14
1 19
1 20
1 21
1 26
1 27
1 29
1 37
1 41
1 43
1 46
2 12
2 13
2 15
2 17
2 18
2 21
2 22
2 27
2 28
2 29
2 33
2 37
2 42
2 43
2 44
2 47
2 48
3 4
3 5
3 7
3 9
3 10
3 12
3 13
3 14
3 16
3 17
3 21
3 22
3 25
3 27
3 28
3 31
3 33
3 34
3 36
3 38
3 39
3 40
3 41
3 43
3 44
3 45
3 46
3 49
4 10
4 11
4 14
4 15
4 19
4 22
4 24
4 25
4 26
4 32
4 33
4 36
4 37
4 43
4 48
5 6
5 8
5 12
5 17
5 18
5 20
5 23
5 26
5 28
5 32
5 37
5 41
5 42
5 43
5 45
5 47
6 9
6 10
6 12
6 14
6 16
6 20
6 22
6 29
6 31
6 32
6 35
6 36
6 44
6 45
6 47
6 48
6 49
7 8
7 11
7 12
7 13
7 15
7 18
7 19
7 20
7 21
7 22
7 26
7 29
7 30
7 31
7 34
7 38
7 41
7 44
7 45
7 46
7 47
7 49
8 12
8 13
8 15
8 18
8 23
8 24
8 26
8 31
8 32
8 33
8 35
8 37
8 40
8 42
8 43
8 45
8 46
8 47
9 10
9 11
9 12
9 13
9 15
9 16
9 17
9 18
9 19
9 20
9 22
9 25
9 26
9 31
9 32
9 34
9 37
9 40
9 42
9 46
9 48
9 49
10 15
10 16
10 18
10 19
10 22
10 25
10 26
10 27
10 29
10 30
10 33
10 34
10 36
10 38
10 41
10 45
10 46
10 47
11 14
11 16
11 17
11 18
11 23
11 25
11 30
11 32
11 34
11 39
11 41
11 42
11 43
11 44
11 45
11 49
12 13
12 14
12 15
12 17
12 24
12 29
12 31
12 32
12 33
12 34
12 37
12 39
12 40
12 46
12 48
13 16
13 17
13 19
13 27
13 38
13 40
13 42
13 44
13 45
14 18
14 20
14 21
14 23
14 25
14 27
14 29
14 31
14 33
14 42
14 45
14 46
14 49
15 24
15 25
15 28
15 33
15 35
15 36
15 38
15 39
15 40
15 41
15 43
15 44
15 45
15 47
15 48
16 17
16 18
16 26
16 28
16 31
16 33
16 35
16 38
16 39
16 42
16 48
17 18
17 23
17 24
17 28
17 29
17 30
17 31
17 36
17 37
17 41
17 48
18 19
18 24
18 25
18 27
18 28
18 33
18 35
18 38
18 45
18 48
19 21
19 27
19 28
19 30
19 31
19 34
19 36
19 37
19 45
19 46
19 47
20 21
20 23
20 24
20 25
20 28
20 30
20 33
20 40
20 42
20 46
21 22
21 24
21 26
21 28
21 31
21 34
21 36
21 38
21 39
21 43
21 46
22 23
22 24
22 28
22 29
22 31
22 34
22 38
22 41
22 42
22 45
22 46
23 26
23 33
23 37
23 41
23 42
23 44
23 46
23 49
24 25
24 26
24 28
24 34
24 35
24 37
24 39
24 40
24 41
24 43
24 46
24 48
25 28
25 34
25 37
25 41
26 28
26 31
26 34
26 38
26 39
26 40
26 41
26 42
26 46
26 48
27 30
27 38
27 40
27 41
27 44
27 47
27 48
28 31
28 36
28 37
28 38
28 41
28 42
28 44
28 47
29 30
29 31
29 33
29 36
29 39
29 40
29 41
29 42
29 44
29 45
29 46
29 49
30 35
30 37
30 38
30 40
30 45
30 47
30 48
31 35
31 38
31 44
31 46
31 49
32 34
32 35
32 42
32 44
32 45
32 46
32 49
33 36
33 40
33 42
33 43
33 47
34 35
34 36
34 39
34 44
34 48
35 36
35 37
35 38
35 39
35 42
35 43
35 44
35 47
35 48
35 49
36 37
36 39
36 40
36 42
36 43
36 46
36 47
36 48
36 49
37 39
37 41
37 45
37 46
37 49
38 41
39 40
39 44
39 47
39 48
40 44
41 42
41 47
42 43
42 47
42 48
43 45
43 48
44 45
44 47
46 47
46 49
46 48 19 10 39 44 18 2 40 3
1 41 26 35 4 9 14 12 34 28
7 47 32 25 13 20 16 21 11 37
0 23 42 6 30 22 8 15 29 24
27 45 33 38 17 49 43 31 5 36
