500
12580
4
59
90
36
43
0 7
0 11
0 20
0 27
0 29
0 33
0 60
0 75
0 77
0 86
0 87
0 90
0 105
0 117
0 119
0 138
0 145
0 147
0 162
0 172
0 178
0 179
0 183
0 198
0 217
0 226
0 228
0 240
0 244
0 245
0 265
0 269
0 271
0 283
0 288
0 304
0 313
0 319
0 325
0 340
0 348
0 353
0 379
0 383
0 384
0 387
0 395
0 404
0 406
0 410
0 413
0 424
0 427
0 442
0 444
0 459
0 464
0 468
0 469
0 470
0 472
1 36
1 53
1 56
1 57
1 94
1 101
1 126
1 136
1 146
1 147
1 151
1 165
1 179
1 190
1 197
1 222
1 229
1 231
1 239
1 274
1 279
1 290
1 309
1 318
1 328
1 351
1 359
1 370
1 374
1 377
1 381
1 383
1 394
1 401
1 406
1 436
1 444
1 447
1 463
1 465
1 466
1 483
1 492
2 26
2 36
2 38
2 42
2 43
2 46
2 77
2 79
2 81
2 106
2 107
2 140
2 142
2 177
2 205
2 211
2 214
2 215
2 222
2 226
2 228
2 229
2 232
2 241
2 249
2 278
2 282
2 286
2 288
2 300
2 308
2 314
2 327
2 331
2 332
2 340
2 346
2 363
2 369
2 373
2 397
2 408
2 410
2 414
2 418
2 428
2 446
2 460
2 463
2 468
2 475
2 481
2 482
2 497
3 7
3 22
3 23
3 28
3 51
3 63
3 70
3 73
3 77
3 93
3 102
3 107
3 132
3 135
3 150
3 153
3 157
3 165
3 167
3 176
3 191
3 204
3 217
3 219
3 223
3 235
3 242
3 246
3 256
3 259
3 286
3 306
3 307
3 313
3 322
3 346
3 357
3 393
3 396
3 428
3 438
3 456
3 458
3 494
3 497
4 16
4 21
4 30
4 32
4 53
4 65
4 71
4 78
4 84
4 85
4 86
4 94
4 112
4 121
4 126
4 140
4 159
4 169
4 170
4 174
4 182
4 206
4 207
4 222
4 224
4 227
4 233
4 237
4 249
4 254
4 277
4 278
4 283
4 293
4 299
4 303
4 320
4 327
4 334
4 340
4 346
4 357
4 363
4 367
4 392
4 395
4 396
4 422
4 433
4 436
4 453
4 458
4 481
5 11
5 20
5 53
5 85
5 90
5 93
5 96
5 101
5 124
5 135
5 146
5 147
5 156
5 159
5 161
5 165
5 169
5 200
5 219
5 237
5 240
5 246
5 263
5 272
5 279
5 284
5 304
5 320
5 322
5 323
5 324
5 332
5 333
5 341
5 355
5 362
5 372
5 376
5 382
5 393
5 420
5 421
5 423
5 432
5 442
5 447
5 452
5 460
5 474
5 488
5 493
6 7
6 23
6 33
6 54
6 61
6 64
6 65
6 79
6 104
6 114
6 122
6 126
6 128
6 136
6 150
6 182
6 198
6 199
6 200
6 208
6 219
6 220
6 226
6 228
6 230
6 233
6 235
6 238
6 257
6 267
6 269
6 276
6 284
6 285
6 315
6 321
6 322
6 328
6 334
6 336
6 339
6 340
6 348
6 354
6 355
6 362
6 368
6 389
6 396
6 398
6 410
6 414
6 426
6 434
6 437
6 449
6 472
6 480
6 490
7 41
7 43
7 65
7 66
7 68
7 69
7 92
7 123
7 126
7 185
7 189
7 197
7 224
7 225
7 244
7 256
7 257
7 259
7 260
7 261
7 288
7 311
7 317
7 328
7 332
7 344
7 345
7 358
7 363
7 373
7 374
7 381
7 382
7 390
7 408
7 410
7 411
7 418
7 422
7 428
7 433
7 451
7 459
7 463
7 465
7 467
7 470
7 471
7 472
8 13
8 27
8 32
8 52
8 54
8 64
8 65
8 73
8 76
8 87
8 120
8 124
8 126
8 134
8 135
8 158
8 179
8 183
8 189
8 195
8 203
8 209
8 213
8 241
8 250
8 259
8 260
8 265
8 303
8 324
8 332
8 365
8 392
8 404
8 415
8 455
8 458
8 463
8 467
9 28
9 53
9 57
9 58
9 64
9 79
9 92
9 102
9 129
9 135
9 149
9 156
9 166
9 181
9 182
9 204
9 232
9 233
9 240
9 265
9 267
9 268
9 282
9 293
9 309
9 331
9 340
9 343
9 353
9 362
9 389
9 392
9 427
9 456
9 478
9 483
9 493
10 17
10 38
10 42
10 50
10 65
10 68
10 73
10 82
10 94
10 97
10 110
10 126
10 135
10 139
10 141
10 144
10 159
10 164
10 183
10 188
10 194
10 208
10 216
10 221
10 227
10 228
10 231
10 239
10 240
10 241
10 255
10 271
10 272
10 277
10 302
10 305
10 328
10 341
10 349
10 351
10 354
10 358
10 359
10 361
10 380
10 391
10 403
10 405
10 414
10 421
10 422
10 435
10 457
10 480
10 491
11 23
11 29
11 46
11 47
11 68
11 81
11 85
11 91
11 97
11 100
11 104
11 116
11 119
11 127
11 129
11 143
11 145
11 152
11 161
11 170
11 197
11 217
11 224
11 227
11 230
11 232
11 242
11 247
11 255
11 267
11 272
11 284
11 297
11 305
11 307
11 309
11 333
11 336
11 346
11 361
11 372
11 392
11 394
11 403
11 410
11 429
11 448
11 451
11 457
11 478
11 487
11 498
12 31
12 36
12 41
12 63
12 66
12 71
12 76
12 85
12 90
12 92
12 106
12 111
12 112
12 134
12 139
12 141
12 142
12 152
12 168
12 175
12 211
12 214
12 222
12 233
12 245
12 258
12 268
12 269
12 278
12 282
12 294
12 314
12 315
12 317
12 329
12 331
12 342
12 360
12 362
12 366
12 382
12 385
12 388
12 401
12 407
12 433
12 434
12 438
12 440
12 441
12 448
12 454
12 461
12 476
12 479
12 485
12 487
13 18
13 20
13 22
13 26
13 27
13 33
13 53
13 81
13 85
13 87
13 97
13 98
13 101
13 114
13 119
13 138
13 141
13 145
13 149
13 152
13 153
13 159
13 166
13 178
13 182
13 184
13 203
13 224
13 236
13 274
13 276
13 278
13 283
13 302
13 305
13 317
13 319
13 320
13 334
13 367
13 374
13 386
13 398
13 406
13 418
13 442
13 451
14 27
14 55
14 65
14 67
14 68
14 80
14 87
14 89
14 90
14 103
14 106
14 112
14 120
14 129
14 137
14 166
14 174
14 175
14 184
14 189
14 199
14 215
14 216
14 223
14 235
14 261
14 267
14 270
14 271
14 276
14 296
14 314
14 346
14 372
14 376
14 379
14 389
14 392
14 422
14 438
14 441
14 449
14 450
14 471
14 490
14 492
15 34
15 35
15 42
15 46
15 47
15 51
15 58
15 59
15 73
15 94
15 98
15 99
15 107
15 123
15 136
15 143
15 149
15 162
15 184
15 197
15 225
15 230
15 240
15 246
15 248
15 250
15 255
15 258
15 262
15 263
15 266
15 276
15 278
15 279
15 298
15 334
15 336
15 349
15 351
15 373
15 376
15 389
15 394
15 395
15 407
15 411
15 414
15 418
15 419
15 425
15 445
15 465
15 478
15 480
15 495
16 20
16 21
16 35
16 36
16 51
16 60
16 68
16 71
16 79
16 82
16 83
16 84
16 126
16 129
16 136
16 151
16 161
16 171
16 183
16 202
16 229
16 234
16 242
16 244
16 260
16 266
16 286
16 300
16 301
16 306
16 307
16 309
16 327
16 330
16 352
16 358
16 370
16 373
16 377
16 392
16 407
16 416
16 434
16 461
16 470
16 487
16 490
16 496
16 498
17 24
17 45
17 55
17 60
17 61
17 62
17 82
17 94
17 95
17 114
17 117
17 121
17 136
17 140
17 150
17 161
17 168
17 172
17 175
17 188
17 190
17 191
17 204
17 207
17 227
17 232
17 234
17 243
17 254
17 258
17 274
17 279
17 295
17 310
17 316
17 326
17 342
17 362
17 379
17 381
17 387
17 389
17 398
17 401
17 412
17 425
17 431
17 439
17 449
17 478
17 489
17 491
18 33
18 42
18 51
18 53
18 54
18 71
18 95
18 99
18 109
18 113
18 115
18 123
18 137
18 146
18 147
18 150
18 156
18 160
18 167
18 169
18 188
18 220
18 224
18 226
18 238
18 244
18 246
18 257
18 259
18 266
18 279
18 281
18 282
18 299
18 307
18 313
18 317
18 337
18 343
18 344
18 348
18 351
18 366
18 367
18 376
18 396
18 401
18 417
18 418
18 444
18 458
18 466
18 490
18 492
18 499
19 26
19 30
19 36
19 38
19 72
19 77
19 86
19 93
19 158
19 166
19 181
19 186
19 187
19 197
19 201
19 202
19 213
19 221
19 242
19 258
19 278
19 280
19 284
19 297
19 305
19 320
19 324
19 330
19 333
19 341
19 348
19 353
19 356
19 376
19 383
19 394
19 395
19 396
19 397
19 418
19 421
19 423
19 428
19 431
19 453
19 455
19 463
19 466
19 499
20 29
20 39
20 47
20 81
20 90
20 107
20 126
20 131
20 159
20 160
20 165
20 171
20 172
20 175
20 179
20 182
20 219
20 225
20 236
20 240
20 259
20 260
20 266
20 268
20 269
20 279
20 285
20 300
20 301
20 316
20 317
20 319
20 324
20 340
20 346
20 352
20 365
20 376
20 386
20 395
20 419
20 441
20 449
20 458
20 460
20 463
20 475
20 477
20 489
21 22
21 35
21 44
21 51
21 65
21 82
21 87
21 89
21 91
21 102
21 114
21 115
21 119
21 125
21 126
21 132
21 139
21 146
21 161
21 171
21 174
21 175
21 179
21 212
21 222
21 232
21 234
21 236
21 239
21 250
21 253
21 262
21 267
21 276
21 303
21 311
21 312
21 316
21 322
21 333
21 334
21 355
21 360
21 365
21 367
21 371
21 400
21 401
21 404
21 416
21 420
21 433
21 438
21 452
21 459
21 461
21 483
21 486
21 488
21 494
21 498
22 24
22 26
22 57
22 65
22 68
22 71
22 81
22 87
22 110
22 119
22 127
22 150
22 159
22 167
22 173
22 192
22 205
22 212
22 222
22 224
22 232
22 243
22 244
22 260
22 274
22 275
22 299
22 335
22 345
22 352
22 361
22 370
22 375
22 376
22 379
22 382
22 395
22 400
22 437
22 444
22 455
22 470
22 476
22 491
23 38
23 45
23 53
23 56
23 78
23 81
23 93
23 94
23 107
23 111
23 121
23 129
23 140
23 153
23 174
23 185
23 192
23 194
23 195
23 200
23 222
23 270
23 275
23 290
23 301
23 310
23 326
23 327
23 344
23 348
23 355
23 358
23 392
23 394
23 398
23 405
23 408
23 418
23 420
23 429
23 435
23 439
23 440
23 446
23 452
23 481
23 483
23 489
23 499
24 33
24 44
24 60
24 67
24 69
24 70
24 86
24 88
24 91
24 105
24 112
24 134
24 142
24 160
24 169
24 170
24 191
24 192
24 225
24 229
24 244
24 247
24 270
24 276
24 295
24 300
24 305
24 311
24 314
24 327
24 368
24 371
24 382
24 398
24 409
24 418
24 430
24 442
24 467
24 472
24 487
25 26
25 37
25 39
25 41
25 42
25 59
25 81
25 95
25 112
25 119
25 127
25 129
25 131
25 132
25 154
25 166
25 172
25 174
25 178
25 185
25 191
25 197
25 201
25 205
25 213
25 216
25 222
25 237
25 249
25 259
25 262
25 268
25 269
25 282
25 290
25 298
25 302
25 307
25 336
25 338
25 340
25 374
25 417
25 425
25 441
25 444
25 446
25 450
25 451
25 453
25 456
25 472
25 484
25 492
26 32
26 38
26 62
26 68
26 76
26 92
26 127
26 130
26 133
26 147
26 153
26 154
26 159
26 161
26 164
26 190
26 214
26 229
26 233
26 241
26 259
26 264
26 266
26 283
26 307
26 330
26 341
26 346
26 376
26 387
26 394
26 398
26 399
26 430
26 450
26 469
26 470
26 479
26 483
26 491
27 30
27 33
27 35
27 49
27 50
27 59
27 73
27 74
27 98
27 104
27 120
27 137
27 149
27 157
27 175
27 188
27 189
27 190
27 248
27 259
27 267
27 299
27 328
27 348
27 359
27 361
27 362
27 366
27 369
27 375
27 388
27 391
27 412
27 423
27 425
27 429
27 432
27 433
27 437
27 450
27 455
27 470
27 482
28 29
28 49
28 50
28 69
28 79
28 93
28 102
28 122
28 124
28 126
28 128
28 129
28 134
28 157
28 161
28 163
28 196
28 203
28 209
28 224
28 226
28 255
28 275
28 281
28 285
28 287
28 307
28 324
28 335
28 342
28 351
28 353
28 358
28 361
28 385
28 389
28 390
28 398
28 405
28 409
28 434
28 446
28 450
28 453
28 468
28 475
28 482
28 483
28 489
28 495
29 35
29 64
29 79
29 86
29 88
29 91
29 141
29 142
29 148
29 153
29 166
29 174
29 175
29 177
29 180
29 183
29 189
29 206
29 214
29 216
29 246
29 264
29 280
29 281
29 290
29 295
29 300
29 332
29 333
29 341
29 356
29 361
29 362
29 383
29 390
29 419
29 421
29 422
29 427
29 429
29 434
29 443
29 454
29 462
29 466
29 476
29 477
29 478
29 480
29 488
30 73
30 81
30 101
30 127
30 148
30 150
30 152
30 161
30 163
30 177
30 194
30 202
30 209
30 212
30 222
30 229
30 231
30 238
30 263
30 268
30 319
30 328
30 340
30 342
30 348
30 352
30 354
30 355
30 380
30 392
30 414
30 419
30 420
30 422
30 428
30 432
30 440
30 444
30 463
30 467
30 471
30 479
30 489
30 491
31 35
31 49
31 59
31 66
31 71
31 95
31 96
31 98
31 99
31 136
31 137
31 142
31 147
31 149
31 152
31 182
31 183
31 196
31 204
31 224
31 231
31 232
31 242
31 250
31 311
31 318
31 328
31 329
31 346
31 351
31 369
31 370
31 371
31 386
31 394
31 400
31 402
31 406
31 418
31 421
31 427
31 449
31 473
31 491
31 498
32 38
32 42
32 46
32 53
32 57
32 60
32 62
32 82
32 100
32 127
32 160
32 162
32 193
32 195
32 200
32 202
32 205
32 228
32 230
32 255
32 260
32 261
32 264
32 266
32 268
32 272
32 281
32 282
32 283
32 285
32 294
32 319
32 341
32 347
32 348
32 356
32 393
32 399
32 426
32 445
32 457
32 460
32 463
32 480
32 492
33 38
33 45
33 51
33 52
33 74
33 75
33 78
33 92
33 118
33 119
33 146
33 150
33 157
33 162
33 168
33 181
33 183
33 191
33 192
33 199
33 221
33 224
33 225
33 234
33 235
33 236
33 237
33 245
33 250
33 254
33 264
33 298
33 306
33 307
33 308
33 331
33 332
33 333
33 340
33 346
33 347
33 348
33 351
33 369
33 373
33 375
33 378
33 379
33 391
33 402
33 410
33 411
33 418
33 422
33 427
33 429
33 433
33 434
33 436
33 440
33 464
33 465
33 476
33 486
33 491
33 493
33 499
34 38
34 49
34 58
34 60
34 72
34 89
34 90
34 92
34 95
34 96
34 108
34 111
34 129
34 132
34 142
34 150
34 151
34 166
34 177
34 184
34 201
34 212
34 229
34 232
34 233
34 237
34 244
34 270
34 271
34 312
34 320
34 322
34 323
34 331
34 342
34 343
34 347
34 375
34 376
34 382
34 390
34 391
34 404
34 409
34 430
34 434
34 437
34 438
34 448
34 456
34 459
34 460
34 469
34 470
34 483
34 485
34 492
35 37
35 47
35 52
35 57
35 76
35 83
35 99
35 124
35 133
35 135
35 167
35 173
35 174
35 180
35 183
35 190
35 202
35 219
35 243
35 247
35 254
35 256
35 262
35 271
35 301
35 302
35 304
35 309
35 314
35 316
35 320
35 329
35 332
35 341
35 364
35 368
35 389
35 411
35 426
35 427
35 436
35 455
35 456
35 462
35 469
35 470
35 474
35 479
36 51
36 59
36 78
36 91
36 107
36 114
36 121
36 131
36 140
36 156
36 163
36 169
36 174
36 180
36 203
36 221
36 235
36 237
36 248
36 253
36 275
36 280
36 285
36 290
36 295
36 304
36 306
36 324
36 330
36 331
36 334
36 350
36 354
36 374
36 383
36 389
36 395
36 403
36 404
36 413
36 421
36 424
36 433
36 434
36 450
36 453
36 457
36 461
36 470
36 472
36 475
37 41
37 45
37 75
37 76
37 84
37 86
37 88
37 90
37 101
37 112
37 113
37 143
37 144
37 161
37 174
37 176
37 184
37 213
37 217
37 232
37 235
37 237
37 250
37 285
37 326
37 329
37 344
37 350
37 360
37 389
37 407
37 417
37 466
37 469
37 485
37 487
37 495
37 499
38 47
38 51
38 52
38 66
38 72
38 76
38 86
38 96
38 97
38 100
38 110
38 113
38 125
38 131
38 143
38 147
38 163
38 184
38 200
38 208
38 210
38 215
38 219
38 220
38 221
38 238
38 247
38 253
38 256
38 268
38 293
38 295
38 352
38 358
38 363
38 370
38 378
38 404
38 411
38 426
38 431
38 446
38 448
38 456
38 458
38 463
38 467
38 478
38 481
38 495
39 41
39 57
39 66
39 84
39 86
39 93
39 97
39 102
39 105
39 110
39 142
39 143
39 148
39 149
39 168
39 176
39 199
39 211
39 225
39 236
39 247
39 272
39 282
39 293
39 302
39 320
39 324
39 326
39 328
39 333
39 337
39 343
39 368
39 371
39 385
39 393
39 394
39 399
39 400
39 428
39 435
39 437
39 442
39 452
39 454
39 493
39 494
39 495
40 43
40 58
40 61
40 64
40 66
40 69
40 72
40 73
40 76
40 79
40 81
40 100
40 143
40 149
40 150
40 153
40 155
40 169
40 194
40 196
40 209
40 213
40 220
40 224
40 229
40 246
40 258
40 259
40 273
40 276
40 291
40 299
40 311
40 314
40 320
40 365
40 373
40 375
40 406
40 411
40 415
40 421
40 428
40 430
40 432
40 435
40 436
40 465
40 470
40 471
40 476
40 479
40 482
40 487
40 491
41 65
41 69
41 97
41 127
41 177
41 180
41 183
41 198
41 201
41 207
41 225
41 227
41 228
41 238
41 250
41 266
41 272
41 278
41 279
41 292
41 322
41 324
41 337
41 350
41 352
41 360
41 395
41 396
41 400
41 407
41 417
41 437
41 477
42 48
42 67
42 85
42 90
42 97
42 105
42 111
42 119
42 125
42 134
42 147
42 161
42 162
42 165
42 166
42 182
42 193
42 194
42 199
42 209
42 221
42 228
42 232
42 235
42 237
42 250
42 272
42 274
42 276
42 286
42 288
42 290
42 311
42 315
42 346
42 349
42 360
42 374
42 384
42 385
42 400
42 403
42 407
42 431
42 454
42 466
42 480
43 44
43 90
43 93
43 115
43 120
43 141
43 155
43 181
43 183
43 186
43 192
43 193
43 216
43 245
43 284
43 315
43 320
43 331
43 333
43 340
43 346
43 350
43 380
43 384
43 402
43 419
43 446
43 453
43 461
43 476
43 477
43 481
43 484
43 490
44 46
44 50
44 51
44 70
44 74
44 84
44 92
44 93
44 99
44 108
44 113
44 115
44 135
44 139
44 147
44 156
44 158
44 164
44 174
44 176
44 179
44 183
44 199
44 205
44 209
44 211
44 260
44 263
44 275
44 278
44 284
44 286
44 295
44 300
44 307
44 326
44 335
44 337
44 341
44 344
44 353
44 354
44 356
44 361
44 366
44 374
44 381
44 385
44 407
44 424
44 427
44 431
44 436
44 461
44 467
44 469
44 484
45 47
45 53
45 60
45 89
45 90
45 142
45 150
45 153
45 160
45 177
45 179
45 184
45 187
45 197
45 198
45 201
45 204
45 211
45 212
45 213
45 238
45 241
45 253
45 270
45 283
45 292
45 300
45 305
45 306
45 310
45 344
45 392
45 396
45 398
45 403
45 419
45 421
45 424
45 425
45 444
45 456
45 467
45 468
45 475
45 485
45 497
46 63
46 69
46 85
46 88
46 102
46 112
46 115
46 116
46 120
46 125
46 140
46 154
46 163
46 167
46 168
46 169
46 180
46 190
46 208
46 213
46 214
46 218
46 239
46 241
46 242
46 246
46 249
46 268
46 269
46 281
46 287
46 293
46 304
46 307
46 312
46 327
46 331
46 337
46 339
46 343
46 382
46 405
46 427
46 430
46 440
46 449
46 452
46 457
46 460
46 483
46 488
46 490
46 494
47 66
47 68
47 72
47 76
47 78
47 94
47 98
47 112
47 115
47 121
47 126
47 137
47 152
47 159
47 176
47 184
47 190
47 211
47 217
47 224
47 226
47 227
47 228
47 231
47 246
47 247
47 249
47 256
47 272
47 289
47 308
47 318
47 330
47 361
47 363
47 368
47 373
47 382
47 392
47 413
47 414
47 415
47 420
47 432
47 435
47 449
47 455
47 456
47 457
47 459
47 468
47 469
47 470
48 54
48 64
48 73
48 74
48 79
48 86
48 97
48 106
48 111
48 118
48 136
48 137
48 139
48 140
48 150
48 153
48 156
48 200
48 216
48 222
48 245
48 247
48 268
48 281
48 289
48 293
48 308
48 344
48 369
48 387
48 392
48 397
48 404
48 408
48 432
48 434
48 438
48 448
48 450
48 454
48 457
48 462
48 479
48 484
48 485
48 489
49 51
49 85
49 89
49 93
49 104
49 105
49 122
49 124
49 131
49 163
49 166
49 170
49 183
49 199
49 201
49 203
49 218
49 226
49 231
49 260
49 264
49 275
49 277
49 280
49 286
49 289
49 294
49 305
49 306
49 307
49 313
49 324
49 332
49 375
49 379
49 384
49 395
49 397
49 399
49 416
49 419
49 425
49 433
49 443
49 454
49 466
49 490
50 54
50 85
50 92
50 172
50 174
50 192
50 204
50 217
50 228
50 229
50 232
50 248
50 257
50 277
50 279
50 287
50 290
50 291
50 299
50 306
50 330
50 332
50 334
50 343
50 366
50 368
50 369
50 372
50 378
50 401
50 416
50 419
50 425
50 428
50 446
50 452
50 454
50 455
50 458
50 471
50 477
50 479
50 489
50 494
51 57
51 58
51 74
51 78
51 85
51 96
51 102
51 103
51 106
51 117
51 131
51 143
51 149
51 157
51 160
51 187
51 197
51 200
51 208
51 215
51 233
51 248
51 255
51 272
51 274
51 275
51 276
51 296
51 305
51 308
51 341
51 348
51 351
51 352
51 354
51 362
51 364
51 388
51 390
51 398
51 423
51 429
51 434
51 438
51 439
51 441
51 451
51 458
51 459
51 461
51 469
51 470
52 54
52 61
52 65
52 75
52 81
52 99
52 105
52 111
52 119
52 125
52 132
52 149
52 153
52 178
52 181
52 189
52 218
52 222
52 234
52 241
52 254
52 255
52 256
52 257
52 262
52 267
52 301
52 304
52 309
52 326
52 337
52 343
52 355
52 368
52 380
52 384
52 408
52 409
52 412
52 415
52 423
52 424
52 426
52 437
52 438
52 446
52 469
52 494
52 496
53 54
53 60
53 63
53 74
53 77
53 85
53 93
53 101
53 125
53 130
53 142
53 157
53 172
53 173
53 175
53 181
53 215
53 218
53 238
53 247
53 250
53 253
53 258
53 285
53 287
53 288
53 292
53 300
53 303
53 313
53 315
53 322
53 331
53 333
53 335
53 350
53 360
53 393
53 395
53 414
53 418
53 437
53 452
53 481
53 489
53 491
53 492
54 60
54 82
54 86
54 89
54 108
54 111
54 123
54 130
54 139
54 145
54 162
54 176
54 194
54 205
54 214
54 228
54 255
54 261
54 265
54 285
54 314
54 315
54 323
54 361
54 365
54 367
54 372
54 379
54 385
54 390
54 401
54 406
54 422
54 463
54 480
54 494
54 498
55 57
55 71
55 88
55 104
55 106
55 131
55 143
55 152
55 188
55 201
55 205
55 207
55 214
55 228
55 230
55 236
55 262
55 282
55 302
55 313
55 314
55 321
55 322
55 332
55 343
55 353
55 355
55 367
55 373
55 382
55 383
55 388
55 419
55 435
55 454
55 465
55 469
55 474
55 486
55 489
55 490
55 494
56 60
56 84
56 123
56 125
56 130
56 152
56 171
56 174
56 176
56 183
56 191
56 200
56 201
56 202
56 205
56 234
56 235
56 237
56 247
56 248
56 255
56 273
56 276
56 317
56 323
56 371
56 385
56 393
56 410
56 421
56 431
56 432
56 459
56 475
56 491
56 495
57 99
57 113
57 121
57 127
57 141
57 143
57 144
57 156
57 166
57 181
57 204
57 205
57 212
57 215
57 239
57 244
57 248
57 251
57 260
57 261
57 271
57 275
57 290
57 307
57 314
57 316
57 320
57 333
57 335
57 351
57 358
57 378
57 386
57 387
57 388
57 389
57 391
57 392
57 394
57 426
57 430
57 434
57 437
57 441
57 443
57 450
57 487
58 80
58 82
58 101
58 130
58 139
58 151
58 154
58 159
58 165
58 202
58 229
58 231
58 253
58 267
58 282
58 286
58 306
58 314
58 318
58 328
58 332
58 334
58 338
58 343
58 346
58 358
58 360
58 372
58 376
58 378
58 413
58 415
58 423
58 426
58 431
58 446
58 448
58 468
59 64
59 69
59 70
59 75
59 77
59 79
59 106
59 107
59 108
59 145
59 165
59 171
59 173
59 197
59 202
59 211
59 222
59 237
59 241
59 246
59 295
59 297
59 310
59 317
59 322
59 334
59 352
59 372
59 381
59 385
59 388
59 389
59 390
59 395
59 396
59 403
59 406
59 408
59 409
59 410
59 435
59 438
59 461
59 464
59 474
59 491
59 497
60 72
60 105
60 131
60 134
60 145
60 147
60 155
60 188
60 192
60 196
60 198
60 218
60 231
60 235
60 242
60 246
60 250
60 262
60 266
60 272
60 283
60 286
60 303
60 318
60 350
60 353
60 357
60 369
60 387
60 398
60 413
60 415
60 421
60 424
60 432
60 435
60 441
60 454
60 474
60 477
60 487
60 494
61 85
61 140
61 150
61 161
61 174
61 176
61 194
61 209
61 222
61 242
61 249
61 254
61 255
61 268
61 289
61 290
61 309
61 311
61 315
61 326
61 327
61 328
61 329
61 352
61 366
61 375
61 377
61 382
61 392
61 393
61 398
61 407
61 420
61 424
61 435
61 442
61 454
61 487
62 63
62 96
62 99
62 121
62 139
62 162
62 172
62 175
62 193
62 198
62 203
62 205
62 213
62 233
62 240
62 243
62 253
62 256
62 258
62 261
62 269
62 273
62 274
62 304
62 311
62 312
62 318
62 319
62 325
62 339
62 353
62 358
62 361
62 364
62 377
62 378
62 380
62 387
62 389
62 408
62 439
62 469
62 499
63 70
63 74
63 79
63 80
63 99
63 104
63 169
63 170
63 184
63 186
63 190
63 194
63 200
63 206
63 237
63 260
63 271
63 276
63 301
63 308
63 313
63 314
63 316
63 338
63 340
63 342
63 374
63 379
63 404
63 407
63 417
63 421
63 438
63 448
63 454
63 456
63 458
63 463
63 468
63 469
63 496
64 91
64 97
64 99
64 118
64 125
64 126
64 147
64 148
64 154
64 158
64 164
64 165
64 166
64 171
64 174
64 192
64 229
64 230
64 242
64 249
64 253
64 260
64 273
64 276
64 284
64 290
64 291
64 308
64 313
64 330
64 331
64 336
64 346
64 392
64 401
64 423
64 428
64 430
64 445
64 476
64 483
64 484
64 488
65 66
65 81
65 95
65 117
65 120
65 172
65 176
65 204
65 211
65 217
65 228
65 240
65 242
65 245
65 257
65 269
65 271
65 272
65 299
65 309
65 335
65 382
65 398
65 442
65 450
65 451
65 456
65 467
65 474
65 478
65 485
65 493
65 494
65 499
66 75
66 76
66 86
66 89
66 100
66 112
66 118
66 126
66 132
66 133
66 143
66 156
66 178
66 195
66 197
66 199
66 205
66 210
66 254
66 264
66 280
66 287
66 316
66 322
66 338
66 345
66 361
66 364
66 369
66 373
66 377
66 390
66 418
66 450
66 463
66 466
66 470
66 472
66 474
66 484
66 489
66 492
66 499
67 76
67 101
67 111
67 123
67 124
67 131
67 144
67 151
67 166
67 168
67 170
67 172
67 197
67 200
67 221
67 228
67 229
67 245
67 248
67 253
67 254
67 262
67 264
67 271
67 272
67 273
67 275
67 290
67 327
67 352
67 358
67 360
67 363
67 373
67 399
67 412
67 417
67 427
67 435
67 450
67 452
67 464
67 483
67 488
68 89
68 98
68 109
68 118
68 160
68 164
68 174
68 176
68 182
68 200
68 228
68 237
68 242
68 249
68 250
68 255
68 257
68 274
68 285
68 287
68 297
68 302
68 315
68 320
68 324
68 333
68 359
68 363
68 372
68 373
68 398
68 399
68 440
68 441
68 442
68 454
68 465
68 471
68 482
68 488
69 79
69 81
69 82
69 103
69 105
69 115
69 130
69 136
69 164
69 167
69 174
69 177
69 179
69 183
69 192
69 195
69 204
69 231
69 242
69 255
69 259
69 265
69 270
69 271
69 286
69 289
69 309
69 317
69 333
69 349
69 362
69 370
69 388
69 390
69 391
69 395
69 396
69 399
69 419
69 422
69 442
69 446
69 449
69 451
69 453
69 475
69 495
69 496
70 87
70 109
70 145
70 151
70 156
70 165
70 180
70 181
70 183
70 187
70 192
70 199
70 208
70 218
70 227
70 232
70 237
70 240
70 254
70 259
70 276
70 281
70 307
70 311
70 320
70 332
70 336
70 344
70 348
70 361
70 371
70 372
70 380
70 385
70 386
70 398
70 403
70 405
70 406
70 408
70 416
70 434
70 441
70 447
70 467
71 75
71 83
71 104
71 108
71 118
71 122
71 127
71 141
71 144
71 151
71 158
71 164
71 182
71 184
71 201
71 206
71 221
71 250
71 253
71 269
71 275
71 289
71 290
71 291
71 292
71 304
71 317
71 340
71 344
71 350
71 356
71 357
71 360
71 361
71 377
71 380
71 383
71 388
71 391
71 397
71 421
71 433
71 445
71 479
71 488
71 490
72 76
72 80
72 93
72 102
72 116
72 117
72 118
72 120
72 135
72 139
72 147
72 151
72 166
72 171
72 173
72 208
72 213
72 226
72 238
72 244
72 248
72 254
72 262
72 277
72 292
72 294
72 299
72 300
72 318
72 326
72 352
72 361
72 365
72 370
72 398
72 409
72 445
72 485
72 489
72 493
73 78
73 97
73 106
73 107
73 110
73 114
73 119
73 126
73 132
73 134
73 139
73 161
73 202
73 206
73 209
73 217
73 221
73 227
73 240
73 243
73 250
73 270
73 285
73 299
73 319
73 323
73 327
73 348
73 362
73 366
73 373
73 381
73 397
73 403
73 406
73 439
73 454
73 472
73 477
73 479
73 484
73 493
74 81
74 85
74 90
74 115
74 132
74 149
74 163
74 192
74 198
74 216
74 217
74 218
74 221
74 223
74 224
74 247
74 255
74 269
74 275
74 291
74 295
74 296
74 310
74 315
74 340
74 341
74 351
74 372
74 374
74 384
74 387
74 397
74 416
74 426
74 448
74 454
74 463
74 468
74 477
75 81
75 84
75 98
75 104
75 107
75 109
75 117
75 130
75 136
75 138
75 149
75 152
75 160
75 192
75 203
75 206
75 215
75 217
75 240
75 262
75 269
75 285
75 318
75 323
75 328
75 339
75 356
75 358
75 361
75 367
75 375
75 380
75 381
75 383
75 387
75 390
75 407
75 410
75 428
75 434
75 438
75 441
75 442
75 446
75 451
75 455
75 474
75 481
76 104
76 109
76 111
76 116
76 127
76 131
76 144
76 145
76 149
76 158
76 170
76 175
76 182
76 211
76 229
76 238
76 241
76 305
76 307
76 340
76 341
76 346
76 361
76 362
76 419
76 450
76 453
76 457
76 464
76 493
76 497
77 91
77 97
77 98
77 102
77 111
77 122
77 149
77 177
77 185
77 190
77 197
77 198
77 201
77 202
77 215
77 216
77 240
77 263
77 270
77 275
77 277
77 282
77 290
77 293
77 302
77 314
77 320
77 321
77 325
77 339
77 342
77 344
77 353
77 354
77 358
77 371
77 375
77 396
77 412
77 419
77 425
77 426
77 434
77 464
77 479
77 482
77 484
77 493
78 86
78 88
78 89
78 95
78 140
78 141
78 145
78 153
78 171
78 180
78 184
78 185
78 187
78 206
78 210
78 219
78 262
78 264
78 270
78 288
78 292
78 312
78 314
78 316
78 325
78 327
78 337
78 373
78 381
78 394
78 395
78 397
78 401
78 402
78 410
78 411
78 440
78 442
78 451
78 455
78 469
78 470
78 479
78 480
78 489
78 491
78 496
78 499
79 81
79 98
79 105
79 122
79 123
79 124
79 136
79 139
79 144
79 164
79 168
79 169
79 176
79 177
79 183
79 204
79 225
79 227
79 251
79 252
79 264
79 277
79 313
79 315
79 339
79 352
79 353
79 377
79 389
79 399
79 429
79 443
79 447
79 467
79 496
80 83
80 87
80 93
80 101
80 109
80 140
80 148
80 176
80 178
80 186
80 191
80 193
80 195
80 217
80 234
80 235
80 246
80 247
80 274
80 289
80 294
80 298
80 305
80 321
80 325
80 339
80 352
80 357
80 361
80 364
80 369
80 380
80 386
80 397
80 398
80 435
80 439
80 440
80 443
80 444
80 447
80 467
81 98
81 112
81 114
81 119
81 178
81 183
81 184
81 211
81 215
81 234
81 244
81 251
81 260
81 267
81 271
81 272
81 274
81 275
81 276
81 291
81 297
81 320
81 324
81 341
81 349
81 355
81 359
81 368
81 401
81 402
81 408
81 414
81 425
81 432
81 437
81 439
81 443
81 446
82 93
82 97
82 106
82 129
82 139
82 162
82 171
82 176
82 177
82 186
82 209
82 232
82 234
82 238
82 294
82 312
82 363
82 386
82 397
82 408
82 409
82 416
82 429
82 430
82 432
82 438
82 444
82 466
82 474
82 476
82 478
82 482
82 487
82 494
82 499
83 95
83 96
83 108
83 121
83 128
83 154
83 158
83 175
83 188
83 194
83 206
83 217
83 222
83 242
83 244
83 252
83 274
83 291
83 301
83 303
83 322
83 324
83 333
83 335
83 338
83 339
83 347
83 362
83 387
83 393
83 397
83 398
83 399
83 406
83 418
83 428
83 431
83 443
83 452
83 469
83 472
83 476
83 484
83 495
84 102
84 111
84 112
84 117
84 121
84 141
84 143
84 146
84 152
84 157
84 169
84 186
84 189
84 202
84 212
84 214
84 219
84 220
84 221
84 223
84 224
84 232
84 233
84 240
84 243
84 250
84 252
84 255
84 258
84 269
84 309
84 312
84 319
84 320
84 331
84 335
84 345
84 346
84 369
84 373
84 374
84 376
84 391
84 396
84 403
84 414
84 424
84 426
84 432
84 444
84 448
84 456
84 470
84 480
84 495
85 93
85 112
85 137
85 141
85 194
85 203
85 220
85 247
85 261
85 290
85 311
85 337
85 339
85 360
85 361
85 371
85 386
85 398
85 403
85 409
85 416
85 462
85 491
85 494
86 94
86 99
86 101
86 106
86 112
86 124
86 145
86 160
86 163
86 173
86 179
86 182
86 183
86 185
86 210
86 215
86 219
86 223
86 233
86 247
86 260
86 281
86 283
86 293
86 298
86 299
86 302
86 312
86 322
86 324
86 341
86 349
86 350
86 353
86 354
86 359
86 363
86 366
86 374
86 407
86 411
86 425
86 432
86 433
86 437
86 444
86 447
86 450
86 456
86 463
86 473
87 95
87 108
87 117
87 131
87 132
87 137
87 163
87 166
87 182
87 184
87 189
87 207
87 220
87 235
87 238
87 250
87 256
87 263
87 280
87 292
87 298
87 309
87 323
87 328
87 355
87 359
87 363
87 383
87 398
87 425
87 432
87 458
87 463
87 465
87 476
87 477
87 485
88 102
88 121
88 129
88 132
88 148
88 165
88 174
88 177
88 179
88 181
88 195
88 220
88 221
88 228
88 238
88 249
88 259
88 263
88 264
88 265
88 306
88 311
88 313
88 314
88 315
88 321
88 324
88 326
88 336
88 339
88 344
88 367
88 372
88 379
88 382
88 414
88 421
88 427
88 432
88 433
88 449
88 452
88 454
88 477
88 481
88 486
88 487
88 489
88 495
89 102
89 110
89 111
89 131
89 156
89 163
89 179
89 191
89 192
89 202
89 206
89 207
89 209
89 220
89 235
89 243
89 257
89 262
89 275
89 280
89 299
89 312
89 321
89 342
89 343
89 363
89 369
89 382
89 387
89 388
89 393
89 402
89 403
89 412
89 448
89 452
89 462
89 466
89 467
89 485
90 92
90 95
90 111
90 112
90 118
90 120
90 131
90 138
90 159
90 170
90 191
90 198
90 203
90 206
90 216
90 256
90 262
90 266
90 282
90 314
90 324
90 331
90 341
90 358
90 359
90 361
90 372
90 377
90 391
90 397
90 399
90 409
90 410
90 412
90 417
90 427
90 446
90 475
91 100
91 101
91 109
91 120
91 134
91 137
91 140
91 145
91 157
91 162
91 176
91 179
91 199
91 212
91 227
91 229
91 234
91 238
91 240
91 242
91 268
91 309
91 313
91 337
91 351
91 375
91 390
91 392
91 393
91 409
91 427
91 432
91 439
91 440
91 445
91 451
91 460
91 463
91 478
91 480
91 490
91 494
91 498
92 95
92 127
92 171
92 197
92 199
92 227
92 228
92 241
92 252
92 254
92 264
92 291
92 296
92 329
92 335
92 349
92 390
92 392
92 401
92 403
92 424
92 428
92 431
92 432
92 442
92 453
92 465
92 468
92 470
92 471
92 475
92 478
92 480
92 492
93 106
93 128
93 135
93 142
93 159
93 160
93 161
93 175
93 188
93 206
93 219
93 228
93 233
93 239
93 256
93 259
93 273
93 278
93 284
93 285
93 299
93 304
93 314
93 316
93 322
93 336
93 342
93 361
93 366
93 378
93 379
93 391
93 412
93 419
93 422
93 424
93 425
93 426
93 428
93 452
93 458
93 461
93 468
93 477
93 478
93 489
93 497
94 104
94 105
94 115
94 129
94 132
94 144
94 149
94 154
94 157
94 159
94 173
94 181
94 187
94 196
94 208
94 224
94 229
94 234
94 235
94 255
94 276
94 292
94 300
94 309
94 312
94 337
94 343
94 355
94 366
94 369
94 371
94 374
94 375
94 383
94 390
94 391
94 393
94 394
94 402
94 406
94 412
94 413
94 425
94 460
94 472
94 473
94 476
94 480
94 489
94 495
94 497
94 499
95 119
95 120
95 129
95 143
95 145
95 157
95 159
95 181
95 186
95 187
95 194
95 199
95 217
95 221
95 222
95 224
95 230
95 236
95 248
95 272
95 278
95 280
95 303
95 308
95 313
95 314
95 316
95 318
95 327
95 358
95 359
95 363
95 368
95 377
95 381
95 388
95 393
95 395
95 399
95 406
95 409
95 414
95 438
95 455
95 458
95 466
95 470
95 472
95 484
96 101
96 118
96 120
96 139
96 145
96 152
96 165
96 166
96 189
96 198
96 244
96 266
96 269
96 327
96 338
96 357
96 360
96 363
96 372
96 377
96 384
96 417
96 423
96 424
96 426
96 435
96 436
96 438
96 440
96 444
96 450
96 451
96 452
96 456
96 481
97 139
97 150
97 167
97 176
97 178
97 180
97 182
97 184
97 188
97 201
97 217
97 220
97 221
97 224
97 225
97 226
97 231
97 235
97 288
97 290
97 296
97 308
97 329
97 356
97 368
97 383
97 387
97 431
97 460
97 461
97 463
97 479
97 480
97 485
97 491
97 497
98 103
98 149
98 151
98 175
98 179
98 192
98 194
98 203
98 211
98 222
98 230
98 231
98 236
98 270
98 271
98 286
98 294
98 307
98 311
98 312
98 357
98 359
98 372
98 378
98 381
98 383
98 388
98 394
98 397
98 400
98 425
98 428
98 435
98 459
98 478
98 481
98 484
98 496
99 101
99 107
99 110
99 123
99 142
99 160
99 164
99 189
99 201
99 203
99 210
99 214
99 216
99 241
99 246
99 264
99 274
99 284
99 296
99 307
99 312
99 317
99 320
99 326
99 333
99 335
99 339
99 344
99 356
99 385
99 404
99 411
99 414
99 419
99 420
99 424
99 443
99 447
99 452
99 465
99 467
99 468
99 476
100 123
100 126
100 128
100 131
100 148
100 172
100 192
100 197
100 214
100 237
100 244
100 255
100 268
100 289
100 298
100 307
100 315
100 317
100 318
100 353
100 360
100 377
100 383
100 393
100 395
100 407
100 415
100 418
100 428
100 429
100 431
100 436
100 452
100 453
100 462
100 487
100 497
101 103
101 108
101 110
101 113
101 133
101 134
101 168
101 187
101 195
101 225
101 228
101 231
101 232
101 234
101 241
101 265
101 271
101 278
101 291
101 295
101 309
101 316
101 317
101 332
101 333
101 334
101 351
101 355
101 379
101 390
101 391
101 400
101 405
101 416
101 418
101 422
101 424
101 461
101 485
101 487
101 491
102 104
102 132
102 153
102 156
102 162
102 182
102 186
102 193
102 194
102 210
102 212
102 214
102 216
102 225
102 230
102 231
102 241
102 253
102 259
102 263
102 264
102 280
102 281
102 292
102 295
102 303
102 304
102 307
102 308
102 319
102 327
102 335
102 336
102 350
102 353
102 383
102 390
102 391
102 393
102 397
102 399
102 410
102 411
102 415
102 420
102 433
102 434
102 450
102 451
102 453
102 459
102 467
102 473
102 482
102 485
103 107
103 111
103 113
103 115
103 120
103 148
103 165
103 175
103 177
103 197
103 203
103 204
103 214
103 223
103 226
103 233
103 238
103 248
103 271
103 303
103 304
103 314
103 330
103 334
103 339
103 347
103 353
103 360
103 374
103 399
103 405
103 414
103 418
103 428
103 434
103 436
103 439
103 449
103 453
103 469
103 490
103 491
103 495
104 137
104 140
104 147
104 148
104 161
104 223
104 230
104 255
104 279
104 292
104 299
104 322
104 341
104 361
104 386
104 398
104 419
104 425
104 432
104 434
104 435
104 437
104 447
104 455
104 464
104 471
104 488
105 129
105 134
105 141
105 142
105 145
105 151
105 160
105 165
105 192
105 208
105 211
105 215
105 218
105 220
105 230
105 234
105 235
105 263
105 280
105 292
105 300
105 302
105 334
105 348
105 358
105 359
105 370
105 374
105 382
105 394
105 409
105 417
105 428
105 458
105 469
105 479
105 486
105 488
106 109
106 126
106 134
106 157
106 165
106 177
106 182
106 189
106 190
106 203
106 211
106 250
106 251
106 262
106 264
106 280
106 281
106 290
106 306
106 316
106 322
106 325
106 329
106 340
106 378
106 385
106 425
106 434
106 439
106 455
106 460
106 463
106 474
106 480
106 495
106 499
107 126
107 130
107 131
107 148
107 154
107 160
107 194
107 208
107 219
107 222
107 226
107 228
107 239
107 253
107 265
107 298
107 309
107 321
107 342
107 349
107 358
107 362
107 365
107 370
107 373
107 390
107 406
107 425
107 469
107 491
108 123
108 132
108 138
108 147
108 151
108 156
108 160
108 169
108 174
108 182
108 185
108 190
108 194
108 199
108 200
108 205
108 217
108 250
108 251
108 253
108 257
108 262
108 264
108 265
108 274
108 286
108 290
108 291
108 298
108 307
108 315
108 320
108 323
108 326
108 328
108 339
108 364
108 366
108 386
108 390
108 391
108 402
108 421
108 439
108 448
108 452
108 456
108 461
108 464
108 470
108 472
108 473
108 474
108 483
108 487
109 122
109 126
109 135
109 142
109 155
109 167
109 174
109 191
109 203
109 221
109 252
109 265
109 268
109 278
109 282
109 294
109 295
109 308
109 312
109 329
109 339
109 347
109 351
109 354
109 358
109 361
109 362
109 378
109 380
109 387
109 401
109 410
109 425
109 444
109 452
109 486
109 497
109 499
110 115
110 129
110 131
110 135
110 157
110 172
110 177
110 183
110 209
110 216
110 217
110 221
110 229
110 235
110 243
110 262
110 306
110 307
110 309
110 312
110 315
110 327
110 332
110 359
110 391
110 413
110 417
110 427
110 434
110 452
110 454
110 455
110 462
110 467
110 473
110 478
110 483
111 124
111 142
111 206
111 218
111 220
111 222
111 226
111 236
111 240
111 248
111 261
111 269
111 273
111 291
111 293
111 298
111 300
111 309
111 339
111 345
111 375
111 379
111 388
111 390
111 393
111 402
111 408
111 414
111 429
111 442
111 452
111 458
111 472
111 476
112 139
112 147
112 154
112 156
112 159
112 189
112 200
112 204
112 220
112 227
112 240
112 253
112 269
112 272
112 280
112 293
112 299
112 311
112 315
112 326
112 332
112 341
112 342
112 350
112 351
112 393
112 400
112 411
112 415
112 422
112 428
112 439
112 454
112 463
112 464
112 469
112 473
112 496
112 499
113 130
113 158
113 167
113 171
113 195
113 196
113 204
113 206
113 210
113 211
113 214
113 216
113 219
113 227
113 233
113 239
113 242
113 261
113 264
113 266
113 271
113 273
113 276
113 285
113 288
113 289
113 305
113 316
113 321
113 372
113 393
113 398
113 406
113 409
113 410
113 417
113 422
113 442
113 449
113 452
113 457
113 460
113 466
113 468
113 472
113 497
114 131
114 132
114 136
114 154
114 159
114 160
114 162
114 166
114 170
114 174
114 210
114 215
114 217
114 220
114 233
114 237
114 242
114 243
114 250
114 251
114 260
114 262
114 264
114 268
114 274
114 281
114 286
114 287
114 296
114 302
114 314
114 315
114 323
114 352
114 355
114 365
114 366
114 367
114 387
114 394
114 421
114 429
114 440
114 443
114 455
114 460
114 476
114 478
114 479
114 493
114 495
115 127
115 135
115 139
115 147
115 158
115 167
115 181
115 191
115 199
115 208
115 231
115 241
115 257
115 261
115 265
115 271
115 272
115 276
115 283
115 285
115 288
115 307
115 311
115 321
115 343
115 344
115 350
115 367
115 371
115 376
115 396
115 417
115 423
115 438
115 442
115 446
115 451
115 471
115 496
116 126
116 130
116 149
116 179
116 198
116 206
116 221
116 226
116 230
116 240
116 254
116 261
116 264
116 276
116 333
116 349
116 352
116 359
116 371
116 377
116 379
116 380
116 383
116 398
116 415
116 430
116 434
116 444
116 454
116 462
116 479
117 124
117 162
117 187
117 189
117 197
117 199
117 205
117 210
117 213
117 232
117 239
117 256
117 266
117 280
117 296
117 300
117 305
117 331
117 336
117 340
117 346
117 377
117 383
117 397
117 413
117 414
117 441
117 444
117 449
117 455
117 458
117 463
117 464
117 478
117 499
118 135
118 138
118 144
118 148
118 150
118 151
118 157
118 190
118 197
118 201
118 224
118 225
118 237
118 240
118 242
118 250
118 289
118 304
118 315
118 323
118 353
118 373
118 432
118 433
118 434
118 455
118 464
118 465
118 466
118 468
118 472
118 473
118 488
118 492
119 121
119 124
119 127
119 131
119 138
119 149
119 157
119 164
119 167
119 174
119 177
119 181
119 198
119 228
119 235
119 238
119 245
119 253
119 255
119 260
119 265
119 267
119 271
119 274
119 315
119 319
119 320
119 328
119 331
119 335
119 336
119 343
119 354
119 370
119 374
119 410
119 415
119 419
119 426
119 433
119 435
119 443
119 444
119 447
119 488
119 498
119 499
120 128
120 137
120 146
120 147
120 180
120 185
120 192
120 193
120 211
120 218
120 222
120 232
120 233
120 240
120 259
120 270
120 290
120 312
120 326
120 332
120 342
120 343
120 344
120 345
120 348
120 355
120 389
120 390
120 394
120 395
120 405
120 415
120 420
120 421
120 448
120 454
120 455
120 467
120 470
120 493
121 124
121 139
121 152
121 157
121 175
121 199
121 219
121 222
121 226
121 247
121 248
121 255
121 256
121 272
121 274
121 276
121 284
121 290
121 296
121 303
121 310
121 342
121 345
121 347
121 353
121 355
121 368
121 372
121 395
121 424
121 426
121 441
121 443
121 447
121 459
121 469
121 481
121 494
121 498
122 127
122 132
122 138
122 151
122 167
122 195
122 201
122 208
122 222
122 235
122 249
122 253
122 254
122 330
122 355
122 362
122 365
122 366
122 373
122 382
122 395
122 397
122 404
122 410
122 415
122 459
122 469
122 477
122 481
122 490
122 498
123 124
123 131
123 135
123 145
123 149
123 159
123 163
123 176
123 184
123 185
123 190
123 192
123 200
123 202
123 205
123 225
123 236
123 256
123 268
123 273
123 286
123 291
123 293
123 300
123 302
123 307
123 321
123 325
123 333
123 337
123 346
123 349
123 366
123 369
123 375
123 397
123 448
123 466
123 470
123 486
123 487
123 497
124 125
124 139
124 146
124 167
124 181
124 194
124 207
124 209
124 212
124 233
124 235
124 251
124 256
124 280
124 313
124 324
124 334
124 341
124 346
124 348
124 349
124 356
124 375
124 418
124 424
124 432
124 460
124 461
124 467
124 476
125 130
125 132
125 135
125 140
125 142
125 162
125 169
125 175
125 177
125 191
125 193
125 199
125 203
125 216
125 236
125 241
125 274
125 285
125 294
125 303
125 314
125 320
125 324
125 328
125 332
125 343
125 357
125 361
125 369
125 374
125 378
125 389
125 413
125 441
125 448
125 474
125 475
125 480
125 484
126 137
126 146
126 164
126 167
126 186
126 187
126 198
126 203
126 208
126 238
126 259
126 268
126 274
126 285
126 293
126 299
126 312
126 316
126 343
126 344
126 346
126 351
126 357
126 360
126 363
126 377
126 379
126 380
126 382
126 394
126 442
126 445
126 462
126 470
126 472
126 475
127 140
127 151
127 152
127 153
127 184
127 191
127 193
127 202
127 203
127 218
127 223
127 226
127 237
127 241
127 245
127 262
127 266
127 269
127 274
127 286
127 296
127 297
127 304
127 352
127 377
127 390
127 415
127 417
127 426
127 445
127 461
127 464
127 469
127 478
127 481
127 489
127 491
127 495
128 132
128 141
128 155
128 166
128 185
128 218
128 227
128 248
128 270
128 274
128 280
128 287
128 301
128 318
128 329
128 340
128 372
128 379
128 384
128 398
128 411
128 414
128 445
128 458
128 466
128 487
129 133
129 143
129 144
129 148
129 163
129 171
129 173
129 179
129 189
129 199
129 206
129 243
129 245
129 263
129 268
129 290
129 292
129 299
129 325
129 328
129 339
129 340
129 343
129 348
129 351
129 374
129 378
129 393
129 402
129 404
129 415
129 437
129 439
129 460
129 464
129 477
129 490
130 134
130 160
130 166
130 167
130 177
130 182
130 184
130 200
130 207
130 208
130 211
130 215
130 248
130 258
130 262
130 279
130 282
130 288
130 333
130 346
130 354
130 359
130 365
130 374
130 384
130 392
130 403
130 405
130 406
130 418
130 424
130 430
130 441
130 442
130 462
130 463
130 472
130 474
130 477
130 480
130 481
130 486
130 490
130 491
130 495
131 133
131 145
131 157
131 162
131 190
131 194
131 196
131 203
131 207
131 208
131 215
131 221
131 223
131 234
131 235
131 238
131 247
131 254
131 269
131 274
131 292
131 317
131 347
131 360
131 370
131 378
131 383
131 397
131 399
131 411
131 416
131 420
131 432
131 443
131 454
131 478
131 495
131 496
132 133
132 137
132 146
132 151
132 157
132 160
132 167
132 172
132 181
132 189
132 196
132 223
132 261
132 262
132 278
132 279
132 281
132 294
132 313
132 327
132 332
132 341
132 342
132 344
132 348
132 361
132 364
132 373
132 380
132 384
132 402
132 411
132 412
132 418
132 425
132 432
132 437
132 438
132 444
132 464
132 497
133 138
133 154
133 163
133 167
133 185
133 209
133 235
133 245
133 261
133 268
133 271
133 275
133 276
133 283
133 287
133 292
133 293
133 301
133 313
133 315
133 318
133 329
133 337
133 348
133 350
133 352
133 360
133 363
133 365
133 372
133 373
133 386
133 387
133 392
133 399
133 414
133 418
133 428
133 448
133 450
133 451
133 476
133 478
133 482
133 491
133 494
133 495
133 497
134 144
134 148
134 153
134 157
134 159
134 163
134 196
134 206
134 209
134 214
134 217
134 226
134 232
134 248
134 249
134 252
134 253
134 255
134 258
134 267
134 276
134 310
134 316
134 329
134 340
134 344
134 348
134 395
134 398
134 404
134 405
134 423
134 438
134 443
134 445
134 454
134 462
134 472
134 475
134 476
134 484
134 487
134 495
135 166
135 178
135 182
135 183
135 189
135 193
135 201
135 226
135 232
135 236
135 243
135 248
135 254
135 264
135 285
135 304
135 306
135 316
135 333
135 340
135 360
135 364
135 366
135 371
135 382
135 394
135 395
135 413
135 415
135 419
135 421
135 430
135 432
135 438
135 446
135 447
135 458
135 460
135 461
135 464
135 471
135 474
135 478
135 492
136 145
136 146
136 168
136 181
136 182
136 194
136 205
136 214
136 218
136 237
136 240
136 247
136 261
136 265
136 272
136 278
136 291
136 293
136 319
136 320
136 331
136 341
136 354
136 356
136 364
136 366
136 367
136 377
136 379
136 381
136 394
136 396
136 403
136 414
136 418
136 419
136 420
136 438
136 470
136 475
136 485
136 491
136 498
137 165
137 175
137 178
137 188
137 193
137 207
137 212
137 225
137 251
137 259
137 264
137 267
137 270
137 280
137 283
137 285
137 299
137 305
137 323
137 340
137 343
137 346
137 359
137 406
137 421
137 422
137 423
137 431
137 433
137 437
137 438
137 447
137 474
137 477
137 489
138 139
138 146
138 147
138 149
138 156
138 157
138 159
138 175
138 195
138 240
138 244
138 247
138 283
138 302
138 303
138 314
138 327
138 334
138 335
138 338
138 340
138 343
138 348
138 350
138 352
138 366
138 367
138 371
138 372
138 386
138 390
138 397
138 424
138 456
138 457
138 470
138 471
138 478
139 148
139 213
139 246
139 260
139 263
139 268
139 272
139 282
139 285
139 299
139 302
139 310
139 313
139 316
139 317
139 319
139 321
139 325
139 331
139 371
139 377
139 381
139 406
139 415
139 430
139 434
139 435
139 441
139 459
139 461
139 470
139 475
139 484
139 493
140 156
140 158
140 191
140 202
140 205
140 211
140 216
140 224
140 233
140 236
140 237
140 238
140 246
140 254
140 271
140 294
140 298
140 325
140 331
140 346
140 349
140 375
140 376
140 390
140 397
140 413
140 419
140 422
140 436
140 440
140 443
140 454
140 458
140 480
140 492
140 498
141 151
141 166
141 180
141 198
141 232
141 235
141 246
141 253
141 256
141 257
141 260
141 272
141 276
141 281
141 282
141 288
141 299
141 306
141 307
141 312
141 337
141 338
141 343
141 348
141 350
141 355
141 367
141 369
141 374
141 424
141 425
141 463
141 471
141 476
141 488
141 499
142 154
142 158
142 163
142 167
142 172
142 178
142 195
142 196
142 197
142 210
142 211
142 220
142 222
142 224
142 233
142 235
142 245
142 253
142 262
142 268
142 279
142 282
142 283
142 285
142 305
142 319
142 328
142 335
142 348
142 360
142 368
142 386
142 387
142 389
142 390
142 438
142 451
142 453
142 468
142 478
142 492
143 144
143 146
143 179
143 184
143 195
143 202
143 203
143 207
143 214
143 223
143 239
143 245
143 247
143 249
143 265
143 267
143 281
143 289
143 290
143 291
143 292
143 301
143 303
143 315
143 317
143 327
143 330
143 331
143 362
143 370
143 372
143 378
143 386
143 392
143 404
143 421
143 432
143 437
143 444
143 451
143 452
143 465
143 467
143 474
143 481
143 482
143 493
144 146
144 149
144 156
144 158
144 159
144 164
144 167
144 178
144 198
144 199
144 200
144 215
144 218
144 222
144 223
144 225
144 236
144 241
144 258
144 265
144 271
144 275
144 280
144 286
144 288
144 292
144 295
144 297
144 299
144 301
144 341
144 345
144 366
144 385
144 386
144 391
144 442
144 448
144 487
144 495
144 497
145 155
145 156
145 188
145 215
145 216
145 253
145 254
145 257
145 269
145 273
145 277
145 290
145 298
145 307
145 316
145 317
145 319
145 333
145 351
145 364
145 365
145 388
145 399
145 418
145 421
145 434
145 448
145 456
145 463
145 471
145 475
145 477
145 484
145 492
146 154
146 155
146 157
146 172
146 196
146 199
146 222
146 226
146 230
146 237
146 238
146 253
146 262
146 263
146 277
146 306
146 330
146 350
146 357
146 376
146 379
146 380
146 401
146 409
146 427
146 433
146 445
146 460
146 471
146 472
146 486
146 490
147 161
147 166
147 177
147 179
147 189
147 267
147 274
147 277
147 287
147 291
147 299
147 320
147 323
147 325
147 326
147 341
147 343
147 345
147 351
147 353
147 373
147 379
147 444
147 447
147 466
147 475
147 484
147 491
147 496
148 156
148 163
148 176
148 177
148 190
148 197
148 198
148 202
148 204
148 219
148 247
148 248
148 268
148 270
148 309
148 313
148 334
148 368
148 373
148 382
148 400
148 403
148 407
148 411
148 442
148 455
148 479
148 495
149 150
149 156
149 157
149 166
149 169
149 171
149 172
149 174
149 179
149 182
149 185
149 192
149 216
149 244
149 248
149 251
149 272
149 275
149 289
149 320
149 325
149 329
149 334
149 344
149 355
149 368
149 378
149 379
149 383
149 400
149 402
149 404
149 414
149 440
149 442
149 457
149 468
149 497
150 154
150 155
150 156
150 159
150 181
150 183
150 208
150 216
150 224
150 232
150 252
150 260
150 263
150 303
150 316
150 318
150 325
150 328
150 339
150 341
150 394
150 395
150 406
150 410
150 412
150 417
150 420
150 482
150 488
151 156
151 164
151 176
151 219
151 230
151 242
151 251
151 254
151 276
151 279
151 281
151 291
151 296
151 297
151 301
151 307
151 315
151 321
151 336
151 354
151 365
151 368
151 371
151 372
151 398
151 399
151 427
151 436
151 439
151 441
151 452
151 454
151 456
151 458
151 472
151 478
151 488
151 498
152 173
152 176
152 180
152 189
152 191
152 216
152 217
152 221
152 233
152 237
152 249
152 255
152 279
152 290
152 296
152 304
152 306
152 319
152 321
152 323
152 324
152 359
152 374
152 375
152 378
152 400
152 426
152 436
152 437
152 442
152 444
152 451
152 456
152 460
152 463
152 465
152 478
153 167
153 170
153 172
153 176
153 190
153 195
153 199
153 202
153 223
153 229
153 230
153 235
153 239
153 245
153 252
153 255
153 256
153 278
153 279
153 284
153 296
153 312
153 321
153 329
153 330
153 332
153 334
153 347
153 352
153 353
153 355
153 356
153 362
153 380
153 393
153 397
153 398
153 401
153 411
153 427
153 443
153 462
153 469
153 475
153 477
153 489
154 213
154 230
154 245
154 252
154 258
154 269
154 279
154 291
154 308
154 321
154 337
154 339
154 342
154 345
154 348
154 359
154 365
154 385
154 394
154 409
154 415
154 423
154 425
154 426
154 449
154 450
154 452
154 466
154 467
154 481
154 497
155 170
155 174
155 203
155 214
155 215
155 217
155 224
155 232
155 248
155 249
155 251
155 253
155 254
155 267
155 283
155 300
155 318
155 325
155 326
155 342
155 350
155 351
155 359
155 378
155 386
155 388
155 390
155 392
155 395
155 398
155 415
155 439
155 448
155 468
155 480
155 485
156 160
156 181
156 183
156 184
156 185
156 187
156 194
156 238
156 249
156 250
156 256
156 264
156 287
156 296
156 302
156 304
156 319
156 325
156 326
156 341
156 355
156 381
156 394
156 397
156 404
156 405
156 413
156 416
156 444
156 448
156 469
156 473
156 475
156 477
156 483
156 489
156 490
157 184
157 191
157 205
157 218
157 220
157 223
157 232
157 254
157 255
157 278
157 281
157 282
157 290
157 312
157 319
157 343
157 350
157 377
157 383
157 396
157 404
157 413
157 424
157 452
157 453
157 460
157 467
158 166
158 170
158 180
158 196
158 197
158 202
158 256
158 262
158 266
158 285
158 287
158 303
158 316
158 344
158 357
158 366
158 368
158 380
158 381
158 384
158 386
158 402
158 408
158 426
158 441
158 474
158 475
158 477
158 482
158 483
158 487
158 498
159 162
159 168
159 173
159 175
159 180
159 191
159 194
159 197
159 201
159 204
159 205
159 213
159 231
159 235
159 236
159 244
159 246
159 250
159 251
159 253
159 259
159 260
159 275
159 282
159 296
159 299
159 309
159 318
159 338
159 340
159 343
159 379
159 380
159 398
159 440
159 453
159 456
159 469
159 475
159 480
159 481
159 482
159 485
159 486
159 499
160 161
160 169
160 173
160 178
160 183
160 187
160 217
160 232
160 239
160 244
160 245
160 246
160 247
160 252
160 254
160 268
160 273
160 280
160 283
160 300
160 314
160 321
160 344
160 356
160 363
160 374
160 377
160 391
160 404
160 405
160 428
160 432
160 435
160 440
160 443
160 486
160 488
161 168
161 182
161 195
161 209
161 216
161 221
161 226
161 233
161 254
161 268
161 272
161 290
161 296
161 297
161 301
161 321
161 324
161 336
161 337
161 342
161 345
161 349
161 352
161 366
161 405
161 407
161 425
161 433
161 442
161 446
161 451
161 460
161 469
161 473
161 478
162 166
162 178
162 186
162 189
162 193
162 195
162 207
162 219
162 224
162 230
162 239
162 286
162 291
162 296
162 304
162 339
162 353
162 363
162 365
162 415
162 417
162 429
162 435
162 441
162 442
162 452
162 467
162 485
162 494
163 182
163 190
163 204
163 207
163 226
163 231
163 234
163 242
163 243
163 244
163 251
163 254
163 257
163 277
163 292
163 336
163 340
163 347
163 359
163 367
163 376
163 377
163 395
163 396
163 398
163 407
163 414
163 424
163 429
163 444
163 475
163 478
163 489
163 490
163 499
164 178
164 179
164 184
164 197
164 205
164 221
164 224
164 225
164 240
164 245
164 248
164 271
164 273
164 281
164 286
164 291
164 296
164 316
164 319
164 321
164 330
164 335
164 337
164 339
164 346
164 347
164 362
164 367
164 375
164 381
164 385
164 392
164 413
164 414
164 417
164 466
164 479
164 480
164 488
164 498
165 170
165 174
165 176
165 180
165 189
165 194
165 202
165 206
165 209
165 219
165 220
165 233
165 239
165 243
165 249
165 250
165 261
165 263
165 271
165 285
165 295
165 313
165 319
165 339
165 350
165 365
165 371
165 373
165 375
165 381
165 385
165 387
165 393
165 404
165 414
165 433
165 444
165 446
165 452
165 458
165 497
166 177
166 182
166 193
166 196
166 206
166 219
166 231
166 233
166 238
166 247
166 251
166 274
166 304
166 311
166 354
166 355
166 363
166 375
166 377
166 379
166 381
166 393
166 410
166 421
166 429
166 431
166 446
166 448
166 449
166 454
166 457
166 460
166 484
166 489
166 492
167 170
167 172
167 187
167 189
167 194
167 196
167 197
167 205
167 227
167 248
167 271
167 272
167 273
167 275
167 278
167 327
167 329
167 338
167 352
167 362
167 366
167 368
167 388
167 393
167 395
167 410
167 418
167 425
167 429
167 441
167 452
167 453
167 473
167 483
168 174
168 181
168 204
168 211
168 235
168 252
168 253
168 264
168 265
168 283
168 305
168 320
168 333
168 345
168 357
168 358
168 370
168 413
168 414
168 416
168 418
168 429
168 439
168 482
168 491
168 496
168 497
169 175
169 193
169 202
169 207
169 214
169 218
169 220
169 237
169 246
169 256
169 262
169 273
169 283
169 284
169 295
169 296
169 305
169 306
169 321
169 324
169 327
169 336
169 337
169 352
169 353
169 355
169 366
169 373
169 377
169 379
169 392
169 399
169 416
169 442
169 444
169 446
169 447
169 473
169 487
169 497
169 499
170 173
170 213
170 242
170 251
170 253
170 255
170 266
170 288
170 314
170 326
170 339
170 341
170 355
170 366
170 374
170 394
170 406
170 419
170 427
170 429
170 446
170 448
170 450
170 457
170 464
170 465
170 475
170 497
171 176
171 190
171 197
171 198
171 199
171 211
171 213
171 220
171 231
171 235
171 236
171 253
171 261
171 276
171 286
171 288
171 293
171 302
171 303
171 319
171 320
171 322
171 328
171 365
171 380
171 404
171 409
171 410
171 414
171 420
171 424
171 430
171 444
171 457
171 477
171 482
171 484
171 487
172 177
172 199
172 220
172 221
172 224
172 233
172 235
172 243
172 249
172 263
172 275
172 278
172 286
172 309
172 317
172 334
172 335
172 338
172 345
172 346
172 363
172 364
172 365
172 366
172 371
172 373
172 374
172 381
172 383
172 399
172 447
172 468
172 472
172 483
173 176
173 207
173 219
173 233
173 235
173 247
173 251
173 255
173 330
173 336
173 339
173 344
173 347
173 356
173 365
173 373
173 382
173 391
173 402
173 405
173 406
173 417
173 419
173 420
173 422
173 445
174 180
174 182
174 183
174 192
174 202
174 206
174 215
174 222
174 225
174 239
174 262
174 263
174 265
174 281
174 283
174 318
174 335
174 351
174 369
174 372
174 374
174 376
174 386
174 392
174 398
174 404
174 412
174 415
174 445
174 490
174 497
174 498
175 180
175 187
175 189
175 196
175 203
175 211
175 215
175 220
175 229
175 234
175 243
175 254
175 276
175 285
175 299
175 306
175 315
175 316
175 317
175 319
175 325
175 327
175 328
175 332
175 336
175 341
175 353
175 355
175 379
175 400
175 408
175 413
175 426
175 429
175 432
175 435
175 444
175 460
175 477
175 493
176 181
176 189
176 207
176 210
176 211
176 217
176 226
176 269
176 277
176 295
176 297
176 336
176 355
176 377
176 396
176 397
176 410
176 474
177 190
177 232
177 234
177 237
177 241
177 246
177 247
177 270
177 281
177 289
177 291
177 301
177 312
177 336
177 338
177 341
177 350
177 358
177 360
177 434
177 455
177 485
177 492
178 182
178 186
178 204
178 209
178 214
178 216
178 228
178 233
178 234
178 241
178 242
178 248
178 249
178 262
178 300
178 322
178 340
178 346
178 348
178 365
178 372
178 374
178 406
178 413
178 417
178 421
178 427
178 445
178 457
178 458
178 481
178 489
178 491
178 496
179 199
179 205
179 211
179 238
179 250
179 268
179 276
179 281
179 288
179 294
179 308
179 320
179 362
179 376
179 388
179 410
179 413
179 418
179 423
179 432
179 437
179 449
179 450
179 453
179 456
179 497
180 197
180 205
180 207
180 223
180 231
180 253
180 264
180 278
180 287
180 295
180 298
180 316
180 322
180 330
180 335
180 351
180 369
180 373
180 381
180 388
180 415
180 422
180 431
180 433
180 448
180 468
180 473
180 475
180 477
180 486
180 489
180 490
181 187
181 191
181 235
181 236
181 242
181 249
181 252
181 275
181 290
181 300
181 326
181 334
181 346
181 354
181 359
181 361
181 362
181 395
181 405
181 416
181 420
181 422
181 433
181 440
181 454
181 459
181 479
181 494
182 188
182 199
182 210
182 230
182 237
182 239
182 257
182 275
182 278
182 337
182 348
182 377
182 385
182 392
182 395
182 408
182 410
182 425
182 428
182 439
182 442
182 450
182 462
182 470
182 483
182 488
182 491
182 496
183 198
183 217
183 236
183 238
183 242
183 249
183 258
183 262
183 280
183 281
183 287
183 291
183 331
183 333
183 350
183 360
183 363
183 370
183 380
183 391
183 396
183 401
183 403
183 420
183 427
183 455
183 485
184 187
184 197
184 199
184 201
184 203
184 210
184 213
184 219
184 233
184 262
184 272
184 280
184 284
184 295
184 305
184 327
184 333
184 335
184 346
184 350
184 361
184 374
184 386
184 392
184 396
184 405
184 410
184 414
184 420
184 431
184 442
184 458
184 461
184 481
184 485
185 187
185 200
185 209
185 227
185 236
185 251
185 261
185 266
185 287
185 294
185 304
185 322
185 342
185 364
185 373
185 399
185 400
185 411
185 429
185 450
185 455
185 457
185 458
185 462
185 466
185 476
185 481
186 203
186 209
186 213
186 214
186 219
186 238
186 239
186 247
186 280
186 291
186 293
186 295
186 297
186 304
186 308
186 314
186 316
186 325
186 327
186 333
186 336
186 344
186 355
186 394
186 410
186 434
186 435
186 436
186 447
186 448
186 456
186 459
186 464
186 466
186 469
186 482
186 485
186 492
186 494
186 496
186 497
187 205
187 211
187 236
187 246
187 260
187 270
187 272
187 288
187 290
187 293
187 298
187 300
187 308
187 310
187 311
187 318
187 320
187 347
187 352
187 361
187 370
187 380
187 408
187 416
187 421
187 422
187 456
187 477
187 497
188 194
188 215
188 218
188 306
188 316
188 317
188 318
188 331
188 335
188 343
188 350
188 364
188 365
188 366
188 370
188 372
188 374
188 378
188 379
188 402
188 406
188 421
188 448
188 487
188 488
188 494
188 498
189 223
189 229
189 269
189 290
189 313
189 325
189 336
189 337
189 358
189 360
189 373
189 376
189 381
189 385
189 391
189 394
189 405
189 408
189 411
189 420
189 423
189 452
189 459
189 461
189 464
189 484
189 492
189 495
190 196
190 201
190 210
190 238
190 245
190 264
190 275
190 298
190 305
190 310
190 311
190 317
190 322
190 326
190 341
190 349
190 351
190 355
190 358
190 359
190 361
190 369
190 382
190 387
190 390
190 391
190 408
190 421
190 427
190 431
190 440
190 441
190 456
190 474
190 475
190 479
191 199
191 246
191 250
191 254
191 262
191 274
191 276
191 280
191 284
191 286
191 315
191 325
191 326
191 336
191 338
191 345
191 353
191 357
191 361
191 367
191 369
191 380
191 385
191 390
191 391
191 392
191 393
191 397
191 405
191 406
191 409
191 416
191 418
191 427
191 433
191 435
191 440
191 450
191 453
191 462
191 478
192 201
192 208
192 217
192 234
192 237
192 244
192 248
192 253
192 254
192 267
192 278
192 281
192 294
192 302
192 315
192 322
192 343
192 346
192 370
192 377
192 388
192 412
192 417
192 419
192 427
192 440
192 446
192 457
192 464
192 466
192 469
192 476
192 481
192 488
193 195
193 201
193 218
193 221
193 226
193 234
193 240
193 255
193 258
193 285
193 300
193 305
193 318
193 331
193 337
193 344
193 347
193 352
193 361
193 364
193 366
193 373
193 380
193 406
193 407
193 409
193 435
193 440
193 453
193 459
193 478
194 196
194 198
194 200
194 225
194 231
194 233
194 236
194 239
194 293
194 308
194 309
194 312
194 325
194 335
194 344
194 366
194 370
194 376
194 379
194 381
194 398
194 406
194 437
194 438
194 440
194 448
194 476
194 490
194 496
195 196
195 199
195 224
195 244
195 265
195 277
195 282
195 303
195 309
195 311
195 315
195 333
195 357
195 374
195 381
195 388
195 402
195 410
195 417
195 419
195 420
195 443
195 474
195 481
195 485
195 499
196 212
196 215
196 216
196 234
196 235
196 236
196 274
196 280
196 285
196 303
196 305
196 309
196 344
196 357
196 361
196 364
196 370
196 371
196 377
196 387
196 395
196 408
196 409
196 418
196 434
196 435
196 447
196 448
196 452
196 465
196 470
196 478
196 485
197 201
197 221
197 233
197 242
197 251
197 257
197 263
197 267
197 280
197 283
197 287
197 288
197 290
197 316
197 320
197 344
197 347
197 350
197 356
197 371
197 392
197 405
197 410
197 425
197 438
197 444
197 452
197 465
197 470
197 479
197 482
197 487
197 491
198 221
198 226
198 242
198 247
198 258
198 275
198 288
198 303
198 319
198 326
198 329
198 332
198 336
198 341
198 355
198 358
198 366
198 370
198 390
198 416
198 430
198 445
198 472
198 485
198 491
198 493
198 497
199 200
199 202
199 212
199 221
199 223
199 227
199 234
199 246
199 248
199 267
199 281
199 292
199 294
199 302
199 309
199 310
199 313
199 319
199 325
199 326
199 327
199 329
199 332
199 335
199 337
199 341
199 358
199 371
199 373
199 388
199 412
199 455
199 477
199 479
199 484
199 491
199 492
200 203
200 205
200 215
200 218
200 222
200 228
200 235
200 241
200 243
200 246
200 269
200 282
200 288
200 289
200 292
200 300
200 310
200 313
200 320
200 329
200 331
200 333
200 367
200 371
200 377
200 388
200 390
200 397
200 406
200 415
200 416
200 433
200 434
200 435
200 438
200 441
200 452
200 455
200 485
201 202
201 209
201 220
201 225
201 227
201 228
201 246
201 247
201 293
201 298
201 314
201 321
201 337
201 341
201 342
201 371
201 372
201 377
201 379
201 392
201 426
201 438
201 441
201 456
201 467
201 470
201 486
201 489
201 491
202 203
202 214
202 219
202 244
202 253
202 258
202 278
202 285
202 300
202 308
202 309
202 330
202 335
202 339
202 346
202 358
202 386
202 392
202 401
202 410
202 419
202 425
202 432
202 437
202 439
202 465
202 469
202 478
202 487
202 496
203 205
203 214
203 221
203 266
203 271
203 273
203 281
203 301
203 329
203 332
203 347
203 348
203 360
203 368
203 370
203 376
203 385
203 387
203 402
203 432
203 445
203 451
203 456
203 480
203 485
203 486
203 491
204 217
204 219
204 222
204 247
204 258
204 263
204 273
204 308
204 316
204 318
204 327
204 346
204 347
204 352
204 357
204 365
204 368
204 384
204 401
204 410
204 421
204 425
204 430
204 432
204 441
204 443
204 447
204 456
204 460
204 478
204 486
204 495
205 207
205 209
205 222
205 226
205 235
205 250
205 275
205 292
205 299
205 302
205 314
205 323
205 328
205 331
205 338
205 375
205 380
205 421
205 431
205 434
205 438
205 465
205 481
205 483
206 213
206 227
206 244
206 261
206 282
206 292
206 299
206 304
206 309
206 314
206 325
206 343
206 347
206 357
206 360
206 378
206 380
206 398
206 404
206 410
206 415
206 438
206 453
206 455
206 466
206 485
206 491
207 241
207 246
207 250
207 258
207 267
207 293
207 304
207 310
207 326
207 331
207 340
207 344
207 346
207 348
207 352
207 367
207 395
207 397
207 405
207 416
207 417
207 443
207 446
207 451
207 481
207 485
207 490
208 210
208 215
208 217
208 234
208 252
208 263
208 267
208 276
208 279
208 283
208 291
208 307
208 312
208 341
208 345
208 352
208 367
208 371
208 372
208 373
208 384
208 389
208 402
208 408
208 426
208 448
208 452
208 462
208 476
208 498
209 222
209 224
209 252
209 255
209 265
209 281
209 287
209 295
209 323
209 344
209 358
209 364
209 387
209 409
209 429
209 432
209 442
209 450
209 457
209 461
209 479
209 483
209 487
210 213
210 214
210 230
210 262
210 275
210 289
210 294
210 295
210 296
210 297
210 308
210 309
210 323
210 330
210 338
210 350
210 352
210 366
210 376
210 377
210 408
210 411
210 416
210 423
210 435
210 441
210 452
210 457
210 472
210 474
210 475
210 490
210 493
210 499
211 251
211 254
211 257
211 258
211 263
211 275
211 287
211 299
211 323
211 325
211 331
211 345
211 360
211 361
211 364
211 369
211 381
211 401
211 407
211 408
211 409
211 419
211 421
211 427
211 435
211 451
211 457
211 462
211 464
211 468
211 470
211 476
211 481
211 490
211 492
211 496
211 499
212 218
212 222
212 223
212 238
212 239
212 251
212 271
212 278
212 282
212 286
212 287
212 289
212 290
212 300
212 310
212 312
212 323
212 332
212 337
212 349
212 353
212 360
212 372
212 398
212 401
212 403
212 422
212 435
212 449
212 450
212 461
212 462
212 466
212 469
212 477
212 482
212 487
212 499
213 220
213 224
213 240
213 251
213 270
213 283
213 290
213 294
213 306
213 315
213 323
213 328
213 338
213 341
213 355
213 392
213 393
213 402
213 404
213 414
213 426
213 432
213 455
213 457
213 458
213 462
213 469
213 488
213 489
214 220
214 230
214 235
214 239
214 253
214 258
214 270
214 275
214 280
214 281
214 306
214 316
214 317
214 320
214 330
214 339
214 356
214 357
214 366
214 384
214 385
214 388
214 389
214 403
214 409
214 417
214 436
214 442
214 451
214 457
214 477
214 492
214 494
214 495
215 228
215 235
215 244
215 257
215 268
215 276
215 294
215 299
215 353
215 363
215 398
215 426
215 432
215 438
215 462
215 481
215 484
215 487
215 492
215 494
216 228
216 242
216 244
216 250
216 257
216 279
216 292
216 304
216 359
216 362
216 363
216 364
216 376
216 381
216 385
216 387
216 392
216 394
216 396
216 413
216 424
216 428
216 432
216 433
216 442
216 445
216 447
216 454
216 455
216 456
216 458
216 466
217 223
217 230
217 238
217 240
217 249
217 251
217 255
217 261
217 265
217 281
217 289
217 292
217 314
217 324
217 334
217 337
217 341
217 346
217 357
217 366
217 368
217 382
217 383
217 387
217 391
217 397
217 400
217 401
217 406
217 420
217 431
217 435
217 438
217 454
217 484
217 491
217 496
218 219
218 220
218 226
218 237
218 239
218 243
218 247
218 251
218 253
218 258
218 263
218 279
218 288
218 289
218 302
218 305
218 312
218 313
218 315
218 321
218 339
218 340
218 374
218 378
218 395
218 397
218 403
218 427
218 435
218 460
218 461
218 464
218 469
218 476
218 481
218 488
218 499
219 245
219 247
219 249
219 269
219 277
219 334
219 374
219 409
219 442
219 448
219 456
219 472
219 482
219 489
220 222
220 237
220 243
220 257
220 270
220 276
220 279
220 281
220 286
220 288
220 294
220 299
220 308
220 315
220 324
220 326
220 332
220 336
220 337
220 351
220 356
220 371
220 391
220 393
220 394
220 402
220 405
220 413
220 422
220 426
220 436
220 440
220 444
220 451
220 457
220 458
220 468
220 471
220 479
220 482
220 489
220 491
220 497
220 498
221 249
221 259
221 278
221 279
221 292
221 298
221 314
221 315
221 320
221 333
221 340
221 344
221 354
221 363
221 380
221 390
221 394
221 411
221 430
221 436
221 442
221 444
221 446
221 447
221 449
221 456
221 479
221 499
222 230
222 231
222 241
222 261
222 282
222 301
222 309
222 320
222 321
222 341
222 345
222 347
222 350
222 380
222 382
222 393
222 427
222 434
222 436
222 452
222 454
222 456
222 457
222 461
222 472
222 480
222 481
222 491
223 245
223 251
223 258
223 305
223 312
223 326
223 327
223 331
223 337
223 345
223 387
223 395
223 401
223 409
223 418
223 420
223 425
223 429
223 440
223 471
223 473
223 480
223 489
223 491
224 255
224 263
224 274
224 281
224 301
224 323
224 328
224 341
224 346
224 351
224 358
224 363
224 369
224 375
224 386
224 419
224 434
224 440
224 470
224 477
224 478
224 486
225 227
225 240
225 247
225 256
225 266
225 278
225 293
225 297
225 306
225 321
225 327
225 335
225 338
225 352
225 358
225 372
225 449
225 461
225 465
225 479
225 483
225 497
225 498
226 228
226 236
226 238
226 245
226 246
226 249
226 250
226 253
226 255
226 290
226 294
226 296
226 299
226 309
226 319
226 321
226 339
226 346
226 353
226 368
226 371
226 413
226 423
226 424
226 470
226 476
226 495
227 232
227 241
227 245
227 257
227 259
227 263
227 269
227 285
227 286
227 296
227 298
227 310
227 311
227 313
227 316
227 320
227 339
227 346
227 359
227 385
227 395
227 410
227 421
227 426
227 435
227 442
227 450
227 465
227 476
227 482
227 486
227 492
228 233
228 238
228 239
228 249
228 255
228 273
228 277
228 301
228 307
228 311
228 324
228 333
228 338
228 354
228 366
228 368
228 371
228 375
228 393
228 399
228 403
228 410
228 433
228 434
228 437
228 440
228 448
228 449
228 452
228 453
228 457
228 460
228 492
228 493
229 253
229 265
229 269
229 271
229 274
229 280
229 282
229 284
229 287
229 297
229 299
229 308
229 331
229 347
229 358
229 359
229 368
229 371
229 373
229 377
229 381
229 388
229 389
229 410
229 429
229 436
229 454
229 459
229 467
230 234
230 241
230 283
230 303
230 315
230 324
230 340
230 344
230 349
230 356
230 363
230 365
230 389
230 393
230 397
230 404
230 410
230 419
230 420
230 433
230 448
230 459
230 464
230 472
231 240
231 244
231 252
231 255
231 269
231 276
231 288
231 290
231 291
231 307
231 308
231 316
231 334
231 343
231 344
231 346
231 349
231 357
231 372
231 377
231 381
231 386
231 422
231 441
231 445
231 454
231 456
231 467
232 247
232 249
232 255
232 270
232 274
232 285
232 286
232 290
232 291
232 293
232 296
232 302
232 307
232 330
232 332
232 356
232 366
232 371
232 377
232 383
232 395
232 398
232 427
232 428
232 451
233 235
233 237
233 262
233 271
233 273
233 275
233 279
233 281
233 284
233 296
233 299
233 317
233 318
233 324
233 330
233 349
233 356
233 371
233 373
233 379
233 388
233 393
233 395
233 411
233 421
233 430
233 431
233 440
233 445
233 449
233 456
233 458
233 459
233 469
233 488
233 499
234 290
234 296
234 310
234 311
234 325
234 346
234 347
234 348
234 363
234 387
234 404
234 408
234 409
234 425
234 427
234 431
234 432
234 433
234 437
234 441
234 452
234 453
234 466
234 476
234 483
235 258
235 259
235 264
235 304
235 308
235 321
235 342
235 347
235 360
235 376
235 379
235 389
235 411
235 419
235 429
235 430
235 434
235 459
235 463
235 474
235 483
235 490
235 497
235 499
236 250
236 260
236 271
236 275
236 280
236 296
236 314
236 318
236 328
236 340
236 353
236 354
236 382
236 387
236 400
236 416
236 422
236 432
236 439
236 440
236 456
236 460
236 470
236 472
236 473
236 493
236 498
237 242
237 258
237 259
237 263
237 309
237 332
237 338
237 344
237 352
237 356
237 366
237 397
237 405
237 419
237 426
237 431
237 451
237 458
237 459
237 469
237 473
237 481
237 486
237 491
238 265
238 266
238 274
238 290
238 298
238 337
238 339
238 346
238 356
238 371
238 384
238 388
238 402
238 409
238 416
238 420
238 435
238 480
238 481
238 487
238 493
239 245
239 258
239 267
239 280
239 292
239 299
239 309
239 316
239 317
239 329
239 344
239 345
239 346
239 349
239 394
239 413
239 416
239 450
239 451
239 456
239 461
239 468
239 473
239 480
240 255
240 261
240 287
240 292
240 293
240 300
240 306
240 317
240 338
240 340
240 352
240 356
240 358
240 364
240 373
240 395
240 404
240 415
240 429
240 433
240 435
240 440
240 443
240 446
240 449
240 460
240 475
240 479
240 489
241 256
241 257
241 270
241 271
241 284
241 296
241 299
241 300
241 317
241 322
241 326
241 329
241 335
241 357
241 381
241 389
241 395
241 403
241 407
241 413
241 418
241 420
241 430
241 432
241 439
241 447
241 452
241 453
241 471
241 494
241 496
242 258
242 261
242 268
242 274
242 287
242 306
242 310
242 318
242 332
242 344
242 350
242 369
242 385
242 389
242 411
242 429
242 450
242 454
242 455
242 464
242 476
242 477
242 483
242 486
242 491
243 279
243 281
243 285
243 300
243 326
243 330
243 340
243 344
243 375
243 413
243 422
243 428
243 459
243 467
243 483
244 247
244 253
244 270
244 290
244 302
244 306
244 313
244 318
244 321
244 340
244 341
244 344
244 348
244 356
244 375
244 377
244 379
244 397
244 403
244 407
244 419
244 427
244 431
244 438
244 439
244 453
244 455
244 478
244 484
244 494
245 248
245 252
245 274
245 275
245 280
245 296
245 297
245 302
245 337
245 347
245 351
245 365
245 368
245 369
245 370
245 382
245 385
245 399
245 436
245 439
245 482
245 489
245 499
246 254
246 259
246 269
246 273
246 277
246 287
246 295
246 297
246 310
246 314
246 330
246 345
246 353
246 360
246 375
246 378
246 386
246 400
246 420
246 426
246 432
246 460
246 489
246 497
247 249
247 255
247 256
247 264
247 268
247 273
247 278
247 297
247 300
247 325
247 330
247 359
247 361
247 364
247 369
247 435
247 436
247 441
247 446
247 469
247 478
247 491
248 265
248 300
248 305
248 314
248 330
248 347
248 357
248 379
248 386
248 400
248 405
248 415
248 423
248 437
248 448
248 459
248 481
248 488
248 490
248 497
249 251
249 252
249 253
249 261
249 273
249 290
249 298
249 302
249 313
249 316
249 317
249 327
249 333
249 338
249 339
249 350
249 357
249 381
249 386
249 418
249 420
249 423
249 427
249 430
249 435
249 437
249 448
249 451
249 452
249 462
249 463
249 479
249 489
249 491
249 497
250 253
250 266
250 275
250 276
250 284
250 287
250 301
250 307
250 309
250 312
250 317
250 320
250 328
250 334
250 341
250 358
250 360
250 369
250 375
250 385
250 389
250 399
250 403
250 431
250 438
250 459
250 466
250 467
250 472
250 473
250 479
250 491
250 495
251 253
251 261
251 266
251 269
251 270
251 290
251 292
251 299
251 305
251 308
251 335
251 339
251 346
251 350
251 354
251 373
251 381
251 385
251 389
251 397
251 415
251 426
251 429
251 430
251 440
251 444
251 450
251 455
251 459
251 467
251 469
251 474
251 479
251 480
251 491
251 494
252 261
252 266
252 271
252 273
252 277
252 290
252 317
252 340
252 349
252 358
252 369
252 372
252 375
252 385
252 386
252 392
252 394
252 400
252 408
252 433
252 443
252 447
252 461
252 463
252 467
252 469
252 480
252 484
252 485
252 489
252 493
252 497
253 289
253 296
253 345
253 347
253 364
253 388
253 403
253 412
253 417
253 418
253 420
253 421
253 427
253 441
253 460
253 461
253 466
253 482
253 496
254 269
254 276
254 286
254 289
254 299
254 302
254 333
254 336
254 342
254 348
254 353
254 365
254 366
254 370
254 379
254 389
254 423
254 426
254 435
254 446
254 449
254 457
254 479
254 482
254 495
254 498
255 267
255 288
255 291
255 320
255 324
255 329
255 407
255 408
255 422
255 427
255 438
255 442
255 444
255 452
255 455
255 467
255 469
255 485
256 263
256 276
256 282
256 304
256 310
256 319
256 321
256 359
256 363
256 366
256 389
256 400
256 416
256 476
257 269
257 272
257 285
257 291
257 312
257 341
257 362
257 372
257 382
257 393
257 422
257 426
257 429
257 461
257 482
257 483
257 484
257 486
257 492
258 281
258 282
258 287
258 316
258 320
258 333
258 349
258 361
258 369
258 386
258 416
258 421
258 457
258 480
258 482
258 489
259 262
259 263
259 268
259 270
259 280
259 288
259 296
259 302
259 312
259 321
259 333
259 344
259 346
259 352
259 360
259 365
259 372
259 379
259 409
259 416
259 431
259 445
259 460
259 463
259 473
259 476
259 493
260 274
260 291
260 302
260 342
260 350
260 363
260 368
260 372
260 382
260 384
260 389
260 401
260 407
260 409
260 413
260 426
260 427
260 444
260 446
260 447
260 452
260 491
261 262
261 267
261 279
261 281
261 313
261 323
261 324
261 329
261 333
261 337
261 344
261 352
261 361
261 369
261 384
261 392
261 404
261 407
261 420
261 421
261 461
261 468
261 476
261 485
261 499
262 291
262 298
262 302
262 323
262 340
262 360
262 363
262 368
262 369
262 383
262 399
262 403
262 404
262 408
262 439
262 443
262 446
262 448
262 462
262 475
262 485
262 498
263 267
263 269
263 275
263 280
263 291
263 295
263 302
263 304
263 316
263 325
263 328
263 337
263 338
263 343
263 354
263 366
263 373
263 376
263 381
263 382
263 385
263 403
263 409
263 413
263 416
263 424
263 437
263 445
263 447
263 454
263 459
263 466
263 469
263 480
263 482
264 267
264 269
264 279
264 301
264 335
264 338
264 342
264 366
264 378
264 394
264 397
264 411
264 415
264 426
264 428
264 439
264 465
264 499
265 288
265 292
265 305
265 314
265 319
265 340
265 349
265 351
265 388
265 390
265 396
265 415
265 416
265 418
265 427
265 441
265 444
265 445
265 482
265 486
266 268
266 271
266 285
266 299
266 307
266 316
266 330
266 341
266 354
266 355
266 363
266 374
266 389
266 390
266 419
266 426
266 438
266 452
266 455
266 462
266 465
266 471
266 479
266 487
266 499
267 268
267 274
267 277
267 281
267 287
267 311
267 336
267 337
267 348
267 361
267 363
267 371
267 372
267 377
267 380
267 402
267 412
267 420
267 423
267 427
267 448
267 449
267 470
267 474
267 479
267 486
267 491
268 279
268 296
268 300
268 327
268 336
268 338
268 369
268 375
268 390
268 391
268 392
268 395
268 408
268 438
268 443
268 446
268 465
268 475
268 488
268 496
269 291
269 317
269 321
269 323
269 330
269 335
269 357
269 363
269 366
269 368
269 370
269 393
269 400
269 415
269 418
269 426
269 430
269 432
269 452
269 456
269 470
269 474
269 477
269 489
270 287
270 291
270 294
270 295
270 302
270 309
270 319
270 325
270 329
270 330
270 342
270 353
270 358
270 368
270 372
270 382
270 396
270 422
270 431
270 438
270 449
270 451
270 456
270 458
270 487
270 495
271 285
271 286
271 299
271 316
271 392
271 393
271 395
271 403
271 417
271 430
271 437
271 442
271 457
271 466
271 472
272 285
272 311
272 325
272 342
272 344
272 362
272 364
272 366
272 391
272 406
272 417
272 424
272 425
272 436
272 438
272 442
272 443
272 444
272 445
272 455
272 457
272 462
272 476
272 480
272 482
272 492
272 496
273 277
273 293
273 295
273 299
273 304
273 308
273 319
273 322
273 340
273 343
273 360
273 361
273 373
273 377
273 382
273 384
273 392
273 397
273 399
273 413
273 429
273 431
273 449
274 280
274 290
274 305
274 306
274 328
274 342
274 365
274 368
274 378
274 385
274 386
274 407
274 416
274 436
274 437
274 441
274 445
274 449
274 451
274 456
274 473
274 481
274 486
274 487
274 497
275 280
275 281
275 290
275 314
275 337
275 366
275 380
275 383
275 387
275 417
275 425
275 453
275 461
275 475
275 483
275 484
275 490
276 294
276 298
276 303
276 314
276 331
276 342
276 357
276 373
276 378
276 394
276 409
276 413
276 419
276 421
276 423
276 426
276 438
276 475
276 498
277 278
277 279
277 296
277 308
277 345
277 355
277 363
277 372
277 376
277 392
277 418
277 425
277 433
277 444
277 445
277 447
277 452
277 472
277 479
278 282
278 287
278 307
278 312
278 322
278 325
278 348
278 356
278 358
278 365
278 386
278 393
278 394
278 396
278 400
278 405
278 448
278 449
278 456
278 461
278 467
278 474
278 487
278 493
278 497
278 498
279 282
279 287
279 290
279 297
279 302
279 306
279 307
279 318
279 362
279 383
279 386
279 388
279 427
279 454
279 455
279 463
279 496
280 291
280 306
280 329
280 338
280 343
280 347
280 348
280 354
280 374
280 405
280 442
280 472
280 474
280 491
280 495
281 309
281 316
281 324
281 325
281 347
281 364
281 365
281 368
281 382
281 385
281 397
281 410
281 412
281 421
281 422
281 435
281 453
281 457
281 459
281 466
281 478
282 304
282 315
282 316
282 320
282 321
282 325
282 331
282 336
282 346
282 350
282 351
282 377
282 382
282 389
282 398
282 402
282 406
282 409
282 423
282 428
282 432
282 440
282 458
282 464
282 474
282 478
282 484
282 495
283 300
283 314
283 323
283 327
283 331
283 332
283 353
283 356
283 359
283 373
283 385
283 392
283 395
283 404
283 436
283 439
283 455
283 457
283 461
283 478
283 482
284 296
284 304
284 305
284 314
284 322
284 323
284 325
284 327
284 345
284 390
284 394
284 406
284 429
284 439
284 455
284 456
284 460
284 472
284 482
284 485
284 486
284 491
285 299
285 314
285 329
285 379
285 402
285 405
285 418
285 463
285 473
285 489
285 490
285 495
285 499
286 288
286 300
286 317
286 318
286 324
286 350
286 357
286 362
286 372
286 374
286 375
286 394
286 396
286 411
286 433
286 442
286 443
286 451
286 483
286 497
286 498
287 290
287 297
287 300
287 305
287 318
287 336
287 359
287 381
287 385
287 392
287 394
287 401
287 423
287 433
287 439
287 440
287 447
287 448
287 456
287 462
287 477
287 486
287 494
288 291
288 292
288 322
288 334
288 340
288 344
288 354
288 363
288 379
288 401
288 404
288 415
288 443
288 454
288 471
288 499
289 294
289 300
289 305
289 318
289 323
289 337
289 340
289 346
289 351
289 365
289 392
289 393
289 402
289 416
289 421
289 427
289 443
289 445
289 474
289 475
289 478
289 481
289 483
289 485
290 322
290 367
290 369
290 411
290 417
290 426
290 427
290 431
290 452
290 461
290 466
290 467
290 477
290 490
290 498
291 317
291 321
291 324
291 325
291 335
291 337
291 346
291 370
291 380
291 381
291 388
291 391
291 400
291 402
291 413
291 416
291 439
291 446
291 473
291 494
292 309
292 315
292 352
292 354
292 359
292 375
292 385
292 387
292 394
292 412
292 413
292 430
292 433
292 437
292 438
292 468
292 491
293 301
293 313
293 314
293 315
293 330
293 354
293 357
293 363
293 365
293 393
293 394
293 397
293 406
293 417
293 420
293 422
293 437
293 445
293 456
293 457
293 467
293 472
294 302
294 303
294 322
294 335
294 355
294 369
294 375
294 377
294 383
294 391
294 405
294 412
294 424
294 429
294 430
294 438
294 445
294 474
294 485
294 492
295 322
295 329
295 348
295 354
295 384
295 385
295 393
295 394
295 426
295 429
295 436
295 445
295 448
295 451
295 473
295 476
295 477
295 481
295 494
296 298
296 305
296 308
296 312
296 313
296 350
296 372
296 380
296 398
296 407
296 408
296 433
296 441
296 445
296 451
296 453
296 459
296 471
296 479
296 489
297 340
297 344
297 345
297 362
297 363
297 364
297 365
297 373
297 422
297 435
297 444
297 446
297 454
297 459
297 462
297 463
297 471
297 479
297 480
297 482
297 483
297 495
298 311
298 312
298 314
298 319
298 321
298 343
298 346
298 354
298 359
298 364
298 385
298 387
298 405
298 411
298 415
298 429
298 440
298 450
298 453
298 459
298 471
298 486
298 488
298 490
299 318
299 329
299 385
299 396
299 427
299 428
299 446
299 472
299 476
299 495
299 499
300 321
300 326
300 338
300 340
300 366
300 395
300 397
300 418
300 454
300 456
300 465
300 470
300 474
300 482
300 497
301 308
301 324
301 338
301 349
301 354
301 359
301 365
301 370
301 379
301 380
301 381
301 384
301 395
301 397
301 401
301 411
301 418
301 430
301 447
301 456
301 469
301 497
301 499
302 333
302 336
302 337
302 338
302 349
302 387
302 401
302 430
302 432
302 437
302 439
302 457
302 461
302 469
302 483
302 497
303 330
303 342
303 347
303 352
303 361
303 362
303 366
303 373
303 375
303 404
303 410
303 420
303 451
303 453
303 464
303 468
303 485
304 309
304 318
304 322
304 325
304 332
304 333
304 346
304 352
304 373
304 387
304 390
304 402
304 422
304 439
304 440
304 442
304 443
304 473
304 476
304 484
304 487
305 306
305 311
305 326
305 330
305 336
305 338
305 346
305 347
305 348
305 379
305 380
305 387
305 393
305 397
305 404
305 411
305 428
305 454
305 455
305 459
305 462
305 464
305 467
305 474
305 483
305 498
306 307
306 313
306 319
306 353
306 362
306 370
306 390
306 393
306 406
306 409
306 416
306 418
306 420
306 421
306 428
306 436
306 445
306 446
306 487
306 489
306 494
306 495
307 313
307 314
307 339
307 345
307 370
307 375
307 396
307 410
307 416
307 418
307 425
307 430
307 457
307 472
307 490
307 492
307 499
308 321
308 334
308 335
308 337
308 350
308 369
308 371
308 372
308 382
308 390
308 401
308 420
308 427
308 429
308 461
308 474
308 495
309 344
309 363
309 371
309 378
309 401
309 405
309 408
309 418
309 446
309 447
309 448
309 456
309 459
309 466
309 484
309 486
309 487
310 326
310 327
310 342
310 347
310 351
310 357
310 367
310 387
310 394
310 411
310 412
310 447
310 451
310 459
310 464
310 473
310 481
311 318
311 334
311 349
311 357
311 364
311 384
311 393
311 404
311 420
311 426
311 430
311 434
311 454
311 467
311 468
311 476
311 487
312 329
312 330
312 335
312 343
312 345
312 361
312 364
312 391
312 397
312 408
312 417
312 419
312 430
312 433
312 455
312 456
312 474
312 478
312 487
313 314
313 339
313 345
313 351
313 353
313 356
313 362
313 368
313 371
313 373
313 376
313 378
313 381
313 388
313 407
313 422
313 428
313 449
313 467
313 468
313 473
313 484
314 321
314 328
314 329
314 333
314 352
314 359
314 383
314 405
314 416
314 420
314 424
314 431
314 433
314 442
314 459
314 461
314 462
314 469
314 480
314 481
314 499
315 326
315 332
315 340
315 343
315 351
315 369
315 377
315 397
315 398
315 402
315 403
315 406
315 423
315 455
315 484
315 493
315 497
316 317
316 325
316 331
316 373
316 381
316 383
316 387
316 388
316 390
316 406
316 420
316 428
316 462
316 476
316 477
316 490
316 496
317 329
317 332
317 333
317 360
317 383
317 394
317 407
317 411
317 412
317 415
317 424
317 445
317 450
317 456
317 487
318 324
318 345
318 354
318 363
318 364
318 384
318 387
318 401
318 408
318 411
318 413
318 417
318 421
318 422
318 425
318 427
318 429
318 432
318 459
318 464
318 471
318 482
318 487
318 491
318 495
319 336
319 344
319 350
319 354
319 357
319 378
319 385
319 390
319 399
319 415
319 416
319 423
319 439
319 442
319 452
319 456
319 463
319 465
319 470
319 495
320 322
320 325
320 335
320 343
320 346
320 356
320 365
320 382
320 393
320 404
320 420
320 424
320 425
320 430
320 435
320 437
320 472
320 486
320 487
321 323
321 324
321 330
321 337
321 339
321 340
321 341
321 368
321 373
321 391
321 419
321 421
321 427
321 439
321 449
321 454
321 456
321 474
321 483
321 488
321 490
322 333
322 338
322 345
322 347
322 361
322 366
322 370
322 379
322 400
322 402
322 411
322 429
322 443
322 445
322 448
322 449
322 482
323 336
323 337
323 341
323 365
323 367
323 383
323 416
323 421
323 452
323 457
323 480
323 493
324 328
324 330
324 341
324 343
324 347
324 350
324 354
324 358
324 372
324 383
324 384
324 386
324 394
324 396
324 407
324 420
324 422
324 456
324 460
324 477
324 487
325 351
325 355
325 368
325 371
325 398
325 407
325 409
325 455
325 457
325 491
326 330
326 334
326 355
326 379
326 384
326 393
326 395
326 409
326 413
326 419
326 422
326 428
326 433
326 440
326 447
326 452
326 455
326 463
326 468
326 480
326 481
326 487
326 489
326 492
326 499
327 375
327 378
327 423
327 430
327 434
327 437
327 447
327 460
327 465
327 468
328 330
328 341
328 350
328 362
328 371
328 376
328 379
328 403
328 407
328 414
328 429
328 437
328 440
328 447
328 450
328 452
328 453
328 455
328 461
328 472
328 473
329 330
329 369
329 371
329 395
329 396
329 426
329 462
329 463
329 470
329 472
329 485
329 487
329 489
329 494
329 498
330 362
330 372
330 378
330 400
330 404
330 408
330 427
330 434
330 439
330 453
330 459
330 463
330 464
330 474
330 480
330 490
331 332
331 333
331 344
331 363
331 364
331 366
331 389
331 399
331 466
331 469
331 476
331 490
332 334
332 339
332 351
332 359
332 375
332 378
332 386
332 398
332 403
332 413
332 442
332 445
332 483
332 486
332 489
332 498
333 356
333 375
333 381
333 395
333 427
333 459
333 460
334 340
334 392
334 400
334 401
334 413
334 415
334 424
334 425
334 428
334 453
334 468
334 471
334 472
334 473
334 479
334 480
334 481
334 496
335 336
335 344
335 353
335 389
335 400
335 403
335 412
335 419
335 422
335 432
335 435
335 438
335 448
335 452
335 455
335 463
335 465
335 478
336 343
336 367
336 376
336 390
336 392
336 397
336 410
336 412
336 417
336 449
336 454
336 461
336 478
336 483
336 489
336 490
336 491
336 494
337 344
337 374
337 376
337 407
337 414
337 422
337 424
337 443
337 480
337 487
337 489
337 494
337 498
338 340
338 347
338 349
338 352
338 359
338 367
338 368
338 378
338 379
338 417
338 423
338 435
338 460
338 469
338 470
338 471
339 352
339 354
339 355
339 371
339 386
339 390
339 412
339 414
339 423
339 433
339 438
339 442
339 487
339 492
339 494
340 344
340 352
340 355
340 400
340 434
340 441
340 473
340 474
340 490
340 496
340 499
341 344
341 363
341 368
341 371
341 379
341 380
341 387
341 392
341 397
341 403
341 412
341 416
341 419
341 423
341 440
341 454
341 464
341 476
341 479
341 491
341 495
342 353
342 360
342 373
342 382
342 386
342 397
342 417
342 432
342 447
342 451
342 452
342 457
342 458
342 462
342 480
343 358
343 365
343 374
343 402
343 411
343 413
343 417
343 427
343 437
343 446
343 454
343 473
343 479
343 496
344 349
344 368
344 386
344 427
344 430
344 447
344 453
344 461
344 476
344 478
344 479
344 485
344 486
345 346
345 355
345 369
345 374
345 375
345 377
345 381
345 387
345 410
345 416
345 417
345 424
345 425
345 432
345 433
345 435
345 442
345 447
345 458
345 461
345 482
345 496
346 350
346 354
346 362
346 365
346 400
346 409
346 436
346 458
346 464
346 486
346 488
347 348
347 382
347 384
347 395
347 407
347 411
347 419
347 432
347 458
347 467
347 481
347 482
347 484
348 362
348 406
348 410
348 413
348 436
348 437
348 443
348 451
348 455
348 470
348 473
348 478
348 496
348 498
349 350
349 361
349 386
349 393
349 415
349 416
349 417
349 454
349 460
349 483
349 499
350 355
350 362
350 365
350 370
350 379
350 384
350 393
350 405
350 407
350 414
350 439
350 470
350 474
350 499
351 358
351 361
351 370
351 371
351 387
351 391
351 403
351 417
351 434
351 439
351 450
351 452
351 462
351 469
351 489
352 355
352 372
352 374
352 396
352 405
352 423
352 434
352 449
352 461
352 465
352 472
352 474
352 483
352 488
353 358
353 359
353 362
353 404
353 429
353 431
353 434
353 436
353 447
353 450
353 461
353 475
353 477
353 494
353 499
354 356
354 357
354 361
354 363
354 393
354 394
354 407
354 409
354 414
354 418
354 423
354 429
354 433
354 449
354 450
354 455
354 460
354 474
354 480
354 499
355 365
355 377
355 383
355 392
355 396
355 409
355 419
355 428
355 446
355 461
355 492
356 364
356 376
356 407
356 422
356 456
356 462
356 463
356 482
357 379
357 389
357 401
357 408
357 414
357 424
357 439
357 442
357 462
357 473
357 481
358 372
358 375
358 377
358 380
358 381
358 386
358 393
358 426
358 437
358 441
358 447
358 496
359 363
359 369
359 377
359 381
359 387
359 393
359 400
359 409
359 410
359 419
359 453
359 459
359 460
359 464
359 467
359 470
359 473
359 477
359 481
359 482
359 486
359 499
360 363
360 372
360 381
360 382
360 414
360 421
360 438
360 450
360 459
360 460
360 479
360 482
360 483
360 489
361 366
361 372
361 384
361 397
361 406
361 407
361 408
361 429
361 441
361 453
361 470
361 477
361 490
362 371
362 385
362 392
362 396
362 404
362 409
362 443
362 450
362 452
362 463
362 490
363 366
363 368
363 386
363 393
363 396
363 403
363 414
363 426
363 428
363 446
363 451
363 454
363 455
363 458
363 490
364 370
364 371
364 378
364 382
364 383
364 417
364 426
364 427
364 428
364 429
364 442
364 451
364 471
364 489
364 493
364 499
365 366
365 387
365 393
365 402
365 415
365 431
365 434
365 451
365 461
365 462
365 474
365 489
366 371
366 376
366 383
366 409
366 414
366 433
366 434
366 435
366 437
366 442
366 450
366 453
366 454
366 456
366 467
366 470
366 472
366 474
366 480
366 481
366 487
367 371
367 380
367 415
367 419
367 424
367 436
367 443
367 446
367 455
367 461
367 476
367 486
368 373
368 398
368 403
368 406
368 411
368 425
368 448
368 453
368 458
368 475
368 480
368 481
368 492
368 494
369 374
369 384
369 397
369 404
369 412
369 417
369 422
369 444
369 448
369 453
369 458
369 460
369 465
369 492
369 493
370 384
370 385
370 396
370 419
370 428
370 429
370 431
370 437
370 441
370 457
370 464
370 466
370 484
370 485
370 489
371 382
371 386
371 388
371 389
371 411
371 417
371 418
371 447
371 466
371 474
371 480
371 481
371 496
371 499
372 382
372 389
372 400
372 412
372 415
372 433
372 435
372 436
372 444
372 458
372 464
372 466
373 376
373 383
373 396
373 404
373 408
373 415
373 437
373 439
373 477
373 480
373 485
373 487
373 498
374 384
374 391
374 403
374 409
374 439
374 445
374 452
374 461
374 465
374 471
374 482
374 493
375 389
375 398
375 399
375 404
375 408
375 418
375 454
375 458
375 459
375 470
375 476
375 480
376 377
376 378
376 380
376 383
376 397
376 405
376 417
376 424
376 439
376 450
376 451
376 455
376 460
376 473
376 474
376 477
376 482
376 484
376 486
376 496
377 380
377 387
377 389
377 392
377 393
377 398
377 400
377 413
377 415
377 437
377 444
377 467
377 471
377 472
377 484
377 491
377 499
378 411
378 414
378 422
378 438
378 449
378 462
378 465
378 469
378 472
378 477
378 482
378 483
378 493
378 499
379 381
379 392
379 393
379 395
379 396
379 404
379 423
379 433
379 439
379 440
379 446
379 451
379 456
379 457
379 482
379 483
379 489
379 490
379 494
380 387
380 391
380 397
380 401
380 413
380 435
380 439
380 460
380 472
380 485
380 490
380 492
380 498
381 384
381 388
381 391
381 406
381 434
381 444
381 453
381 459
381 470
381 476
381 480
381 483
382 391
382 396
382 400
382 401
382 432
382 473
382 483
383 394
383 406
383 411
383 415
383 430
383 436
383 449
383 451
383 465
383 475
383 493
384 400
384 401
384 407
384 437
384 440
384 458
384 467
384 477
384 479
384 483
384 490
384 495
385 396
385 399
385 407
385 409
385 428
385 432
385 448
385 451
385 458
385 463
385 465
385 477
385 481
385 489
385 490
386 393
386 408
386 416
386 448
386 461
386 489
386 496
387 411
387 431
387 453
387 463
387 497
388 390
388 392
388 439
388 455
388 466
388 476
388 480
388 499
389 416
389 419
389 430
389 432
389 434
389 450
389 453
389 467
389 479
389 482
389 496
390 396
390 399
390 408
390 409
390 441
390 456
390 469
390 491
391 398
391 399
391 402
391 403
391 404
391 410
391 425
391 438
391 451
391 473
391 493
391 498
392 399
392 406
392 415
392 435
392 438
392 443
392 460
392 467
392 475
392 479
392 482
392 495
393 418
393 420
393 423
393 461
393 462
393 471
393 488
393 491
393 494
394 400
394 407
394 424
394 446
394 468
394 476
394 494
394 495
394 497
395 398
395 406
395 413
395 419
395 425
395 445
395 478
395 481
395 488
395 492
395 494
395 499
396 398
396 423
396 424
396 447
396 453
396 480
396 485
396 497
397 404
397 406
397 407
397 419
397 439
397 443
397 457
397 459
397 480
397 493
398 423
398 439
398 448
398 497
399 405
399 412
399 417
399 418
399 419
399 423
399 432
399 446
399 450
399 453
399 461
399 463
400 404
400 410
400 412
400 431
400 436
400 444
400 447
400 455
400 457
400 458
400 480
400 497
401 403
401 405
401 416
401 422
401 443
401 449
401 450
401 458
401 462
401 464
401 466
401 477
401 481
402 409
402 427
402 430
402 442
402 445
402 451
402 467
402 473
402 477
402 479
402 482
402 487
402 496
402 497
402 498
403 414
403 418
403 419
403 436
403 444
403 468
403 469
403 472
403 492
403 499
404 415
404 435
404 438
404 449
404 452
404 453
404 467
404 497
405 425
405 438
405 440
405 443
405 456
405 466
405 467
405 474
406 420
406 424
406 432
406 437
406 442
406 443
406 473
406 476
406 479
407 416
407 423
407 427
407 439
407 441
407 445
407 472
407 476
407 486
408 410
408 421
408 424
408 437
408 455
408 465
408 474
408 475
408 479
408 480
408 486
408 490
409 413
409 437
409 445
409 453
409 479
409 482
409 493
409 496
410 420
410 424
410 433
410 436
410 445
410 447
410 450
410 473
410 482
410 488
410 489
411 434
411 439
411 460
411 464
411 485
411 488
412 413
412 416
412 432
412 433
412 447
412 448
412 456
412 469
412 480
412 489
412 490
412 491
412 495
412 498
413 433
413 440
413 441
413 443
413 445
413 455
413 463
413 465
413 466
413 469
413 485
413 493
414 418
414 434
414 445
414 446
414 466
414 489
414 496
414 498
415 418
415 463
415 476
415 489
416 418
416 440
416 464
416 489
417 424
417 426
417 429
417 430
417 439
417 444
417 474
417 475
417 487
417 489
417 497
418 422
418 435
418 436
418 457
418 461
418 482
418 492
419 450
419 463
419 484
419 489
419 495
420 425
420 431
420 440
420 441
420 459
420 467
421 424
421 436
421 442
421 443
421 453
421 464
421 481
421 494
421 495
421 499
422 427
422 432
422 438
422 441
422 457
422 463
422 476
422 478
423 426
423 428
423 429
423 434
423 451
423 454
423 463
423 465
423 471
423 473
423 485
423 491
424 426
424 432
424 437
424 446
424 462
424 468
424 470
424 480
424 484
424 486
425 429
425 456
425 468
425 476
425 478
425 481
425 495
425 496
425 498
426 435
426 436
426 441
426 457
426 463
426 474
426 483
427 432
427 452
427 468
427 478
427 483
427 488
428 433
428 453
428 479
428 491
429 468
429 486
429 491
429 498
430 433
430 446
430 451
430 452
430 456
430 464
430 468
430 482
431 433
431 442
431 449
431 480
431 489
431 498
432 438
432 453
432 455
432 457
432 473
432 475
432 478
432 483
433 438
433 451
433 461
433 469
433 472
433 473
433 474
433 493
433 495
434 436
434 447
434 458
434 466
434 473
434 486
434 489
434 494
434 496
435 438
435 442
435 468
435 469
435 479
436 446
436 453
436 475
436 479
436 492
436 493
437 456
437 462
437 467
437 489
437 497
438 443
438 451
438 492
438 496
439 466
440 444
440 445
440 449
440 461
440 467
440 471
440 472
440 485
440 491
440 495
440 496
441 453
441 467
441 471
441 472
441 494
442 473
442 480
442 481
442 492
442 495
443 459
443 477
443 493
443 497
444 458
444 466
444 477
444 490
444 494
445 475
445 477
445 491
445 498
446 453
446 455
446 471
446 476
446 479
446 482
446 483
446 487
447 456
447 458
447 492
448 450
448 458
448 461
448 466
448 467
448 497
449 458
449 464
449 469
449 480
449 491
449 496
450 455
450 461
450 462
450 484
450 489
450 490
451 452
451 458
451 466
451 497
452 460
452 463
452 484
452 492
452 499
453 459
453 491
454 455
454 485
454 491
455 457
455 460
455 467
455 472
455 475
455 487
455 492
455 497
456 468
456 492
456 498
457 474
457 484
457 488
457 489
458 459
458 472
458 484
458 497
459 465
459 472
459 476
459 478
459 483
460 466
460 469
460 494
461 473
461 480
461 490
461 492
462 478
462 481
463 482
463 497
464 472
464 478
464 485
464 487
464 494
465 477
465 491
465 496
466 478
466 480
466 483
466 489
467 476
467 485
468 473
469 479
469 487
469 491
470 474
470 485
470 491
471 472
472 477
472 499
473 478
473 488
473 489
473 493
473 499
474 475
474 480
474 486
475 477
475 480
475 484
476 481
476 491
476 493
477 492
477 493
478 490
478 491
479 481
480 481
480 487
480 488
481 489
481 499
484 496
485 499
486 487
486 488
487 498
488 490
489 496
493 495
494 499
497 499
462 243 46 214 352 230 377 488 202 326 372 334 72 42 220 410 190 490 169 121 52 108 340 239 166 269 48 453 484 117 197 81 319 366 224 187 492 491 435 314 61 409 45 31 67 16 39 179 456 188 467 426 204 332 92 313 123 473 357 144 94 432 283 497 114 422 470 126 28 44 11 18 468 218 408 307 380 346 91 63 19 457 153 51 420 191 396 147 98 37 282 337 64 449 217 78 6 406 320 216 130 310 68 376 254 207 2 338 193 305 139 439 318 203 369 350 41 237 97 316 441 370 341 119 66
312 5 281 62 75 270 471 478 393 474 13 374 148 259 236 389 378 241 168 8 162 115 161 371 274 263 477 29 10 4 84 480 382 384 429 411 143 415 252 192 286 172 390 124 297 284 219 177 402 12 71 413 118 182 186 234 73 223 196 290 138 261 353 418 367 434 443 461 20 425 302 58 405 159 70 0 373 458 315 183 493 208 82 345 387 365 171 35 99 142 430 278 424 255 417 40 195 165 15 293 49 76 79 383 88 240 476 465 77 247 288 446 364 397 245 173 238 351 43 145 24 460 93 273 23
295 225 363 379 395 292 362 277 9 398 444 421 483 249 105 265 280 359 301 392 299 201 407 356 211 440 482 110 399 275 291 86 317 459 327 103 271 499 36 267 209 489 479 298 342 442 96 347 32 199 445 141 30 253 229 279 344 343 355 309 331 3 233 321 112 53 215 136 26 129 50 323 333 134 404 158 423 433 262 55 361 330 164 336 56 27 335 436 163 485 264 388 287 401 464 111 180 403 128 246 25 89 146 266 213 132 140 60 448 463 260 391 486 289 454 303 137 160 339 248 348 447 450 487 381
257 226 358 368 167 85 38 221 22 184 375 113 106 181 156 455 494 328 311 451 157 495 149 206 65 285 1 496 256 174 17 205 419 131 133 101 107 296 150 242 212 244 116 178 189 235 472 360 152 120 21 428 304 155 109 322 47 427 385 100 175 57 200 349 194 354 87 185 294 416 95 102 386 151 231 308 475 83 272 431 228 125 7 276 210 135 400 127 176 80 414 438 329 69 74 170 258 437 268 33 232 250 222 14 122 498 198 324 90 251 469 412 54 325 34 466 154 481 452 300 227 59 104 306 394
