50
131
10
17
86
94
24
88
83
16
6
5
75
0 8
0 11
0 21
0 29
0 36
0 39
0 49
1 26
1 47
2 11
2 19
2 37
3 4
3 14
3 15
3 34
3 37
4 9
4 32
4 34
4 44
4 49
5 18
5 30
5 31
5 32
5 40
6 7
6 10
6 11
6 25
6 33
6 38
6 49
7 17
7 22
7 24
7 25
7 33
7 44
8 11
8 13
8 17
8 28
8 35
8 37
8 41
9 26
9 35
10 19
10 25
10 29
10 35
11 31
12 15
12 17
12 37
12 38
13 19
13 26
13 39
14 25
14 32
14 39
14 40
15 20
15 26
15 27
15 30
15 35
15 36
15 38
15 44
16 19
16 30
16 47
17 41
17 49
18 29
18 30
18 35
19 46
20 22
21 35
21 48
22 24
22 33
22 45
22 46
23 24
23 30
23 40
23 47
24 34
24 42
25 29
25 33
25 37
25 43
25 44
26 27
26 37
27 28
27 32
27 34
27 35
27 40
27 45
27 48
28 36
28 46
29 32
30 39
30 45
31 41
31 44
32 39
32 46
32 47
33 49
34 38
34 40
34 43
35 40
35 45
36 38
37 42
39 43
43 46
44 46
47 48
19 5 45 20 0
10 12 38 7 27
32 28 13 17 39
14 2 48 3 18
21 35 46 16 33
34 11 37 44 49
4 42 15 29 36
31 22 43 8 47
25 23 40 1 9
30 41 6 26 24
