50
112
5
95
8
48
45
17
0 2
0 11
0 14
0 34
1 4
1 20
1 25
1 29
1 36
1 49
2 6
2 17
2 18
2 49
3 34
3 35
3 49
4 5
4 21
4 22
4 27
4 32
4 45
4 46
5 6
5 44
6 18
6 21
6 24
6 37
6 38
7 28
7 36
8 23
8 31
8 33
8 35
8 41
8 46
9 45
10 15
10 19
10 31
10 41
11 16
11 33
11 37
12 19
12 32
12 42
12 45
12 47
13 22
13 27
13 36
14 16
14 27
14 40
14 41
14 43
14 44
15 17
15 23
15 28
16 34
17 19
17 36
17 37
17 38
17 49
18 25
18 45
19 26
19 35
19 37
19 40
19 42
20 23
20 27
21 25
21 35
21 40
22 25
22 47
22 48
24 37
24 39
24 43
25 29
25 47
26 28
26 36
26 40
27 44
28 43
30 32
31 36
31 43
31 44
32 39
33 43
34 40
34 43
35 36
35 46
35 48
37 46
39 42
39 49
40 47
42 47
44 45
32 49 46 2 7 37 23 3 4 29 39 17
21 10 26 36 25 41 43 16 14 48 6 47
38 45 42 22 33 24 5 1 31 13 30 12
8 35 18 19 15 27 40 20 44 0 11 28
34 9
