50
114
4
20
77
54
17
0 17
0 29
0 39
1 11
1 19
1 32
1 36
1 38
2 3
2 16
2 32
3 13
3 43
4 9
4 11
4 13
4 18
4 38
4 40
4 45
4 46
4 48
5 32
5 38
5 42
6 22
6 24
6 30
6 44
7 16
7 23
7 24
7 38
7 40
8 26
9 12
9 14
9 37
10 35
10 47
10 48
11 14
11 22
11 28
11 34
11 36
11 37
11 40
12 26
13 16
13 40
14 18
14 46
15 41
15 49
16 28
17 37
17 39
18 21
18 22
18 23
18 24
18 26
18 28
18 31
18 33
18 40
18 44
19 27
19 29
20 47
21 33
21 41
22 30
22 42
22 43
22 47
23 28
23 29
23 34
23 42
24 27
24 30
24 36
24 40
25 27
25 45
25 48
26 28
27 47
28 39
28 42
29 34
29 36
30 34
30 46
30 48
31 38
32 39
33 36
34 38
34 44
35 45
36 49
37 46
37 48
39 49
41 42
41 43
42 45
43 46
44 48
44 49
46 49
8 34 10 12 14 25 46 31 40 5 13 33 45 30 23
19 48 7 32 16 27 26 42 41 20 22 4 47 1 3
28 36 37 18 38 24 0 35 21 17 6 49 29 15 11
9 43 44 39 2
