500
12597
5
1
8
83
63
31
0 12
0 15
0 29
0 30
0 44
0 56
0 66
0 84
0 99
0 112
0 121
0 124
0 145
0 151
0 167
0 175
0 177
0 183
0 186
0 227
0 228
0 232
0 237
0 248
0 250
0 266
0 278
0 293
0 297
0 298
0 305
0 309
0 312
0 368
0 380
0 382
0 386
0 388
0 404
0 405
0 411
0 419
0 430
0 439
0 441
0 443
0 452
0 462
0 491
0 496
0 498
1 8
1 13
1 22
1 23
1 31
1 39
1 72
1 79
1 81
1 85
1 102
1 107
1 109
1 115
1 127
1 130
1 139
1 163
1 168
1 172
1 173
1 178
1 196
1 212
1 220
1 224
1 228
1 250
1 257
1 275
1 285
1 291
1 298
1 299
1 306
1 313
1 327
1 363
1 366
1 369
1 371
1 385
1 386
1 389
1 430
1 433
1 444
1 446
1 454
1 458
1 460
1 463
1 472
1 486
1 490
2 3
2 30
2 39
2 44
2 53
2 54
2 81
2 97
2 115
2 116
2 118
2 128
2 136
2 142
2 149
2 152
2 155
2 177
2 194
2 199
2 205
2 208
2 213
2 218
2 224
2 227
2 238
2 258
2 260
2 273
2 315
2 329
2 330
2 343
2 350
2 370
2 392
2 401
2 427
2 464
2 481
2 494
2 497
3 9
3 18
3 30
3 44
3 64
3 80
3 89
3 94
3 113
3 117
3 126
3 152
3 202
3 203
3 204
3 205
3 209
3 211
3 219
3 220
3 227
3 230
3 251
3 253
3 257
3 269
3 273
3 280
3 282
3 288
3 306
3 312
3 317
3 322
3 326
3 340
3 362
3 366
3 372
3 373
3 386
3 395
3 408
3 417
3 453
3 454
3 458
3 467
4 7
4 20
4 27
4 66
4 82
4 93
4 105
4 115
4 118
4 122
4 126
4 167
4 169
4 172
4 178
4 179
4 183
4 206
4 208
4 217
4 225
4 240
4 253
4 254
4 260
4 263
4 264
4 274
4 276
4 285
4 290
4 308
4 309
4 325
4 327
4 342
4 356
4 374
4 383
4 385
4 395
4 398
4 402
4 409
4 422
4 423
4 425
4 432
4 437
4 440
4 450
4 457
4 462
4 463
4 464
4 470
4 488
5 14
5 20
5 41
5 43
5 44
5 46
5 48
5 57
5 94
5 97
5 103
5 124
5 135
5 137
5 146
5 148
5 164
5 175
5 177
5 201
5 206
5 236
5 248
5 251
5 266
5 284
5 294
5 304
5 309
5 349
5 361
5 380
5 393
5 396
5 399
5 402
5 405
5 406
5 408
5 417
5 422
5 437
5 453
5 456
5 479
5 488
5 497
6 8
6 63
6 71
6 84
6 86
6 97
6 112
6 126
6 131
6 155
6 156
6 178
6 180
6 182
6 184
6 186
6 190
6 192
6 202
6 241
6 245
6 254
6 255
6 259
6 269
6 295
6 297
6 313
6 317
6 320
6 352
6 355
6 380
6 384
6 392
6 407
6 421
6 437
6 439
6 443
6 459
6 467
6 469
6 472
6 475
6 479
6 482
6 489
6 498
7 12
7 17
7 19
7 20
7 23
7 24
7 32
7 36
7 38
7 59
7 75
7 87
7 91
7 94
7 127
7 134
7 144
7 159
7 189
7 203
7 204
7 211
7 216
7 226
7 230
7 235
7 273
7 277
7 280
7 304
7 312
7 320
7 329
7 340
7 344
7 346
7 352
7 363
7 370
7 376
7 377
7 389
7 390
7 398
7 407
7 408
7 433
7 435
7 446
7 452
7 473
7 489
8 34
8 39
8 46
8 61
8 64
8 76
8 81
8 95
8 97
8 98
8 103
8 123
8 126
8 138
8 154
8 164
8 179
8 182
8 185
8 198
8 216
8 228
8 240
8 243
8 253
8 276
8 297
8 310
8 311
8 320
8 344
8 354
8 383
8 393
8 412
8 420
8 456
8 471
8 478
8 479
8 484
8 494
9 17
9 24
9 35
9 56
9 62
9 67
9 70
9 75
9 77
9 92
9 124
9 134
9 138
9 140
9 149
9 168
9 171
9 176
9 177
9 188
9 201
9 221
9 225
9 232
9 251
9 252
9 260
9 263
9 269
9 274
9 275
9 288
9 303
9 316
9 326
9 337
9 344
9 353
9 354
9 367
9 368
9 371
9 388
9 396
9 404
9 407
9 412
9 424
9 434
9 438
9 457
9 474
9 486
10 12
10 36
10 45
10 52
10 53
10 74
10 85
10 92
10 100
10 110
10 112
10 115
10 118
10 130
10 131
10 140
10 143
10 149
10 151
10 165
10 188
10 193
10 197
10 198
10 216
10 217
10 227
10 230
10 247
10 252
10 260
10 266
10 269
10 271
10 281
10 290
10 307
10 319
10 327
10 330
10 349
10 355
10 376
10 413
10 415
10 418
10 437
10 443
10 472
10 485
10 494
11 13
11 19
11 20
11 22
11 31
11 39
11 43
11 54
11 90
11 102
11 106
11 121
11 131
11 133
11 134
11 135
11 145
11 181
11 182
11 183
11 186
11 206
11 208
11 213
11 214
11 216
11 231
11 241
11 247
11 253
11 275
11 297
11 303
11 322
11 330
11 337
11 363
11 365
11 383
11 384
11 401
11 422
11 425
11 433
11 434
11 437
11 443
11 495
12 18
12 19
12 28
12 38
12 40
12 58
12 81
12 83
12 84
12 86
12 88
12 92
12 100
12 122
12 130
12 145
12 147
12 151
12 154
12 159
12 183
12 192
12 201
12 203
12 210
12 214
12 230
12 256
12 283
12 295
12 298
12 301
12 304
12 307
12 320
12 322
12 323
12 355
12 360
12 367
12 381
12 387
12 392
12 428
12 436
12 444
12 445
12 452
12 455
12 458
12 485
12 498
13 17
13 24
13 25
13 32
13 47
13 52
13 54
13 76
13 84
13 118
13 128
13 134
13 136
13 146
13 153
13 174
13 191
13 207
13 212
13 235
13 273
13 293
13 306
13 308
13 326
13 330
13 340
13 342
13 344
13 347
13 360
13 363
13 370
13 381
13 398
13 410
13 415
13 416
13 417
13 427
13 440
13 443
13 449
13 465
13 491
13 497
14 34
14 50
14 73
14 76
14 93
14 96
14 135
14 147
14 148
14 157
14 161
14 166
14 168
14 181
14 197
14 203
14 215
14 225
14 231
14 238
14 272
14 277
14 280
14 294
14 296
14 318
14 328
14 357
14 358
14 365
14 369
14 380
14 401
14 408
14 409
14 413
14 423
14 426
14 427
14 434
14 441
14 464
14 467
14 485
14 490
14 496
15 17
15 33
15 50
15 60
15 66
15 82
15 85
15 92
15 101
15 102
15 104
15 107
15 123
15 125
15 166
15 181
15 183
15 188
15 192
15 194
15 199
15 206
15 208
15 218
15 225
15 228
15 232
15 240
15 246
15 248
15 252
15 257
15 274
15 280
15 284
15 288
15 296
15 299
15 316
15 318
15 319
15 325
15 362
15 365
15 366
15 369
15 379
15 387
15 419
15 445
16 17
16 18
16 37
16 62
16 69
16 78
16 94
16 101
16 146
16 151
16 161
16 165
16 176
16 188
16 205
16 224
16 240
16 251
16 256
16 259
16 266
16 267
16 272
16 304
16 310
16 311
16 335
16 336
16 360
16 381
16 385
16 400
16 404
16 419
16 421
16 462
16 474
16 483
16 490
17 30
17 54
17 68
17 73
17 77
17 86
17 89
17 107
17 110
17 114
17 121
17 123
17 126
17 137
17 151
17 164
17 176
17 178
17 183
17 185
17 198
17 220
17 232
17 241
17 253
17 255
17 261
17 265
17 276
17 287
17 291
17 299
17 325
17 332
17 340
17 346
17 353
17 364
17 367
17 369
17 372
17 379
17 410
17 419
17 423
17 428
17 435
17 461
17 474
17 493
17 496
18 20
18 24
18 25
18 26
18 35
18 38
18 42
18 45
18 50
18 97
18 106
18 114
18 131
18 143
18 155
18 157
18 166
18 176
18 187
18 217
18 238
18 254
18 259
18 262
18 264
18 275
18 286
18 291
18 306
18 312
18 328
18 331
18 344
18 359
18 375
18 399
18 402
18 406
18 412
18 418
18 434
18 435
18 436
18 446
18 471
18 484
18 486
18 487
18 494
19 43
19 50
19 52
19 54
19 66
19 72
19 79
19 83
19 104
19 108
19 117
19 118
19 125
19 127
19 146
19 153
19 155
19 169
19 175
19 176
19 178
19 194
19 208
19 215
19 233
19 237
19 244
19 253
19 275
19 277
19 281
19 289
19 295
19 301
19 308
19 312
19 314
19 315
19 327
19 345
19 347
19 353
19 366
19 385
19 416
19 423
19 433
19 435
19 443
19 448
19 458
19 462
19 485
19 490
19 491
19 492
19 495
20 32
20 52
20 55
20 58
20 94
20 111
20 128
20 137
20 139
20 143
20 144
20 145
20 147
20 154
20 161
20 187
20 213
20 216
20 218
20 230
20 234
20 236
20 238
20 249
20 260
20 261
20 262
20 264
20 266
20 267
20 274
20 277
20 283
20 284
20 316
20 327
20 336
20 350
20 365
20 373
20 380
20 383
20 389
20 398
20 422
20 427
20 430
20 443
20 446
20 450
20 471
20 490
21 40
21 44
21 51
21 64
21 76
21 88
21 94
21 99
21 102
21 104
21 122
21 127
21 129
21 141
21 159
21 163
21 171
21 182
21 187
21 200
21 203
21 209
21 216
21 228
21 231
21 242
21 253
21 266
21 275
21 279
21 283
21 295
21 303
21 306
21 308
21 325
21 329
21 335
21 340
21 383
21 384
21 385
21 394
21 398
21 404
21 407
21 421
21 434
21 438
21 442
21 444
21 450
21 457
22 24
22 30
22 39
22 52
22 58
22 63
22 69
22 72
22 77
22 84
22 98
22 132
22 145
22 156
22 169
22 174
22 180
22 189
22 191
22 194
22 196
22 239
22 256
22 257
22 259
22 284
22 288
22 309
22 311
22 323
22 353
22 362
22 368
22 374
22 387
22 397
22 455
22 469
22 474
22 481
22 491
22 492
22 495
23 31
23 42
23 48
23 86
23 90
23 96
23 106
23 109
23 123
23 130
23 134
23 169
23 174
23 175
23 177
23 186
23 187
23 194
23 195
23 206
23 211
23 231
23 234
23 239
23 240
23 245
23 250
23 283
23 352
23 364
23 367
23 368
23 373
23 398
23 430
23 433
23 434
23 436
23 437
23 446
23 459
23 461
23 470
23 472
23 476
23 481
23 485
23 486
24 33
24 35
24 47
24 96
24 97
24 98
24 132
24 137
24 142
24 143
24 162
24 194
24 196
24 208
24 210
24 213
24 244
24 268
24 288
24 292
24 294
24 305
24 319
24 324
24 331
24 345
24 364
24 366
24 374
24 378
24 394
24 398
24 399
24 403
24 418
24 420
24 450
24 464
24 468
24 472
24 495
25 34
25 39
25 51
25 52
25 64
25 68
25 70
25 78
25 100
25 103
25 128
25 142
25 145
25 163
25 189
25 201
25 211
25 225
25 229
25 230
25 241
25 250
25 255
25 256
25 262
25 268
25 292
25 295
25 302
25 303
25 305
25 322
25 327
25 335
25 338
25 339
25 365
25 367
25 380
25 385
25 387
25 392
25 426
25 432
25 435
25 439
25 459
25 471
25 473
25 485
25 488
25 499
26 38
26 49
26 68
26 70
26 84
26 98
26 107
26 117
26 124
26 143
26 155
26 167
26 176
26 186
26 190
26 193
26 197
26 209
26 210
26 216
26 222
26 230
26 235
26 236
26 238
26 243
26 245
26 248
26 252
26 256
26 273
26 280
26 281
26 308
26 309
26 321
26 324
26 345
26 358
26 377
26 379
26 427
26 437
26 465
26 483
26 485
27 34
27 79
27 89
27 93
27 105
27 107
27 115
27 122
27 128
27 129
27 143
27 147
27 156
27 159
27 162
27 186
27 202
27 203
27 206
27 220
27 229
27 232
27 245
27 248
27 257
27 266
27 279
27 297
27 307
27 311
27 314
27 322
27 335
27 337
27 340
27 345
27 372
27 402
27 419
27 421
27 425
27 432
27 440
27 441
27 453
27 456
27 473
27 478
27 479
27 497
27 499
28 34
28 44
28 50
28 64
28 70
28 77
28 89
28 113
28 124
28 126
28 128
28 133
28 134
28 137
28 156
28 166
28 181
28 199
28 218
28 233
28 236
28 268
28 270
28 274
28 277
28 286
28 287
28 296
28 313
28 317
28 327
28 331
28 346
28 354
28 357
28 382
28 383
28 384
28 386
28 394
28 405
28 407
28 409
28 421
28 423
28 425
28 446
28 447
28 467
28 477
28 480
28 486
29 56
29 74
29 76
29 85
29 132
29 133
29 142
29 172
29 173
29 178
29 183
29 185
29 205
29 209
29 223
29 229
29 234
29 242
29 246
29 247
29 254
29 259
29 267
29 292
29 307
29 317
29 318
29 333
29 340
29 346
29 353
29 356
29 378
29 383
29 384
29 392
29 427
29 429
29 434
29 444
29 445
29 453
29 455
29 459
29 461
30 32
30 56
30 57
30 59
30 60
30 65
30 67
30 75
30 76
30 83
30 92
30 93
30 158
30 164
30 165
30 167
30 205
30 222
30 225
30 227
30 234
30 241
30 244
30 250
30 252
30 257
30 262
30 276
30 278
30 302
30 310
30 334
30 349
30 358
30 364
30 380
30 384
30 387
30 404
30 410
30 411
30 417
30 449
30 457
30 481
31 34
31 59
31 71
31 79
31 90
31 92
31 98
31 101
31 103
31 115
31 123
31 127
31 154
31 157
31 158
31 164
31 202
31 212
31 213
31 227
31 228
31 237
31 243
31 244
31 252
31 297
31 304
31 357
31 367
31 369
31 390
31 393
31 407
31 408
31 412
31 417
31 427
31 448
31 466
31 488
31 498
32 36
32 46
32 54
32 58
32 62
32 64
32 71
32 110
32 115
32 116
32 117
32 124
32 131
32 134
32 143
32 153
32 154
32 160
32 189
32 191
32 206
32 210
32 211
32 219
32 236
32 254
32 257
32 274
32 280
32 283
32 292
32 294
32 318
32 320
32 328
32 351
32 352
32 365
32 366
32 372
32 401
32 405
32 410
32 412
32 414
32 417
32 423
32 428
32 432
32 440
32 443
32 444
32 448
32 451
32 457
32 460
32 468
32 469
32 473
32 474
32 475
32 498
33 58
33 71
33 75
33 119
33 122
33 152
33 159
33 179
33 187
33 191
33 192
33 197
33 198
33 218
33 235
33 237
33 246
33 252
33 253
33 268
33 295
33 322
33 333
33 350
33 376
33 389
33 395
33 429
33 438
33 439
33 444
33 451
33 462
33 496
34 43
34 60
34 61
34 64
34 68
34 70
34 73
34 77
34 80
34 90
34 112
34 117
34 124
34 141
34 145
34 147
34 174
34 203
34 205
34 211
34 224
34 233
34 240
34 252
34 267
34 294
34 296
34 299
34 318
34 336
34 348
34 354
34 357
34 358
34 371
34 374
34 379
34 387
34 416
34 419
34 425
34 434
34 449
34 465
34 478
34 490
34 495
35 40
35 73
35 77
35 81
35 85
35 87
35 92
35 102
35 116
35 122
35 136
35 139
35 148
35 156
35 157
35 163
35 182
35 199
35 200
35 201
35 205
35 220
35 230
35 236
35 239
35 240
35 265
35 272
35 280
35 292
35 303
35 311
35 312
35 329
35 341
35 345
35 351
35 380
35 382
35 408
35 411
35 413
35 418
35 420
35 422
35 425
35 428
35 435
35 441
35 448
35 449
35 456
35 457
35 465
35 476
35 477
35 490
35 493
35 498
35 499
36 39
36 44
36 47
36 50
36 75
36 80
36 83
36 89
36 108
36 115
36 146
36 150
36 153
36 164
36 167
36 189
36 196
36 237
36 254
36 255
36 260
36 266
36 268
36 270
36 271
36 280
36 315
36 336
36 347
36 355
36 366
36 374
36 384
36 385
36 387
36 410
36 421
36 429
36 446
36 466
36 480
36 499
37 41
37 42
37 86
37 96
37 121
37 126
37 130
37 162
37 169
37 176
37 180
37 187
37 194
37 204
37 220
37 229
37 240
37 246
37 249
37 261
37 291
37 296
37 301
37 321
37 335
37 352
37 355
37 356
37 361
37 366
37 369
37 381
37 383
37 387
37 402
37 409
37 423
37 428
37 433
37 439
37 441
37 457
37 462
37 485
37 497
37 498
38 39
38 41
38 70
38 82
38 93
38 106
38 110
38 141
38 147
38 148
38 162
38 171
38 174
38 177
38 180
38 184
38 200
38 204
38 213
38 239
38 242
38 243
38 260
38 270
38 280
38 283
38 289
38 295
38 306
38 319
38 321
38 326
38 331
38 350
38 372
38 389
38 390
38 394
38 396
38 408
38 427
38 434
38 438
38 440
38 445
38 448
38 455
38 460
38 474
38 476
39 40
39 54
39 66
39 77
39 78
39 97
39 102
39 116
39 119
39 120
39 130
39 134
39 142
39 149
39 169
39 170
39 188
39 196
39 200
39 201
39 208
39 218
39 222
39 234
39 242
39 248
39 254
39 277
39 285
39 286
39 294
39 297
39 320
39 329
39 337
39 345
39 347
39 358
39 360
39 366
39 377
39 385
39 387
39 403
39 405
39 413
39 443
39 456
39 459
39 472
39 484
39 492
39 496
39 499
40 41
40 42
40 45
40 52
40 62
40 84
40 111
40 124
40 133
40 139
40 140
40 143
40 145
40 151
40 173
40 174
40 175
40 180
40 185
40 187
40 192
40 195
40 210
40 214
40 242
40 248
40 251
40 277
40 286
40 288
40 302
40 313
40 323
40 331
40 357
40 370
40 372
40 392
40 424
40 431
40 436
40 442
40 457
40 460
40 462
40 464
40 472
41 46
41 48
41 65
41 70
41 76
41 107
41 129
41 154
41 156
41 171
41 181
41 186
41 187
41 192
41 194
41 197
41 198
41 200
41 220
41 233
41 235
41 238
41 243
41 248
41 250
41 260
41 264
41 295
41 321
41 326
41 327
41 330
41 335
41 364
41 373
41 374
41 389
41 411
41 425
41 426
41 440
41 452
41 463
41 488
42 44
42 46
42 61
42 67
42 73
42 83
42 115
42 131
42 136
42 151
42 153
42 164
42 169
42 171
42 182
42 213
42 217
42 234
42 255
42 265
42 266
42 282
42 292
42 316
42 323
42 334
42 339
42 341
42 345
42 348
42 350
42 354
42 361
42 366
42 372
42 375
42 379
42 383
42 385
42 415
42 421
42 429
42 433
42 445
42 453
42 469
42 470
42 472
42 473
42 499
43 52
43 57
43 73
43 79
43 86
43 91
43 106
43 112
43 121
43 130
43 134
43 141
43 159
43 164
43 175
43 183
43 190
43 195
43 197
43 200
43 221
43 229
43 239
43 240
43 251
43 256
43 263
43 265
43 281
43 292
43 331
43 357
43 361
43 376
43 380
43 386
43 391
43 396
43 402
43 403
43 430
43 444
43 445
43 462
43 490
43 497
44 55
44 59
44 67
44 84
44 112
44 135
44 149
44 151
44 168
44 173
44 178
44 180
44 196
44 198
44 199
44 202
44 208
44 221
44 246
44 248
44 257
44 272
44 281
44 282
44 302
44 313
44 315
44 318
44 330
44 353
44 354
44 363
44 364
44 373
44 381
44 382
44 387
44 390
44 392
44 407
44 409
44 414
44 434
44 446
44 478
44 481
44 497
45 46
45 49
45 52
45 74
45 85
45 92
45 94
45 100
45 104
45 109
45 114
45 122
45 127
45 130
45 143
45 154
45 155
45 160
45 170
45 174
45 175
45 177
45 182
45 193
45 198
45 201
45 202
45 231
45 244
45 248
45 254
45 261
45 265
45 273
45 296
45 298
45 299
45 304
45 311
45 331
45 344
45 350
45 352
45 354
45 359
45 367
45 375
45 376
45 383
45 391
45 398
45 416
45 439
45 450
45 461
45 462
45 465
45 486
46 47
46 59
46 64
46 75
46 77
46 88
46 95
46 100
46 102
46 111
46 119
46 120
46 164
46 187
46 191
46 201
46 211
46 220
46 231
46 240
46 244
46 245
46 255
46 256
46 271
46 296
46 300
46 301
46 307
46 312
46 324
46 336
46 337
46 340
46 352
46 361
46 366
46 368
46 370
46 372
46 375
46 382
46 390
46 406
46 407
46 412
46 418
46 449
46 490
47 51
47 81
47 87
47 90
47 93
47 107
47 146
47 156
47 165
47 166
47 177
47 192
47 194
47 201
47 213
47 219
47 220
47 238
47 256
47 263
47 265
47 269
47 271
47 277
47 279
47 290
47 302
47 315
47 316
47 331
47 341
47 342
47 358
47 368
47 371
47 379
47 386
47 400
47 401
47 407
47 410
47 411
47 422
47 433
47 447
47 476
48 50
48 57
48 60
48 66
48 73
48 75
48 94
48 106
48 116
48 120
48 122
48 131
48 137
48 139
48 153
48 158
48 159
48 178
48 195
48 199
48 206
48 207
48 208
48 227
48 230
48 247
48 262
48 267
48 272
48 312
48 322
48 323
48 334
48 338
48 344
48 356
48 377
48 378
48 381
48 383
48 391
48 400
48 402
48 411
48 416
48 421
48 428
48 446
48 447
48 450
48 452
48 455
48 464
48 476
48 477
49 52
49 75
49 82
49 83
49 89
49 94
49 95
49 102
49 109
49 111
49 121
49 137
49 145
49 168
49 179
49 180
49 198
49 200
49 202
49 209
49 218
49 220
49 222
49 226
49 234
49 240
49 252
49 257
49 259
49 275
49 286
49 313
49 315
49 321
49 348
49 357
49 359
49 375
49 388
49 392
49 403
49 429
49 440
49 442
49 444
49 447
49 448
49 454
49 459
49 466
49 471
50 59
50 64
50 80
50 82
50 98
50 106
50 117
50 156
50 160
50 170
50 189
50 199
50 207
50 208
50 210
50 225
50 228
50 230
50 235
50 240
50 252
50 268
50 270
50 289
50 290
50 293
50 305
50 307
50 308
50 310
50 312
50 326
50 327
50 347
50 351
50 363
50 366
50 369
50 371
50 405
50 415
50 420
50 423
50 428
50 442
50 455
50 456
50 462
51 52
51 63
51 65
51 81
51 95
51 100
51 122
51 123
51 133
51 138
51 142
51 146
51 160
51 169
51 170
51 176
51 180
51 211
51 213
51 216
51 248
51 268
51 279
51 281
51 322
51 327
51 337
51 350
51 351
51 377
51 382
51 385
51 405
51 407
51 417
51 422
51 427
51 434
51 443
51 481
51 492
52 57
52 62
52 64
52 96
52 97
52 101
52 107
52 110
52 111
52 151
52 191
52 195
52 205
52 234
52 250
52 273
52 278
52 302
52 320
52 327
52 330
52 338
52 350
52 351
52 352
52 359
52 387
52 399
52 400
52 410
52 420
52 439
52 440
52 448
52 454
52 462
52 475
52 484
52 493
52 494
53 60
53 65
53 75
53 79
53 96
53 99
53 110
53 111
53 115
53 135
53 148
53 150
53 162
53 163
53 188
53 193
53 196
53 200
53 208
53 213
53 219
53 223
53 226
53 249
53 258
53 260
53 275
53 281
53 282
53 304
53 314
53 327
53 329
53 337
53 343
53 380
53 387
53 393
53 395
53 397
53 401
53 404
53 407
53 408
53 411
53 421
53 428
53 440
53 445
53 461
53 466
53 482
53 483
53 490
53 495
54 62
54 76
54 81
54 87
54 88
54 90
54 97
54 98
54 105
54 109
54 141
54 148
54 167
54 170
54 181
54 189
54 191
54 199
54 211
54 212
54 213
54 227
54 241
54 248
54 249
54 251
54 290
54 314
54 322
54 326
54 349
54 354
54 372
54 393
54 395
54 409
54 420
54 433
54 440
54 451
54 456
54 468
54 469
54 474
54 482
54 491
54 493
55 57
55 67
55 68
55 71
55 73
55 85
55 97
55 121
55 137
55 139
55 141
55 153
55 176
55 184
55 188
55 191
55 215
55 226
55 233
55 235
55 236
55 243
55 255
55 258
55 263
55 266
55 268
55 272
55 279
55 297
55 304
55 324
55 330
55 338
55 362
55 377
55 386
55 402
55 415
55 427
55 445
55 453
55 455
55 466
55 475
55 477
55 492
56 61
56 69
56 75
56 76
56 77
56 114
56 128
56 141
56 148
56 152
56 153
56 164
56 186
56 193
56 207
56 209
56 213
56 240
56 242
56 246
56 250
56 259
56 268
56 272
56 280
56 286
56 288
56 323
56 327
56 331
56 349
56 358
56 365
56 376
56 380
56 383
56 387
56 389
56 399
56 402
56 409
56 413
56 415
56 439
56 472
56 478
56 483
56 498
57 58
57 64
57 89
57 100
57 115
57 122
57 124
57 127
57 133
57 146
57 175
57 177
57 179
57 182
57 189
57 214
57 221
57 224
57 247
57 272
57 275
57 276
57 302
57 307
57 308
57 319
57 333
57 334
57 336
57 344
57 351
57 368
57 376
57 385
57 386
57 400
57 407
57 419
57 423
57 430
57 436
57 438
57 454
57 462
57 465
57 483
57 486
57 493
57 495
58 62
58 71
58 79
58 80
58 86
58 99
58 126
58 152
58 167
58 174
58 184
58 190
58 196
58 201
58 209
58 219
58 240
58 245
58 247
58 258
58 264
58 273
58 274
58 279
58 290
58 294
58 302
58 307
58 313
58 315
58 317
58 318
58 321
58 326
58 342
58 345
58 362
58 364
58 374
58 378
58 381
58 396
58 400
58 401
58 403
58 408
58 412
58 415
58 422
58 424
58 438
58 441
58 450
58 454
58 479
58 489
58 494
59 72
59 96
59 109
59 110
59 130
59 133
59 134
59 142
59 143
59 150
59 153
59 167
59 178
59 208
59 211
59 212
59 215
59 218
59 226
59 233
59 237
59 241
59 256
59 258
59 264
59 317
59 330
59 359
59 365
59 367
59 378
59 401
59 403
59 404
59 414
59 419
59 424
59 431
59 444
59 452
59 460
59 494
60 64
60 67
60 75
60 84
60 103
60 119
60 121
60 138
60 148
60 151
60 158
60 164
60 168
60 183
60 190
60 199
60 209
60 232
60 235
60 254
60 261
60 266
60 278
60 282
60 285
60 288
60 293
60 304
60 319
60 347
60 357
60 372
60 384
60 395
60 408
60 416
60 422
60 441
60 443
60 467
60 468
60 473
60 485
60 496
60 498
60 499
61 84
61 140
61 141
61 160
61 164
61 178
61 182
61 184
61 201
61 204
61 215
61 219
61 225
61 233
61 242
61 248
61 249
61 252
61 254
61 263
61 265
61 266
61 275
61 287
61 302
61 303
61 307
61 308
61 312
61 317
61 323
61 330
61 351
61 370
61 372
61 377
61 386
61 387
61 394
61 397
61 400
61 428
61 429
61 434
61 451
61 457
61 464
61 481
61 490
62 75
62 79
62 80
62 85
62 86
62 91
62 94
62 100
62 124
62 127
62 128
62 136
62 141
62 151
62 171
62 172
62 183
62 187
62 214
62 215
62 217
62 221
62 222
62 250
62 251
62 259
62 261
62 269
62 297
62 299
62 303
62 341
62 346
62 367
62 372
62 387
62 392
62 396
62 409
62 435
62 443
62 471
62 483
62 484
62 488
62 491
63 76
63 80
63 98
63 103
63 131
63 132
63 148
63 151
63 152
63 166
63 178
63 182
63 188
63 221
63 228
63 232
63 234
63 235
63 243
63 259
63 262
63 276
63 278
63 300
63 312
63 321
63 330
63 336
63 347
63 353
63 355
63 377
63 379
63 401
63 403
63 404
63 424
63 440
63 454
63 464
63 472
63 473
63 491
63 494
64 72
64 75
64 100
64 107
64 116
64 127
64 134
64 164
64 196
64 204
64 207
64 210
64 211
64 219
64 226
64 227
64 241
64 242
64 273
64 276
64 277
64 283
64 316
64 332
64 346
64 361
64 367
64 376
64 406
64 414
64 415
64 431
64 433
64 435
64 443
64 452
64 471
64 489
64 492
65 70
65 74
65 78
65 93
65 110
65 111
65 112
65 120
65 128
65 150
65 162
65 194
65 215
65 239
65 261
65 265
65 268
65 271
65 272
65 276
65 280
65 287
65 291
65 303
65 305
65 314
65 317
65 342
65 362
65 375
65 383
65 404
65 409
65 416
65 430
65 485
65 491
65 495
66 77
66 83
66 90
66 94
66 135
66 151
66 187
66 234
66 235
66 254
66 260
66 271
66 273
66 276
66 284
66 290
66 292
66 295
66 302
66 304
66 309
66 314
66 316
66 320
66 338
66 356
66 361
66 362
66 368
66 369
66 393
66 394
66 407
66 436
66 447
66 458
66 476
66 485
66 493
67 106
67 111
67 117
67 132
67 137
67 154
67 176
67 177
67 187
67 190
67 202
67 222
67 223
67 247
67 276
67 295
67 297
67 302
67 304
67 307
67 312
67 329
67 332
67 344
67 347
67 362
67 365
67 366
67 383
67 407
67 409
67 423
67 424
67 425
67 438
67 443
67 451
67 464
68 73
68 77
68 112
68 115
68 151
68 156
68 169
68 175
68 177
68 198
68 218
68 219
68 225
68 226
68 230
68 235
68 241
68 248
68 264
68 273
68 280
68 293
68 296
68 303
68 309
68 329
68 358
68 360
68 428
68 437
68 442
68 452
68 476
68 478
68 479
68 480
68 489
68 490
69 81
69 85
69 117
69 127
69 128
69 130
69 137
69 139
69 175
69 183
69 190
69 191
69 223
69 227
69 235
69 242
69 249
69 253
69 260
69 261
69 271
69 273
69 275
69 289
69 292
69 308
69 316
69 321
69 336
69 344
69 349
69 367
69 373
69 388
69 389
69 418
69 451
69 462
69 471
69 485
69 495
69 496
70 81
70 95
70 100
70 101
70 132
70 139
70 147
70 155
70 163
70 167
70 180
70 191
70 211
70 217
70 221
70 246
70 247
70 272
70 285
70 293
70 301
70 302
70 311
70 313
70 326
70 334
70 360
70 362
70 382
70 397
70 398
70 399
70 410
70 416
70 442
70 444
70 468
70 476
70 478
70 493
71 78
71 85
71 92
71 105
71 112
71 139
71 142
71 145
71 149
71 157
71 161
71 165
71 177
71 181
71 186
71 196
71 204
71 205
71 209
71 223
71 228
71 238
71 240
71 242
71 244
71 246
71 257
71 261
71 263
71 266
71 272
71 274
71 276
71 279
71 285
71 286
71 308
71 315
71 325
71 333
71 336
71 344
71 352
71 366
71 373
71 379
71 383
71 388
71 401
71 409
71 412
71 419
71 446
71 449
71 482
71 487
72 83
72 85
72 91
72 100
72 104
72 109
72 113
72 118
72 119
72 127
72 141
72 145
72 167
72 168
72 179
72 185
72 188
72 191
72 196
72 201
72 205
72 234
72 244
72 247
72 252
72 266
72 283
72 286
72 288
72 322
72 336
72 340
72 360
72 363
72 366
72 369
72 382
72 384
72 397
72 401
72 415
72 418
72 434
72 438
72 447
72 448
72 470
72 471
72 480
72 487
72 496
73 83
73 86
73 93
73 107
73 113
73 117
73 120
73 137
73 142
73 177
73 183
73 190
73 199
73 200
73 212
73 221
73 224
73 225
73 226
73 227
73 236
73 243
73 253
73 255
73 272
73 276
73 278
73 280
73 290
73 293
73 305
73 314
73 320
73 335
73 348
73 351
73 354
73 359
73 370
73 374
73 386
73 390
73 424
73 433
73 437
73 442
73 466
73 468
73 476
73 495
73 496
74 94
74 96
74 115
74 117
74 132
74 136
74 158
74 174
74 208
74 212
74 215
74 243
74 249
74 256
74 258
74 260
74 262
74 271
74 279
74 283
74 287
74 292
74 298
74 307
74 321
74 329
74 358
74 363
74 392
74 393
74 395
74 398
74 404
74 413
74 414
74 418
74 422
74 430
74 438
74 451
74 452
74 457
74 460
74 488
75 95
75 112
75 123
75 125
75 141
75 162
75 174
75 176
75 190
75 201
75 204
75 219
75 235
75 262
75 263
75 274
75 301
75 306
75 318
75 332
75 343
75 358
75 392
75 393
75 423
75 440
75 455
75 459
75 462
75 474
75 475
75 479
75 480
76 122
76 137
76 152
76 200
76 210
76 238
76 244
76 247
76 260
76 265
76 268
76 279
76 287
76 293
76 330
76 345
76 353
76 357
76 364
76 383
76 385
76 392
76 393
76 405
76 428
76 430
76 439
76 445
76 460
76 476
76 485
77 81
77 82
77 96
77 100
77 107
77 109
77 110
77 116
77 123
77 137
77 148
77 187
77 192
77 194
77 197
77 200
77 204
77 206
77 213
77 218
77 231
77 247
77 264
77 268
77 273
77 276
77 280
77 281
77 283
77 300
77 324
77 330
77 339
77 355
77 373
77 397
77 406
77 418
77 420
77 426
77 437
77 442
77 446
77 448
77 472
77 480
77 482
78 79
78 99
78 116
78 130
78 141
78 143
78 157
78 176
78 186
78 191
78 194
78 209
78 237
78 246
78 276
78 288
78 293
78 301
78 305
78 313
78 353
78 358
78 367
78 376
78 405
78 415
78 450
78 470
78 471
78 492
78 493
79 118
79 129
79 152
79 153
79 154
79 159
79 168
79 180
79 189
79 208
79 214
79 219
79 232
79 258
79 310
79 321
79 323
79 333
79 335
79 338
79 343
79 347
79 360
79 386
79 409
79 412
79 419
79 433
79 453
79 490
79 491
79 494
79 499
80 87
80 99
80 126
80 151
80 160
80 165
80 166
80 168
80 195
80 197
80 199
80 202
80 211
80 242
80 245
80 252
80 257
80 268
80 273
80 282
80 283
80 286
80 292
80 303
80 307
80 322
80 336
80 342
80 345
80 357
80 384
80 400
80 402
80 410
80 415
80 428
80 431
80 466
80 481
80 486
80 487
80 488
80 496
81 86
81 88
81 92
81 93
81 105
81 119
81 122
81 142
81 178
81 181
81 188
81 192
81 219
81 223
81 225
81 250
81 252
81 263
81 265
81 268
81 274
81 289
81 297
81 308
81 312
81 315
81 316
81 317
81 340
81 348
81 372
81 378
81 379
81 409
81 418
81 435
81 443
81 450
81 453
81 455
81 459
81 466
81 469
81 477
82 138
82 154
82 163
82 200
82 216
82 219
82 243
82 248
82 264
82 283
82 285
82 286
82 302
82 310
82 338
82 344
82 351
82 361
82 366
82 372
82 382
82 384
82 431
82 456
82 459
82 481
82 492
83 92
83 96
83 102
83 115
83 124
83 148
83 151
83 153
83 158
83 160
83 171
83 173
83 182
83 186
83 190
83 191
83 195
83 201
83 205
83 207
83 220
83 228
83 229
83 230
83 238
83 240
83 244
83 260
83 271
83 275
83 310
83 313
83 318
83 323
83 324
83 333
83 340
83 375
83 379
83 384
83 405
83 423
83 442
83 456
83 457
83 467
83 476
83 484
83 491
83 493
83 496
83 498
84 85
84 92
84 104
84 116
84 119
84 132
84 145
84 147
84 164
84 169
84 194
84 210
84 217
84 222
84 225
84 244
84 262
84 268
84 279
84 282
84 288
84 294
84 316
84 321
84 335
84 341
84 363
84 393
84 406
84 413
84 418
84 426
84 434
84 438
84 440
84 452
84 467
84 469
84 495
85 90
85 100
85 107
85 108
85 112
85 118
85 129
85 131
85 146
85 179
85 180
85 190
85 194
85 219
85 234
85 244
85 275
85 280
85 287
85 296
85 310
85 311
85 319
85 321
85 333
85 339
85 350
85 367
85 407
85 408
85 426
85 447
85 453
85 462
85 466
85 473
85 476
85 486
86 117
86 125
86 136
86 141
86 145
86 155
86 160
86 171
86 180
86 181
86 184
86 185
86 191
86 193
86 194
86 209
86 212
86 221
86 228
86 237
86 243
86 265
86 268
86 287
86 312
86 314
86 327
86 343
86 355
86 356
86 372
86 384
86 386
86 445
86 446
86 473
87 88
87 89
87 96
87 97
87 123
87 130
87 131
87 133
87 150
87 151
87 160
87 161
87 163
87 179
87 183
87 184
87 205
87 227
87 235
87 270
87 279
87 280
87 289
87 327
87 334
87 340
87 344
87 355
87 358
87 359
87 361
87 365
87 384
87 390
87 427
87 465
87 470
87 485
88 94
88 104
88 116
88 124
88 129
88 131
88 152
88 170
88 182
88 192
88 194
88 198
88 202
88 213
88 259
88 261
88 269
88 284
88 287
88 289
88 315
88 329
88 335
88 343
88 352
88 372
88 374
88 386
88 388
88 428
88 429
88 434
88 435
88 437
88 438
88 450
88 464
88 485
89 98
89 121
89 160
89 161
89 162
89 185
89 187
89 189
89 197
89 200
89 210
89 212
89 218
89 220
89 221
89 226
89 228
89 233
89 241
89 253
89 268
89 296
89 326
89 348
89 362
89 363
89 375
89 385
89 388
89 392
89 398
89 400
89 410
89 411
89 414
89 437
89 477
89 479
89 492
90 96
90 101
90 109
90 119
90 134
90 189
90 191
90 196
90 199
90 203
90 210
90 212
90 225
90 242
90 269
90 302
90 319
90 333
90 345
90 355
90 359
90 361
90 364
90 390
90 405
90 433
90 440
90 458
90 462
90 480
90 499
91 97
91 102
91 118
91 129
91 150
91 156
91 164
91 170
91 176
91 195
91 200
91 210
91 216
91 226
91 231
91 251
91 262
91 272
91 279
91 287
91 297
91 313
91 331
91 362
91 370
91 377
91 385
91 388
91 389
91 399
91 406
91 420
91 423
91 433
91 445
91 466
91 472
91 473
91 493
92 102
92 112
92 131
92 133
92 134
92 138
92 145
92 155
92 156
92 161
92 166
92 167
92 169
92 178
92 180
92 201
92 252
92 258
92 275
92 278
92 288
92 290
92 300
92 303
92 321
92 324
92 332
92 339
92 341
92 343
92 366
92 390
92 395
92 418
92 429
92 433
92 445
92 449
92 453
92 461
92 469
92 471
92 487
92 494
92 495
93 105
93 169
93 182
93 188
93 191
93 204
93 205
93 223
93 229
93 239
93 243
93 257
93 272
93 284
93 290
93 305
93 306
93 308
93 310
93 329
93 333
93 344
93 354
93 385
93 390
93 391
93 396
93 415
93 418
93 450
93 471
93 476
93 484
93 492
93 498
94 107
94 113
94 114
94 124
94 127
94 128
94 133
94 136
94 165
94 171
94 178
94 192
94 202
94 204
94 221
94 245
94 248
94 252
94 263
94 287
94 308
94 310
94 320
94 329
94 333
94 343
94 346
94 349
94 354
94 361
94 368
94 389
94 402
94 409
94 413
94 418
94 419
94 428
94 449
94 459
94 468
94 470
94 477
95 98
95 103
95 107
95 113
95 115
95 124
95 130
95 137
95 149
95 153
95 175
95 178
95 181
95 192
95 196
95 214
95 227
95 266
95 305
95 308
95 311
95 312
95 322
95 324
95 328
95 331
95 341
95 346
95 352
95 360
95 377
95 378
95 389
95 408
95 412
95 416
95 422
95 425
95 427
95 433
95 455
95 460
95 466
95 478
95 499
96 102
96 121
96 163
96 190
96 194
96 215
96 234
96 240
96 245
96 247
96 248
96 254
96 262
96 263
96 268
96 272
96 277
96 282
96 284
96 309
96 328
96 330
96 338
96 351
96 364
96 383
96 403
96 407
96 408
96 423
96 433
96 434
96 445
96 459
96 468
96 469
96 471
96 485
96 492
97 98
97 101
97 111
97 117
97 118
97 125
97 134
97 151
97 152
97 153
97 176
97 192
97 193
97 201
97 218
97 220
97 221
97 225
97 228
97 234
97 245
97 258
97 261
97 275
97 282
97 292
97 305
97 323
97 340
97 348
97 351
97 381
97 398
97 416
97 425
97 435
97 443
97 460
97 461
97 463
97 470
97 474
97 482
97 487
97 496
98 107
98 117
98 130
98 142
98 147
98 165
98 172
98 178
98 180
98 196
98 202
98 203
98 215
98 222
98 223
98 228
98 238
98 243
98 244
98 254
98 255
98 261
98 263
98 278
98 282
98 283
98 293
98 301
98 302
98 308
98 313
98 315
98 317
98 323
98 326
98 358
98 387
98 390
98 393
98 398
98 400
98 410
98 413
98 432
98 439
98 440
98 441
98 444
98 446
98 454
98 461
98 465
98 468
98 477
98 478
98 483
98 496
99 100
99 110
99 118
99 119
99 135
99 136
99 152
99 168
99 173
99 180
99 184
99 189
99 207
99 212
99 221
99 235
99 237
99 282
99 294
99 308
99 315
99 323
99 325
99 334
99 343
99 349
99 352
99 359
99 374
99 400
99 405
99 432
99 447
99 455
99 464
99 468
99 476
99 478
99 496
99 497
100 109
100 115
100 117
100 118
100 120
100 140
100 143
100 148
100 157
100 163
100 166
100 180
100 181
100 184
100 196
100 200
100 204
100 220
100 226
100 261
100 277
100 323
100 325
100 334
100 347
100 358
100 388
100 400
100 410
100 411
100 414
100 431
100 446
100 450
100 464
100 467
100 479
100 490
101 110
101 115
101 124
101 130
101 153
101 162
101 179
101 180
101 184
101 190
101 197
101 223
101 229
101 230
101 235
101 240
101 243
101 250
101 251
101 258
101 282
101 287
101 292
101 305
101 306
101 310
101 325
101 331
101 335
101 347
101 372
101 378
101 384
101 394
101 395
101 401
101 434
101 447
101 454
101 469
101 475
101 477
102 111
102 116
102 126
102 133
102 136
102 146
102 161
102 181
102 201
102 209
102 214
102 223
102 242
102 248
102 249
102 256
102 271
102 273
102 274
102 279
102 284
102 286
102 287
102 294
102 307
102 316
102 330
102 332
102 333
102 348
102 353
102 359
102 366
102 370
102 374
102 409
102 428
102 430
102 457
102 469
102 481
102 487
103 104
103 109
103 113
103 123
103 127
103 128
103 130
103 136
103 137
103 152
103 154
103 164
103 169
103 171
103 194
103 202
103 209
103 226
103 239
103 270
103 272
103 273
103 278
103 294
103 305
103 323
103 342
103 344
103 345
103 354
103 372
103 396
103 399
103 407
103 412
103 414
103 422
103 423
103 434
103 435
103 440
103 443
103 457
103 483
103 484
103 485
104 106
104 110
104 119
104 124
104 127
104 140
104 143
104 144
104 145
104 148
104 151
104 166
104 168
104 174
104 180
104 181
104 193
104 194
104 207
104 219
104 226
104 241
104 247
104 248
104 258
104 270
104 277
104 278
104 288
104 298
104 304
104 334
104 336
104 345
104 354
104 357
104 360
104 366
104 377
104 394
104 395
104 404
104 406
104 407
104 411
104 433
104 439
104 443
104 444
104 488
104 491
104 492
104 494
104 499
105 113
105 115
105 116
105 120
105 134
105 141
105 149
105 153
105 185
105 191
105 193
105 202
105 205
105 213
105 214
105 216
105 219
105 224
105 226
105 239
105 249
105 251
105 270
105 272
105 288
105 290
105 295
105 297
105 310
105 317
105 318
105 327
105 335
105 342
105 344
105 349
105 352
105 357
105 360
105 378
105 387
105 388
105 398
105 399
105 423
105 435
105 447
105 450
105 451
105 458
105 476
105 492
105 493
106 108
106 124
106 130
106 135
106 137
106 140
106 170
106 189
106 195
106 213
106 227
106 238
106 257
106 261
106 262
106 281
106 303
106 315
106 319
106 327
106 329
106 336
106 341
106 357
106 365
106 367
106 371
106 373
106 389
106 407
106 408
106 437
106 452
106 475
106 485
106 491
107 131
107 132
107 135
107 136
107 142
107 150
107 152
107 159
107 161
107 164
107 172
107 175
107 186
107 189
107 194
107 195
107 202
107 218
107 233
107 240
107 253
107 255
107 256
107 268
107 273
107 287
107 307
107 326
107 332
107 339
107 340
107 341
107 351
107 361
107 362
107 371
107 385
107 404
107 409
107 419
107 422
107 429
107 433
107 438
107 447
107 450
107 451
107 454
107 457
107 462
107 489
107 499
108 118
108 130
108 145
108 159
108 168
108 174
108 175
108 184
108 191
108 211
108 238
108 246
108 248
108 263
108 284
108 311
108 316
108 353
108 357
108 365
108 366
108 380
108 387
108 390
108 403
108 407
108 411
108 424
108 425
108 431
108 466
108 472
108 496
109 120
109 125
109 134
109 135
109 138
109 141
109 148
109 156
109 168
109 169
109 171
109 172
109 176
109 184
109 190
109 206
109 208
109 219
109 223
109 226
109 230
109 238
109 242
109 279
109 291
109 292
109 326
109 336
109 354
109 359
109 387
109 391
109 399
109 400
109 401
109 402
109 405
109 411
109 414
109 426
109 433
109 434
109 445
109 473
109 479
109 480
110 115
110 118
110 137
110 147
110 158
110 177
110 179
110 189
110 190
110 198
110 231
110 253
110 258
110 262
110 266
110 286
110 289
110 290
110 299
110 300
110 308
110 311
110 319
110 331
110 332
110 338
110 344
110 369
110 396
110 404
110 407
110 408
110 410
110 415
110 424
110 438
110 446
110 448
110 449
110 458
110 463
110 464
110 466
110 467
110 469
110 484
111 114
111 117
111 122
111 123
111 126
111 133
111 144
111 160
111 161
111 186
111 200
111 220
111 223
111 226
111 228
111 255
111 256
111 264
111 271
111 273
111 304
111 305
111 309
111 328
111 339
111 344
111 371
111 418
111 430
111 436
111 437
111 440
111 449
111 460
111 462
111 464
111 472
112 118
112 128
112 129
112 133
112 146
112 151
112 166
112 169
112 178
112 181
112 187
112 192
112 201
112 207
112 240
112 249
112 256
112 272
112 275
112 287
112 288
112 295
112 299
112 312
112 314
112 315
112 318
112 319
112 325
112 326
112 333
112 335
112 339
112 372
112 394
112 402
112 415
112 426
112 451
112 456
112 457
112 463
112 468
112 481
113 116
113 127
113 128
113 139
113 148
113 161
113 163
113 188
113 189
113 191
113 209
113 248
113 264
113 274
113 281
113 283
113 295
113 309
113 331
113 334
113 335
113 336
113 363
113 372
113 373
113 378
113 392
113 397
113 443
113 481
113 484
113 488
113 493
114 121
114 132
114 158
114 172
114 197
114 201
114 203
114 217
114 232
114 233
114 247
114 255
114 259
114 269
114 271
114 272
114 288
114 295
114 310
114 323
114 328
114 329
114 335
114 344
114 351
114 354
114 361
114 388
114 396
114 400
114 402
114 410
114 414
114 418
114 421
114 422
114 423
114 432
114 448
114 461
114 466
114 470
114 485
115 126
115 127
115 136
115 155
115 159
115 173
115 190
115 198
115 199
115 208
115 210
115 225
115 238
115 245
115 265
115 282
115 283
115 292
115 307
115 308
115 326
115 331
115 336
115 344
115 352
115 373
115 384
115 389
115 393
115 402
115 405
115 430
115 437
115 447
115 448
115 473
115 477
115 482
116 123
116 124
116 136
116 139
116 164
116 166
116 169
116 192
116 195
116 196
116 197
116 203
116 206
116 216
116 217
116 219
116 235
116 248
116 251
116 260
116 262
116 263
116 280
116 284
116 290
116 294
116 297
116 326
116 342
116 349
116 355
116 368
116 371
116 372
116 405
116 410
116 420
116 422
116 428
116 429
116 443
116 445
116 457
116 460
116 462
116 475
116 494
117 128
117 137
117 138
117 145
117 152
117 153
117 183
117 199
117 219
117 232
117 244
117 254
117 257
117 270
117 274
117 317
117 329
117 335
117 339
117 340
117 371
117 398
117 399
117 400
117 422
117 431
117 442
117 444
117 453
117 474
117 494
117 497
117 499
118 133
118 138
118 147
118 166
118 171
118 174
118 176
118 198
118 199
118 202
118 205
118 208
118 241
118 243
118 252
118 272
118 279
118 299
118 311
118 337
118 338
118 351
118 352
118 359
118 362
118 363
118 368
118 376
118 389
118 398
118 411
118 426
118 428
118 441
118 455
118 464
118 467
118 474
118 487
118 498
119 126
119 151
119 182
119 186
119 221
119 226
119 250
119 261
119 274
119 280
119 305
119 328
119 340
119 382
119 391
119 392
119 395
119 409
119 435
119 464
119 473
120 121
120 122
120 125
120 126
120 130
120 138
120 139
120 141
120 166
120 179
120 188
120 219
120 222
120 237
120 238
120 258
120 263
120 275
120 303
120 327
120 330
120 332
120 336
120 351
120 358
120 364
120 376
120 377
120 383
120 391
120 400
120 406
120 423
120 430
120 435
120 457
120 461
120 486
120 490
120 494
121 122
121 124
121 143
121 151
121 160
121 170
121 196
121 197
121 200
121 215
121 245
121 284
121 285
121 297
121 302
121 306
121 335
121 343
121 346
121 355
121 358
121 368
121 374
121 381
121 385
121 388
121 391
121 410
121 412
121 421
121 441
121 472
121 486
122 144
122 157
122 160
122 164
122 172
122 175
122 182
122 183
122 203
122 205
122 215
122 246
122 258
122 265
122 281
122 282
122 288
122 304
122 324
122 333
122 353
122 359
122 367
122 369
122 373
122 384
122 387
122 403
122 414
122 419
122 420
122 426
122 433
122 437
122 464
122 491
122 497
122 499
123 126
123 138
123 143
123 156
123 163
123 165
123 200
123 207
123 217
123 224
123 234
123 235
123 240
123 246
123 248
123 250
123 257
123 258
123 261
123 288
123 291
123 304
123 307
123 324
123 325
123 331
123 333
123 335
123 352
123 360
123 370
123 377
123 382
123 395
123 406
123 409
123 415
123 426
123 433
123 439
123 447
123 451
123 462
123 463
123 476
123 486
123 497
124 155
124 165
124 169
124 178
124 181
124 199
124 205
124 217
124 225
124 244
124 245
124 246
124 256
124 270
124 275
124 304
124 305
124 306
124 311
124 332
124 357
124 361
124 366
124 370
124 379
124 380
124 402
124 405
124 416
124 418
124 422
124 437
124 446
124 474
124 477
124 479
125 149
125 181
125 187
125 195
125 200
125 209
125 216
125 232
125 247
125 248
125 250
125 268
125 275
125 283
125 295
125 302
125 314
125 318
125 320
125 321
125 325
125 347
125 357
125 378
125 381
125 384
125 386
125 412
125 416
125 422
125 423
125 429
125 438
125 459
125 467
125 469
125 487
125 497
125 498
126 145
126 151
126 157
126 162
126 174
126 194
126 199
126 202
126 231
126 237
126 238
126 245
126 274
126 294
126 304
126 310
126 326
126 359
126 382
126 398
126 400
126 405
126 414
126 419
126 425
126 440
126 441
126 446
126 450
127 131
127 140
127 167
127 171
127 181
127 184
127 194
127 209
127 214
127 227
127 228
127 229
127 251
127 275
127 281
127 284
127 293
127 301
127 315
127 327
127 334
127 345
127 364
127 412
127 413
127 418
127 419
127 429
127 446
127 456
127 470
127 477
127 483
128 161
128 164
128 171
128 183
128 186
128 200
128 206
128 207
128 219
128 221
128 232
128 233
128 253
128 261
128 267
128 298
128 313
128 356
128 369
128 392
128 409
128 414
128 415
128 424
128 438
128 444
128 466
128 479
128 492
128 495
129 136
129 187
129 192
129 209
129 211
129 216
129 231
129 249
129 260
129 276
129 290
129 291
129 306
129 311
129 315
129 319
129 323
129 344
129 366
129 371
129 374
129 414
129 431
129 442
129 444
129 446
129 447
129 450
129 455
129 457
129 472
130 138
130 142
130 153
130 156
130 166
130 177
130 180
130 186
130 197
130 209
130 210
130 211
130 214
130 218
130 232
130 233
130 234
130 255
130 257
130 285
130 305
130 319
130 330
130 339
130 341
130 353
130 368
130 386
130 389
130 393
130 401
130 407
130 409
130 412
130 420
130 428
130 458
130 462
130 471
130 491
130 499
131 134
131 160
131 169
131 178
131 187
131 190
131 198
131 204
131 205
131 210
131 219
131 228
131 230
131 231
131 245
131 252
131 271
131 274
131 324
131 332
131 341
131 343
131 354
131 359
131 380
131 398
131 418
131 420
131 430
131 441
131 444
131 445
131 460
131 461
131 466
131 471
131 473
131 480
131 483
131 485
132 136
132 147
132 164
132 174
132 200
132 211
132 245
132 257
132 258
132 267
132 275
132 289
132 292
132 299
132 331
132 333
132 337
132 343
132 349
132 371
132 372
132 374
132 381
132 390
132 410
132 421
132 441
132 443
132 448
132 453
132 460
132 483
132 487
132 499
133 149
133 165
133 167
133 180
133 207
133 211
133 214
133 217
133 218
133 232
133 238
133 241
133 243
133 248
133 256
133 278
133 286
133 299
133 307
133 311
133 323
133 332
133 333
133 341
133 362
133 391
133 393
133 401
133 406
133 412
133 414
133 415
133 416
133 419
133 433
133 438
133 455
133 464
133 470
133 479
133 482
133 494
134 155
134 156
134 203
134 206
134 210
134 235
134 237
134 253
134 270
134 273
134 280
134 289
134 303
134 318
134 320
134 322
134 334
134 337
134 339
134 355
134 356
134 374
134 377
134 386
134 393
134 406
134 425
134 440
134 449
134 451
134 454
134 460
134 463
134 464
134 473
134 475
135 154
135 174
135 180
135 182
135 185
135 197
135 210
135 218
135 225
135 227
135 232
135 239
135 241
135 253
135 273
135 282
135 285
135 297
135 298
135 304
135 307
135 309
135 342
135 350
135 361
135 362
135 385
135 393
135 398
135 401
135 406
135 435
135 449
135 466
135 473
135 474
135 478
135 497
136 146
136 149
136 162
136 165
136 176
136 197
136 209
136 224
136 237
136 243
136 246
136 247
136 250
136 266
136 277
136 289
136 290
136 336
136 348
136 349
136 356
136 358
136 365
136 387
136 397
136 400
136 412
136 424
136 427
136 431
136 440
136 442
136 444
136 449
136 455
136 456
136 458
136 460
136 481
136 490
136 491
136 492
136 498
137 150
137 152
137 159
137 160
137 163
137 170
137 215
137 218
137 220
137 222
137 230
137 264
137 284
137 288
137 294
137 305
137 323
137 334
137 335
137 345
137 361
137 374
137 393
137 398
137 409
137 419
137 439
137 447
137 459
137 462
137 474
137 475
137 489
138 145
138 148
138 152
138 190
138 214
138 216
138 227
138 229
138 233
138 241
138 258
138 289
138 291
138 292
138 298
138 299
138 301
138 317
138 332
138 347
138 350
138 363
138 364
138 367
138 409
138 428
138 434
138 446
138 447
138 462
138 463
138 464
138 471
138 473
138 481
139 140
139 143
139 154
139 156
139 158
139 167
139 172
139 176
139 186
139 191
139 193
139 213
139 233
139 255
139 305
139 339
139 349
139 358
139 365
139 366
139 367
139 370
139 371
139 386
139 388
139 398
139 404
139 405
139 431
139 433
139 442
139 451
139 467
139 477
139 481
139 495
140 147
140 157
140 168
140 196
140 207
140 253
140 255
140 259
140 267
140 281
140 301
140 316
140 320
140 321
140 341
140 347
140 350
140 379
140 389
140 403
140 404
140 420
140 424
140 429
140 431
140 436
140 448
140 449
140 472
140 477
140 481
140 493
141 143
141 148
141 149
141 150
141 156
141 160
141 182
141 183
141 199
141 202
141 204
141 209
141 214
141 227
141 232
141 265
141 284
141 286
141 295
141 297
141 306
141 327
141 328
141 332
141 349
141 358
141 360
141 367
141 368
141 369
141 370
141 373
141 374
141 387
141 395
141 405
141 408
141 409
141 423
141 427
141 437
141 444
141 465
141 483
142 148
142 149
142 164
142 169
142 181
142 190
142 194
142 206
142 215
142 220
142 225
142 226
142 231
142 237
142 241
142 246
142 256
142 260
142 290
142 302
142 304
142 318
142 319
142 329
142 337
142 357
142 376
142 389
142 393
142 394
142 401
142 409
142 417
142 427
142 435
142 442
142 444
142 451
142 465
142 466
142 482
142 488
142 495
143 167
143 181
143 194
143 206
143 209
143 211
143 223
143 227
143 234
143 280
143 300
143 301
143 338
143 343
143 349
143 389
143 403
143 406
143 415
143 428
143 435
143 458
143 465
143 474
143 498
144 156
144 159
144 163
144 169
144 178
144 189
144 190
144 196
144 212
144 219
144 220
144 222
144 228
144 232
144 233
144 235
144 241
144 242
144 246
144 247
144 249
144 259
144 260
144 263
144 266
144 269
144 270
144 286
144 287
144 289
144 325
144 337
144 351
144 359
144 361
144 367
144 368
144 371
144 373
144 374
144 383
144 392
144 397
144 398
144 402
144 410
144 414
144 415
144 439
144 449
144 451
144 455
144 457
144 458
144 471
144 473
144 479
144 484
144 496
144 498
145 148
145 173
145 207
145 225
145 232
145 248
145 260
145 266
145 272
145 281
145 288
145 291
145 298
145 299
145 303
145 308
145 309
145 323
145 334
145 346
145 382
145 389
145 390
145 391
145 395
145 401
145 452
145 470
145 484
145 489
145 490
146 168
146 175
146 206
146 219
146 221
146 230
146 232
146 233
146 243
146 272
146 279
146 282
146 294
146 317
146 319
146 323
146 326
146 338
146 352
146 358
146 361
146 375
146 384
146 391
146 400
146 408
146 409
146 425
146 429
146 449
146 459
146 460
146 478
146 492
146 499
147 165
147 219
147 222
147 232
147 246
147 251
147 252
147 258
147 266
147 271
147 276
147 278
147 282
147 284
147 287
147 300
147 311
147 320
147 332
147 359
147 370
147 399
147 414
147 419
147 423
147 454
147 464
147 488
147 496
148 152
148 192
148 197
148 205
148 225
148 228
148 230
148 252
148 253
148 257
148 258
148 268
148 271
148 293
148 296
148 298
148 302
148 311
148 324
148 333
148 334
148 336
148 348
148 351
148 374
148 394
148 398
148 404
148 407
148 411
148 426
148 439
148 447
148 450
148 458
148 480
148 487
148 496
148 499
149 162
149 163
149 173
149 186
149 190
149 193
149 223
149 228
149 231
149 236
149 249
149 261
149 287
149 289
149 301
149 313
149 315
149 317
149 351
149 355
149 362
149 371
149 378
149 387
149 398
149 446
149 465
149 475
149 481
149 487
150 156
150 162
150 166
150 175
150 181
150 184
150 193
150 195
150 201
150 204
150 216
150 248
150 249
150 270
150 296
150 307
150 310
150 341
150 348
150 354
150 359
150 379
150 380
150 401
150 414
150 453
150 466
150 482
150 490
151 157
151 168
151 174
151 192
151 206
151 210
151 221
151 239
151 243
151 245
151 319
151 323
151 326
151 335
151 344
151 353
151 367
151 371
151 390
151 393
151 407
151 408
151 424
151 428
151 430
151 434
151 451
151 467
151 493
151 495
151 496
151 499
152 183
152 192
152 194
152 210
152 216
152 222
152 223
152 231
152 244
152 246
152 275
152 276
152 292
152 299
152 314
152 320
152 327
152 341
152 348
152 358
152 363
152 384
152 387
152 397
152 399
152 403
152 405
152 411
152 412
152 429
152 433
152 435
152 436
152 440
152 441
152 443
152 453
152 455
152 469
152 473
152 482
152 484
152 488
152 493
153 159
153 166
153 172
153 199
153 203
153 205
153 208
153 210
153 213
153 229
153 235
153 241
153 248
153 257
153 290
153 302
153 308
153 316
153 317
153 335
153 352
153 361
153 367
153 374
153 382
153 395
153 406
153 410
153 422
153 425
153 439
153 440
153 443
153 453
153 454
153 464
153 465
153 468
153 477
153 479
153 481
153 496
153 498
153 499
154 159
154 173
154 189
154 190
154 191
154 192
154 203
154 214
154 216
154 219
154 221
154 227
154 248
154 249
154 281
154 282
154 288
154 293
154 305
154 329
154 334
154 350
154 358
154 359
154 366
154 375
154 382
154 388
154 397
154 401
154 404
154 409
154 410
154 433
154 479
154 490
154 491
155 173
155 187
155 192
155 221
155 228
155 229
155 231
155 239
155 273
155 278
155 299
155 303
155 307
155 349
155 351
155 353
155 358
155 361
155 389
155 394
155 405
155 409
155 423
155 424
155 432
155 433
155 434
155 437
155 454
155 459
155 469
155 487
155 489
155 493
155 495
155 496
156 161
156 167
156 206
156 214
156 218
156 222
156 224
156 225
156 229
156 230
156 235
156 237
156 240
156 244
156 254
156 308
156 319
156 333
156 352
156 360
156 379
156 389
156 398
156 427
156 431
156 434
156 436
156 441
156 445
156 448
156 453
156 460
156 489
156 490
156 494
157 171
157 174
157 206
157 221
157 223
157 224
157 234
157 236
157 251
157 268
157 286
157 305
157 317
157 325
157 341
157 348
157 358
157 367
157 371
157 383
157 384
157 390
157 406
157 416
157 425
157 430
157 433
157 441
157 455
157 461
157 479
158 160
158 170
158 183
158 187
158 193
158 194
158 198
158 226
158 239
158 247
158 248
158 252
158 274
158 289
158 295
158 304
158 309
158 314
158 316
158 323
158 330
158 336
158 349
158 355
158 384
158 390
158 413
158 419
158 429
158 472
158 479
158 492
159 165
159 168
159 170
159 193
159 209
159 227
159 240
159 246
159 249
159 269
159 286
159 287
159 291
159 307
159 312
159 317
159 319
159 320
159 321
159 329
159 333
159 335
159 342
159 360
159 367
159 382
159 405
159 406
159 408
159 422
159 438
159 460
159 461
159 469
159 471
159 475
159 476
159 486
159 493
159 497
160 165
160 208
160 220
160 226
160 242
160 246
160 247
160 256
160 257
160 279
160 280
160 294
160 298
160 299
160 301
160 318
160 323
160 335
160 343
160 345
160 360
160 384
160 397
160 399
160 400
160 401
160 407
160 410
160 442
160 456
160 474
160 487
160 489
161 188
161 190
161 191
161 270
161 273
161 278
161 283
161 284
161 304
161 319
161 340
161 347
161 357
161 361
161 369
161 373
161 390
161 399
161 411
161 443
161 446
161 455
161 465
161 473
161 475
161 480
161 485
161 489
161 492
161 494
162 189
162 191
162 196
162 200
162 201
162 211
162 212
162 251
162 253
162 255
162 259
162 275
162 288
162 298
162 307
162 312
162 313
162 343
162 348
162 355
162 356
162 359
162 360
162 369
162 370
162 371
162 376
162 380
162 392
162 395
162 420
162 440
162 441
162 452
162 465
162 466
162 474
162 482
162 493
163 164
163 166
163 170
163 171
163 177
163 178
163 179
163 184
163 191
163 195
163 206
163 209
163 218
163 263
163 281
163 319
163 327
163 331
163 354
163 390
163 392
163 397
163 399
163 418
163 444
163 446
164 166
164 188
164 199
164 224
164 246
164 259
164 265
164 269
164 270
164 275
164 277
164 283
164 289
164 295
164 299
164 321
164 328
164 333
164 352
164 377
164 381
164 395
164 399
164 400
164 407
164 409
164 419
164 423
164 438
164 445
164 446
164 458
164 465
165 169
165 184
165 190
165 198
165 200
165 205
165 222
165 248
165 255
165 265
165 274
165 278
165 337
165 358
165 390
165 393
165 403
165 408
165 413
165 421
165 422
165 449
165 451
165 481
165 484
165 485
166 174
166 177
166 237
166 240
166 243
166 247
166 254
166 256
166 265
166 278
166 281
166 318
166 323
166 330
166 347
166 355
166 375
166 398
166 404
166 406
166 414
166 419
166 428
166 436
166 443
166 445
166 451
166 454
166 455
166 458
166 470
166 475
166 477
167 174
167 175
167 182
167 191
167 193
167 205
167 208
167 221
167 235
167 237
167 251
167 278
167 284
167 307
167 335
167 356
167 360
167 363
167 396
167 398
167 416
167 435
167 453
167 457
167 461
167 463
167 467
167 478
167 481
167 486
167 491
167 493
168 175
168 184
168 204
168 205
168 209
168 214
168 237
168 238
168 249
168 276
168 280
168 291
168 299
168 307
168 316
168 335
168 342
168 352
168 377
168 387
168 403
168 420
168 421
168 424
168 437
168 467
169 174
169 176
169 209
169 229
169 244
169 248
169 252
169 254
169 259
169 272
169 279
169 286
169 290
169 292
169 316
169 319
169 322
169 334
169 346
169 352
169 372
169 395
169 397
169 411
169 422
169 448
169 449
169 462
169 463
169 464
169 490
169 497
170 180
170 190
170 217
170 219
170 224
170 230
170 245
170 251
170 254
170 267
170 274
170 275
170 281
170 295
170 310
170 338
170 341
170 348
170 358
170 365
170 385
170 408
170 415
170 420
170 422
170 425
170 457
170 483
170 490
171 187
171 191
171 193
171 197
171 209
171 246
171 248
171 257
171 274
171 289
171 290
171 294
171 296
171 299
171 341
171 342
171 345
171 349
171 372
171 383
171 384
171 393
171 396
171 404
171 413
171 418
171 440
171 448
171 458
171 460
171 468
171 479
172 178
172 201
172 224
172 226
172 248
172 267
172 274
172 285
172 294
172 298
172 303
172 307
172 312
172 336
172 340
172 350
172 357
172 361
172 368
172 385
172 387
172 391
172 396
172 399
172 401
172 405
172 416
172 417
172 436
172 439
172 446
172 470
172 478
172 481
172 485
173 174
173 230
173 231
173 235
173 241
173 260
173 282
173 305
173 306
173 312
173 331
173 332
173 334
173 340
173 344
173 349
173 355
173 359
173 369
173 375
173 384
173 385
173 386
173 391
173 425
173 426
173 428
173 429
173 442
173 449
173 450
173 454
173 476
173 478
173 484
173 485
173 495
174 197
174 202
174 204
174 226
174 228
174 253
174 281
174 282
174 322
174 323
174 324
174 327
174 328
174 382
174 399
174 416
174 439
174 447
174 449
174 451
174 457
174 458
174 463
174 493
175 189
175 192
175 197
175 201
175 216
175 217
175 222
175 228
175 234
175 266
175 276
175 277
175 283
175 289
175 298
175 307
175 314
175 317
175 327
175 345
175 353
175 367
175 376
175 377
175 393
175 394
175 398
175 415
175 419
175 427
175 461
175 464
175 488
176 190
176 215
176 248
176 290
176 310
176 341
176 344
176 358
176 362
176 406
176 408
176 421
176 427
176 430
176 448
176 453
176 457
176 466
176 468
176 471
176 475
176 483
176 485
176 499
177 184
177 187
177 192
177 219
177 227
177 243
177 275
177 307
177 316
177 319
177 326
177 339
177 342
177 358
177 364
177 368
177 381
177 387
177 399
177 402
177 404
177 405
177 413
177 430
177 434
177 443
177 448
177 456
177 457
177 468
177 483
177 486
177 494
178 185
178 206
178 210
178 246
178 248
178 255
178 259
178 264
178 288
178 308
178 340
178 343
178 345
178 351
178 357
178 364
178 365
178 415
178 424
178 444
178 448
178 470
178 474
178 480
178 499
179 192
179 203
179 209
179 227
179 240
179 259
179 261
179 264
179 269
179 278
179 279
179 287
179 291
179 333
179 336
179 346
179 351
179 354
179 365
179 367
179 391
179 394
179 410
179 412
179 417
179 423
179 434
179 446
179 463
179 468
179 493
180 198
180 207
180 209
180 225
180 231
180 235
180 240
180 252
180 257
180 260
180 268
180 273
180 276
180 293
180 313
180 323
180 335
180 358
180 362
180 403
180 414
180 415
180 429
180 433
180 435
180 438
180 442
180 475
180 479
180 487
180 494
180 495
181 186
181 190
181 202
181 217
181 230
181 238
181 240
181 254
181 262
181 267
181 278
181 293
181 294
181 298
181 316
181 318
181 371
181 372
181 396
181 415
181 416
181 428
181 439
181 462
181 463
181 474
181 476
181 478
181 494
182 187
182 195
182 198
182 203
182 204
182 212
182 216
182 246
182 259
182 260
182 278
182 282
182 295
182 302
182 315
182 330
182 336
182 358
182 369
182 373
182 394
182 403
182 413
182 419
182 420
182 421
182 439
182 445
182 449
182 463
182 466
182 495
183 190
183 191
183 192
183 193
183 205
183 209
183 214
183 230
183 232
183 260
183 262
183 288
183 289
183 295
183 301
183 323
183 332
183 347
183 349
183 363
183 364
183 367
183 379
183 387
183 393
183 406
183 411
183 424
183 429
183 447
183 456
183 462
183 471
184 185
184 190
184 201
184 206
184 212
184 221
184 226
184 227
184 233
184 245
184 248
184 250
184 267
184 275
184 280
184 286
184 306
184 351
184 355
184 358
184 375
184 376
184 386
184 398
184 414
184 421
184 445
184 450
184 455
184 459
184 479
184 491
185 194
185 200
185 224
185 226
185 234
185 235
185 245
185 261
185 267
185 274
185 276
185 289
185 302
185 312
185 328
185 332
185 337
185 340
185 353
185 363
185 367
185 379
185 396
185 400
185 412
185 415
185 434
185 443
185 447
185 454
185 474
186 197
186 199
186 206
186 229
186 239
186 242
186 249
186 274
186 282
186 284
186 302
186 304
186 318
186 324
186 328
186 357
186 358
186 381
186 413
186 431
186 451
186 457
186 467
186 475
186 481
186 484
186 499
187 189
187 193
187 196
187 207
187 211
187 225
187 228
187 239
187 242
187 254
187 255
187 313
187 315
187 319
187 322
187 327
187 331
187 338
187 343
187 364
187 389
187 444
187 451
187 454
187 468
187 474
187 489
187 493
187 497
187 498
188 189
188 226
188 233
188 239
188 240
188 248
188 254
188 255
188 265
188 273
188 275
188 294
188 300
188 317
188 319
188 327
188 345
188 348
188 361
188 365
188 367
188 369
188 372
188 377
188 382
188 388
188 389
188 395
188 400
188 413
188 415
188 422
188 425
188 436
188 446
188 454
188 455
188 464
188 475
188 478
188 487
188 490
189 195
189 242
189 249
189 260
189 284
189 292
189 295
189 296
189 297
189 299
189 304
189 311
189 334
189 355
189 356
189 369
189 386
189 387
189 405
189 419
189 432
189 433
189 451
189 459
189 462
189 465
190 210
190 216
190 217
190 224
190 230
190 239
190 242
190 248
190 261
190 268
190 269
190 328
190 334
190 340
190 342
190 345
190 348
190 369
190 372
190 377
190 408
190 410
190 440
190 466
190 471
190 479
191 195
191 197
191 199
191 200
191 207
191 218
191 223
191 229
191 239
191 259
191 273
191 287
191 320
191 329
191 350
191 354
191 359
191 372
191 374
191 377
191 382
191 383
191 398
191 419
191 443
191 454
191 465
191 473
191 474
191 479
191 487
191 496
192 198
192 208
192 216
192 222
192 225
192 235
192 239
192 244
192 247
192 257
192 273
192 281
192 290
192 291
192 308
192 325
192 345
192 359
192 365
192 368
192 373
192 383
192 396
192 401
192 421
192 436
192 438
192 458
192 493
193 202
193 212
193 218
193 219
193 276
193 282
193 284
193 286
193 292
193 302
193 322
193 328
193 335
193 338
193 353
193 367
193 372
193 377
193 383
193 385
193 388
193 398
193 411
193 442
193 445
193 454
193 457
193 459
193 465
193 470
193 473
193 475
193 480
193 485
193 491
194 247
194 251
194 255
194 265
194 269
194 293
194 298
194 305
194 306
194 310
194 329
194 330
194 338
194 342
194 380
194 402
194 408
194 416
194 439
194 451
194 455
194 459
194 466
194 470
194 478
194 481
194 482
194 488
195 202
195 212
195 213
195 214
195 215
195 216
195 217
195 232
195 287
195 293
195 297
195 299
195 307
195 315
195 325
195 327
195 330
195 332
195 334
195 343
195 355
195 366
195 368
195 385
195 396
195 402
195 410
195 411
195 438
195 451
195 457
195 459
195 471
195 488
195 498
196 198
196 209
196 215
196 216
196 233
196 240
196 246
196 279
196 284
196 285
196 294
196 297
196 303
196 306
196 314
196 324
196 339
196 355
196 365
196 367
196 380
196 382
196 390
196 412
196 414
196 418
196 432
196 484
196 485
197 207
197 213
197 220
197 238
197 259
197 263
197 264
197 275
197 286
197 287
197 294
197 305
197 307
197 316
197 320
197 321
197 324
197 332
197 337
197 374
197 385
197 401
197 406
197 424
197 439
197 461
197 482
197 497
197 498
197 499
198 200
198 204
198 206
198 213
198 248
198 258
198 264
198 277
198 292
198 305
198 314
198 316
198 317
198 335
198 337
198 341
198 365
198 371
198 400
198 404
198 407
198 409
198 422
198 429
198 435
198 441
198 445
198 453
198 469
198 483
198 491
199 206
199 216
199 278
199 285
199 286
199 302
199 303
199 307
199 310
199 312
199 313
199 337
199 346
199 362
199 363
199 367
199 380
199 383
199 384
199 394
199 407
199 415
199 424
199 425
199 428
199 444
199 468
199 485
199 490
200 210
200 215
200 222
200 232
200 244
200 248
200 251
200 276
200 282
200 290
200 296
200 297
200 298
200 301
200 302
200 309
200 320
200 321
200 323
200 332
200 333
200 340
200 343
200 362
200 373
200 380
200 388
200 422
200 427
200 439
200 445
200 451
200 458
200 461
200 473
200 485
200 491
200 496
200 497
201 205
201 210
201 214
201 222
201 229
201 232
201 247
201 260
201 265
201 276
201 288
201 290
201 297
201 298
201 350
201 356
201 377
201 388
201 399
201 400
201 418
201 435
201 446
201 449
201 451
201 459
201 462
201 469
202 227
202 229
202 237
202 245
202 259
202 287
202 307
202 317
202 329
202 341
202 344
202 347
202 365
202 375
202 381
202 405
202 409
202 419
202 427
202 444
202 457
202 460
202 461
202 464
202 465
202 477
202 478
203 211
203 220
203 227
203 235
203 244
203 248
203 264
203 271
203 275
203 303
203 311
203 334
203 336
203 339
203 344
203 351
203 353
203 357
203 363
203 370
203 376
203 384
203 419
203 422
203 431
203 434
203 437
203 441
203 446
203 447
203 450
203 455
203 473
203 480
203 481
203 485
203 494
203 499
204 210
204 214
204 215
204 238
204 266
204 274
204 285
204 293
204 307
204 309
204 316
204 324
204 331
204 341
204 346
204 365
204 367
204 376
204 384
204 389
204 402
204 417
204 422
204 427
204 431
204 444
204 447
204 459
204 461
204 467
204 473
204 479
204 480
204 481
204 484
204 491
204 492
205 243
205 245
205 271
205 273
205 280
205 289
205 311
205 319
205 327
205 342
205 347
205 355
205 387
205 393
205 403
205 404
205 411
205 421
205 430
205 434
205 463
205 473
205 483
206 207
206 213
206 216
206 218
206 224
206 253
206 264
206 265
206 272
206 284
206 285
206 289
206 293
206 294
206 299
206 302
206 306
206 310
206 315
206 326
206 337
206 342
206 347
206 349
206 366
206 367
206 383
206 387
206 388
206 397
206 398
206 405
206 413
206 416
206 423
206 426
206 427
206 432
206 439
206 441
206 452
206 458
206 466
206 479
206 483
206 485
207 219
207 226
207 252
207 255
207 262
207 270
207 282
207 286
207 295
207 330
207 338
207 350
207 358
207 388
207 402
207 408
207 412
207 426
207 434
207 445
207 467
207 474
207 485
207 489
207 491
208 215
208 227
208 244
208 252
208 261
208 262
208 265
208 282
208 293
208 310
208 333
208 371
208 384
208 396
208 412
208 417
208 444
208 450
208 454
208 495
209 230
209 232
209 250
209 272
209 276
209 288
209 291
209 310
209 316
209 347
209 354
209 356
209 376
209 377
209 384
209 385
209 393
209 402
209 442
209 457
209 458
209 460
209 468
209 470
209 479
209 489
210 211
210 231
210 234
210 235
210 237
210 241
210 243
210 245
210 257
210 287
210 289
210 301
210 311
210 312
210 323
210 331
210 346
210 351
210 353
210 362
210 364
210 377
210 399
210 406
210 431
210 434
210 435
210 437
210 441
210 447
210 468
210 469
210 493
210 499
211 227
211 242
211 266
211 285
211 300
211 303
211 305
211 318
211 323
211 325
211 333
211 345
211 346
211 347
211 348
211 371
211 386
211 393
211 397
211 437
211 444
211 457
211 463
211 476
211 479
211 492
211 494
212 253
212 262
212 271
212 280
212 286
212 304
212 317
212 337
212 342
212 379
212 387
212 394
212 397
212 403
212 413
212 415
212 438
212 444
212 445
212 452
212 470
212 475
213 224
213 225
213 226
213 264
213 270
213 288
213 312
213 320
213 333
213 339
213 340
213 343
213 350
213 365
213 375
213 379
213 382
213 388
213 389
213 399
213 402
213 424
213 429
213 432
213 441
213 443
213 445
213 448
213 449
213 454
213 458
213 467
213 483
214 223
214 225
214 235
214 238
214 239
214 258
214 276
214 284
214 287
214 302
214 322
214 324
214 333
214 336
214 364
214 375
214 397
214 404
214 423
214 431
214 452
214 475
214 486
214 488
214 497
215 216
215 217
215 241
215 248
215 250
215 255
215 259
215 271
215 292
215 297
215 305
215 314
215 317
215 342
215 351
215 356
215 397
215 426
215 430
215 446
215 459
215 464
215 471
215 483
216 225
216 252
216 264
216 273
216 285
216 288
216 299
216 316
216 318
216 321
216 358
216 359
216 371
216 374
216 377
216 389
216 391
216 398
216 401
216 407
216 414
216 418
216 425
216 432
216 439
216 448
216 459
216 463
216 464
216 468
216 490
216 492
217 219
217 230
217 234
217 235
217 237
217 242
217 248
217 250
217 278
217 288
217 293
217 295
217 299
217 303
217 316
217 332
217 335
217 340
217 350
217 353
217 358
217 370
217 376
217 393
217 405
217 429
217 431
217 447
217 460
217 471
217 477
217 486
217 494
217 499
218 226
218 231
218 240
218 252
218 257
218 280
218 287
218 292
218 302
218 304
218 307
218 323
218 327
218 328
218 340
218 350
218 354
218 367
218 380
218 406
218 412
218 419
218 430
218 443
218 446
218 451
218 456
218 460
218 462
218 467
218 473
218 478
218 479
219 221
219 222
219 268
219 298
219 304
219 307
219 319
219 330
219 331
219 338
219 340
219 343
219 346
219 347
219 361
219 368
219 371
219 380
219 389
219 390
219 416
219 419
219 439
219 456
219 477
219 479
220 227
220 236
220 238
220 252
220 269
220 271
220 305
220 319
220 322
220 335
220 386
220 405
220 406
220 426
220 440
220 467
220 472
220 476
220 487
220 498
221 238
221 244
221 262
221 277
221 306
221 310
221 330
221 342
221 347
221 363
221 375
221 411
221 423
221 425
221 426
221 442
221 445
221 453
221 455
221 471
221 475
221 477
221 481
221 487
221 496
221 499
222 223
222 236
222 252
222 253
222 259
222 273
222 288
222 304
222 307
222 311
222 312
222 319
222 321
222 340
222 342
222 359
222 363
222 394
222 395
222 403
222 415
222 426
222 430
222 431
222 440
222 442
222 448
222 461
222 475
222 483
222 488
222 492
222 497
223 233
223 235
223 243
223 258
223 292
223 294
223 301
223 315
223 332
223 339
223 343
223 361
223 381
223 388
223 390
223 394
223 402
223 407
223 419
223 451
223 459
223 466
223 494
224 259
224 260
224 279
224 284
224 298
224 322
224 333
224 338
224 349
224 367
224 379
224 385
224 405
224 409
224 425
224 429
224 439
224 461
224 494
225 228
225 230
225 233
225 237
225 241
225 244
225 245
225 259
225 264
225 266
225 268
225 277
225 278
225 344
225 354
225 359
225 362
225 372
225 384
225 395
225 396
225 415
225 416
225 420
225 452
225 455
225 462
225 470
225 487
225 490
226 234
226 236
226 249
226 280
226 285
226 294
226 304
226 312
226 315
226 342
226 343
226 347
226 349
226 364
226 392
226 393
226 394
226 411
226 412
226 415
226 417
226 418
226 435
226 440
226 447
226 460
226 476
226 479
226 483
226 486
226 491
227 228
227 230
227 234
227 244
227 274
227 277
227 305
227 309
227 313
227 321
227 322
227 326
227 327
227 332
227 334
227 346
227 352
227 357
227 359
227 369
227 392
227 398
227 399
227 404
227 406
227 410
227 413
227 417
227 418
227 423
227 429
227 438
227 448
227 461
228 230
228 239
228 248
228 250
228 258
228 262
228 275
228 289
228 298
228 312
228 317
228 318
228 329
228 340
228 347
228 348
228 350
228 352
228 360
228 364
228 376
228 379
228 381
228 384
228 396
228 405
228 428
228 429
228 438
228 456
228 458
228 469
228 497
229 231
229 250
229 254
229 266
229 271
229 299
229 301
229 304
229 318
229 337
229 340
229 344
229 364
229 374
229 375
229 379
229 383
229 398
229 401
229 414
229 429
229 432
229 475
229 479
229 497
230 235
230 236
230 246
230 253
230 259
230 265
230 271
230 292
230 307
230 310
230 312
230 332
230 337
230 365
230 368
230 382
230 400
230 405
230 409
230 410
230 449
230 455
230 490
231 241
231 244
231 249
231 267
231 268
231 278
231 281
231 301
231 307
231 310
231 320
231 343
231 360
231 371
231 378
231 399
231 403
231 410
231 421
231 426
231 429
231 438
231 460
231 461
231 468
231 471
231 473
231 482
231 483
232 234
232 245
232 250
232 258
232 265
232 266
232 270
232 272
232 277
232 299
232 304
232 306
232 319
232 335
232 342
232 345
232 352
232 359
232 362
232 367
232 369
232 371
232 384
232 386
232 388
232 400
232 412
232 413
232 414
232 422
232 424
232 431
232 458
232 466
232 471
232 478
232 479
233 241
233 242
233 243
233 254
233 273
233 275
233 289
233 302
233 328
233 340
233 353
233 358
233 366
233 368
233 371
233 373
233 374
233 380
233 391
233 404
233 414
233 426
233 443
233 449
233 452
233 481
233 486
234 244
234 245
234 247
234 249
234 258
234 286
234 288
234 289
234 291
234 303
234 317
234 322
234 328
234 329
234 330
234 335
234 338
234 342
234 346
234 348
234 355
234 368
234 389
234 415
234 432
234 469
234 474
234 475
234 478
234 480
234 481
234 494
234 498
235 239
235 240
235 242
235 245
235 246
235 255
235 264
235 265
235 269
235 271
235 273
235 285
235 287
235 309
235 312
235 320
235 326
235 330
235 337
235 349
235 352
235 365
235 367
235 383
235 388
235 398
235 406
235 422
235 428
235 439
235 469
235 483
235 496
236 237
236 252
236 259
236 265
236 277
236 289
236 292
236 303
236 326
236 331
236 332
236 340
236 351
236 356
236 361
236 365
236 370
236 383
236 423
236 428
236 430
236 438
236 440
236 449
236 453
236 460
236 467
236 473
236 490
237 244
237 274
237 307
237 327
237 349
237 350
237 353
237 356
237 368
237 382
237 396
237 397
237 399
237 402
237 407
237 410
237 415
237 418
237 423
237 424
237 428
237 435
237 443
237 479
237 480
237 482
237 485
237 492
237 497
238 241
238 244
238 245
238 246
238 254
238 276
238 289
238 291
238 296
238 310
238 317
238 322
238 332
238 339
238 360
238 381
238 401
238 404
238 435
238 440
238 445
238 448
238 462
238 478
238 485
238 486
239 240
239 247
239 250
239 266
239 276
239 280
239 286
239 287
239 298
239 301
239 302
239 305
239 315
239 330
239 333
239 343
239 350
239 364
239 367
239 368
239 374
239 378
239 390
239 396
239 412
239 425
239 437
239 444
239 445
239 454
239 458
239 460
239 465
239 467
239 481
239 482
240 258
240 260
240 261
240 283
240 293
240 300
240 322
240 334
240 336
240 340
240 356
240 362
240 363
240 377
240 379
240 385
240 409
240 418
240 456
240 463
240 464
240 466
240 487
241 250
241 254
241 268
241 270
241 281
241 283
241 289
241 310
241 320
241 323
241 343
241 353
241 355
241 357
241 374
241 378
241 407
241 409
241 418
241 432
241 434
241 450
241 494
242 243
242 247
242 251
242 262
242 263
242 273
242 288
242 298
242 299
242 347
242 351
242 357
242 360
242 366
242 376
242 382
242 393
242 395
242 404
242 451
242 482
242 485
242 490
242 492
242 495
242 499
243 244
243 251
243 256
243 258
243 269
243 271
243 278
243 279
243 284
243 285
243 301
243 308
243 309
243 316
243 317
243 338
243 359
243 369
243 374
243 398
243 400
243 409
243 418
243 425
243 446
243 451
243 458
243 459
243 468
243 484
243 497
244 261
244 273
244 286
244 290
244 294
244 304
244 324
244 326
244 335
244 337
244 340
244 348
244 351
244 359
244 372
244 378
244 387
244 403
244 406
244 414
244 426
244 428
244 433
244 445
244 455
244 467
245 252
245 280
245 282
245 292
245 302
245 316
245 324
245 340
245 351
245 353
245 359
245 363
245 369
245 395
245 404
245 405
245 421
245 423
245 425
245 428
245 429
245 431
245 433
245 435
245 439
245 452
245 462
245 472
245 473
245 480
245 494
245 495
245 496
246 271
246 273
246 279
246 291
246 294
246 304
246 310
246 318
246 319
246 320
246 323
246 327
246 332
246 337
246 342
246 348
246 349
246 350
246 364
246 379
246 386
246 392
246 402
246 405
246 409
246 418
246 426
246 431
246 442
246 443
246 448
246 452
246 464
246 473
246 475
247 263
247 276
247 291
247 292
247 296
247 304
247 306
247 316
247 353
247 360
247 383
247 386
247 413
247 429
247 453
248 256
248 259
248 275
248 289
248 291
248 299
248 304
248 306
248 310
248 311
248 317
248 324
248 330
248 332
248 342
248 364
248 367
248 375
248 393
248 400
248 410
248 414
248 415
248 417
248 418
248 421
248 432
248 434
248 438
248 443
248 452
248 462
248 479
248 487
249 251
249 255
249 259
249 270
249 285
249 288
249 289
249 298
249 299
249 310
249 319
249 332
249 357
249 368
249 372
249 384
249 395
249 399
249 424
249 446
249 455
249 456
249 472
249 480
250 272
250 289
250 292
250 307
250 310
250 312
250 320
250 323
250 332
250 346
250 379
250 385
250 398
250 399
250 408
250 409
250 414
250 420
250 442
250 464
250 483
251 255
251 263
251 266
251 276
251 285
251 299
251 309
251 319
251 323
251 365
251 382
251 384
251 390
251 419
251 425
251 450
251 463
251 464
251 467
251 492
251 498
252 261
252 270
252 283
252 284
252 294
252 297
252 302
252 324
252 332
252 333
252 341
252 366
252 367
252 377
252 380
252 405
252 415
252 429
252 440
252 444
252 450
252 459
252 480
252 488
253 255
253 260
253 276
253 281
253 314
253 333
253 342
253 349
253 351
253 356
253 363
253 376
253 381
253 406
253 407
253 411
253 417
253 418
253 419
253 427
253 441
253 450
253 453
253 456
253 468
253 471
253 475
253 485
253 491
253 495
254 266
254 269
254 274
254 281
254 286
254 298
254 311
254 313
254 318
254 319
254 333
254 341
254 344
254 351
254 364
254 372
254 374
254 381
254 395
254 401
254 405
254 420
254 426
254 434
254 443
254 446
254 449
254 460
254 476
254 482
254 487
254 492
255 257
255 259
255 264
255 271
255 282
255 283
255 296
255 298
255 303
255 304
255 336
255 354
255 356
255 359
255 368
255 376
255 400
255 411
255 424
255 428
255 429
255 432
255 441
255 461
255 467
255 477
255 486
255 490
255 493
255 497
256 257
256 267
256 270
256 283
256 286
256 303
256 313
256 343
256 350
256 357
256 375
256 383
256 386
256 390
256 396
256 404
256 411
256 413
256 416
256 417
256 425
256 434
256 447
256 457
256 463
256 473
256 485
256 492
256 495
256 499
257 260
257 268
257 294
257 300
257 307
257 329
257 345
257 362
257 364
257 366
257 371
257 378
257 407
257 417
257 422
257 441
257 452
257 465
257 479
257 491
258 259
258 260
258 262
258 301
258 322
258 325
258 335
258 344
258 359
258 362
258 377
258 378
258 381
258 388
258 390
258 391
258 396
258 402
258 403
258 410
258 425
258 426
258 437
258 456
258 458
258 464
258 471
258 474
258 476
258 487
258 488
258 491
258 494
259 261
259 263
259 267
259 291
259 309
259 323
259 384
259 386
259 387
259 391
259 397
259 425
259 434
259 445
259 450
259 456
259 459
259 466
259 467
259 471
259 479
259 490
259 499
260 261
260 263
260 288
260 302
260 324
260 328
260 348
260 349
260 352
260 356
260 359
260 360
260 375
260 386
260 399
260 410
260 427
260 429
260 447
261 263
261 273
261 291
261 296
261 300
261 308
261 319
261 330
261 335
261 345
261 365
261 367
261 388
261 397
261 428
261 440
261 463
261 498
262 276
262 283
262 294
262 295
262 298
262 302
262 311
262 312
262 313
262 321
262 332
262 361
262 372
262 377
262 378
262 387
262 390
262 394
262 400
262 402
262 406
262 410
262 416
262 420
262 422
262 429
262 445
262 446
262 465
262 490
262 497
263 275
263 298
263 301
263 311
263 324
263 355
263 361
263 376
263 380
263 383
263 390
263 393
263 411
263 412
263 433
263 436
263 439
263 440
263 447
263 468
263 473
264 305
264 314
264 318
264 321
264 323
264 325
264 336
264 351
264 359
264 367
264 376
264 377
264 391
264 396
264 397
264 401
264 403
264 407
264 412
264 424
264 426
264 428
264 430
264 437
264 447
264 470
264 473
264 481
264 482
264 483
264 495
265 278
265 279
265 308
265 320
265 325
265 333
265 336
265 346
265 359
265 362
265 381
265 391
265 400
265 443
265 444
265 453
265 475
265 477
265 485
265 490
266 285
266 289
266 296
266 310
266 314
266 330
266 341
266 343
266 362
266 383
266 393
266 409
266 410
266 421
266 424
266 434
266 449
266 455
266 457
266 468
266 470
266 480
266 485
266 489
266 496
267 270
267 276
267 301
267 304
267 309
267 312
267 317
267 324
267 338
267 344
267 353
267 358
267 365
267 381
267 386
267 388
267 408
267 414
267 435
267 441
267 444
267 456
267 459
267 461
267 498
268 275
268 281
268 302
268 303
268 314
268 321
268 328
268 352
268 377
268 382
268 386
268 389
268 401
268 408
268 416
268 439
268 443
268 444
268 447
268 457
268 460
268 461
268 465
268 480
268 491
268 492
268 495
269 280
269 281
269 282
269 296
269 320
269 339
269 365
269 368
269 371
269 373
269 375
269 377
269 385
269 407
269 417
269 422
269 432
269 433
269 436
269 463
269 465
269 472
269 476
269 480
269 483
269 485
269 491
270 284
270 301
270 303
270 338
270 339
270 342
270 360
270 366
270 373
270 391
270 417
270 419
270 422
270 433
270 436
270 466
270 476
270 482
270 498
271 279
271 284
271 293
271 315
271 323
271 336
271 337
271 341
271 357
271 358
271 379
271 382
271 383
271 385
271 393
271 397
271 399
271 401
271 407
271 417
271 421
271 447
271 451
271 462
271 474
271 495
272 307
272 313
272 324
272 332
272 334
272 377
272 386
272 414
272 435
272 445
272 455
272 462
273 292
273 302
273 312
273 323
273 337
273 359
273 395
273 397
273 405
273 410
273 412
273 423
273 436
273 440
273 447
273 465
273 466
273 471
273 479
273 487
273 496
274 300
274 339
274 342
274 345
274 365
274 366
274 371
274 373
274 375
274 382
274 393
274 403
274 407
274 410
274 414
274 415
274 430
274 431
274 436
274 459
274 463
274 464
274 469
274 475
274 477
274 482
274 483
275 278
275 288
275 307
275 319
275 326
275 335
275 346
275 351
275 357
275 358
275 361
275 370
275 371
275 374
275 385
275 386
275 388
275 390
275 395
275 402
275 415
275 438
275 441
275 457
275 466
275 475
275 477
275 483
275 487
275 498
276 284
276 286
276 297
276 301
276 303
276 305
276 314
276 318
276 319
276 326
276 334
276 341
276 354
276 372
276 375
276 386
276 415
276 426
276 428
276 435
276 436
276 441
276 448
276 449
276 463
276 465
276 466
276 496
277 283
277 284
277 294
277 314
277 331
277 335
277 336
277 344
277 348
277 358
277 372
277 382
277 391
277 405
277 412
277 421
277 433
278 283
278 293
278 303
278 305
278 318
278 319
278 321
278 332
278 335
278 344
278 349
278 357
278 362
278 373
278 418
278 437
278 442
278 445
278 465
278 470
278 491
279 310
279 318
279 321
279 323
279 328
279 331
279 364
279 370
279 375
279 408
279 412
279 419
279 421
279 438
279 439
279 442
279 476
279 487
280 284
280 298
280 325
280 360
280 373
280 390
280 404
280 407
280 409
280 420
280 421
280 424
280 432
280 435
280 437
280 478
281 302
281 303
281 317
281 328
281 343
281 345
281 349
281 354
281 358
281 368
281 370
281 376
281 377
281 378
281 392
281 407
281 445
281 448
281 454
282 296
282 302
282 303
282 315
282 319
282 324
282 327
282 331
282 347
282 353
282 362
282 368
282 374
282 376
282 383
282 384
282 387
282 413
282 421
282 432
282 438
282 439
282 440
282 459
282 467
282 468
282 475
282 490
283 291
283 312
283 313
283 316
283 354
283 356
283 366
283 373
283 412
283 415
283 422
283 423
283 431
283 438
283 444
283 451
283 466
283 486
283 490
284 288
284 301
284 307
284 315
284 316
284 317
284 318
284 321
284 326
284 334
284 344
284 363
284 386
284 398
284 399
284 422
284 440
284 443
284 454
284 457
284 459
284 463
284 471
284 478
284 482
284 489
284 495
285 286
285 312
285 316
285 354
285 357
285 362
285 379
285 390
285 398
285 447
285 462
285 478
285 485
285 488
285 498
286 293
286 302
286 307
286 311
286 329
286 359
286 361
286 371
286 383
286 407
286 421
286 423
286 426
286 444
286 456
286 468
286 491
286 492
286 494
286 496
287 301
287 307
287 322
287 332
287 335
287 337
287 357
287 358
287 359
287 361
287 372
287 377
287 388
287 389
287 404
287 410
287 446
287 450
287 451
287 468
287 469
287 497
288 300
288 309
288 325
288 328
288 350
288 354
288 361
288 362
288 369
288 373
288 379
288 390
288 392
288 394
288 400
288 406
288 410
288 414
288 434
288 439
288 445
288 446
288 453
288 455
288 470
288 475
288 490
288 493
289 306
289 333
289 338
289 339
289 359
289 363
289 372
289 383
289 389
289 391
289 395
289 397
289 402
289 406
289 410
289 413
289 418
289 422
289 432
289 441
289 445
289 448
289 449
289 454
289 462
290 298
290 308
290 321
290 335
290 343
290 377
290 388
290 401
290 408
290 413
290 432
290 456
290 462
290 474
290 498
291 303
291 339
291 345
291 365
291 375
291 382
291 395
291 404
291 417
291 428
291 438
291 463
291 471
291 472
291 482
291 483
292 312
292 318
292 319
292 324
292 331
292 346
292 349
292 350
292 360
292 365
292 393
292 397
292 415
292 416
292 433
292 436
292 465
292 472
292 489
292 497
293 301
293 302
293 320
293 325
293 341
293 342
293 352
293 367
293 368
293 376
293 380
293 382
293 410
293 411
293 463
293 481
293 490
293 492
294 295
294 303
294 316
294 317
294 358
294 362
294 369
294 392
294 399
294 413
294 451
294 466
294 472
295 296
295 299
295 300
295 304
295 305
295 310
295 335
295 344
295 348
295 351
295 364
295 373
295 375
295 380
295 394
295 422
295 425
295 430
295 433
295 440
295 452
295 458
295 460
295 465
295 483
296 304
296 338
296 340
296 360
296 389
296 394
296 398
296 403
296 411
296 419
296 441
296 448
296 451
296 456
296 464
296 467
296 495
297 298
297 302
297 307
297 308
297 309
297 317
297 322
297 337
297 338
297 343
297 347
297 350
297 373
297 382
297 385
297 392
297 404
297 413
297 414
297 421
297 432
297 436
297 446
297 449
297 455
297 473
298 305
298 322
298 326
298 332
298 356
298 365
298 367
298 387
298 393
298 396
298 397
298 406
298 427
298 429
298 431
298 447
298 452
298 455
298 480
298 495
299 301
299 306
299 313
299 315
299 317
299 329
299 345
299 348
299 357
299 358
299 372
299 375
299 377
299 380
299 384
299 389
299 397
299 403
299 406
299 408
299 435
299 438
299 457
299 493
300 310
300 326
300 329
300 330
300 343
300 344
300 345
300 350
300 368
300 387
300 404
300 408
300 417
300 423
300 430
300 434
300 446
300 451
300 460
300 462
300 469
300 475
300 490
300 495
301 306
301 308
301 316
301 322
301 325
301 333
301 334
301 358
301 364
301 368
301 369
301 372
301 381
301 392
301 397
301 398
301 401
301 410
301 416
301 424
301 439
301 446
301 470
301 496
302 306
302 313
302 326
302 333
302 335
302 342
302 357
302 371
302 376
302 378
302 379
302 386
302 391
302 397
302 408
302 410
302 427
302 434
302 446
302 447
302 451
302 453
302 457
302 464
302 467
302 488
302 496
303 308
303 312
303 320
303 324
303 332
303 348
303 353
303 365
303 374
303 376
303 392
303 393
303 409
303 413
303 440
303 448
303 453
303 455
303 458
303 467
303 472
303 474
303 475
303 480
303 489
303 494
303 496
304 319
304 321
304 324
304 359
304 395
304 397
304 409
304 418
304 419
304 454
304 471
304 473
304 486
305 312
305 336
305 339
305 349
305 351
305 390
305 391
305 399
305 402
305 408
305 412
305 426
305 429
305 489
305 497
305 499
306 310
306 328
306 343
306 356
306 361
306 375
306 382
306 385
306 403
306 416
306 421
306 452
306 494
307 329
307 349
307 366
307 379
307 394
307 404
307 417
307 419
307 434
307 443
307 446
307 454
307 460
307 463
307 470
307 479
307 496
308 316
308 355
308 359
308 370
308 371
308 372
308 383
308 397
308 403
308 417
308 422
308 428
308 434
308 437
308 494
309 314
309 320
309 323
309 324
309 331
309 335
309 343
309 349
309 352
309 360
309 366
309 373
309 379
309 386
309 387
309 412
309 433
309 443
309 444
309 461
309 462
309 467
309 477
309 485
309 487
309 493
310 326
310 327
310 329
310 347
310 350
310 364
310 380
310 389
310 396
310 398
310 401
310 413
310 428
310 433
310 438
310 448
310 465
310 469
310 471
310 474
310 477
310 478
310 499
311 320
311 321
311 352
311 354
311 360
311 394
311 398
311 407
311 419
311 446
311 451
311 458
311 485
312 315
312 316
312 320
312 330
312 338
312 341
312 344
312 345
312 358
312 361
312 363
312 365
312 376
312 383
312 387
312 393
312 419
312 426
312 431
312 439
312 441
312 476
312 477
312 487
313 316
313 321
313 323
313 335
313 364
313 366
313 378
313 389
313 395
313 397
313 398
313 417
313 419
313 424
313 425
313 442
313 463
313 472
313 475
314 326
314 333
314 352
314 353
314 362
314 389
314 395
314 398
314 434
314 466
314 468
314 472
314 484
314 488
314 492
315 317
315 318
315 336
315 340
315 347
315 355
315 382
315 392
315 402
315 422
315 423
315 435
315 477
315 488
316 319
316 356
316 359
316 362
316 377
316 413
316 415
316 424
316 428
316 437
316 441
316 444
316 448
316 453
316 461
316 491
316 497
317 328
317 339
317 359
317 366
317 367
317 376
317 391
317 419
317 438
317 441
317 451
317 462
317 475
317 484
317 492
317 496
318 328
318 339
318 363
318 366
318 371
318 373
318 397
318 401
318 408
318 418
318 424
318 427
318 429
318 439
318 451
318 477
318 497
319 346
319 366
319 375
319 405
319 422
319 440
319 476
319 477
319 492
320 333
320 337
320 344
320 346
320 361
320 374
320 378
320 380
320 381
320 384
320 405
320 416
320 424
320 426
320 433
320 453
320 468
320 485
320 492
321 324
321 327
321 339
321 348
321 363
321 373
321 374
321 384
321 393
321 402
321 409
321 434
321 440
321 445
321 464
321 492
322 332
322 363
322 364
322 365
322 386
322 388
322 390
322 400
322 405
322 418
322 421
322 446
322 450
322 482
322 483
323 332
323 343
323 354
323 372
323 373
323 381
323 383
323 404
323 414
323 416
323 417
323 421
323 431
323 450
323 451
324 338
324 343
324 352
324 374
324 392
324 393
324 396
324 406
324 412
324 421
324 439
324 444
324 449
324 452
324 477
324 482
324 489
324 490
324 495
325 332
325 344
325 351
325 352
325 358
325 360
325 361
325 374
325 419
325 426
325 445
325 448
325 450
325 476
325 481
325 485
325 491
325 492
325 495
326 327
326 335
326 338
326 376
326 378
326 432
326 433
326 434
326 442
326 460
326 475
326 486
327 334
327 345
327 356
327 366
327 369
327 371
327 374
327 393
327 397
327 400
327 405
327 431
327 451
327 455
327 472
327 479
328 379
328 381
328 393
328 399
328 429
328 443
328 446
328 452
328 461
328 491
329 335
329 339
329 346
329 370
329 375
329 376
329 399
329 405
329 416
329 421
329 460
329 496
330 333
330 335
330 342
330 360
330 401
330 404
330 407
330 413
330 415
330 435
330 459
330 465
330 467
330 474
330 486
331 351
331 353
331 355
331 361
331 365
331 372
331 391
331 412
331 419
331 430
331 438
331 449
331 451
331 478
331 491
331 495
332 341
332 348
332 371
332 379
332 383
332 396
332 398
332 400
332 401
332 407
332 414
332 430
332 433
332 452
332 455
332 481
332 494
332 496
332 499
333 346
333 349
333 354
333 358
333 384
333 415
333 427
333 429
333 467
333 472
333 480
333 493
334 343
334 349
334 352
334 355
334 358
334 380
334 396
334 402
334 411
334 419
334 425
334 439
334 447
334 452
334 454
334 471
334 483
334 488
335 360
335 361
335 363
335 365
335 389
335 390
335 395
335 402
335 411
335 425
335 426
335 435
335 436
335 456
335 458
335 485
335 489
335 492
335 498
336 338
336 343
336 344
336 347
336 353
336 386
336 402
336 405
336 418
336 427
336 433
336 448
336 479
336 488
336 499
337 361
337 367
337 376
337 379
337 388
337 389
337 403
337 462
337 468
337 472
338 355
338 360
338 374
338 384
338 388
338 395
338 401
338 411
338 416
338 417
338 419
338 421
338 425
338 435
338 436
338 449
338 474
338 482
338 484
338 487
339 340
339 353
339 360
339 392
339 394
339 401
339 426
339 436
339 442
339 453
339 455
339 472
339 479
339 484
339 492
339 495
340 344
340 347
340 376
340 380
340 385
340 400
340 405
340 408
340 421
340 432
340 437
340 444
340 448
340 455
340 458
340 475
340 483
340 484
340 496
341 353
341 354
341 371
341 372
341 387
341 388
341 392
341 399
341 405
341 428
341 431
341 464
341 483
342 353
342 361
342 371
342 382
342 393
342 396
342 397
342 399
342 408
342 416
342 418
342 419
342 424
342 433
342 440
342 450
342 469
342 479
343 347
343 349
343 356
343 361
343 363
343 366
343 394
343 401
343 417
343 421
343 435
343 442
343 444
343 465
343 482
343 492
343 498
344 352
344 359
344 365
344 380
344 399
344 406
344 413
344 417
344 426
344 449
344 450
344 479
344 480
344 495
345 366
345 371
345 385
345 395
345 428
345 429
345 478
345 486
345 494
346 359
346 360
346 361
346 364
346 369
346 370
346 379
346 396
346 406
346 416
346 432
346 434
346 440
346 443
346 456
346 467
346 493
347 362
347 365
347 375
347 379
347 385
347 401
347 406
347 418
347 422
347 424
347 429
347 484
347 496
348 351
348 358
348 379
348 384
348 388
348 397
348 408
348 409
348 426
348 428
348 444
348 460
348 464
348 466
348 467
348 480
348 485
348 488
349 355
349 357
349 377
349 380
349 383
349 385
349 386
349 397
349 400
349 403
349 415
349 422
349 437
349 453
349 460
349 464
349 481
350 352
350 376
350 391
350 393
350 400
350 409
350 415
350 423
350 426
350 440
350 441
350 456
350 474
350 475
350 489
351 371
351 376
351 402
351 405
351 416
351 421
351 426
351 448
351 457
351 464
351 465
351 469
351 489
351 499
352 369
352 379
352 381
352 393
352 395
352 400
352 407
352 423
352 424
352 446
352 448
352 461
352 463
352 472
352 473
352 498
353 357
353 366
353 415
353 424
353 432
353 463
353 464
353 471
353 482
354 375
354 377
354 406
354 430
354 432
354 447
354 457
354 463
354 474
354 497
354 498
355 388
355 394
355 399
355 410
355 411
355 425
355 451
355 464
355 477
355 488
355 489
355 497
355 498
356 365
356 368
356 389
356 397
356 399
356 405
356 406
356 410
356 419
356 431
356 439
356 440
356 449
356 459
356 468
356 469
356 483
356 499
357 365
357 374
357 378
357 382
357 383
357 398
357 399
357 402
357 403
357 422
357 423
357 441
357 450
357 458
357 462
357 467
357 480
357 492
357 497
358 376
358 384
358 428
358 429
358 437
358 453
358 457
358 469
358 470
358 480
358 481
358 486
358 491
358 492
359 361
359 390
359 399
359 402
359 410
359 411
359 440
359 452
359 453
359 486
359 487
359 494
359 496
360 361
360 375
360 384
360 392
360 402
360 403
360 407
360 408
360 413
360 457
360 463
360 493
360 496
361 365
361 375
361 378
361 382
361 402
361 432
361 437
361 460
361 462
361 463
361 464
361 472
361 473
361 475
361 499
362 377
362 379
362 407
362 409
362 416
362 436
362 440
362 443
362 458
362 463
362 477
362 494
363 375
363 381
363 389
363 397
363 418
363 422
363 433
363 436
363 447
363 464
363 465
363 478
363 479
363 494
363 499
364 391
364 394
364 407
364 412
364 420
364 427
364 430
364 441
364 447
364 448
364 452
364 467
364 480
364 483
365 387
365 422
365 428
365 433
365 438
365 467
365 479
365 484
365 488
365 491
365 494
366 370
366 373
366 388
366 406
366 420
366 444
366 447
366 459
366 467
366 471
366 472
366 476
366 483
367 380
367 382
367 396
367 399
367 424
367 444
367 448
367 455
367 457
367 466
367 468
367 470
368 369
368 373
368 377
368 407
368 414
368 430
368 440
368 449
368 468
368 470
368 495
368 497
369 373
369 383
369 425
369 428
369 450
369 460
369 471
369 472
369 473
369 488
369 492
370 377
370 388
370 390
370 391
370 393
370 394
370 410
370 418
370 448
370 455
370 486
371 376
371 405
371 418
371 420
371 426
371 427
371 430
371 448
371 455
371 475
371 487
371 498
372 374
372 386
372 388
372 393
372 396
372 399
372 409
372 425
372 436
372 441
372 448
372 468
372 470
372 483
373 375
373 383
373 394
373 396
373 403
373 407
373 413
373 415
373 442
373 444
373 446
373 452
373 454
373 465
373 478
373 483
373 489
373 494
374 375
374 383
374 384
374 389
374 396
374 399
374 404
374 405
374 411
374 443
374 456
374 465
374 493
374 499
375 401
375 407
375 416
375 418
375 420
375 442
375 443
375 446
375 452
375 470
375 480
375 492
376 380
376 385
376 392
376 394
376 401
376 405
376 414
376 416
376 417
376 418
376 434
376 450
376 451
376 452
376 461
376 483
377 384
377 391
377 398
377 421
377 426
377 431
377 442
377 480
377 487
377 497
378 414
378 423
378 425
378 457
378 460
378 477
378 479
378 484
378 498
379 387
379 395
379 397
379 416
379 418
379 422
379 433
379 438
379 448
379 476
379 478
379 480
380 388
380 391
380 395
380 413
380 418
380 419
380 420
380 433
380 443
380 458
380 466
380 473
380 481
381 390
381 397
381 400
381 418
381 437
381 438
381 455
381 470
381 471
381 481
381 482
381 493
382 387
382 415
382 419
382 423
382 426
382 427
382 428
382 433
382 439
382 463
382 464
383 388
383 390
383 394
383 407
383 418
383 426
383 428
383 433
383 438
383 466
383 484
383 488
384 397
384 400
384 407
384 409
384 424
384 428
384 439
384 466
384 467
384 469
384 477
384 480
384 491
384 492
385 405
385 406
385 425
385 427
385 463
385 465
385 485
385 492
385 493
386 388
386 396
386 399
386 426
386 440
386 444
386 447
386 453
386 468
386 470
386 471
386 479
386 497
387 391
387 392
387 421
387 422
387 426
387 433
387 438
387 450
387 451
387 455
387 470
388 390
388 396
388 398
388 412
388 446
388 453
388 464
388 465
389 398
389 414
389 440
389 450
389 462
389 466
389 474
389 484
389 490
390 414
390 417
390 423
390 436
390 440
390 447
390 448
390 481
390 488
390 494
390 497
391 397
391 398
391 409
391 412
391 439
391 454
391 480
391 483
392 408
392 417
392 429
392 434
392 449
392 450
392 460
392 461
392 462
392 464
392 467
392 477
392 481
392 483
393 408
393 416
393 422
393 433
393 437
393 448
393 450
393 455
393 474
393 475
394 409
394 413
394 417
394 423
394 455
394 464
394 469
394 475
395 404
395 423
395 443
395 444
395 494
396 406
396 443
396 460
396 461
396 476
396 493
397 398
397 421
397 422
397 439
397 446
397 449
397 454
397 455
397 458
397 493
397 494
397 496
398 408
398 414
398 416
398 418
398 437
398 441
398 446
398 452
398 455
398 456
398 461
398 472
398 484
398 492
398 494
398 497
398 498
398 499
399 428
399 437
399 440
399 462
399 464
399 474
399 498
400 419
400 420
400 432
400 434
400 438
400 471
400 478
400 480
400 484
400 490
400 496
401 425
401 441
401 447
401 460
401 484
401 488
401 499
402 427
402 428
402 431
402 445
402 460
402 484
402 491
402 493
403 432
403 439
403 440
403 448
403 455
403 461
403 462
403 473
403 474
403 476
403 480
403 489
403 496
404 411
404 432
404 437
404 441
404 478
404 481
405 428
405 440
405 457
405 464
405 465
405 470
405 488
406 463
406 474
406 475
406 495
407 409
407 414
407 424
407 426
407 427
407 428
407 430
407 432
407 436
407 439
407 444
407 448
407 468
407 488
407 490
407 494
407 499
408 413
408 429
408 430
408 436
408 462
408 468
408 470
408 478
408 483
408 484
408 493
408 495
409 420
409 422
409 465
409 493
410 412
410 425
410 426
410 464
410 468
410 469
410 483
410 484
410 497
411 416
411 420
411 421
411 422
411 425
411 431
411 439
411 442
411 449
411 454
411 459
411 471
411 479
412 420
412 421
412 454
412 475
412 477
412 480
412 484
413 417
413 421
413 423
413 424
413 436
413 444
413 471
413 475
413 483
413 489
413 499
414 438
414 446
414 461
414 467
414 475
414 486
414 495
414 496
415 466
415 467
415 469
415 475
415 487
415 492
415 496
415 498
416 437
416 465
416 468
416 487
416 492
416 493
417 426
417 436
417 443
417 444
417 455
417 481
417 495
418 421
418 434
418 441
418 462
418 464
418 469
418 479
418 493
418 498
419 427
419 437
419 439
419 442
419 447
419 453
419 456
419 461
419 482
419 483
419 487
420 430
420 431
420 433
420 434
420 436
420 437
420 456
420 460
420 466
420 469
420 485
420 498
421 423
421 437
421 456
421 471
421 472
421 473
421 476
421 488
421 496
422 430
422 440
422 445
422 454
422 459
422 482
422 483
423 430
423 436
423 448
423 465
423 492
423 494
423 499
424 428
424 438
424 444
424 456
424 498
425 433
425 448
425 450
425 464
425 471
425 472
425 473
425 474
425 484
425 488
425 490
425 493
425 494
426 437
426 445
426 457
426 466
426 468
426 474
426 479
426 481
426 486
426 491
426 492
427 449
427 460
427 474
427 479
427 489
428 449
428 451
428 452
428 462
428 467
429 440
429 459
429 465
429 467
430 440
430 448
430 449
430 460
430 468
430 493
431 434
431 448
432 448
432 452
432 461
432 483
432 490
432 499
433 443
433 447
433 448
433 462
433 466
433 475
433 493
433 499
434 441
434 458
434 460
434 466
434 476
434 482
434 485
434 491
434 498
435 443
435 446
435 447
435 459
435 481
435 483
435 491
436 448
436 452
436 461
436 471
436 473
436 478
437 468
437 481
437 495
437 496
438 440
438 468
438 477
438 491
439 470
439 492
439 496
440 448
440 466
440 479
440 484
440 486
440 488
440 499
441 442
441 443
441 447
441 452
441 456
441 461
441 471
441 474
441 477
442 450
442 454
442 456
442 471
442 489
442 492
443 451
443 454
443 460
443 475
443 476
443 478
443 484
443 493
444 449
444 472
444 492
444 498
445 448
445 452
445 464
445 465
445 492
445 494
446 447
446 483
446 498
447 461
447 468
447 484
447 489
447 492
448 469
448 471
448 473
448 479
448 489
449 489
449 490
449 497
450 456
450 466
450 469
450 471
450 480
450 482
451 457
451 469
451 479
451 490
451 498
451 499
452 466
452 467
452 479
452 489
453 473
453 480
453 481
453 496
454 458
454 467
454 485
454 490
454 497
455 470
455 472
455 490
455 492
456 463
456 487
457 459
457 486
457 499
458 462
458 472
458 486
458 488
458 493
458 498
460 465
460 477
460 484
460 486
461 462
461 465
461 475
461 483
461 497
462 477
462 498
463 469
463 476
463 487
464 465
464 468
464 471
464 475
464 477
464 485
464 486
464 489
465 487
465 494
466 476
466 481
466 488
466 490
466 491
467 471
467 498
468 487
469 482
469 498
470 471
470 473
470 486
471 492
471 498
472 483
472 490
473 475
473 487
474 477
474 486
475 486
475 487
477 479
478 490
478 491
478 492
479 489
479 495
479 497
480 482
480 492
482 486
482 495
483 491
483 493
484 486
484 491
484 493
485 489
485 494
486 487
486 488
486 492
486 497
487 495
489 498
491 494
492 494
492 495
495 496
497 498
165 316 101 366 293 391 230 206 188 95 357 297 104 198 374 345 311 318 37 475 41 3 446 156 465 307 414 453 105 146 476 470 22 237 333 346 417 306 66 153 281 290 427 18 27 394 335 479 349 355 262 289 86 174 430 252 184 199 209 418 376 45 301 392 112 192 77 250 478 235 424 400 377 231 472 238 32 80 286 490 438 201 62 245 399 194 241 144 211 405 331 455 191 315 268 436 244 177 278 151
59 232 442 371 254 488 329 304 84 117 33 433 332 24 253 203 243 325 351 480 435 142 171 152 8 145 396 226 158 358 61 425 23 309 342 361 128 270 88 397 415 340 388 445 155 429 78 220 327 99 283 378 143 416 448 193 160 350 313 159 79 367 16 469 72 43 52 299 21 223 217 389 39 228 130 257 362 454 234 67 461 168 295 148 496 279 259 390 255 441 348 11 271 265 274 69 172 426 134 320
303 55 187 464 49 110 370 328 40 489 459 492 308 404 419 375 107 282 275 91 483 7 102 204 312 87 229 239 51 381 225 195 214 215 344 285 421 138 147 213 368 444 498 4 154 383 2 322 298 382 164 175 413 314 5 473 6 57 94 157 233 44 139 364 163 82 451 96 263 251 25 462 122 380 103 76 71 166 495 97 180 280 29 30 9 85 219 432 15 493 90 70 321 14 407 123 111 439 93 347
119 113 17 484 403 224 129 218 302 273 56 181 197 291 288 287 141 341 457 256 0 406 222 89 452 272 336 115 411 227 338 317 114 386 474 182 167 185 323 491 26 352 183 92 466 373 170 31 450 53 81 108 276 221 106 423 477 354 190 277 369 486 334 207 36 20 481 136 65 74 116 19 398 46 109 54 28 258 266 402 149 58 118 437 178 379 176 132 202 431 372 161 395 200 140 125 50 360 387 179
121 284 343 337 471 249 68 186 127 482 73 292 401 324 247 420 365 126 363 487 1 485 120 60 359 210 10 428 330 408 47 494 456 449 216 412 75 48 326 339 34 242 124 64 434 12 63 137 319 356 440 310 447 35 385 497 393 267 246 467 13 208 264 261 131 296 422 410 189 463 98 212 240 294 135 150 458 260 236 83 443 169 384 353 100 42 38 205 196 468 409 162 269 460 248 300 499 173 133 305
