50
275
5
70
48
0
51
32
0 11
0 14
0 15
0 18
0 22
0 25
0 27
0 33
0 36
0 38
0 41
0 45
0 46
1 6
1 17
1 22
1 25
1 28
1 31
1 36
1 39
1 44
1 48
2 3
2 5
2 6
2 12
2 15
2 17
2 18
2 19
2 21
2 22
2 24
2 32
2 33
2 35
2 43
2 44
2 47
3 5
3 7
3 13
3 17
3 21
3 28
3 35
3 36
3 42
3 48
4 10
4 11
4 13
4 14
4 17
4 29
4 34
4 43
4 44
4 47
4 48
5 12
5 29
5 30
5 34
5 35
6 8
6 20
6 24
6 30
6 33
6 40
6 42
6 46
7 14
7 15
7 17
7 19
7 24
7 26
7 29
7 32
7 48
8 9
8 18
8 19
8 24
8 25
8 32
8 33
8 38
8 40
9 18
9 36
9 38
9 39
9 40
10 18
10 19
10 21
10 24
10 26
10 28
10 31
10 34
10 36
10 40
10 44
10 46
10 48
11 12
11 14
11 17
11 22
11 27
11 29
11 31
11 32
11 47
12 13
12 18
12 30
12 40
12 41
12 44
13 32
13 38
13 39
13 44
13 45
14 16
14 17
14 18
14 22
14 28
14 33
14 36
15 16
15 18
15 20
15 30
15 32
15 37
15 38
15 39
15 41
15 45
16 23
16 25
16 30
16 41
16 47
16 49
17 32
17 40
17 46
18 21
18 24
18 30
18 34
18 35
18 47
19 22
19 30
19 31
19 33
19 42
19 43
19 45
19 47
20 24
20 36
20 37
20 38
20 41
20 42
20 48
20 49
21 29
21 33
21 37
21 44
22 26
22 31
22 38
22 40
22 43
23 24
23 25
23 27
23 30
23 33
23 41
23 47
24 32
24 35
24 36
24 40
24 44
25 28
25 30
25 39
25 42
25 43
26 30
26 34
26 35
26 43
27 31
27 32
27 33
27 36
27 39
28 36
28 40
28 41
28 42
28 43
28 46
29 31
29 37
29 38
29 39
29 45
29 47
30 31
30 33
30 37
30 39
30 41
30 43
30 46
30 48
30 49
31 34
31 36
31 45
31 46
32 36
32 37
32 43
33 34
33 39
33 45
33 46
33 49
34 36
34 47
35 36
35 47
35 48
36 43
36 44
36 45
36 48
36 49
37 38
37 43
37 45
37 48
38 41
38 42
38 43
38 46
38 47
39 43
40 41
40 42
40 46
41 45
41 49
42 44
42 48
43 46
44 45
49 3 5 19 13 2 9 21 37 28
35 26 43 25 22 47 24 17 0 29
39 30 40 32 16 18 31 10 4 45
44 12 7 36 8 11 38 41 33 1
23 46 34 14 20 6 15 48 42 27
