60
168
20
76
8
52
11
73
57
42
43
92
0
37
37
53
35
5
15
9
39
46
60
0 2
0 20
0 22
0 28
0 35
1 4
1 10
1 15
1 49
2 5
2 8
2 9
2 13
2 26
2 38
2 48
2 50
3 5
3 9
3 14
3 15
3 24
3 40
3 41
3 51
4 12
4 19
4 20
4 31
4 32
4 40
4 50
5 23
5 42
5 45
5 46
5 52
6 27
6 35
6 38
6 45
6 49
6 52
7 8
7 10
7 13
7 14
7 15
7 21
7 28
7 39
7 40
7 45
7 55
7 57
7 58
8 12
8 21
8 28
8 40
8 41
8 43
8 47
9 10
9 16
9 47
9 54
10 42
10 48
10 49
10 55
10 56
11 21
11 26
11 27
11 35
11 36
11 39
11 42
12 37
13 18
13 26
13 34
14 19
14 38
14 42
14 44
14 46
15 19
15 20
16 23
16 24
16 54
17 32
17 45
17 56
18 23
18 30
18 32
18 45
18 46
18 57
19 24
19 25
20 27
20 29
20 34
20 35
20 50
20 54
20 58
20 59
21 22
21 31
21 46
21 50
22 23
22 26
22 40
22 45
22 59
23 37
24 37
24 52
24 58
25 28
25 47
25 49
25 55
26 47
27 34
28 44
28 53
30 39
31 48
31 58
32 50
33 38
33 39
33 46
33 50
34 38
34 54
34 58
35 38
35 45
36 39
37 55
38 40
38 56
38 57
38 59
40 42
40 43
40 51
40 56
41 45
41 55
41 58
42 50
44 50
46 56
47 59
48 54
49 51
50 57
52 58
55 58
35 28 23
4 26 46
40 51 59
6 56 2
44 37 20
29 53 7
41 5 12
32 10 9
11 52 30
14 57 27
3 31 17
54 33 21
18 1 49
25 48 22
15 39 38
13 34 24
36 43 19
45 55 58
0 42 47
16 50 8
