60
529
5
99
87
84
22
97
0 3
0 4
0 6
0 19
0 20
0 21
0 23
0 26
0 28
0 30
0 35
0 37
0 40
0 42
0 48
0 52
0 54
0 55
0 56
0 57
0 59
1 5
1 7
1 19
1 22
1 26
1 29
1 33
1 36
1 37
1 41
1 45
1 47
1 54
1 58
1 59
2 6
2 11
2 18
2 25
2 30
2 35
2 36
2 39
2 46
2 52
2 57
2 58
2 59
3 6
3 7
3 9
3 16
3 18
3 21
3 26
3 35
3 36
3 39
3 45
3 48
3 56
4 5
4 7
4 8
4 10
4 11
4 14
4 20
4 22
4 23
4 27
4 29
4 32
4 33
4 37
4 40
4 47
4 49
4 52
4 57
5 6
5 9
5 10
5 14
5 17
5 30
5 31
5 34
5 37
5 38
5 40
5 45
5 54
5 57
5 58
5 59
6 11
6 12
6 14
6 15
6 16
6 17
6 28
6 30
6 31
6 32
6 34
6 35
6 36
6 41
6 42
6 43
6 47
6 49
6 52
6 54
7 9
7 10
7 11
7 18
7 22
7 24
7 26
7 37
7 38
7 50
7 53
7 55
8 10
8 14
8 18
8 19
8 22
8 25
8 26
8 29
8 30
8 31
8 35
8 37
8 38
8 41
8 42
8 44
8 54
9 17
9 27
9 30
9 35
9 38
9 41
9 42
9 43
9 44
9 46
9 49
9 50
9 52
10 11
10 15
10 16
10 17
10 28
10 40
10 44
10 47
10 56
10 57
11 13
11 14
11 15
11 17
11 18
11 20
11 22
11 26
11 28
11 29
11 31
12 16
12 17
12 23
12 24
12 25
12 26
12 37
12 38
12 42
12 46
12 47
12 50
12 51
12 55
13 15
13 16
13 26
13 27
13 34
13 38
13 43
13 44
13 45
13 47
13 51
13 52
13 55
13 56
13 58
13 59
14 15
14 18
14 25
14 26
14 28
14 34
14 36
14 40
14 43
14 49
14 54
14 59
15 16
15 25
15 28
15 29
15 33
15 35
15 40
15 44
15 45
15 46
15 47
15 49
15 52
15 53
15 54
16 20
16 22
16 29
16 33
16 41
16 46
16 54
17 19
17 21
17 27
17 28
17 29
17 31
17 33
17 36
17 39
17 46
17 47
17 48
17 57
17 59
18 22
18 28
18 31
18 33
18 35
18 40
18 43
18 44
18 47
18 48
18 49
18 52
18 55
18 56
19 21
19 24
19 27
19 32
19 33
19 34
19 35
19 39
19 42
19 43
19 46
19 48
19 53
19 56
20 21
20 22
20 27
20 28
20 30
20 31
20 35
20 36
20 37
20 44
20 48
20 55
21 22
21 29
21 31
21 33
21 37
21 38
21 39
21 42
21 43
21 44
21 48
21 51
21 52
21 54
21 56
22 26
22 28
22 30
22 31
22 34
22 38
22 40
22 42
22 48
22 51
23 25
23 30
23 31
23 32
23 33
23 39
23 40
23 46
23 47
23 48
23 51
23 52
23 53
23 54
23 58
24 33
24 42
24 43
24 44
24 45
24 50
24 57
24 58
25 26
25 27
25 29
25 31
25 36
25 38
25 39
25 44
25 45
25 46
25 49
25 50
25 52
25 56
26 29
26 33
26 35
26 39
26 41
26 43
26 45
26 52
26 58
27 29
27 31
27 33
27 36
27 41
27 44
27 48
27 49
27 51
27 57
27 58
28 30
28 34
28 36
28 37
28 38
28 39
28 42
28 43
28 46
28 48
28 49
28 52
28 53
28 57
28 58
28 59
29 38
29 42
29 43
29 47
29 54
29 56
29 58
29 59
30 37
30 41
30 42
30 49
30 50
30 51
30 54
30 55
31 32
31 34
31 37
31 42
31 47
31 50
32 40
32 41
32 45
32 48
32 50
32 56
33 37
33 40
33 41
33 44
33 45
33 47
33 56
33 57
33 58
34 39
34 44
34 49
34 51
34 56
34 57
35 36
35 40
35 45
35 48
35 52
35 55
35 57
36 40
36 42
36 45
36 47
36 51
36 56
36 58
37 43
37 49
37 52
37 56
37 57
37 59
38 41
38 42
38 49
38 51
38 54
38 55
38 56
38 58
39 43
39 48
39 50
39 51
40 41
40 42
40 43
40 44
40 48
40 51
40 53
40 55
40 56
40 57
40 58
41 42
41 44
41 52
41 53
41 55
41 58
41 59
42 44
42 46
42 51
42 53
43 44
43 53
43 55
44 46
44 47
44 50
44 54
44 56
45 56
45 59
46 48
46 51
46 55
46 56
47 54
47 57
47 59
48 55
48 57
49 51
49 53
49 56
49 59
50 52
51 54
51 55
51 56
52 53
52 58
53 55
53 58
53 59
54 58
55 59
56 58
57 58
22 27 48 39 58 13 52 34 42 15 8 1
25 17 9 44 38 19 28 4 51 24 37 53
36 14 57 5 29 11 12 7 55 3 33 6
54 41 50 46 21 59 18 35 32 2 23 0
31 49 30 43 40 10 45 16 56 20 47 26
