60
724
20
20
81
49
89
54
28
38
41
36
22
58
72
98
51
60
91
66
99
79
20
0 4
0 7
0 11
0 12
0 13
0 20
0 22
0 26
0 28
0 29
0 30
0 31
0 34
0 37
0 40
0 41
0 46
0 48
0 50
0 52
1 4
1 5
1 9
1 10
1 11
1 12
1 13
1 14
1 15
1 17
1 19
1 21
1 24
1 25
1 27
1 30
1 34
1 35
1 36
1 37
1 41
1 42
1 43
1 45
1 47
1 48
1 49
1 51
1 52
1 58
1 59
2 7
2 8
2 15
2 19
2 21
2 23
2 24
2 25
2 26
2 29
2 33
2 35
2 39
2 40
2 41
2 42
2 46
2 48
2 49
2 51
2 53
2 56
2 58
2 59
3 11
3 13
3 14
3 17
3 19
3 24
3 27
3 30
3 33
3 34
3 35
3 39
3 41
3 43
3 47
3 48
3 57
3 58
3 59
4 7
4 8
4 17
4 18
4 23
4 24
4 27
4 30
4 32
4 39
4 40
4 43
4 45
4 52
4 53
4 55
4 58
5 6
5 11
5 12
5 15
5 17
5 18
5 20
5 21
5 24
5 26
5 28
5 29
5 30
5 31
5 32
5 34
5 36
5 37
5 38
5 42
5 45
5 47
5 49
5 51
5 53
5 56
5 57
5 58
6 8
6 15
6 19
6 20
6 21
6 22
6 23
6 25
6 28
6 34
6 37
6 40
6 42
6 43
6 45
6 50
6 51
6 52
6 55
6 57
6 58
7 8
7 10
7 13
7 14
7 16
7 17
7 18
7 21
7 30
7 36
7 39
7 43
7 44
7 45
7 49
7 53
7 54
7 57
7 59
8 10
8 12
8 15
8 18
8 19
8 22
8 23
8 24
8 26
8 29
8 33
8 34
8 36
8 38
8 39
8 46
8 47
8 48
8 49
8 52
8 55
8 58
8 59
9 11
9 12
9 15
9 17
9 18
9 19
9 21
9 26
9 27
9 29
9 30
9 35
9 36
9 39
9 40
9 42
9 43
9 44
9 48
9 51
9 55
9 58
10 17
10 24
10 25
10 28
10 29
10 30
10 40
10 41
10 47
10 48
10 52
10 53
10 58
10 59
11 12
11 13
11 15
11 16
11 24
11 25
11 26
11 28
11 30
11 33
11 35
11 36
11 40
11 45
11 50
11 51
11 52
11 53
11 55
11 57
12 13
12 14
12 16
12 19
12 20
12 21
12 22
12 23
12 24
12 25
12 29
12 31
12 32
12 34
12 42
12 45
12 46
12 56
12 57
13 15
13 16
13 17
13 18
13 24
13 26
13 27
13 28
13 32
13 33
13 35
13 38
13 42
13 44
13 45
13 46
13 48
13 52
13 54
13 55
13 58
13 59
14 19
14 20
14 24
14 25
14 26
14 28
14 31
14 37
14 41
14 42
14 44
14 48
14 49
14 51
14 55
14 56
14 57
14 58
15 18
15 24
15 27
15 29
15 30
15 31
15 32
15 34
15 36
15 40
15 43
15 46
15 51
15 52
15 54
16 19
16 20
16 23
16 24
16 27
16 29
16 31
16 38
16 40
16 42
16 47
16 55
16 57
16 59
17 18
17 25
17 28
17 29
17 31
17 35
17 41
17 43
17 44
17 47
17 48
17 49
17 50
17 51
17 53
17 56
17 58
17 59
18 19
18 20
18 21
18 22
18 25
18 27
18 30
18 34
18 38
18 39
18 47
18 48
18 50
18 52
18 53
18 57
18 58
18 59
19 20
19 21
19 22
19 23
19 24
19 32
19 33
19 36
19 39
19 41
19 43
19 45
19 46
19 48
19 49
19 50
19 51
19 52
19 55
19 56
19 57
19 58
19 59
20 21
20 23
20 24
20 26
20 32
20 33
20 34
20 37
20 38
20 41
20 42
20 44
20 45
20 46
20 47
20 48
20 49
20 56
21 22
21 25
21 26
21 28
21 30
21 33
21 34
21 35
21 37
21 39
21 43
21 44
21 45
21 48
21 49
21 51
21 52
21 53
21 54
21 58
22 26
22 27
22 31
22 32
22 33
22 34
22 35
22 38
22 39
22 40
22 42
22 43
22 44
22 46
22 58
23 29
23 31
23 34
23 38
23 39
23 42
23 43
23 49
23 50
23 58
24 25
24 26
24 27
24 28
24 30
24 34
24 36
24 38
24 41
24 43
24 46
24 50
24 58
25 26
25 27
25 29
25 36
25 37
25 38
25 40
25 41
25 42
25 43
25 45
25 46
25 48
25 49
25 51
25 57
25 59
26 29
26 31
26 32
26 34
26 38
26 43
26 46
26 47
26 49
26 52
26 55
26 56
26 57
26 58
27 30
27 32
27 33
27 34
27 36
27 37
27 39
27 41
27 44
27 45
27 49
27 54
27 58
27 59
28 29
28 30
28 31
28 38
28 39
28 42
28 46
28 48
28 53
28 54
28 55
28 56
28 59
29 30
29 32
29 33
29 37
29 41
29 45
29 46
29 47
29 50
29 53
29 54
29 58
30 32
30 35
30 40
30 42
30 43
30 48
30 49
30 53
31 32
31 37
31 38
31 41
31 42
31 45
31 51
31 53
31 56
31 57
31 58
31 59
32 33
32 34
32 37
32 39
32 40
32 42
32 45
32 49
32 50
32 53
32 54
32 55
32 57
32 58
33 35
33 36
33 40
33 41
33 44
33 46
33 47
33 48
33 55
33 57
33 58
33 59
34 36
34 42
34 43
34 45
34 48
34 51
34 52
34 53
34 55
35 38
35 39
35 42
35 43
35 46
35 47
35 50
35 51
35 54
35 55
35 57
35 59
36 42
36 43
36 45
36 46
36 54
36 59
37 40
37 44
37 45
37 47
37 49
37 54
37 56
37 57
37 58
37 59
38 39
38 41
38 42
38 47
39 42
39 45
39 46
39 47
39 48
39 50
39 59
40 41
40 42
40 45
40 48
40 53
40 54
40 55
40 57
40 59
41 42
41 43
41 44
41 48
41 50
41 51
41 52
41 54
41 55
41 58
41 59
42 43
42 44
42 46
42 47
42 49
42 50
42 58
43 47
43 49
43 51
43 54
43 57
44 46
44 47
44 48
44 49
44 50
44 53
44 56
44 57
45 46
45 47
45 48
45 49
45 50
45 53
45 54
45 55
45 56
46 47
46 51
46 55
46 58
47 50
47 52
47 53
47 54
48 49
48 51
48 58
48 59
49 50
49 52
49 58
50 52
50 54
50 55
51 52
51 54
51 57
52 55
52 58
53 58
54 55
54 57
54 58
55 59
57 58
57 59
20 19 6
4 44 10
42 3 48
56 29 14
28 26 37
5 40 51
11 35 54
1 58 8
16 57 17
49 24 7
34 55 21
31 38 47
2 53 43
39 13 27
50 9 45
12 46 23
36 25 30
32 52 33
15 22 41
59 0 18
