60
337
5
30
96
4
44
90
0 9
0 16
0 18
0 26
0 28
0 38
0 40
0 42
0 55
1 3
1 7
1 8
1 12
1 15
1 16
1 19
1 27
1 28
1 39
1 46
1 55
2 10
2 11
2 12
2 15
2 25
2 35
2 42
2 51
2 54
3 9
3 12
3 13
3 25
3 39
3 47
3 51
3 59
4 22
4 25
4 31
4 37
4 38
4 41
4 54
4 56
5 6
5 11
5 12
5 15
5 18
5 19
5 20
5 23
5 41
5 44
5 51
5 54
5 57
6 12
6 13
6 18
6 32
6 36
6 37
6 41
6 42
6 50
7 15
7 17
7 24
7 26
7 33
7 42
7 43
7 48
8 9
8 10
8 14
8 16
8 19
8 20
8 28
8 33
8 40
8 46
8 52
8 56
9 12
9 17
9 19
9 22
9 26
9 37
9 38
9 43
9 46
9 50
10 11
10 14
10 21
10 23
10 25
10 31
10 45
10 47
10 50
10 55
11 29
11 30
11 31
11 37
11 41
11 42
11 47
11 53
11 54
11 58
12 14
12 16
12 18
12 31
12 33
12 41
12 43
12 46
12 48
12 57
13 15
13 17
13 19
13 30
13 42
13 45
13 46
13 50
13 52
13 56
13 58
14 16
14 26
14 47
14 52
15 19
15 20
15 24
15 36
15 41
15 42
15 43
15 48
15 49
15 51
15 55
15 57
16 32
16 40
16 45
16 46
16 49
16 50
16 51
16 57
16 59
17 19
17 24
17 27
17 33
17 45
17 46
18 26
18 31
18 35
18 37
18 51
18 54
19 26
19 28
19 30
19 39
19 42
20 22
20 24
20 36
20 38
20 39
20 41
20 47
20 49
20 52
21 22
21 26
21 38
21 41
21 45
21 51
21 56
21 57
22 23
22 25
22 34
22 46
22 47
22 49
22 55
22 58
23 30
23 37
23 41
23 46
23 47
23 51
23 54
23 58
24 25
24 27
24 28
24 33
24 35
24 37
25 35
25 42
25 43
25 44
25 59
26 27
26 28
26 44
26 47
26 48
26 51
27 32
27 36
27 41
27 50
27 53
27 55
27 57
28 36
28 39
28 42
28 44
28 45
28 46
28 49
29 33
29 38
29 43
30 33
30 36
30 39
30 40
30 41
30 51
30 55
30 59
31 38
31 40
31 43
31 55
31 58
31 59
32 37
32 44
32 45
32 50
32 57
33 35
33 36
33 42
33 47
33 53
34 35
34 42
34 55
35 38
35 42
35 43
35 44
35 45
35 50
35 51
35 53
35 55
36 53
37 43
37 46
37 52
37 55
37 58
38 40
38 52
38 55
38 58
39 53
39 54
39 55
39 56
40 42
40 43
40 58
41 52
41 54
41 55
42 49
42 50
42 57
43 47
43 49
43 52
43 53
43 55
44 55
45 53
45 59
46 50
46 54
46 55
46 59
47 48
47 49
47 55
47 59
48 51
48 55
48 59
49 54
49 56
49 58
50 57
50 58
51 52
52 53
52 58
53 58
54 57
54 59
49 17 10 22 23 18 48 27 0 20 2 26
21 55 45 35 34 24 32 57 25 58 7 29
28 36 1 8 53 40 5 9 6 30 37 56
4 39 43 3 42 15 54 52 12 50 44 51
19 47 33 31 16 38 59 46 41 11 13 14
