60
888
10
81
35
30
62
35
75
73
18
2
54
0 1
0 5
0 6
0 8
0 10
0 11
0 13
0 14
0 15
0 18
0 19
0 21
0 22
0 23
0 25
0 27
0 29
0 30
0 31
0 32
0 36
0 43
0 44
0 45
0 47
0 49
0 53
0 56
1 4
1 7
1 10
1 12
1 15
1 16
1 18
1 19
1 20
1 21
1 22
1 25
1 30
1 31
1 32
1 33
1 36
1 39
1 40
1 48
1 51
1 53
1 55
1 56
1 57
1 59
2 5
2 8
2 11
2 12
2 15
2 18
2 19
2 24
2 26
2 27
2 30
2 31
2 32
2 34
2 35
2 36
2 37
2 40
2 42
2 44
2 45
2 46
2 47
2 48
2 49
2 51
2 54
3 4
3 5
3 7
3 8
3 11
3 12
3 13
3 15
3 16
3 17
3 19
3 21
3 26
3 28
3 30
3 32
3 35
3 37
3 38
3 39
3 40
3 43
3 45
3 46
3 47
3 49
3 51
3 59
4 5
4 6
4 7
4 9
4 10
4 13
4 14
4 15
4 16
4 17
4 22
4 24
4 26
4 27
4 29
4 32
4 34
4 36
4 37
4 38
4 41
4 42
4 44
4 46
4 47
4 48
4 50
4 51
4 55
4 56
4 57
4 58
4 59
5 6
5 11
5 12
5 16
5 19
5 20
5 22
5 23
5 25
5 28
5 29
5 33
5 41
5 45
5 46
5 47
5 51
5 56
5 57
5 58
5 59
6 7
6 8
6 13
6 15
6 19
6 20
6 23
6 24
6 25
6 29
6 30
6 32
6 35
6 37
6 38
6 40
6 41
6 46
6 48
6 53
6 57
6 58
6 59
7 9
7 10
7 12
7 16
7 18
7 21
7 22
7 23
7 24
7 26
7 27
7 29
7 30
7 32
7 33
7 36
7 37
7 38
7 39
7 40
7 41
7 42
7 43
7 44
7 45
7 47
7 49
7 50
7 51
7 52
7 53
7 54
7 55
7 56
7 57
7 59
8 11
8 12
8 13
8 14
8 17
8 18
8 19
8 20
8 22
8 24
8 25
8 27
8 28
8 29
8 32
8 33
8 37
8 40
8 44
8 45
8 46
8 47
8 48
8 49
8 50
8 51
8 52
8 53
8 56
8 57
9 10
9 12
9 16
9 19
9 21
9 24
9 25
9 26
9 28
9 29
9 32
9 35
9 36
9 37
9 42
9 43
9 46
9 47
9 49
9 51
9 53
9 55
10 11
10 13
10 14
10 16
10 17
10 19
10 20
10 22
10 24
10 27
10 28
10 30
10 31
10 36
10 43
10 45
10 46
10 47
10 48
10 49
10 50
10 53
10 56
10 57
10 58
11 13
11 14
11 16
11 21
11 22
11 23
11 25
11 26
11 31
11 32
11 33
11 34
11 38
11 40
11 41
11 43
11 47
11 48
11 50
11 53
11 54
11 56
11 57
11 58
11 59
12 13
12 14
12 15
12 16
12 17
12 21
12 23
12 24
12 25
12 26
12 27
12 28
12 30
12 32
12 33
12 35
12 36
12 40
12 41
12 42
12 47
12 48
12 52
12 53
12 54
12 55
12 56
12 57
13 14
13 16
13 18
13 19
13 25
13 26
13 29
13 30
13 31
13 32
13 34
13 38
13 40
13 45
13 46
13 49
13 50
13 51
13 52
13 53
13 54
13 55
13 58
13 59
14 19
14 20
14 22
14 23
14 24
14 25
14 26
14 29
14 31
14 37
14 39
14 43
14 45
14 48
14 49
14 53
14 54
14 56
14 57
15 16
15 17
15 19
15 20
15 21
15 23
15 24
15 25
15 26
15 28
15 29
15 30
15 32
15 33
15 34
15 36
15 37
15 38
15 39
15 42
15 45
15 46
15 50
15 53
15 56
15 57
15 58
16 18
16 24
16 26
16 29
16 30
16 35
16 36
16 37
16 38
16 40
16 41
16 44
16 46
16 48
16 49
16 50
16 51
16 52
16 54
17 18
17 19
17 22
17 23
17 24
17 25
17 29
17 32
17 33
17 36
17 38
17 39
17 40
17 41
17 42
17 44
17 47
17 50
17 51
17 52
17 53
17 58
18 19
18 22
18 24
18 27
18 28
18 30
18 32
18 33
18 36
18 39
18 40
18 43
18 44
18 47
18 48
18 49
18 50
18 51
18 56
18 57
18 58
18 59
19 21
19 24
19 26
19 29
19 34
19 36
19 40
19 44
19 46
19 48
19 52
19 54
19 56
19 59
20 22
20 24
20 26
20 28
20 32
20 33
20 35
20 37
20 39
20 40
20 41
20 42
20 43
20 44
20 47
20 49
20 50
20 52
20 54
20 56
20 57
21 22
21 24
21 25
21 26
21 29
21 30
21 32
21 33
21 34
21 35
21 39
21 41
21 43
21 45
21 46
21 48
21 49
21 50
21 54
21 57
21 58
21 59
22 23
22 24
22 25
22 26
22 27
22 29
22 30
22 33
22 38
22 39
22 41
22 45
22 47
22 48
22 50
22 53
22 54
22 57
22 58
22 59
23 24
23 26
23 27
23 30
23 32
23 33
23 34
23 36
23 38
23 41
23 42
23 44
23 45
23 46
23 48
23 52
23 53
23 54
23 56
23 57
23 58
23 59
24 26
24 27
24 28
24 32
24 34
24 39
24 44
24 46
24 47
24 50
24 55
24 56
24 57
24 58
25 27
25 28
25 30
25 31
25 32
25 33
25 35
25 36
25 41
25 43
25 45
25 46
25 47
25 48
25 49
25 51
25 52
25 53
25 54
25 56
25 57
25 58
25 59
26 29
26 30
26 31
26 32
26 42
26 44
26 45
26 46
26 48
26 49
26 53
26 54
26 59
27 28
27 31
27 32
27 36
27 37
27 38
27 41
27 42
27 45
27 49
27 50
27 51
27 53
27 54
27 56
27 57
27 59
28 31
28 34
28 37
28 38
28 41
28 42
28 43
28 44
28 45
28 49
28 53
28 54
28 56
28 57
28 59
29 30
29 35
29 36
29 37
29 41
29 42
29 44
29 48
29 49
29 50
29 51
29 52
29 53
29 56
29 57
29 59
30 31
30 36
30 40
30 41
30 42
30 43
30 44
30 45
30 48
30 50
30 51
30 53
30 56
30 57
30 58
30 59
31 33
31 34
31 37
31 40
31 43
31 45
31 46
31 47
31 48
31 49
31 50
31 51
31 58
32 33
32 37
32 40
32 41
32 42
32 45
32 46
32 48
32 49
32 51
32 53
32 55
32 57
32 59
33 35
33 37
33 43
33 46
33 51
33 53
33 59
34 36
34 37
34 41
34 44
34 45
34 47
34 49
34 50
34 53
34 57
35 36
35 37
35 41
35 42
35 45
35 46
35 47
35 48
35 50
35 51
35 52
35 53
35 56
35 58
35 59
36 38
36 40
36 41
36 42
36 43
36 44
36 45
36 48
36 52
36 53
36 56
36 58
37 39
37 40
37 46
37 48
37 50
37 52
37 55
37 57
38 39
38 40
38 42
38 43
38 44
38 52
38 59
39 40
39 44
39 46
39 48
39 49
39 50
39 51
39 52
39 53
39 54
40 43
40 45
40 47
40 48
40 49
40 53
40 54
40 56
40 58
41 43
41 44
41 46
41 47
41 49
41 51
41 54
41 55
41 56
41 59
42 44
42 48
42 49
42 51
42 52
42 54
42 55
42 56
42 57
42 59
43 46
43 47
43 49
43 51
43 54
43 58
44 45
44 46
44 47
44 48
44 51
44 52
44 54
44 56
45 46
45 47
45 50
45 51
45 52
45 53
45 56
45 58
45 59
46 47
46 49
46 53
46 56
46 57
46 59
47 48
47 49
47 50
47 51
47 57
47 58
48 49
48 52
48 56
48 57
49 52
49 54
49 58
49 59
50 51
50 53
50 54
50 55
51 52
51 53
51 55
51 56
51 58
52 54
52 55
52 56
52 57
52 58
53 54
53 55
54 55
54 59
55 58
56 57
56 59
57 59
24 13 46 28 26 44
2 4 42 34 58 53
10 31 45 48 1 9
15 51 30 40 59 56
32 41 33 0 37 6
8 19 55 25 3 52
57 36 21 11 16 49
54 23 7 38 17 20
5 12 39 47 27 14
29 43 50 35 22 18
