60
176
4
52
10
79
17
0 22
0 24
0 29
0 47
1 14
1 20
1 22
1 49
1 55
1 58
2 18
2 21
2 44
2 55
2 57
2 58
3 4
3 10
3 15
3 23
3 27
3 46
3 50
4 13
4 36
4 39
4 41
4 43
4 53
5 13
5 22
5 39
6 28
6 34
6 59
7 15
7 23
7 36
7 38
7 40
7 55
8 9
8 15
8 17
8 22
8 24
8 34
8 37
9 14
9 22
9 24
9 31
9 38
9 54
10 16
10 19
10 20
10 45
10 49
10 59
11 28
11 33
12 49
13 20
13 26
13 41
13 51
14 24
14 27
14 33
14 40
14 53
14 59
15 47
15 56
16 17
16 20
16 26
16 27
16 29
16 39
16 47
17 19
17 22
17 32
17 33
17 39
17 43
17 44
18 27
18 34
18 36
18 46
18 47
19 26
19 34
19 49
19 56
20 29
20 52
21 31
21 52
21 53
21 54
22 36
22 38
22 41
22 47
22 52
23 28
23 51
23 55
23 56
23 58
24 38
24 43
25 50
25 54
25 55
27 33
27 36
27 41
27 43
27 52
28 52
28 57
29 48
30 41
31 33
31 37
31 46
31 47
31 48
32 55
32 58
33 45
34 40
34 43
34 48
34 56
35 42
35 44
35 52
36 41
36 55
37 50
38 44
38 46
38 48
38 56
39 50
39 54
40 46
40 49
41 44
41 49
41 59
42 47
42 51
42 53
42 58
42 59
43 44
43 47
43 57
45 49
46 52
46 53
47 59
48 59
50 57
51 56
51 57
54 56
55 57
57 59
50 20 36 19 22 40 53 21 17 59 3 46 42 35 27 55 26 39
43 54 44 2 34 15 37 30 6 29 38 9 48 52 58 23 56 24
16 7 12 33 11 45 13 10 31 14 1 8 49 57 47 18 41 32
5 0 28 51 25 4
