60
855
20
82
88
86
18
93
47
66
38
87
61
79
91
94
95
11
47
84
21
74
5
0 3
0 5
0 8
0 9
0 13
0 14
0 15
0 16
0 19
0 20
0 21
0 23
0 25
0 26
0 27
0 28
0 31
0 32
0 34
0 35
0 36
0 42
0 44
0 45
0 46
0 49
0 51
0 52
0 53
0 59
1 3
1 4
1 13
1 15
1 17
1 20
1 22
1 23
1 25
1 28
1 30
1 35
1 37
1 42
1 43
1 46
1 47
1 49
1 51
1 55
1 56
2 4
2 6
2 7
2 12
2 13
2 14
2 15
2 17
2 18
2 19
2 22
2 24
2 29
2 33
2 36
2 39
2 42
2 44
2 46
2 53
2 54
2 58
2 59
3 4
3 6
3 7
3 9
3 11
3 15
3 17
3 19
3 21
3 25
3 29
3 30
3 32
3 34
3 35
3 41
3 48
3 49
3 51
3 52
3 53
3 54
3 55
3 56
3 59
4 6
4 7
4 9
4 10
4 13
4 14
4 15
4 16
4 17
4 18
4 19
4 20
4 21
4 22
4 23
4 24
4 25
4 26
4 27
4 28
4 31
4 34
4 37
4 40
4 41
4 42
4 48
4 49
4 51
4 52
4 53
4 54
4 55
4 56
5 6
5 9
5 10
5 12
5 13
5 14
5 15
5 16
5 21
5 22
5 24
5 25
5 26
5 28
5 32
5 34
5 35
5 36
5 37
5 38
5 39
5 40
5 41
5 43
5 45
5 46
5 48
5 51
5 54
5 55
5 59
6 8
6 12
6 13
6 16
6 18
6 22
6 23
6 24
6 36
6 42
6 46
6 52
6 53
6 56
6 58
6 59
7 9
7 14
7 16
7 17
7 18
7 20
7 21
7 23
7 26
7 27
7 28
7 29
7 31
7 32
7 33
7 34
7 35
7 36
7 39
7 45
7 48
7 51
7 52
7 54
7 55
7 56
8 11
8 14
8 15
8 16
8 17
8 19
8 20
8 21
8 23
8 24
8 25
8 27
8 29
8 32
8 34
8 35
8 36
8 38
8 40
8 46
8 49
8 52
8 55
8 58
8 59
9 12
9 13
9 16
9 18
9 19
9 20
9 23
9 26
9 27
9 28
9 30
9 31
9 34
9 36
9 37
9 39
9 41
9 42
9 43
9 44
9 45
9 46
9 49
9 53
9 58
10 13
10 14
10 19
10 20
10 22
10 24
10 27
10 30
10 31
10 33
10 34
10 38
10 41
10 44
10 47
10 49
10 50
10 52
10 54
10 56
10 58
10 59
11 13
11 14
11 15
11 16
11 18
11 19
11 21
11 23
11 27
11 28
11 29
11 31
11 32
11 37
11 39
11 40
11 42
11 46
11 48
11 49
11 51
11 52
11 55
11 56
11 59
12 13
12 16
12 18
12 19
12 20
12 22
12 23
12 24
12 25
12 26
12 27
12 29
12 31
12 33
12 36
12 38
12 40
12 41
12 42
12 43
12 47
12 51
12 53
12 54
12 59
13 14
13 16
13 19
13 20
13 21
13 23
13 24
13 25
13 28
13 29
13 30
13 32
13 35
13 36
13 38
13 42
13 43
13 45
13 46
13 48
13 49
13 50
13 53
13 56
13 57
14 17
14 26
14 29
14 30
14 31
14 32
14 35
14 38
14 40
14 41
14 43
14 45
14 49
14 53
14 54
14 56
14 57
15 16
15 18
15 19
15 21
15 22
15 23
15 29
15 30
15 31
15 32
15 33
15 34
15 42
15 43
15 45
15 46
15 47
15 48
15 49
15 50
15 51
15 53
15 55
15 57
15 58
15 59
16 18
16 20
16 22
16 23
16 24
16 27
16 28
16 33
16 35
16 36
16 38
16 39
16 40
16 44
16 45
16 46
16 47
16 48
16 49
16 50
16 51
16 53
16 54
16 56
16 58
17 19
17 20
17 21
17 23
17 25
17 27
17 28
17 31
17 33
17 35
17 37
17 39
17 40
17 41
17 46
17 49
17 56
17 59
18 19
18 21
18 27
18 29
18 31
18 33
18 36
18 40
18 43
18 45
18 46
18 49
18 52
18 53
18 55
18 56
19 20
19 21
19 22
19 23
19 24
19 25
19 29
19 31
19 34
19 41
19 44
19 45
19 46
19 50
19 52
19 54
19 55
19 56
19 57
19 59
20 21
20 22
20 25
20 26
20 28
20 30
20 31
20 33
20 37
20 38
20 41
20 43
20 45
20 46
20 47
20 54
20 57
21 25
21 27
21 29
21 30
21 32
21 36
21 38
21 42
21 44
21 45
21 46
21 49
21 50
21 55
21 57
21 58
21 59
22 23
22 28
22 29
22 31
22 32
22 38
22 39
22 40
22 41
22 42
22 47
22 49
22 50
22 51
22 52
22 53
22 54
22 57
22 58
23 26
23 30
23 32
23 35
23 37
23 38
23 39
23 40
23 41
23 42
23 43
23 44
23 45
23 46
23 51
23 54
23 58
23 59
24 29
24 30
24 31
24 32
24 36
24 37
24 43
24 44
24 45
24 53
24 58
24 59
25 27
25 28
25 29
25 30
25 32
25 33
25 34
25 35
25 36
25 38
25 39
25 40
25 44
25 47
25 48
25 50
25 51
25 54
25 58
26 28
26 30
26 33
26 34
26 35
26 36
26 39
26 41
26 42
26 43
26 45
26 47
26 48
26 49
26 50
26 52
26 53
27 30
27 32
27 33
27 35
27 36
27 37
27 41
27 46
27 48
27 49
27 51
27 52
27 53
27 57
27 58
27 59
28 29
28 30
28 31
28 32
28 35
28 38
28 42
28 43
28 45
28 46
28 47
28 50
28 53
28 54
28 55
28 57
28 58
29 32
29 34
29 35
29 36
29 37
29 38
29 40
29 41
29 42
29 43
29 44
29 46
29 49
29 50
29 54
29 58
30 34
30 35
30 37
30 39
30 40
30 42
30 44
30 47
30 48
30 49
30 50
30 53
30 58
30 59
31 35
31 39
31 40
31 41
31 43
31 45
31 46
31 49
31 51
31 52
31 55
31 56
31 57
31 58
32 33
32 35
32 38
32 39
32 41
32 43
32 44
32 46
32 47
32 49
32 51
32 52
32 56
32 58
32 59
33 36
33 39
33 40
33 43
33 45
33 50
33 51
33 52
33 53
33 58
34 37
34 39
34 40
34 42
34 50
34 54
34 56
34 59
35 40
35 41
35 42
35 46
35 50
35 52
35 53
35 59
36 38
36 40
36 41
36 44
36 45
36 47
36 49
36 50
36 51
36 52
36 55
36 59
37 40
37 41
37 44
37 47
37 49
37 50
37 51
37 52
37 53
37 55
37 58
37 59
38 39
38 42
38 43
38 44
38 45
38 46
38 47
38 48
38 51
38 58
39 40
39 42
39 43
39 44
39 49
39 51
39 53
39 54
39 55
39 58
39 59
40 41
40 42
40 43
40 44
40 45
40 46
40 49
40 50
40 51
40 52
40 53
40 55
40 56
40 58
41 42
41 43
41 47
41 48
41 51
41 52
41 55
41 56
41 58
41 59
42 43
42 45
42 47
42 48
42 49
42 53
42 54
42 55
42 56
42 58
43 45
43 47
43 49
43 51
43 52
43 53
43 54
43 55
43 56
43 58
44 46
44 48
44 54
44 55
44 56
44 58
44 59
45 46
45 47
45 49
45 52
45 54
45 56
45 59
46 48
46 51
46 52
46 53
46 54
46 56
46 58
46 59
47 48
47 50
47 52
47 53
47 54
47 57
47 58
47 59
48 49
49 50
49 52
49 55
49 56
49 57
49 58
50 51
50 54
50 57
50 58
51 52
51 59
52 53
52 54
52 55
52 56
52 58
53 54
53 55
53 56
54 57
55 57
56 58
4 39 55
16 21 19
30 5 8
17 52 25
27 41 45
44 24 6
49 38 2
15 59 42
12 54 57
56 22 20
31 53 51
36 9 28
43 50 18
32 47 7
40 37 14
58 13 1
33 48 29
46 11 3
0 23 35
10 26 34
