60
365
7
81
4
59
93
52
18
38
0 5
0 16
0 21
0 26
0 28
0 33
0 37
0 40
0 44
0 45
0 55
0 56
0 59
1 2
1 6
1 14
1 16
1 17
1 20
1 21
1 28
1 47
1 48
1 49
1 51
1 54
1 56
1 59
2 8
2 9
2 11
2 12
2 14
2 20
2 25
2 28
2 30
2 34
2 42
2 44
2 45
2 48
2 51
2 52
2 57
3 5
3 13
3 16
3 17
3 25
3 26
3 31
3 34
3 37
3 39
3 40
3 51
3 52
3 59
4 5
4 10
4 21
4 23
4 24
4 40
4 50
4 53
4 58
5 14
5 20
5 22
5 24
5 25
5 27
5 35
5 36
5 41
5 45
5 46
5 50
5 51
5 58
6 12
6 13
6 14
6 20
6 21
6 23
6 43
6 51
7 15
7 24
7 26
7 27
7 28
7 32
7 34
7 36
7 39
7 50
7 53
8 11
8 13
8 18
8 36
8 37
8 41
8 46
8 48
8 50
8 51
8 58
9 11
9 27
9 29
9 35
9 38
9 40
9 46
9 50
9 59
10 11
10 12
10 19
10 23
10 24
10 25
10 28
10 30
10 32
10 42
10 46
10 54
10 57
11 17
11 25
11 32
11 53
11 55
11 56
11 57
11 59
12 15
12 21
12 38
12 44
12 47
12 48
12 49
12 58
13 15
13 22
13 24
13 28
13 30
13 31
13 32
13 35
13 46
13 59
14 16
14 18
14 21
14 23
14 25
14 27
14 37
14 39
14 49
14 57
14 58
15 19
15 22
15 32
15 33
15 35
15 36
15 37
15 53
15 54
15 57
16 21
16 24
16 25
16 28
16 33
16 36
16 37
16 42
16 47
16 49
16 59
17 21
17 28
17 29
17 31
17 52
18 20
18 23
18 29
18 35
18 36
18 41
18 43
18 51
18 53
18 57
18 58
19 24
19 39
19 41
19 50
20 25
20 26
20 30
20 31
20 32
20 33
20 36
20 37
20 43
20 45
20 48
20 52
20 53
20 59
21 28
21 32
21 33
21 36
21 38
21 40
21 42
21 46
21 47
21 50
21 56
22 28
22 33
22 44
22 50
22 52
22 57
23 28
23 31
23 37
23 38
23 43
23 44
23 51
23 55
23 56
24 27
24 28
24 37
24 43
24 45
24 48
24 56
25 35
25 49
25 53
25 56
25 59
26 27
26 29
26 31
26 34
26 39
26 40
26 42
26 47
26 53
27 51
27 52
27 55
27 57
28 29
28 31
28 33
28 38
28 42
28 49
29 32
29 59
30 37
30 39
30 42
30 49
30 53
30 54
30 55
30 58
31 33
31 34
31 41
31 42
31 48
31 54
32 33
32 43
32 47
32 54
33 34
33 36
33 38
33 48
33 52
33 58
34 36
34 43
34 49
34 54
35 53
35 54
35 55
35 56
35 57
35 58
36 38
36 42
36 43
36 44
36 48
36 50
36 51
37 38
37 56
37 58
38 46
39 40
40 55
40 56
41 50
41 52
41 53
42 46
42 53
43 49
43 52
43 55
43 58
44 47
44 51
44 53
44 56
45 53
45 54
45 58
45 59
46 54
47 53
48 58
49 51
49 56
49 57
50 51
50 59
51 54
52 54
52 56
53 55
55 56
55 58
55 59
33 23 6 29 4 22 26 34 30
28 49 51 9 53 24 15 14 5
1 45 21 36 54 52 47 31 50
38 7 18 46 16 17 12 44 8
59 25 19 39 58 11 2 57 0
32 40 41 13 55 20 42 35 27
43 10 37 3 48 56
