60
182
5
88
51
82
23
75
0 1
0 3
0 15
0 21
0 26
0 36
0 37
0 59
1 15
1 21
1 35
1 50
1 51
2 20
2 23
2 58
2 59
3 20
3 37
3 45
4 7
4 21
4 29
4 52
4 55
4 56
4 58
5 14
5 23
5 53
5 59
6 7
6 31
7 14
7 18
7 21
7 23
7 57
8 12
8 16
8 20
8 29
8 45
8 53
9 15
9 17
9 33
9 40
9 48
9 59
10 12
10 25
10 28
10 39
10 41
10 52
10 53
11 14
11 27
11 37
11 39
11 41
11 43
11 50
12 27
12 53
12 57
13 20
13 23
13 25
13 31
13 37
13 40
13 49
14 33
14 34
15 18
15 35
15 47
15 50
16 19
16 36
16 44
16 51
17 31
17 37
17 50
17 53
17 55
18 25
18 27
18 30
18 31
18 33
18 42
18 49
19 55
19 59
20 26
20 28
20 53
21 36
21 44
22 24
22 30
22 38
22 44
23 25
23 37
23 53
23 58
24 35
24 37
24 38
25 52
26 38
26 54
26 55
27 41
27 43
27 47
27 48
27 55
28 34
28 54
28 55
29 36
29 42
30 31
30 44
30 51
30 53
30 55
31 35
31 36
31 38
31 44
31 56
32 37
32 38
32 45
32 47
32 50
32 54
33 34
33 38
33 39
33 40
33 43
33 56
34 39
34 46
34 57
35 41
35 49
35 50
35 55
35 58
36 52
36 56
36 59
37 47
37 49
37 53
38 41
38 42
38 50
40 49
41 48
41 58
42 55
42 59
43 59
44 51
44 56
44 58
44 59
46 51
48 53
48 57
53 56
54 56
13 23 12 8 49 1 15 58 37 20 47 7
48 25 21 54 35 22 17 41 55 30 51 5
39 19 3 40 52 10 31 36 4 45 34 29
2 6 43 16 26 50 59 46 14 53 28 33
32 44 42 38 57 18 11 56 0 9 24 27
