70
236
10
72
75
23
46
99
28
94
2
92
74
0 26
0 48
0 60
0 61
1 19
1 32
1 37
2 13
2 20
2 23
2 26
2 29
2 38
2 48
2 61
2 63
3 35
3 59
3 65
4 7
4 22
5 29
5 37
5 63
6 11
6 14
6 17
6 36
6 48
6 49
6 60
6 61
6 66
6 67
7 9
7 13
7 16
7 23
7 35
7 44
7 45
7 50
7 53
7 60
8 13
8 33
9 12
9 13
9 23
10 19
10 25
10 30
10 44
10 55
10 59
10 69
11 13
11 14
11 40
11 48
11 56
12 29
12 38
12 49
12 65
12 67
13 46
13 52
13 63
13 68
14 19
14 22
14 24
14 26
14 33
14 46
14 51
14 66
14 69
15 17
15 20
15 40
15 41
15 43
15 48
15 53
15 56
15 68
16 24
16 25
16 55
17 19
17 25
17 34
17 35
17 41
17 57
18 30
18 41
18 43
18 61
18 63
19 46
19 54
20 36
20 65
21 24
21 27
21 28
21 53
21 56
21 59
22 34
22 36
22 37
22 48
22 51
22 54
22 62
23 24
23 48
23 56
24 25
24 39
24 56
25 43
25 45
25 47
25 55
26 32
26 41
26 51
26 59
26 66
27 29
27 51
27 64
28 29
28 45
28 53
28 56
28 60
29 35
29 52
29 60
30 48
30 55
30 66
31 54
31 56
31 64
32 37
32 39
32 42
32 56
32 57
33 39
33 43
33 44
33 50
33 67
33 69
34 43
34 44
34 47
34 53
34 65
35 36
35 48
36 45
36 48
36 51
36 60
36 61
36 64
36 68
37 44
37 69
38 54
39 48
40 42
40 51
40 62
40 66
41 49
41 52
41 53
41 55
41 57
41 59
41 62
42 45
42 48
42 51
42 57
42 59
43 45
43 55
43 64
44 52
44 55
45 56
45 65
45 66
46 52
46 56
46 57
46 66
47 48
47 51
47 58
48 52
48 62
48 64
49 53
49 55
50 52
50 54
51 65
52 56
52 59
52 62
52 63
52 64
52 69
54 60
54 66
55 58
56 65
57 61
57 66
59 62
59 66
61 67
62 65
64 68
11 2 21 59 37 65 1
61 4 23 12 51 48 27
38 7 36 35 46 66 15
0 10 52 60 5 64 29
54 57 40 55 44 42 32
62 13 58 25 8 39 67
50 9 68 33 24 28 6
41 49 18 17 63 22 14
43 47 31 20 45 19 34
16 30 53 56 3 26 69
