70
459
10
17
25
81
25
15
89
95
86
17
18
0 11
0 13
0 24
0 25
0 37
0 38
0 45
0 46
0 63
0 64
1 2
1 3
1 19
1 21
1 23
1 32
1 38
1 41
1 52
2 5
2 7
2 22
2 24
2 28
2 29
2 30
2 39
2 42
2 45
2 47
2 48
2 50
2 51
2 61
2 66
2 68
3 8
3 14
3 15
3 21
3 28
3 41
3 44
3 48
3 54
3 56
3 61
3 69
4 8
4 16
4 17
4 21
4 29
4 30
4 31
4 33
4 38
4 41
4 43
4 52
4 53
4 55
4 62
4 65
5 9
5 10
5 11
5 14
5 15
5 41
5 45
5 50
5 56
5 58
5 64
6 7
6 12
6 22
6 26
6 27
6 33
6 35
6 37
6 42
6 48
6 51
6 56
6 61
6 66
6 68
6 69
7 11
7 17
7 18
7 21
7 24
7 34
7 49
7 51
7 55
7 56
7 61
7 63
7 65
8 9
8 18
8 19
8 23
8 26
8 30
8 34
8 40
8 43
8 45
8 47
8 50
8 51
8 53
8 60
8 61
8 66
8 67
9 23
9 24
9 40
9 53
9 56
9 57
10 14
10 23
10 31
10 34
10 40
10 50
10 58
10 68
11 17
11 18
11 19
11 20
11 21
11 29
11 32
11 33
11 35
11 38
11 41
11 42
11 52
11 53
11 54
11 60
11 63
11 67
12 15
12 20
12 22
12 25
12 26
12 27
12 28
12 33
12 38
12 51
12 52
12 60
12 64
12 66
13 17
13 21
13 27
13 41
13 47
13 52
13 57
13 62
13 64
14 19
14 25
14 28
14 33
14 38
14 46
14 54
14 55
14 58
15 19
15 23
15 41
15 45
15 51
15 53
15 59
15 62
15 64
16 20
16 23
16 26
16 27
16 34
16 52
16 62
16 68
16 69
17 37
17 39
17 45
17 47
17 48
17 50
17 56
17 61
17 68
18 23
18 25
18 26
18 51
18 52
18 66
18 68
19 20
19 22
19 24
19 27
19 30
19 31
19 32
19 41
19 45
19 47
19 52
19 55
19 63
19 65
20 24
20 37
20 41
20 42
20 45
20 57
20 65
20 67
21 27
21 43
21 56
21 66
21 68
22 25
22 34
22 38
22 42
22 45
22 55
22 62
22 63
23 27
23 28
23 32
23 34
23 39
23 48
23 51
23 55
23 57
23 58
23 66
24 27
24 29
24 30
24 33
24 43
24 44
24 45
24 49
24 56
24 62
24 65
25 30
25 51
25 57
25 60
25 63
25 64
25 68
26 29
26 30
26 34
26 40
26 41
26 42
26 43
26 54
26 62
26 64
27 29
27 35
27 39
27 45
27 47
27 48
27 51
27 52
27 57
27 59
28 30
28 43
28 44
28 47
28 49
28 52
28 56
28 57
28 65
28 68
29 33
29 39
29 49
29 50
29 64
29 65
29 67
30 34
30 35
30 37
30 40
31 33
31 36
31 43
31 45
31 46
31 49
31 50
31 52
31 56
31 60
32 57
32 62
33 36
33 40
33 43
33 48
33 50
33 52
33 53
33 55
33 57
33 60
33 62
33 69
34 52
34 55
34 58
34 62
34 65
34 67
34 69
35 40
35 42
35 51
35 52
36 45
36 47
36 55
36 58
37 44
37 50
37 53
37 57
38 40
38 42
38 46
38 66
38 67
39 49
39 51
39 52
39 55
39 59
40 43
40 51
40 54
40 56
40 64
40 68
40 69
41 46
41 50
41 52
41 53
41 59
41 67
41 68
42 49
42 55
42 58
42 59
42 61
42 64
42 65
43 48
44 49
44 52
44 60
44 63
44 64
45 46
45 52
45 56
45 59
45 63
45 68
46 47
46 48
46 52
46 55
46 64
47 48
47 50
47 52
47 62
47 67
48 51
48 61
48 66
49 53
49 57
49 60
49 67
50 51
50 53
50 58
50 59
50 60
50 62
50 65
51 56
51 61
51 66
51 67
52 57
52 58
52 60
52 61
54 58
54 65
54 66
54 68
55 59
55 62
56 69
57 59
57 61
57 63
58 60
58 64
60 67
60 69
63 67
67 68
24 53 52 9 33 45 68
19 41 32 46 8 55 51
16 14 7 10 5 66 2
57 35 56 31 61 48 63
69 0 58 11 12 54 67
43 20 26 29 23 13 65
38 59 28 3 17 44 34
50 18 1 40 60 4 47
30 42 25 22 36 15 21
62 37 27 39 6 49 64
