70
704
24
71
9
65
2
99
11
76
5
70
9
6
32
96
80
14
79
53
52
32
58
59
15
63
77
0 3
0 6
0 7
0 11
0 12
0 13
0 14
0 17
0 23
0 24
0 27
0 28
0 29
0 31
0 32
0 35
0 38
0 39
0 40
0 46
0 48
0 50
0 56
0 58
0 59
0 64
0 66
0 68
0 69
1 3
1 5
1 9
1 16
1 23
1 24
1 26
1 28
1 34
1 38
1 39
1 45
1 51
1 52
1 60
1 61
1 62
1 68
2 8
2 9
2 10
2 13
2 17
2 18
2 21
2 22
2 26
2 30
2 35
2 40
2 47
2 48
2 49
2 51
2 57
2 58
2 60
2 61
2 62
2 63
2 64
2 65
3 11
3 12
3 18
3 20
3 25
3 26
3 27
3 31
3 37
3 39
3 42
3 44
3 55
3 61
3 64
4 6
4 8
4 10
4 19
4 22
4 28
4 29
4 32
4 36
4 37
4 41
4 46
4 50
4 53
4 54
4 56
4 65
5 11
5 16
5 17
5 18
5 30
5 33
5 35
5 36
5 39
5 47
5 49
5 52
5 64
5 66
5 67
5 69
6 9
6 12
6 13
6 15
6 18
6 24
6 25
6 26
6 27
6 43
6 45
6 46
6 48
6 50
6 51
6 53
6 57
6 59
6 61
6 69
7 13
7 15
7 20
7 23
7 27
7 28
7 33
7 41
7 45
7 47
7 51
7 53
7 54
7 59
7 61
7 62
7 66
7 68
8 13
8 15
8 19
8 22
8 24
8 25
8 26
8 27
8 28
8 31
8 38
8 41
8 42
8 50
8 53
8 58
8 61
8 62
8 66
9 11
9 19
9 23
9 25
9 27
9 28
9 32
9 35
9 39
9 40
9 42
9 43
9 44
9 51
9 65
10 11
10 15
10 19
10 22
10 25
10 30
10 31
10 35
10 38
10 41
10 42
10 45
10 47
10 53
10 55
10 59
10 64
10 65
10 67
10 69
11 14
11 16
11 17
11 19
11 20
11 22
11 24
11 29
11 33
11 36
11 41
11 43
11 44
11 46
11 51
11 53
11 58
11 62
11 63
11 67
11 68
12 20
12 22
12 23
12 26
12 34
12 38
12 42
12 53
12 55
12 57
12 60
12 67
12 68
13 16
13 17
13 28
13 34
13 35
13 37
13 39
13 40
13 41
13 48
13 54
13 57
13 66
13 67
13 68
14 16
14 22
14 27
14 34
14 40
14 43
14 47
14 48
14 52
14 56
14 58
14 62
14 65
14 68
15 16
15 19
15 20
15 21
15 27
15 31
15 34
15 36
15 37
15 39
15 41
15 44
15 46
15 47
15 49
15 50
15 51
15 52
15 53
15 55
15 56
15 58
15 61
16 18
16 26
16 31
16 34
16 36
16 40
16 42
16 43
16 52
16 55
16 63
16 64
16 65
16 66
16 69
17 24
17 28
17 32
17 34
17 40
17 42
17 43
17 44
17 51
17 53
17 58
17 59
18 21
18 22
18 24
18 25
18 29
18 33
18 35
18 42
18 45
18 57
18 62
18 63
18 68
19 21
19 23
19 29
19 34
19 36
19 38
19 45
19 46
19 47
19 50
19 57
19 62
19 63
19 65
19 67
19 68
20 30
20 39
20 40
20 43
20 45
20 50
20 63
20 66
21 22
21 26
21 27
21 30
21 32
21 34
21 35
21 41
21 42
21 46
21 52
21 53
21 55
21 62
21 67
21 69
22 27
22 29
22 33
22 36
22 39
22 40
22 41
22 42
22 46
22 49
22 57
22 61
22 62
22 65
23 29
23 30
23 36
23 37
23 40
23 43
23 47
23 51
23 53
23 56
23 58
23 60
23 63
23 65
23 68
23 69
24 25
24 28
24 29
24 34
24 40
24 41
24 42
24 43
24 47
24 48
24 52
24 58
24 60
24 61
24 63
24 66
24 67
25 26
25 32
25 34
25 37
25 42
25 49
25 50
25 54
25 57
25 58
25 59
25 65
25 68
26 29
26 32
26 34
26 37
26 39
26 42
26 53
26 58
26 61
26 63
26 66
27 31
27 34
27 38
27 40
27 47
27 52
27 64
27 68
27 69
28 32
28 35
28 36
28 42
28 43
28 52
28 55
28 59
28 60
28 61
28 69
29 31
29 34
29 35
29 37
29 39
29 43
29 47
29 48
29 49
29 54
29 57
29 63
29 65
29 66
29 69
30 31
30 38
30 40
30 41
30 45
30 53
30 61
30 63
30 66
30 67
30 69
31 35
31 36
31 38
31 50
31 69
32 34
32 36
32 37
32 38
32 39
32 45
32 48
32 52
32 53
32 55
32 61
32 64
32 67
33 35
33 41
33 42
33 44
33 49
33 50
33 51
33 53
33 54
33 57
33 64
34 38
34 40
34 45
34 47
34 49
34 57
34 58
34 62
34 69
35 36
35 39
35 41
35 42
35 45
35 48
35 52
35 53
35 54
35 58
35 60
35 67
35 68
35 69
36 42
36 45
36 50
36 51
36 53
36 55
36 56
36 58
36 63
36 65
36 66
36 69
37 39
37 40
37 47
37 48
37 49
37 50
37 52
37 54
37 57
37 62
37 63
38 39
38 43
38 47
38 49
38 53
38 55
38 61
38 64
38 65
38 68
38 69
39 42
39 44
39 46
39 47
39 50
39 51
40 42
40 44
40 47
40 48
40 54
40 55
40 56
40 57
40 60
40 62
40 63
40 66
41 42
41 44
41 59
41 61
41 63
41 69
42 56
42 65
42 69
43 51
43 62
43 64
43 67
43 68
44 48
44 50
44 51
44 56
44 58
44 59
44 60
45 50
45 53
45 60
45 63
45 64
45 66
46 47
46 50
46 52
46 56
46 60
46 65
46 66
46 67
47 51
47 52
47 53
47 60
47 64
47 69
48 55
48 56
48 67
49 54
49 62
49 65
49 67
50 52
50 53
50 59
50 60
50 62
50 65
50 67
50 69
51 58
52 55
52 59
52 64
53 57
53 62
54 57
54 59
54 62
54 63
54 64
54 66
54 67
55 56
55 58
55 60
55 63
55 64
55 66
55 69
56 58
56 60
56 61
57 64
57 67
58 59
58 61
58 66
58 67
58 68
59 64
59 66
60 65
60 66
60 67
60 68
61 67
61 68
62 63
62 66
62 67
63 64
63 66
63 69
64 65
64 66
64 68
65 66
66 67
66 69
62 49 48
1 56 53
45 24 11
29 66 57
39 22 21
6 58 16
69 13 20
42 54 8
33 31 50
2 7 35
43 67 51
27 4 38
12 28 40
23 64 37
63 60 5
26 34 18
0 25 52
10 9 36
68 14 59
3 17 65
15 44 30
61 19 46
55 47 41
32
