70
239
7
98
9
36
83
96
49
17
0 10
0 25
0 37
0 44
0 59
0 65
1 14
1 20
1 57
1 62
2 9
2 10
2 16
2 19
2 22
2 34
3 13
3 18
3 20
3 21
3 35
3 44
3 65
3 68
4 41
4 52
4 55
4 58
5 18
5 35
5 61
5 62
5 68
6 7
6 11
6 36
6 42
6 48
7 12
7 34
7 40
7 46
7 62
7 69
8 12
8 17
8 34
8 42
8 55
8 57
8 62
9 15
9 17
9 20
9 26
9 28
9 36
9 56
9 57
9 62
9 65
10 25
10 33
10 34
10 50
10 59
11 25
11 32
11 40
11 56
11 57
11 59
11 60
11 67
12 15
12 26
12 29
12 41
12 56
12 58
12 63
13 26
13 29
13 33
13 55
14 18
14 53
15 22
15 34
15 38
15 42
15 51
15 52
16 32
16 35
16 38
16 39
16 56
16 64
16 67
16 69
17 27
17 31
17 37
17 43
17 66
18 42
18 43
18 67
19 20
19 36
19 41
19 42
19 44
20 28
20 35
20 42
20 45
20 49
20 69
21 22
21 30
21 34
21 40
21 50
21 55
21 59
22 26
22 42
22 46
22 47
22 54
23 29
23 32
23 34
23 38
23 44
23 68
24 25
24 27
24 37
24 38
24 45
24 47
24 53
24 54
24 59
25 28
25 34
25 50
25 60
25 62
25 63
25 66
26 27
26 34
26 38
26 43
26 57
26 60
26 68
26 69
27 43
27 63
27 68
27 69
28 31
28 42
28 49
28 61
28 66
28 68
29 31
29 53
29 57
30 38
30 51
31 55
31 57
31 65
32 33
32 47
32 61
33 46
33 52
34 49
35 40
35 49
35 63
36 48
37 40
37 66
38 47
38 63
39 41
39 47
39 53
39 65
39 66
40 44
40 45
40 48
40 52
40 53
40 59
41 48
41 56
41 58
41 61
42 48
42 53
43 46
43 49
44 53
45 47
45 65
46 47
46 48
46 49
46 58
46 59
46 64
48 60
49 57
49 63
50 53
50 62
52 63
53 59
54 57
54 64
55 64
57 60
57 61
59 60
60 66
61 66
61 67
64 68
68 62 38 20 2 44 8 13 53 28
59 60 19 4 17 55 32 27 9 12
61 52 0 37 65 10 51 33 54 11
22 46 6 5 21 24 30 25 3 66
29 35 40 41 69 42 49 48 1 56
58 23 36 57 18 67 50 7 47 63
64 43 15 45 16 31 14 39 34 26
