70
489
24
14
0
46
28
15
31
29
29
85
86
51
74
30
89
63
6
81
13
53
46
60
93
65
48
0 5
0 10
0 12
0 14
0 21
0 38
0 39
0 40
0 44
0 45
0 52
1 3
1 4
1 7
1 10
1 12
1 13
1 14
1 17
1 22
1 28
1 33
1 34
1 36
1 40
1 41
1 48
1 50
1 54
1 60
1 61
1 62
1 63
2 4
2 6
2 15
2 17
2 19
2 25
2 37
2 42
2 58
2 59
2 62
2 64
2 65
3 10
3 11
3 16
3 23
3 44
3 47
3 50
3 52
3 56
3 59
3 61
3 63
3 66
3 69
4 6
4 8
4 19
4 26
4 30
4 38
4 39
4 51
4 52
4 56
4 57
4 61
4 65
5 16
5 18
5 21
5 25
5 29
5 38
5 43
5 48
5 54
5 55
5 60
6 8
6 17
6 20
6 22
6 23
6 35
6 37
6 38
6 43
6 47
6 57
6 58
6 63
7 14
7 18
7 19
7 27
7 40
7 41
7 44
7 53
7 56
7 57
7 61
7 66
7 69
8 22
8 28
8 32
8 38
8 41
8 44
8 59
8 65
8 66
9 11
9 15
9 18
9 23
9 24
9 25
9 42
9 44
9 50
9 59
10 12
10 16
10 18
10 25
10 30
10 39
10 40
10 44
10 45
10 47
10 56
11 13
11 30
11 31
11 41
11 61
11 69
12 22
12 27
12 32
12 44
12 50
12 62
12 64
12 67
12 69
13 15
13 17
13 46
13 47
13 65
14 15
14 24
14 32
14 33
14 36
14 43
14 44
14 46
14 47
14 57
14 58
14 59
14 68
15 21
15 23
15 24
15 35
15 38
15 45
15 46
15 52
15 54
15 66
15 68
16 21
16 22
16 24
16 29
16 41
16 43
16 44
16 46
16 49
16 63
16 65
17 18
17 25
17 26
17 27
17 29
17 31
17 35
17 43
17 47
17 53
17 55
17 57
17 64
17 67
17 68
18 20
18 27
18 33
18 35
18 37
18 39
18 53
18 56
18 61
18 63
18 67
19 21
19 23
19 26
19 29
19 33
19 34
19 35
19 37
19 43
19 48
19 56
19 61
19 64
19 66
20 22
20 32
20 34
20 48
20 49
20 50
20 53
20 59
20 66
20 67
20 68
21 23
21 25
21 39
21 43
21 46
21 47
21 48
21 51
21 54
21 69
22 23
22 24
22 31
22 32
22 40
22 41
22 43
22 55
22 56
22 66
23 33
23 36
23 41
23 44
23 45
23 58
23 63
23 64
23 65
23 66
23 68
23 69
24 28
24 30
24 34
24 36
24 41
24 44
24 60
24 61
24 63
25 28
25 30
25 31
25 32
25 33
25 43
25 52
25 57
25 58
25 59
25 65
25 69
26 27
26 29
26 32
26 33
26 34
26 35
26 43
26 48
26 56
26 60
26 62
26 63
26 64
26 67
26 69
27 36
27 39
27 44
27 46
27 49
27 51
27 56
27 65
28 32
28 52
28 54
28 59
28 61
28 63
29 30
29 36
29 42
29 44
29 49
29 57
29 64
29 68
30 34
30 38
30 40
30 41
30 42
30 43
30 47
30 57
30 63
31 33
31 38
31 54
31 57
31 59
31 60
31 64
32 34
32 41
32 43
32 56
32 57
32 62
33 35
33 36
33 41
33 46
33 51
33 64
34 37
34 40
34 47
34 48
34 50
34 58
34 60
34 61
35 39
35 50
35 53
35 57
35 60
35 65
36 43
36 44
36 45
36 51
36 54
36 61
36 64
36 68
37 60
37 61
37 64
38 40
38 41
38 43
38 46
38 61
39 41
39 44
39 46
39 47
39 50
39 63
39 66
39 68
40 46
40 51
40 53
40 61
40 67
40 68
41 53
41 54
41 55
41 62
41 65
42 48
42 49
42 56
42 58
42 59
43 44
43 49
43 50
43 52
43 57
43 58
43 66
44 45
44 48
44 50
44 52
44 60
44 62
44 65
44 66
45 49
45 51
45 54
45 57
46 49
46 64
46 67
46 68
47 59
47 63
48 52
48 53
48 54
48 60
48 66
49 52
49 54
49 56
49 62
49 63
49 64
50 59
50 65
51 57
51 60
51 62
52 53
52 54
52 55
52 67
53 55
53 62
53 63
54 56
54 58
54 59
54 60
54 62
54 67
55 58
55 64
55 66
55 67
55 68
57 62
57 67
58 66
59 61
59 63
60 64
60 69
62 64
62 68
64 65
64 67
65 69
48 10 29
43 31 69
28 1 23
68 26 30
14 11 65
61 25 59
12 51 50
42 46 24
47 62 55
32 49 8
13 66 15
17 2 38
9 52 67
36 60 3
7 39 56
19 37 58
57 27 34
41 22 0
64 63 44
53 20 45
18 16 6
35 5 21
33 4 54
40
