70
486
4
24
69
93
38
0 11
0 24
0 27
0 32
0 41
0 47
0 54
0 55
0 66
0 67
1 15
1 21
1 32
1 39
1 45
1 47
1 55
1 65
1 68
2 6
2 9
2 13
2 18
2 29
2 38
2 40
2 43
2 46
2 50
2 56
2 62
3 20
3 25
3 27
3 35
3 39
3 50
3 54
3 58
4 6
4 10
4 11
4 15
4 29
4 39
4 44
4 52
4 55
4 56
4 66
5 6
5 8
5 11
5 12
5 16
5 17
5 21
5 28
5 32
5 36
5 51
5 59
5 60
5 63
6 12
6 16
6 19
6 35
6 40
6 41
6 43
6 47
6 49
6 57
6 59
6 61
6 66
7 10
7 20
7 27
7 31
7 39
7 42
7 44
7 48
7 54
7 56
7 62
7 68
8 17
8 22
8 24
8 27
8 28
8 29
8 31
8 34
8 37
8 39
8 41
8 43
8 45
8 53
8 56
8 59
8 60
8 63
8 68
9 18
9 21
9 22
9 28
9 30
9 33
9 37
9 42
9 46
9 48
9 53
9 54
9 55
9 62
10 14
10 15
10 19
10 21
10 25
10 28
10 32
10 36
10 37
10 51
10 60
10 63
10 68
11 31
11 32
11 33
11 44
11 47
11 49
11 50
11 55
11 56
11 64
11 65
11 67
12 17
12 19
12 25
12 26
12 27
12 28
12 35
12 51
12 54
12 56
12 59
12 60
12 64
12 67
13 15
13 25
13 27
13 31
13 36
13 39
13 40
13 46
13 48
13 50
13 56
13 60
13 69
14 18
14 19
14 25
14 51
14 52
14 56
15 16
15 18
15 20
15 23
15 29
15 33
15 37
15 40
15 43
15 46
15 47
15 52
15 57
15 65
16 19
16 21
16 25
16 32
16 33
16 38
16 44
16 53
16 68
16 69
17 19
17 20
17 23
17 33
17 37
17 38
17 54
17 58
17 60
17 66
17 68
18 27
18 33
18 34
18 41
18 47
18 51
18 61
18 62
18 64
19 21
19 33
19 38
19 40
19 41
19 55
19 58
19 61
20 25
20 37
20 42
20 46
20 53
20 57
20 62
20 68
21 31
21 38
21 59
21 60
21 63
21 69
22 24
22 25
22 30
22 42
22 45
22 46
22 57
22 60
22 63
22 65
23 28
23 32
23 37
23 41
23 47
23 48
23 52
23 54
24 27
24 32
24 36
24 40
24 43
24 47
24 48
24 54
24 57
24 61
24 63
24 64
24 65
24 68
25 26
25 28
25 30
25 32
25 34
25 36
25 37
25 39
25 40
25 42
25 51
25 53
25 55
25 56
25 57
25 62
25 63
25 69
26 27
26 29
26 39
26 41
26 46
26 47
26 57
26 61
26 62
26 68
27 28
27 35
27 45
27 46
27 62
27 66
27 67
28 32
28 36
28 41
28 43
28 53
28 58
28 67
29 32
29 42
29 46
29 54
29 55
29 63
29 67
30 34
30 35
30 37
30 43
30 61
30 63
31 35
31 42
31 49
31 52
31 53
32 39
32 41
32 42
32 50
33 47
33 48
33 50
33 53
33 54
33 58
33 67
33 69
34 39
34 40
34 47
34 50
34 56
34 63
34 64
34 67
35 39
35 40
35 47
35 52
35 60
35 62
35 63
35 64
35 66
35 69
36 41
36 43
36 50
36 54
36 58
36 60
36 61
36 65
37 39
37 40
37 43
37 46
37 47
37 49
37 50
37 58
37 59
37 63
37 67
37 68
38 42
38 46
38 47
38 50
38 52
38 53
38 56
38 58
39 45
39 49
39 61
39 63
39 65
40 48
40 49
40 50
40 51
40 58
40 61
40 63
40 64
41 42
41 45
41 47
41 59
41 67
42 47
42 51
42 52
43 45
43 49
43 57
43 60
43 65
43 66
43 68
43 69
44 45
44 59
44 65
44 69
45 48
45 55
45 58
45 64
46 48
46 60
46 61
47 50
47 52
47 61
47 67
47 68
48 51
48 57
48 62
48 63
49 51
49 54
49 59
49 61
49 64
50 51
50 52
50 53
50 56
50 63
50 65
50 69
51 56
51 67
51 69
52 59
52 61
52 64
52 65
53 57
53 62
53 66
54 63
54 65
54 68
56 69
57 63
57 67
57 68
58 59
58 66
58 69
59 64
60 62
60 66
60 69
61 66
61 68
62 68
66 69
68 69
41 5 48 59 21 24 63 3 51 66 62 29 36 45 56 0 16 60 12 30 58
32 10 57 1 53 39 50 27 23 49 34 4 65 31 67 14 13 55 26 8 22
15 69 35 61 42 44 19 28 18 54 17 20 33 52 47 7 43 9 64 68 46
37 2 6 40 38 25 11
