70
492
7
92
46
86
41
58
2
78
0 3
0 7
0 18
0 21
0 31
0 35
0 42
0 49
0 52
0 68
1 5
1 7
1 9
1 14
1 17
1 19
1 23
1 24
1 27
1 33
1 37
1 38
1 44
1 55
1 69
2 7
2 14
2 22
2 27
2 29
2 30
2 31
2 32
2 33
2 43
2 46
2 53
2 58
2 63
2 65
2 67
2 68
3 14
3 15
3 17
3 19
3 22
3 23
3 26
3 42
3 49
3 52
3 59
3 60
3 62
3 63
4 22
4 23
4 33
4 39
4 41
4 42
4 49
4 61
4 68
5 19
5 24
5 27
5 29
5 31
5 33
5 35
5 36
5 37
5 50
5 54
5 56
5 59
5 61
5 66
5 67
5 68
5 69
6 14
6 16
6 19
6 22
6 25
6 26
6 32
6 33
6 34
6 43
6 45
6 48
6 49
6 52
6 53
6 54
6 56
6 63
6 67
7 13
7 15
7 16
7 17
7 21
7 28
7 29
7 37
7 40
7 46
7 55
7 57
7 62
7 65
8 27
8 29
8 38
8 39
8 43
8 45
8 48
8 52
8 68
9 20
9 24
9 28
9 30
9 31
9 35
9 38
9 48
9 55
9 56
9 57
9 59
9 60
9 68
10 17
10 20
10 24
10 34
10 58
10 60
10 61
10 63
11 20
11 22
11 31
11 34
11 41
11 44
11 45
11 47
11 64
12 18
12 25
12 27
12 28
12 39
12 45
12 50
12 52
12 59
12 60
12 61
12 67
13 14
13 33
13 37
13 51
13 62
13 69
14 17
14 23
14 24
14 27
14 29
14 35
14 47
14 51
14 54
14 57
14 61
14 67
14 68
14 69
15 28
15 29
15 63
15 67
15 69
16 17
16 22
16 25
16 35
16 39
16 51
16 62
16 63
16 69
17 18
17 19
17 36
17 37
17 48
17 49
17 58
17 59
18 20
18 24
18 30
18 33
18 39
18 44
18 46
18 51
18 52
18 61
18 67
18 68
19 29
19 30
19 33
19 51
19 56
19 61
20 26
20 31
20 32
20 35
20 41
20 48
20 51
20 59
20 61
20 64
20 69
21 34
21 48
21 49
21 51
21 54
21 58
21 59
21 60
21 63
22 25
22 32
22 34
22 47
22 48
22 55
22 56
22 63
22 64
23 24
23 26
23 27
23 35
23 44
23 48
23 50
23 52
23 56
23 58
23 63
24 25
24 27
24 30
24 34
24 40
24 43
24 44
24 48
24 61
24 64
24 67
25 28
25 31
25 40
25 48
25 49
25 60
25 66
25 68
26 45
26 51
26 66
27 32
27 37
27 39
27 40
27 45
27 47
27 50
27 51
27 53
27 56
27 68
28 32
28 49
28 60
28 61
28 63
28 65
28 69
29 33
29 36
29 41
29 47
29 51
29 56
29 57
29 61
29 69
30 33
30 41
30 47
30 48
30 49
30 56
30 64
30 67
31 32
31 36
31 37
31 67
32 41
32 46
32 56
33 36
33 40
33 42
33 46
33 53
33 57
33 60
33 69
34 35
34 36
34 40
34 45
34 47
34 48
34 49
34 59
34 61
34 67
35 49
35 52
35 54
35 58
35 65
35 68
36 43
36 44
36 47
36 52
36 55
36 56
36 62
36 68
37 51
37 53
37 57
37 63
37 64
37 65
37 68
38 46
38 51
38 52
38 56
38 57
38 68
39 43
39 44
39 49
39 55
39 58
39 60
39 61
39 65
39 67
39 68
40 44
40 46
40 54
40 57
40 60
40 61
40 66
40 69
41 42
41 50
41 51
41 64
41 68
42 44
42 52
42 61
43 46
43 47
43 49
43 54
43 58
43 60
43 64
43 66
43 67
44 49
44 54
44 56
44 64
44 69
46 47
46 50
46 52
46 56
46 62
46 68
47 54
47 56
47 57
47 58
47 60
47 61
47 62
47 65
47 68
47 69
48 52
48 53
48 56
48 62
48 63
48 65
48 69
49 53
49 55
49 56
49 57
49 60
49 64
49 67
50 53
50 56
50 57
50 64
51 55
51 58
51 69
52 55
52 59
52 64
52 65
52 67
52 69
53 59
53 60
53 61
53 69
54 58
54 60
54 61
54 62
54 66
54 69
55 63
55 66
55 68
56 57
56 62
56 64
56 67
57 59
57 61
58 62
59 66
59 67
60 62
60 65
60 66
60 69
61 69
63 69
64 65
64 66
65 66
66 69
44 35 69 38 68 62 33 25 20 64
10 47 61 7 12 54 2 29 52 9
17 34 53 55 16 66 58 39 4 65
36 41 22 6 23 31 49 19 8 37
45 18 43 67 24 57 40 13 42 63
51 26 27 1 0 46 28 14 59 11
30 15 21 5 3 60 48 50 32 56
