70
1461
5
63
43
52
14
78
0 1
0 2
0 3
0 4
0 6
0 7
0 12
0 14
0 15
0 17
0 18
0 19
0 22
0 23
0 24
0 25
0 26
0 27
0 28
0 29
0 30
0 31
0 32
0 36
0 37
0 38
0 41
0 42
0 46
0 47
0 48
0 51
0 53
0 54
0 56
0 59
0 60
0 62
0 64
0 65
0 66
0 67
1 3
1 4
1 5
1 6
1 7
1 8
1 11
1 12
1 14
1 19
1 23
1 24
1 26
1 27
1 29
1 30
1 31
1 32
1 33
1 34
1 35
1 37
1 39
1 40
1 42
1 43
1 44
1 46
1 48
1 49
1 50
1 52
1 54
1 56
1 57
1 59
1 62
1 63
1 65
1 66
1 69
2 4
2 6
2 9
2 10
2 11
2 13
2 16
2 17
2 19
2 20
2 23
2 26
2 29
2 30
2 31
2 32
2 33
2 37
2 39
2 40
2 41
2 43
2 46
2 47
2 48
2 50
2 52
2 53
2 54
2 55
2 56
2 58
2 60
2 63
2 64
2 65
2 66
2 67
2 68
2 69
3 6
3 7
3 8
3 9
3 10
3 11
3 12
3 14
3 17
3 18
3 21
3 22
3 23
3 24
3 26
3 27
3 29
3 30
3 33
3 34
3 36
3 37
3 38
3 39
3 42
3 44
3 46
3 47
3 48
3 50
3 51
3 52
3 54
3 60
3 61
3 62
3 65
3 67
3 69
4 5
4 6
4 10
4 11
4 12
4 13
4 14
4 15
4 16
4 17
4 18
4 20
4 21
4 22
4 23
4 25
4 27
4 28
4 29
4 33
4 35
4 36
4 37
4 40
4 41
4 43
4 45
4 48
4 50
4 52
4 54
4 55
4 57
4 58
4 59
4 64
4 66
4 69
5 6
5 7
5 8
5 9
5 10
5 12
5 13
5 14
5 17
5 18
5 19
5 22
5 23
5 27
5 29
5 33
5 34
5 35
5 37
5 39
5 40
5 42
5 43
5 44
5 45
5 46
5 48
5 49
5 50
5 51
5 52
5 53
5 54
5 55
5 56
5 57
5 58
5 59
5 60
5 61
5 62
5 64
5 65
5 66
5 67
5 68
5 69
6 7
6 9
6 11
6 12
6 14
6 16
6 17
6 18
6 19
6 20
6 21
6 22
6 23
6 24
6 26
6 29
6 30
6 31
6 38
6 39
6 41
6 45
6 46
6 47
6 50
6 51
6 52
6 53
6 54
6 55
6 56
6 62
6 63
6 65
6 68
7 8
7 9
7 10
7 11
7 13
7 15
7 17
7 18
7 19
7 22
7 24
7 25
7 28
7 29
7 32
7 35
7 37
7 39
7 40
7 41
7 42
7 43
7 46
7 47
7 48
7 52
7 53
7 54
7 55
7 58
7 59
7 60
7 64
7 65
7 67
7 68
7 69
8 9
8 10
8 12
8 14
8 15
8 18
8 19
8 20
8 23
8 24
8 26
8 27
8 28
8 32
8 33
8 34
8 35
8 37
8 38
8 39
8 40
8 43
8 44
8 45
8 46
8 48
8 51
8 53
8 55
8 56
8 57
8 58
8 59
8 62
8 63
8 65
8 66
8 67
8 68
8 69
9 10
9 12
9 13
9 14
9 15
9 17
9 19
9 20
9 21
9 23
9 24
9 25
9 26
9 28
9 30
9 31
9 33
9 36
9 37
9 38
9 39
9 40
9 48
9 51
9 54
9 57
9 59
9 62
9 63
9 65
9 67
9 68
10 12
10 14
10 15
10 16
10 17
10 18
10 19
10 20
10 24
10 29
10 30
10 33
10 34
10 35
10 37
10 38
10 41
10 43
10 49
10 51
10 52
10 53
10 56
10 59
10 62
10 63
10 64
10 67
10 68
10 69
11 13
11 14
11 16
11 17
11 18
11 19
11 20
11 23
11 24
11 26
11 30
11 36
11 37
11 38
11 40
11 42
11 45
11 46
11 47
11 48
11 50
11 52
11 53
11 56
11 57
11 59
11 60
11 64
11 65
12 14
12 15
12 16
12 17
12 18
12 19
12 22
12 26
12 27
12 30
12 32
12 33
12 34
12 36
12 37
12 38
12 39
12 42
12 43
12 45
12 46
12 48
12 50
12 54
12 56
12 58
12 59
12 60
12 62
12 65
12 66
12 67
12 68
13 15
13 19
13 20
13 23
13 25
13 26
13 27
13 29
13 31
13 32
13 35
13 36
13 37
13 41
13 42
13 43
13 44
13 45
13 46
13 47
13 49
13 53
13 54
13 55
13 56
13 57
13 58
13 59
13 61
13 64
13 65
13 66
13 67
14 18
14 19
14 20
14 22
14 23
14 24
14 25
14 26
14 27
14 28
14 29
14 30
14 32
14 33
14 35
14 36
14 37
14 38
14 42
14 44
14 45
14 46
14 49
14 53
14 55
14 57
14 59
14 61
14 62
14 63
14 65
14 68
15 16
15 17
15 19
15 20
15 22
15 23
15 25
15 26
15 27
15 28
15 29
15 30
15 32
15 33
15 34
15 35
15 39
15 41
15 44
15 45
15 46
15 49
15 50
15 52
15 53
15 54
15 55
15 56
15 57
15 59
15 60
15 62
15 63
16 17
16 18
16 19
16 21
16 23
16 24
16 28
16 31
16 32
16 34
16 36
16 38
16 39
16 40
16 41
16 42
16 43
16 45
16 46
16 48
16 51
16 52
16 53
16 54
16 55
16 57
16 58
16 59
16 60
16 61
16 63
16 66
16 68
16 69
17 18
17 19
17 21
17 22
17 23
17 24
17 28
17 29
17 30
17 33
17 34
17 35
17 37
17 38
17 39
17 40
17 42
17 43
17 44
17 46
17 49
17 51
17 52
17 53
17 57
17 58
17 59
17 60
17 62
17 66
17 67
17 69
18 19
18 20
18 23
18 24
18 26
18 27
18 28
18 29
18 32
18 33
18 35
18 37
18 38
18 39
18 44
18 45
18 47
18 51
18 52
18 53
18 55
18 56
18 59
18 61
18 62
18 64
18 65
18 66
18 67
18 68
19 21
19 23
19 25
19 26
19 27
19 29
19 30
19 31
19 38
19 39
19 41
19 42
19 44
19 45
19 46
19 47
19 48
19 51
19 53
19 54
19 55
19 56
19 57
19 58
19 59
19 60
19 63
19 65
19 66
19 68
20 21
20 23
20 24
20 25
20 26
20 28
20 31
20 34
20 36
20 38
20 39
20 40
20 43
20 44
20 45
20 50
20 52
20 53
20 55
20 58
20 59
20 60
20 62
20 65
20 66
20 67
20 68
21 22
21 24
21 25
21 26
21 27
21 29
21 31
21 32
21 34
21 35
21 36
21 37
21 39
21 40
21 41
21 42
21 43
21 44
21 45
21 48
21 49
21 51
21 53
21 54
21 55
21 57
21 58
21 59
21 61
21 62
21 65
21 66
21 68
21 69
22 23
22 24
22 26
22 27
22 28
22 29
22 30
22 31
22 32
22 34
22 35
22 36
22 39
22 42
22 44
22 45
22 47
22 48
22 49
22 51
22 53
22 54
22 56
22 57
22 58
22 59
22 60
22 61
22 63
22 64
22 67
22 68
23 25
23 27
23 28
23 29
23 30
23 31
23 33
23 34
23 35
23 37
23 39
23 40
23 41
23 42
23 43
23 45
23 46
23 47
23 48
23 50
23 52
23 53
23 56
23 59
23 62
23 65
23 66
23 67
23 68
23 69
24 28
24 30
24 32
24 33
24 34
24 35
24 36
24 37
24 38
24 39
24 40
24 41
24 42
24 44
24 48
24 51
24 55
24 57
24 58
24 59
24 60
24 61
24 63
24 64
24 67
24 68
24 69
25 26
25 27
25 28
25 29
25 32
25 35
25 36
25 37
25 38
25 40
25 41
25 43
25 44
25 45
25 47
25 48
25 49
25 52
25 59
25 63
25 64
25 66
25 67
25 68
26 28
26 29
26 31
26 35
26 36
26 38
26 39
26 40
26 42
26 43
26 46
26 47
26 49
26 51
26 52
26 53
26 54
26 57
26 58
26 59
26 60
26 62
26 63
26 65
26 66
26 67
26 69
27 30
27 33
27 42
27 43
27 44
27 46
27 47
27 48
27 50
27 53
27 56
27 58
27 59
27 60
27 61
27 64
27 65
27 66
27 68
27 69
28 29
28 30
28 31
28 35
28 36
28 38
28 39
28 42
28 43
28 46
28 48
28 49
28 50
28 51
28 52
28 56
28 58
28 59
28 61
28 62
28 63
28 65
28 66
28 68
28 69
29 30
29 33
29 35
29 39
29 41
29 42
29 44
29 45
29 48
29 51
29 52
29 53
29 55
29 56
29 57
29 58
29 60
29 63
29 64
29 65
29 67
29 69
30 31
30 32
30 34
30 35
30 37
30 38
30 39
30 40
30 41
30 42
30 44
30 46
30 47
30 49
30 51
30 53
30 54
30 59
30 60
30 61
30 62
30 64
30 65
30 66
30 67
31 32
31 34
31 37
31 39
31 40
31 41
31 42
31 43
31 45
31 46
31 49
31 52
31 53
31 56
31 57
31 58
31 59
31 60
31 63
31 64
31 65
31 67
31 68
31 69
32 33
32 34
32 35
32 36
32 37
32 39
32 40
32 42
32 43
32 45
32 47
32 51
32 53
32 54
32 55
32 56
32 57
32 59
32 60
32 61
32 62
32 63
32 65
32 66
32 68
32 69
33 35
33 37
33 39
33 41
33 44
33 46
33 47
33 50
33 51
33 52
33 54
33 55
33 57
33 58
33 59
33 61
33 62
33 63
33 65
33 66
33 68
33 69
34 36
34 37
34 38
34 39
34 41
34 43
34 45
34 46
34 48
34 51
34 52
34 55
34 56
34 57
34 58
34 59
34 60
34 62
34 64
34 65
34 67
34 68
34 69
35 36
35 37
35 39
35 44
35 45
35 48
35 50
35 51
35 52
35 54
35 56
35 57
35 58
35 60
35 62
35 63
35 67
35 69
36 37
36 38
36 40
36 41
36 42
36 43
36 44
36 45
36 46
36 47
36 49
36 50
36 51
36 52
36 53
36 54
36 56
36 57
36 58
36 59
36 60
36 61
36 63
36 64
36 65
36 66
36 67
36 68
37 39
37 41
37 44
37 47
37 49
37 52
37 54
37 55
37 56
37 58
37 59
37 60
37 61
37 62
37 63
37 64
37 65
37 68
37 69
38 39
38 41
38 42
38 43
38 44
38 45
38 47
38 49
38 50
38 51
38 53
38 55
38 56
38 58
38 60
38 61
38 62
38 64
38 66
38 67
39 42
39 43
39 44
39 47
39 48
39 49
39 51
39 53
39 54
39 55
39 57
39 58
39 59
39 60
39 61
39 63
39 64
39 67
39 68
39 69
40 41
40 42
40 43
40 45
40 46
40 47
40 48
40 55
40 56
40 57
40 59
40 60
40 61
40 62
40 63
40 65
40 67
40 68
41 42
41 45
41 47
41 49
41 50
41 53
41 55
41 56
41 57
41 58
41 59
41 61
41 62
41 63
41 66
42 43
42 44
42 47
42 48
42 51
42 54
42 57
42 58
42 60
42 61
42 62
42 63
42 64
42 65
42 66
42 67
42 69
43 45
43 48
43 49
43 50
43 51
43 52
43 54
43 58
43 59
43 60
43 62
43 63
43 64
43 65
43 66
43 67
43 69
44 45
44 46
44 47
44 48
44 51
44 54
44 59
44 60
44 62
44 63
44 64
44 66
44 67
45 48
45 50
45 51
45 53
45 59
45 60
45 61
45 63
45 65
45 67
45 69
46 47
46 48
46 49
46 51
46 53
46 57
46 58
46 59
46 60
46 69
47 50
47 53
47 54
47 55
47 56
47 57
47 58
47 59
47 60
47 61
47 64
47 65
47 68
47 69
48 51
48 53
48 54
48 55
48 56
48 57
48 58
48 59
48 61
48 62
48 64
48 65
48 66
48 67
48 68
48 69
49 50
49 52
49 53
49 57
49 58
49 59
49 62
49 63
49 65
49 66
49 67
49 68
49 69
50 54
50 55
50 56
50 57
50 58
50 59
50 60
50 61
50 62
50 63
50 65
50 66
50 68
51 53
51 54
51 56
51 60
51 61
51 62
51 64
51 65
51 67
51 68
51 69
52 53
52 56
52 59
52 61
52 64
52 65
52 67
52 68
52 69
53 54
53 55
53 56
53 58
53 59
53 60
53 61
53 62
53 65
53 66
54 56
54 57
54 60
54 62
54 63
54 64
54 65
54 67
55 56
55 57
55 58
55 59
55 60
55 62
55 65
55 66
55 67
55 68
55 69
56 57
56 58
56 60
56 61
56 66
56 67
56 68
56 69
57 59
57 60
57 61
57 63
57 64
57 65
57 67
57 69
58 59
58 62
58 64
58 65
58 68
58 69
59 63
59 65
59 66
59 67
59 69
60 61
60 62
60 64
60 65
60 66
60 67
60 68
60 69
61 63
61 67
62 63
62 64
62 65
62 66
62 67
62 68
63 64
63 65
63 67
63 68
64 65
64 66
64 67
64 68
65 68
65 69
67 69
68 69
3 56 49 29 63 43 36 23 44 35 24 8 15 39 25 38 22
10 0 14 68 53 42 4 41 67 51 59 46 62 66 6 69 26
27 65 5 2 50 7 33 30 20 13 21 52 37 57 17 16 32
47 9 45 11 61 12 60 19 40 55 48 58 28 64 34 18 31
1 54
