80
323
7
7
85
47
76
51
18
93
0 1
0 7
0 17
0 20
0 32
0 44
0 50
1 22
1 27
1 36
1 63
1 73
2 7
2 18
2 26
2 29
2 36
2 38
2 43
2 60
2 63
2 66
3 11
3 28
3 48
3 51
3 59
3 66
3 73
4 5
4 8
4 22
4 26
4 53
4 60
4 66
4 68
5 24
5 36
5 37
5 39
5 43
5 50
5 55
5 57
5 60
5 64
5 73
5 74
6 20
6 22
6 27
6 33
6 39
6 44
6 51
6 58
6 68
7 32
7 60
7 62
7 63
7 70
7 76
7 78
8 14
8 15
8 26
8 54
8 57
8 59
9 15
9 21
9 40
9 44
9 46
9 49
9 66
9 79
10 40
10 46
10 56
10 58
10 72
11 12
11 14
11 17
11 28
11 39
11 46
11 52
11 60
11 75
12 16
12 26
12 35
12 46
12 51
12 70
13 21
13 24
13 31
13 42
13 44
14 18
14 21
14 26
14 28
14 42
14 51
14 75
15 38
15 42
15 52
15 60
15 64
15 65
15 67
15 70
15 75
16 29
16 31
16 36
16 37
16 48
16 50
16 51
16 54
17 48
17 63
17 67
17 72
18 29
18 53
18 58
18 67
18 77
19 29
19 31
19 32
19 42
19 46
19 51
19 56
19 57
19 65
19 73
19 76
20 61
20 62
20 64
20 69
20 72
21 23
21 32
21 66
22 32
22 39
22 53
22 59
22 66
22 76
22 77
22 78
22 79
23 25
23 40
23 43
23 50
23 52
23 57
23 67
23 70
23 72
23 79
24 33
24 35
24 44
24 51
24 64
24 75
25 30
25 38
25 51
25 78
26 43
26 72
26 74
27 32
27 39
27 47
27 69
27 70
28 40
28 43
28 46
28 58
28 70
29 30
29 42
29 51
29 54
29 62
29 71
30 41
30 48
30 64
30 76
31 48
31 65
32 48
32 57
32 65
33 37
33 42
33 46
33 58
33 59
33 63
33 64
33 72
34 36
34 41
34 44
34 48
34 52
34 61
35 45
35 48
35 49
35 58
35 59
36 38
36 40
36 55
36 56
36 74
36 76
37 47
37 54
37 63
37 72
37 78
38 49
38 56
38 66
38 79
39 61
39 69
39 76
39 77
40 42
40 62
40 72
41 54
41 63
41 66
41 73
41 74
41 77
42 46
42 72
43 44
43 49
43 54
43 69
44 64
44 65
44 78
45 46
45 69
46 62
47 67
47 73
47 79
48 78
48 79
49 60
49 70
49 73
49 75
49 79
50 52
50 65
50 78
51 53
51 56
52 55
52 77
53 54
53 77
55 60
55 67
55 69
55 79
56 59
56 69
57 68
57 72
57 75
57 76
58 65
59 68
59 70
59 71
60 62
60 77
61 62
61 64
62 64
62 67
62 69
62 71
62 75
62 76
63 79
64 65
64 76
66 69
66 71
70 72
71 73
73 74
55 38 5 26 63 78 66 4 20 74 22 57
13 56 79 52 48 7 17 27 0 19 44 35
12 54 67 2 71 25 76 15 16 29 65 68
31 30 18 33 47 32 43 8 41 73 6 14
62 53 11 40 39 45 61 59 10 3 75 28
60 64 77 21 34 58 50 37 36 69 46 72
23 42 70 1 24 9 49 51
