80
1630
10
68
17
34
87
11
22
48
7
15
0
0 1
0 5
0 9
0 10
0 12
0 13
0 14
0 15
0 16
0 17
0 18
0 23
0 24
0 26
0 27
0 30
0 33
0 34
0 35
0 39
0 41
0 44
0 45
0 48
0 50
0 51
0 52
0 54
0 57
0 58
0 59
0 61
0 65
0 69
0 73
0 74
0 78
0 79
1 4
1 6
1 7
1 8
1 9
1 12
1 13
1 15
1 16
1 18
1 19
1 23
1 24
1 26
1 28
1 29
1 31
1 34
1 36
1 37
1 38
1 40
1 42
1 44
1 46
1 48
1 49
1 50
1 56
1 61
1 62
1 63
1 71
1 72
1 73
1 74
1 75
1 76
1 77
1 79
2 4
2 5
2 8
2 9
2 11
2 12
2 14
2 15
2 17
2 19
2 21
2 24
2 27
2 29
2 33
2 35
2 36
2 40
2 42
2 45
2 47
2 48
2 50
2 52
2 54
2 57
2 58
2 59
2 60
2 63
2 64
2 65
2 75
2 77
3 4
3 6
3 7
3 8
3 11
3 15
3 20
3 21
3 22
3 31
3 32
3 34
3 35
3 36
3 37
3 38
3 40
3 44
3 45
3 46
3 48
3 50
3 53
3 59
3 62
3 66
3 67
3 71
3 72
3 73
3 74
3 76
3 78
4 5
4 7
4 10
4 11
4 12
4 13
4 15
4 17
4 18
4 19
4 20
4 21
4 22
4 24
4 26
4 27
4 29
4 31
4 32
4 35
4 38
4 41
4 42
4 43
4 48
4 50
4 52
4 53
4 54
4 55
4 57
4 59
4 60
4 61
4 62
4 63
4 64
4 68
4 69
4 70
4 72
4 74
4 75
4 79
5 6
5 8
5 10
5 11
5 13
5 14
5 16
5 17
5 22
5 23
5 25
5 26
5 27
5 29
5 31
5 34
5 37
5 38
5 39
5 44
5 47
5 48
5 53
5 59
5 60
5 61
5 62
5 64
5 70
5 75
5 76
5 77
6 8
6 11
6 13
6 16
6 17
6 18
6 22
6 23
6 24
6 25
6 26
6 27
6 28
6 29
6 31
6 38
6 41
6 43
6 47
6 48
6 53
6 54
6 56
6 62
6 65
6 68
6 69
6 70
6 71
6 72
6 74
6 75
6 76
6 77
6 78
7 8
7 9
7 10
7 13
7 15
7 16
7 18
7 19
7 21
7 22
7 24
7 25
7 28
7 32
7 33
7 35
7 37
7 38
7 41
7 43
7 45
7 47
7 50
7 51
7 53
7 54
7 60
7 62
7 63
7 65
7 68
7 69
7 70
7 72
7 75
8 9
8 10
8 11
8 19
8 20
8 21
8 22
8 23
8 26
8 27
8 28
8 30
8 31
8 32
8 33
8 34
8 35
8 36
8 38
8 39
8 40
8 42
8 45
8 46
8 47
8 48
8 49
8 50
8 52
8 53
8 54
8 57
8 62
8 64
8 66
8 68
8 69
8 71
8 72
8 74
8 75
9 11
9 12
9 13
9 15
9 17
9 18
9 22
9 24
9 27
9 28
9 29
9 30
9 32
9 33
9 34
9 37
9 38
9 39
9 40
9 41
9 44
9 45
9 46
9 47
9 48
9 49
9 50
9 54
9 57
9 58
9 60
9 61
9 62
9 63
9 64
9 65
9 67
9 68
9 70
9 71
9 72
9 75
9 76
9 79
10 11
10 12
10 15
10 16
10 17
10 18
10 19
10 20
10 22
10 23
10 25
10 28
10 37
10 40
10 41
10 42
10 44
10 45
10 46
10 47
10 52
10 53
10 54
10 57
10 59
10 62
10 63
10 64
10 70
10 74
10 77
11 12
11 15
11 16
11 18
11 23
11 25
11 28
11 29
11 32
11 36
11 38
11 39
11 40
11 42
11 44
11 45
11 48
11 52
11 54
11 56
11 58
11 59
11 60
11 61
11 62
11 63
11 64
11 65
11 66
11 67
11 68
11 71
11 72
11 74
11 75
11 76
11 77
12 17
12 20
12 21
12 24
12 25
12 26
12 28
12 29
12 30
12 32
12 37
12 39
12 40
12 42
12 43
12 45
12 47
12 49
12 53
12 54
12 56
12 57
12 61
12 62
12 64
12 69
12 72
12 73
12 75
12 76
12 77
12 78
12 79
13 15
13 22
13 23
13 24
13 26
13 27
13 28
13 31
13 34
13 37
13 39
13 42
13 43
13 44
13 48
13 51
13 55
13 59
13 60
13 63
13 64
13 66
13 67
13 68
13 69
13 70
13 71
13 73
13 74
13 79
14 15
14 18
14 19
14 24
14 25
14 28
14 29
14 30
14 32
14 34
14 36
14 37
14 38
14 40
14 43
14 44
14 45
14 47
14 48
14 49
14 51
14 54
14 58
14 60
14 61
14 63
14 64
14 67
14 69
14 71
14 73
14 74
14 76
15 16
15 17
15 19
15 20
15 22
15 23
15 24
15 27
15 28
15 30
15 33
15 34
15 37
15 39
15 41
15 43
15 49
15 50
15 52
15 56
15 59
15 60
15 63
15 65
15 66
15 68
15 70
15 72
15 76
15 79
16 17
16 18
16 19
16 20
16 21
16 23
16 24
16 28
16 29
16 30
16 35
16 37
16 38
16 39
16 42
16 44
16 49
16 56
16 60
16 61
16 66
16 67
16 68
16 69
16 70
16 71
16 72
16 73
16 74
16 75
16 77
16 79
17 24
17 26
17 30
17 31
17 33
17 38
17 39
17 41
17 46
17 47
17 49
17 54
17 57
17 58
17 59
17 61
17 63
17 64
17 65
17 66
17 67
17 71
17 72
17 77
17 79
18 21
18 24
18 28
18 31
18 33
18 34
18 35
18 37
18 38
18 39
18 40
18 41
18 42
18 48
18 49
18 50
18 53
18 56
18 60
18 61
18 65
18 71
18 72
18 73
18 74
18 75
18 77
18 78
18 79
19 22
19 25
19 27
19 28
19 29
19 31
19 32
19 33
19 38
19 39
19 40
19 41
19 42
19 46
19 48
19 50
19 52
19 54
19 58
19 59
19 60
19 63
19 66
19 67
19 68
19 69
19 71
19 72
19 73
19 74
19 75
19 78
19 79
20 26
20 27
20 29
20 31
20 32
20 34
20 36
20 37
20 39
20 40
20 44
20 46
20 47
20 48
20 49
20 50
20 54
20 57
20 58
20 59
20 61
20 62
20 65
20 66
20 68
20 70
20 71
20 73
20 75
20 76
20 79
21 28
21 29
21 30
21 32
21 33
21 34
21 36
21 37
21 38
21 39
21 40
21 43
21 44
21 48
21 49
21 50
21 51
21 52
21 53
21 54
21 55
21 56
21 58
21 59
21 61
21 64
21 66
21 68
21 72
21 74
21 75
21 76
21 79
22 24
22 26
22 29
22 30
22 31
22 34
22 38
22 43
22 45
22 46
22 47
22 50
22 51
22 52
22 53
22 54
22 56
22 59
22 62
22 65
22 66
22 70
22 72
22 73
22 75
22 76
22 77
23 24
23 25
23 26
23 27
23 28
23 33
23 34
23 35
23 37
23 38
23 39
23 41
23 42
23 43
23 45
23 47
23 49
23 52
23 55
23 59
23 62
23 65
23 67
23 69
23 72
23 75
23 76
23 78
23 79
24 25
24 26
24 27
24 32
24 34
24 35
24 39
24 40
24 41
24 42
24 44
24 47
24 48
24 49
24 50
24 55
24 56
24 58
24 59
24 62
24 63
24 64
24 65
24 66
24 69
24 73
24 74
24 78
25 26
25 27
25 29
25 31
25 32
25 33
25 35
25 36
25 37
25 38
25 39
25 41
25 42
25 43
25 44
25 45
25 47
25 51
25 52
25 53
25 54
25 55
25 56
25 57
25 59
25 60
25 61
25 64
25 65
25 67
25 68
25 69
25 72
25 74
25 78
25 79
26 27
26 30
26 31
26 33
26 34
26 35
26 36
26 37
26 38
26 39
26 40
26 43
26 47
26 50
26 51
26 52
26 54
26 57
26 58
26 59
26 61
26 63
26 64
26 65
26 66
26 67
26 68
26 71
26 72
26 73
26 75
26 76
26 77
26 79
27 28
27 29
27 30
27 34
27 38
27 40
27 41
27 42
27 43
27 44
27 45
27 48
27 49
27 50
27 52
27 55
27 57
27 58
27 61
27 64
27 65
27 66
27 67
27 69
27 73
27 74
27 78
27 79
28 30
28 32
28 33
28 35
28 36
28 38
28 39
28 40
28 41
28 45
28 46
28 47
28 48
28 50
28 54
28 55
28 58
28 59
28 60
28 62
28 63
28 64
28 67
28 68
28 71
28 78
28 79
29 31
29 35
29 36
29 37
29 39
29 40
29 45
29 47
29 48
29 49
29 54
29 59
29 61
29 63
29 64
29 67
29 68
29 69
29 71
29 72
29 73
29 77
30 35
30 37
30 41
30 44
30 47
30 49
30 50
30 52
30 54
30 55
30 56
30 57
30 58
30 60
30 64
30 65
30 67
30 68
30 69
30 70
30 76
30 79
31 32
31 35
31 36
31 39
31 40
31 41
31 47
31 53
31 54
31 56
31 57
31 58
31 59
31 61
31 63
31 64
31 65
31 66
31 67
31 68
31 69
31 71
31 72
31 74
31 76
31 77
31 78
31 79
32 33
32 42
32 49
32 50
32 51
32 53
32 54
32 55
32 56
32 57
32 59
32 60
32 63
32 65
32 66
32 67
32 68
32 69
32 70
32 73
32 74
32 79
33 35
33 39
33 40
33 41
33 44
33 45
33 46
33 47
33 48
33 49
33 50
33 52
33 56
33 58
33 62
33 63
33 65
33 69
33 70
33 71
33 73
33 75
33 76
33 79
34 35
34 37
34 39
34 42
34 43
34 44
34 45
34 46
34 47
34 48
34 53
34 55
34 56
34 57
34 60
34 61
34 64
34 66
34 68
34 71
34 72
34 73
34 74
34 76
34 77
35 36
35 37
35 43
35 45
35 46
35 50
35 51
35 52
35 56
35 62
35 63
35 69
35 70
35 71
35 72
35 73
35 74
35 76
36 39
36 40
36 42
36 44
36 52
36 53
36 55
36 56
36 58
36 59
36 61
36 64
36 65
36 66
36 67
36 68
36 70
36 71
36 72
36 74
36 76
36 77
36 78
36 79
37 38
37 39
37 40
37 43
37 44
37 46
37 48
37 51
37 56
37 59
37 60
37 61
37 62
37 63
37 66
37 68
37 69
37 70
37 72
37 73
37 77
37 78
38 42
38 44
38 45
38 51
38 52
38 54
38 55
38 57
38 59
38 61
38 64
38 66
38 68
38 70
38 74
38 75
38 77
38 78
39 41
39 43
39 44
39 45
39 46
39 49
39 51
39 56
39 57
39 60
39 63
39 64
39 66
39 67
39 69
39 71
39 72
39 75
39 78
40 41
40 44
40 45
40 47
40 48
40 49
40 51
40 52
40 53
40 55
40 57
40 58
40 59
40 60
40 62
40 64
40 65
40 66
40 67
40 71
40 73
40 74
40 76
41 43
41 44
41 45
41 48
41 49
41 50
41 52
41 53
41 56
41 58
41 59
41 60
41 62
41 65
41 68
41 69
41 71
41 72
41 73
41 74
41 77
41 79
42 43
42 45
42 48
42 50
42 51
42 53
42 54
42 55
42 57
42 59
42 60
42 61
42 64
42 65
42 68
42 69
42 72
42 73
42 75
42 77
43 44
43 45
43 46
43 49
43 50
43 51
43 53
43 54
43 56
43 57
43 58
43 59
43 66
43 68
43 69
43 70
43 72
43 74
43 76
43 78
44 47
44 51
44 53
44 58
44 61
44 62
44 63
44 68
44 71
44 72
44 73
45 48
45 49
45 50
45 51
45 52
45 54
45 55
45 58
45 59
45 60
45 61
45 62
45 63
45 64
45 68
45 72
45 76
45 78
45 79
46 49
46 51
46 53
46 54
46 55
46 56
46 59
46 61
46 62
46 65
46 66
46 68
46 69
46 70
46 72
46 73
46 75
46 76
46 77
47 50
47 51
47 52
47 53
47 54
47 57
47 58
47 60
47 61
47 62
47 64
47 66
47 67
47 68
47 69
47 71
47 74
47 75
47 77
47 79
48 49
48 50
48 51
48 53
48 54
48 55
48 56
48 58
48 59
48 60
48 61
48 62
48 64
48 66
48 67
48 68
48 69
48 70
48 71
49 50
49 51
49 52
49 53
49 54
49 56
49 58
49 59
49 60
49 61
49 63
49 65
49 66
49 67
49 68
49 69
49 71
49 72
49 73
49 74
50 51
50 54
50 57
50 58
50 60
50 61
50 64
50 65
50 66
50 68
50 69
50 71
50 76
50 77
50 79
51 52
51 56
51 58
51 60
51 61
51 62
51 63
51 67
51 70
51 71
51 72
51 73
51 75
51 76
51 77
51 79
52 53
52 54
52 55
52 58
52 61
52 62
52 63
52 64
52 65
52 66
52 68
52 69
52 70
52 72
52 74
52 77
52 78
53 54
53 55
53 57
53 58
53 60
53 61
53 62
53 64
53 65
53 68
53 69
53 70
53 73
53 75
53 77
53 78
53 79
54 55
54 59
54 66
54 68
54 69
54 71
54 73
54 75
54 76
54 77
54 79
55 56
55 57
55 59
55 62
55 64
55 65
55 66
55 72
55 75
55 76
55 77
56 58
56 62
56 64
56 65
56 67
56 68
56 69
56 70
56 71
56 74
56 75
56 78
57 58
57 59
57 62
57 63
57 66
57 72
57 73
57 75
57 76
57 77
58 61
58 63
58 67
58 68
58 72
58 74
58 77
58 79
59 62
59 66
59 67
59 69
59 73
59 74
59 75
59 77
59 79
60 62
60 63
60 65
60 70
60 71
60 72
60 74
60 76
60 78
61 62
61 63
61 64
61 66
61 67
61 69
61 70
61 71
61 73
61 74
61 79
62 63
62 67
62 68
62 69
62 71
62 74
62 75
62 76
63 64
63 68
63 77
64 65
64 66
64 68
64 69
64 70
64 71
64 74
64 75
64 77
64 79
65 66
65 67
65 68
65 69
65 71
65 72
65 73
65 74
65 76
65 77
65 78
66 72
66 74
66 75
66 76
66 79
67 68
67 70
67 71
67 74
67 76
67 77
68 69
68 72
68 73
68 76
68 77
68 79
69 71
69 72
69 73
69 74
69 75
69 76
69 77
69 79
70 72
70 73
70 74
70 75
70 76
70 78
71 72
71 73
71 74
71 75
71 78
72 73
72 75
72 78
72 79
73 75
73 76
73 79
74 75
74 76
75 76
75 77
75 79
76 77
76 78
76 79
77 79
78 79
59 33 22 74 67 46 36 45
62 44 21 27 54 48 13 51
38 69 14 34 20 18 31 73
30 3 11 75 50 68 25 10
72 64 29 37 79 71 61 39
56 57 49 47 41 63 16 60
0 15 35 24 19 8 43 23
12 28 78 58 40 76 9 4
7 26 32 70 77 65 6 55
2 1 66 52 53 5 17 42
