80
638
4
43
14
3
78
0 2
0 3
0 4
0 5
0 8
0 10
0 16
0 17
0 20
0 23
0 24
0 41
0 42
0 44
0 48
0 53
0 60
0 61
0 79
1 17
1 19
1 23
1 27
1 29
1 30
1 31
1 33
1 34
1 35
1 38
1 39
1 45
1 46
1 48
1 52
1 55
1 59
1 61
1 68
1 73
2 5
2 9
2 10
2 13
2 16
2 20
2 26
2 37
2 52
2 58
2 66
2 71
2 76
3 16
3 42
3 45
3 47
3 65
3 69
3 72
3 73
4 5
4 6
4 10
4 18
4 23
4 24
4 31
4 36
4 37
4 39
4 49
4 53
4 56
4 58
4 72
4 78
5 14
5 16
5 31
5 37
5 44
5 50
5 53
5 64
5 73
5 76
6 12
6 14
6 19
6 23
6 26
6 31
6 37
6 52
6 54
6 55
6 58
6 63
6 66
6 68
6 73
7 10
7 12
7 15
7 20
7 22
7 34
7 40
7 41
7 42
7 46
7 50
7 56
7 59
7 67
7 68
7 70
7 72
8 12
8 36
8 38
8 52
8 64
8 65
8 69
8 70
8 77
8 79
9 10
9 17
9 25
9 28
9 37
9 46
9 49
9 60
9 64
9 71
9 72
9 75
9 77
10 20
10 29
10 47
10 60
10 69
10 70
11 12
11 20
11 25
11 26
11 27
11 30
11 31
11 35
11 43
11 45
11 46
11 49
11 57
11 61
11 64
11 72
11 73
11 79
12 17
12 24
12 25
12 27
12 31
12 32
12 62
12 66
12 68
12 78
13 22
13 25
13 42
13 52
13 60
13 71
13 74
14 20
14 25
14 27
14 29
14 34
14 49
14 50
14 51
14 57
14 62
14 64
14 66
14 78
15 21
15 25
15 26
15 31
15 32
15 34
15 35
15 39
15 42
15 48
15 51
15 55
15 56
15 64
15 65
15 68
15 69
15 76
16 17
16 19
16 22
16 25
16 27
16 28
16 31
16 35
16 41
16 45
16 49
16 51
16 53
16 56
16 59
16 63
16 66
16 67
16 70
16 75
17 18
17 22
17 26
17 33
17 35
17 46
17 47
17 55
17 60
17 69
17 75
18 19
18 22
18 23
18 26
18 30
18 32
18 39
18 40
18 43
18 45
18 50
18 54
18 60
18 64
18 69
18 79
19 20
19 29
19 32
19 36
19 48
19 58
19 59
19 66
20 29
20 31
20 43
20 46
20 48
20 50
20 57
20 58
20 61
20 74
20 76
21 25
21 31
21 33
21 34
21 39
21 40
21 42
21 51
21 56
21 66
21 70
21 74
21 78
22 25
22 33
22 35
22 40
22 49
22 54
22 60
22 61
22 64
22 69
22 75
23 24
23 26
23 27
23 40
23 41
23 44
23 51
23 53
23 56
23 62
23 67
23 70
23 71
23 75
24 25
24 28
24 33
24 43
24 51
24 54
24 62
24 71
24 72
24 75
24 76
24 77
24 78
24 79
25 26
25 27
25 38
25 39
25 41
25 42
25 45
25 46
25 54
25 62
25 67
25 69
25 70
25 72
26 30
26 40
26 42
26 43
26 44
26 54
26 55
26 56
26 62
26 65
26 67
26 71
26 72
26 79
27 32
27 33
27 44
27 48
27 50
27 51
27 54
27 56
28 33
28 36
28 41
28 42
28 48
28 50
28 58
28 60
28 64
28 70
29 39
29 44
29 46
29 48
29 56
29 60
29 68
29 73
30 33
30 34
30 35
30 36
30 38
30 39
30 43
30 47
30 55
30 61
30 63
30 68
30 73
30 79
31 41
31 48
31 53
31 59
31 60
31 61
31 68
31 69
31 71
31 75
32 33
32 34
32 44
32 54
32 59
32 70
32 78
33 35
33 36
33 37
33 40
33 43
33 44
33 47
33 50
33 59
33 62
33 65
33 68
33 71
33 76
33 78
34 35
34 41
34 49
34 51
34 53
34 54
34 56
34 70
35 53
35 62
35 66
35 68
35 78
35 79
36 41
36 42
36 43
36 44
36 61
36 63
36 65
36 66
36 74
37 40
37 43
37 47
37 50
37 51
37 57
37 61
37 62
37 63
37 65
37 70
37 71
37 76
37 79
38 42
38 48
38 72
39 43
39 52
39 65
39 67
39 74
39 79
40 54
40 63
40 64
40 72
40 73
40 74
41 48
41 49
41 52
41 55
41 62
41 67
41 78
41 79
42 44
42 50
42 59
42 62
42 64
42 67
42 68
42 71
42 72
42 73
42 75
43 48
43 50
43 57
43 62
43 70
43 71
43 73
44 47
44 50
44 56
44 61
44 72
44 77
45 48
45 52
45 53
45 58
45 59
45 60
46 50
46 52
46 61
46 62
46 73
46 78
47 51
47 55
47 58
47 63
47 66
47 69
47 76
47 77
48 69
48 71
48 72
49 51
49 65
49 68
49 69
49 72
49 73
49 74
49 75
50 51
50 55
50 62
50 67
50 70
50 71
50 76
51 55
51 60
51 67
51 77
51 79
52 56
52 57
52 58
52 59
52 61
53 67
53 69
53 73
54 55
54 59
54 60
54 61
54 65
54 70
54 77
54 78
54 79
55 56
55 65
55 66
55 71
56 57
56 63
56 69
56 72
56 79
57 63
57 68
58 59
58 60
58 65
58 71
58 73
58 77
59 69
59 70
59 72
59 78
60 68
60 69
61 71
61 76
61 79
62 63
62 64
62 65
62 73
62 76
63 67
63 70
64 66
64 67
64 70
64 73
64 75
65 69
65 71
65 72
65 74
65 77
65 78
66 67
67 75
67 76
68 72
69 70
70 72
70 73
70 78
70 79
71 73
71 74
71 76
71 77
72 79
73 74
73 76
74 78
75 76
41 17 49 59 0 9 31 36 21 6 27 47 20 22 60 3 79 43 34 66 46 76 38 5
13 51 24 16 28 69 65 35 8 44 78 75 74 10 30 1 48 73 37 4 57 2 12 23
45 68 77 61 50 63 11 72 15 53 55 40 18 52 32 33 26 56 39 70 25 67 29 54
58 42 71 64 14 19 7 62
