80
1886
10
89
86
54
93
80
80
52
22
34
59
0 1
0 2
0 5
0 6
0 7
0 8
0 11
0 12
0 13
0 14
0 15
0 17
0 19
0 21
0 22
0 25
0 26
0 28
0 29
0 31
0 33
0 34
0 35
0 36
0 37
0 38
0 39
0 41
0 46
0 47
0 50
0 51
0 54
0 55
0 59
0 61
0 62
0 66
0 67
0 68
0 69
0 70
0 74
0 75
0 76
0 78
1 2
1 3
1 5
1 6
1 8
1 9
1 10
1 11
1 12
1 13
1 15
1 16
1 18
1 21
1 22
1 23
1 24
1 25
1 26
1 27
1 28
1 30
1 32
1 33
1 37
1 38
1 39
1 40
1 41
1 42
1 44
1 47
1 50
1 51
1 52
1 55
1 56
1 58
1 59
1 60
1 61
1 65
1 66
1 67
1 68
1 70
1 71
1 72
1 74
1 75
1 77
1 78
1 79
2 3
2 4
2 5
2 6
2 7
2 8
2 10
2 14
2 15
2 17
2 19
2 20
2 21
2 22
2 24
2 25
2 29
2 31
2 32
2 33
2 34
2 35
2 36
2 37
2 38
2 39
2 40
2 41
2 43
2 45
2 48
2 49
2 50
2 52
2 55
2 56
2 57
2 60
2 61
2 63
2 64
2 65
2 66
2 67
2 68
2 69
2 73
2 74
2 77
3 4
3 9
3 12
3 17
3 20
3 22
3 23
3 25
3 26
3 27
3 28
3 29
3 30
3 31
3 33
3 37
3 38
3 39
3 40
3 42
3 44
3 48
3 49
3 50
3 51
3 54
3 55
3 59
3 63
3 65
3 67
3 68
3 70
3 71
3 73
3 74
3 75
3 77
3 78
3 79
4 5
4 7
4 8
4 9
4 13
4 14
4 16
4 17
4 18
4 19
4 22
4 23
4 25
4 26
4 30
4 32
4 33
4 34
4 35
4 37
4 38
4 39
4 41
4 43
4 45
4 46
4 47
4 48
4 49
4 51
4 52
4 53
4 56
4 57
4 61
4 62
4 64
4 66
4 67
4 68
4 69
4 72
4 73
4 74
4 76
4 77
4 78
4 79
5 6
5 7
5 8
5 9
5 10
5 12
5 13
5 14
5 15
5 16
5 17
5 18
5 19
5 20
5 22
5 23
5 24
5 25
5 26
5 27
5 29
5 31
5 33
5 34
5 35
5 37
5 40
5 41
5 42
5 43
5 45
5 46
5 48
5 51
5 56
5 57
5 58
5 59
5 60
5 61
5 62
5 63
5 64
5 65
5 67
5 70
5 74
5 75
5 78
6 7
6 8
6 9
6 11
6 12
6 13
6 14
6 19
6 20
6 22
6 23
6 24
6 25
6 26
6 28
6 29
6 30
6 31
6 32
6 36
6 37
6 39
6 40
6 41
6 42
6 43
6 44
6 45
6 46
6 47
6 48
6 49
6 53
6 57
6 58
6 59
6 60
6 61
6 63
6 68
6 69
6 70
6 73
6 76
6 78
7 8
7 10
7 14
7 16
7 17
7 19
7 21
7 23
7 24
7 29
7 31
7 32
7 33
7 34
7 35
7 37
7 38
7 40
7 41
7 43
7 44
7 45
7 47
7 50
7 51
7 52
7 54
7 58
7 59
7 61
7 67
7 68
7 69
7 70
7 71
7 74
7 75
7 76
7 78
7 79
8 10
8 13
8 15
8 16
8 19
8 21
8 22
8 23
8 25
8 26
8 28
8 30
8 31
8 32
8 34
8 36
8 40
8 42
8 45
8 46
8 49
8 54
8 55
8 56
8 61
8 62
8 64
8 65
8 66
8 68
8 69
8 70
8 71
8 73
8 77
8 78
8 79
9 11
9 13
9 14
9 15
9 16
9 17
9 18
9 19
9 20
9 21
9 22
9 23
9 24
9 27
9 30
9 31
9 32
9 33
9 34
9 36
9 38
9 40
9 41
9 42
9 43
9 44
9 45
9 46
9 48
9 50
9 51
9 52
9 55
9 58
9 61
9 62
9 63
9 67
9 69
9 71
9 72
9 75
9 77
9 78
10 11
10 12
10 13
10 14
10 17
10 19
10 20
10 21
10 22
10 23
10 24
10 25
10 26
10 27
10 28
10 31
10 34
10 35
10 39
10 40
10 41
10 44
10 49
10 50
10 51
10 53
10 54
10 56
10 58
10 59
10 60
10 63
10 65
10 66
10 67
10 69
10 71
10 72
10 75
10 78
11 14
11 15
11 16
11 17
11 18
11 19
11 20
11 22
11 23
11 24
11 25
11 26
11 27
11 28
11 29
11 33
11 34
11 36
11 37
11 38
11 39
11 42
11 43
11 46
11 47
11 49
11 51
11 52
11 53
11 54
11 55
11 56
11 58
11 59
11 63
11 67
11 68
11 71
11 72
11 75
11 76
11 77
11 78
12 13
12 15
12 16
12 17
12 18
12 19
12 20
12 21
12 22
12 23
12 24
12 28
12 30
12 32
12 33
12 34
12 36
12 37
12 40
12 42
12 43
12 44
12 45
12 49
12 53
12 54
12 56
12 57
12 59
12 60
12 64
12 65
12 66
12 67
12 69
12 76
13 16
13 18
13 21
13 23
13 24
13 25
13 26
13 28
13 30
13 31
13 32
13 33
13 36
13 40
13 42
13 43
13 45
13 46
13 47
13 49
13 50
13 53
13 56
13 57
13 58
13 59
13 62
13 63
13 64
13 67
13 68
13 69
13 70
13 71
13 72
13 76
13 77
13 79
14 16
14 17
14 18
14 20
14 22
14 23
14 24
14 25
14 27
14 29
14 32
14 33
14 34
14 35
14 36
14 38
14 39
14 41
14 42
14 44
14 45
14 46
14 47
14 49
14 52
14 53
14 54
14 55
14 57
14 58
14 59
14 60
14 61
14 62
14 63
14 64
14 68
14 69
14 71
14 72
14 74
14 75
14 77
14 78
15 17
15 18
15 21
15 22
15 23
15 24
15 28
15 29
15 30
15 32
15 34
15 35
15 36
15 37
15 38
15 39
15 41
15 42
15 47
15 48
15 49
15 52
15 54
15 55
15 57
15 58
15 59
15 60
15 62
15 63
15 64
15 66
15 68
15 69
15 70
15 71
15 72
15 73
15 75
15 76
15 77
15 78
16 17
16 18
16 19
16 20
16 22
16 23
16 24
16 26
16 27
16 28
16 30
16 34
16 35
16 37
16 38
16 39
16 42
16 43
16 44
16 45
16 50
16 52
16 53
16 54
16 55
16 57
16 59
16 60
16 62
16 63
16 64
16 65
16 66
16 69
16 71
16 74
16 77
16 78
16 79
17 18
17 20
17 22
17 24
17 25
17 26
17 28
17 34
17 35
17 36
17 37
17 38
17 39
17 40
17 45
17 50
17 52
17 54
17 55
17 57
17 59
17 60
17 61
17 62
17 63
17 65
17 66
17 67
17 68
17 69
17 70
17 71
17 72
17 73
17 75
17 76
17 77
17 79
18 19
18 21
18 22
18 24
18 26
18 27
18 30
18 34
18 36
18 37
18 38
18 39
18 40
18 41
18 42
18 43
18 44
18 45
18 46
18 47
18 48
18 49
18 50
18 51
18 53
18 54
18 56
18 58
18 59
18 61
18 62
18 63
18 64
18 65
18 66
18 67
18 68
18 70
18 71
18 73
18 76
18 77
18 78
19 21
19 22
19 23
19 28
19 31
19 34
19 35
19 36
19 40
19 41
19 42
19 47
19 48
19 49
19 50
19 51
19 52
19 54
19 55
19 56
19 59
19 60
19 64
19 68
19 70
19 72
19 73
19 76
19 77
19 79
20 21
20 23
20 25
20 29
20 30
20 32
20 34
20 35
20 37
20 38
20 42
20 43
20 44
20 45
20 46
20 47
20 48
20 49
20 52
20 54
20 56
20 60
20 61
20 62
20 66
20 67
20 68
20 74
20 75
20 76
20 77
20 78
21 23
21 26
21 29
21 30
21 32
21 34
21 35
21 36
21 37
21 38
21 39
21 45
21 47
21 51
21 52
21 55
21 61
21 62
21 63
21 65
21 66
21 67
21 71
21 72
21 76
21 77
21 78
21 79
22 24
22 26
22 29
22 30
22 32
22 33
22 34
22 35
22 36
22 38
22 39
22 41
22 42
22 44
22 45
22 47
22 51
22 54
22 55
22 56
22 62
22 63
22 64
22 65
22 67
22 68
22 69
22 70
22 71
22 75
22 79
23 24
23 25
23 27
23 28
23 29
23 30
23 32
23 34
23 37
23 38
23 39
23 40
23 41
23 43
23 45
23 47
23 49
23 50
23 54
23 55
23 57
23 58
23 60
23 62
23 63
23 64
23 66
23 67
23 68
23 69
23 70
23 71
23 72
24 26
24 29
24 30
24 31
24 32
24 33
24 35
24 36
24 38
24 39
24 40
24 41
24 44
24 45
24 47
24 49
24 50
24 55
24 56
24 60
24 62
24 63
24 64
24 66
24 67
24 69
24 70
24 71
24 72
24 73
24 74
24 75
24 77
24 78
24 79
25 27
25 28
25 29
25 30
25 31
25 33
25 34
25 36
25 37
25 38
25 39
25 41
25 42
25 44
25 46
25 47
25 48
25 51
25 52
25 53
25 54
25 55
25 56
25 57
25 58
25 59
25 61
25 62
25 63
25 65
25 66
25 67
25 70
25 72
25 73
25 74
25 78
26 27
26 28
26 29
26 30
26 31
26 32
26 35
26 36
26 37
26 42
26 43
26 44
26 45
26 47
26 49
26 50
26 52
26 57
26 59
26 60
26 62
26 63
26 65
26 66
26 67
26 69
26 70
26 71
26 72
26 74
27 28
27 29
27 30
27 31
27 32
27 37
27 38
27 39
27 40
27 42
27 43
27 51
27 54
27 56
27 57
27 58
27 60
27 61
27 62
27 63
27 65
27 66
27 67
27 70
27 71
27 72
27 74
27 75
27 77
27 78
27 79
28 30
28 31
28 33
28 34
28 35
28 36
28 38
28 40
28 41
28 42
28 43
28 44
28 45
28 46
28 47
28 49
28 52
28 56
28 59
28 61
28 64
28 66
28 67
28 68
28 69
28 70
28 71
28 72
28 73
28 74
28 75
28 78
28 79
29 30
29 31
29 32
29 33
29 36
29 37
29 39
29 40
29 41
29 46
29 50
29 51
29 52
29 54
29 55
29 59
29 60
29 62
29 63
29 64
29 65
29 66
29 67
29 68
29 69
29 71
29 77
29 78
30 31
30 32
30 33
30 34
30 35
30 39
30 40
30 42
30 43
30 46
30 47
30 49
30 52
30 53
30 54
30 56
30 57
30 59
30 60
30 66
30 67
30 69
30 70
30 74
30 76
30 77
31 33
31 34
31 35
31 36
31 37
31 38
31 40
31 41
31 42
31 45
31 48
31 49
31 50
31 51
31 53
31 54
31 55
31 60
31 61
31 64
31 66
31 68
31 70
31 71
31 72
31 73
31 75
31 76
31 78
32 33
32 35
32 38
32 39
32 40
32 42
32 44
32 45
32 46
32 47
32 48
32 49
32 51
32 53
32 54
32 57
32 59
32 62
32 63
32 65
32 66
32 68
32 69
32 71
32 73
32 74
32 75
32 77
32 79
33 34
33 35
33 36
33 37
33 38
33 40
33 41
33 42
33 43
33 45
33 47
33 48
33 50
33 53
33 54
33 55
33 56
33 58
33 59
33 62
33 68
33 72
33 75
33 79
34 36
34 38
34 39
34 41
34 43
34 44
34 45
34 47
34 48
34 50
34 52
34 53
34 54
34 59
34 61
34 62
34 65
34 67
34 69
34 71
34 75
34 77
34 78
34 79
35 36
35 39
35 41
35 42
35 45
35 46
35 47
35 51
35 53
35 54
35 55
35 56
35 57
35 58
35 59
35 63
35 64
35 67
35 69
35 71
35 72
35 74
35 76
35 78
36 37
36 39
36 41
36 44
36 45
36 46
36 48
36 51
36 53
36 54
36 55
36 56
36 57
36 58
36 62
36 63
36 65
36 66
36 67
36 68
36 70
36 71
36 72
36 74
36 77
37 38
37 39
37 40
37 41
37 42
37 43
37 44
37 45
37 46
37 47
37 50
37 52
37 55
37 57
37 59
37 61
37 62
37 63
37 64
37 66
37 68
37 72
37 73
37 74
37 77
37 79
38 40
38 41
38 42
38 43
38 44
38 45
38 47
38 48
38 49
38 52
38 53
38 54
38 55
38 56
38 57
38 60
38 61
38 62
38 63
38 66
38 67
38 68
38 71
38 72
38 75
38 77
38 78
39 42
39 43
39 44
39 47
39 48
39 50
39 51
39 52
39 54
39 55
39 56
39 57
39 61
39 63
39 64
39 67
39 68
39 70
39 73
39 76
40 42
40 43
40 44
40 46
40 47
40 48
40 49
40 50
40 56
40 58
40 60
40 62
40 63
40 64
40 66
40 69
40 71
40 72
40 74
40 77
41 42
41 44
41 47
41 49
41 50
41 54
41 55
41 58
41 62
41 63
41 64
41 65
41 69
41 70
41 71
41 72
41 74
41 76
41 79
42 43
42 45
42 46
42 50
42 52
42 53
42 54
42 57
42 58
42 59
42 61
42 62
42 65
42 66
42 67
42 68
42 70
42 71
42 72
42 73
42 75
42 76
42 77
42 78
42 79
43 45
43 46
43 48
43 49
43 50
43 51
43 53
43 57
43 58
43 59
43 60
43 61
43 62
43 63
43 64
43 65
43 66
43 68
43 70
43 75
43 77
43 78
43 79
44 46
44 47
44 48
44 52
44 54
44 55
44 56
44 57
44 60
44 62
44 63
44 64
44 67
44 68
44 69
44 74
44 75
44 76
44 77
44 79
45 46
45 47
45 48
45 49
45 51
45 56
45 57
45 64
45 65
45 66
45 67
45 68
45 70
45 71
45 75
45 76
45 78
45 79
46 47
46 48
46 50
46 51
46 53
46 54
46 55
46 56
46 57
46 58
46 59
46 60
46 62
46 66
46 67
46 68
46 69
46 73
46 74
46 76
46 78
46 79
47 48
47 49
47 50
47 52
47 54
47 55
47 57
47 58
47 59
47 60
47 61
47 63
47 64
47 66
47 68
47 70
47 71
47 73
47 74
47 75
47 78
47 79
48 52
48 53
48 54
48 55
48 56
48 59
48 63
48 64
48 69
48 70
48 73
48 74
48 75
48 79
49 50
49 51
49 52
49 54
49 55
49 57
49 58
49 59
49 60
49 61
49 63
49 64
49 65
49 67
49 68
49 69
49 70
49 72
49 73
49 77
49 78
50 52
50 54
50 55
50 57
50 59
50 60
50 61
50 62
50 63
50 64
50 65
50 66
50 67
50 69
50 70
50 72
50 73
50 74
50 75
50 76
50 77
50 79
51 52
51 54
51 55
51 56
51 57
51 60
51 61
51 63
51 64
51 65
51 66
51 69
51 70
51 72
51 73
51 74
51 75
51 76
51 77
51 78
52 53
52 54
52 55
52 58
52 59
52 60
52 62
52 65
52 66
52 68
52 69
52 71
52 72
52 73
52 74
52 75
52 78
52 79
53 54
53 55
53 57
53 58
53 62
53 64
53 65
53 66
53 69
53 70
53 71
53 73
53 75
53 79
54 56
54 57
54 58
54 61
54 62
54 63
54 64
54 65
54 66
54 67
54 69
54 72
54 74
54 75
54 79
55 58
55 59
55 60
55 61
55 63
55 64
55 65
55 66
55 69
55 70
55 71
55 77
55 78
55 79
56 57
56 62
56 67
56 68
56 69
56 70
56 71
56 73
56 75
56 76
56 79
57 58
57 59
57 60
57 63
57 66
57 68
57 69
57 70
57 72
57 73
57 74
57 76
58 59
58 65
58 66
58 67
58 68
58 71
58 72
58 74
58 78
58 79
59 67
59 68
59 69
59 71
59 72
59 73
59 77
59 78
59 79
60 61
60 62
60 63
60 66
60 67
60 70
60 71
60 72
60 74
60 75
60 76
60 77
60 78
61 63
61 64
61 66
61 67
61 68
61 69
61 70
61 73
61 74
61 75
61 78
61 79
62 66
62 67
62 68
62 69
62 71
62 72
62 73
62 74
62 78
62 79
63 64
63 65
63 66
63 67
63 69
63 70
63 71
63 72
63 73
63 74
63 77
63 78
64 65
64 66
64 67
64 69
64 70
64 72
64 74
64 75
64 76
64 77
64 78
64 79
65 66
65 69
65 71
65 72
65 74
65 75
65 78
65 79
66 67
66 68
66 70
66 72
66 73
66 75
66 76
67 69
67 70
67 71
67 75
67 76
67 78
67 79
68 69
68 72
68 73
68 74
68 76
68 77
69 70
69 71
69 72
69 73
69 74
69 76
69 77
69 78
69 79
70 73
70 74
70 75
70 79
71 72
71 73
71 74
71 75
71 76
71 78
71 79
72 73
72 74
72 75
72 76
72 77
73 78
73 79
74 75
74 78
74 79
75 79
76 77
76 78
77 79
69 39 36 32 34 26 63 68
19 7 30 11 79 38 8 56
18 48 23 27 29 17 4 40
49 3 37 58 50 44 12 74
46 16 78 35 65 71 31 77
22 14 62 6 53 1 55 33
75 64 76 72 57 45 20 2
25 61 0 28 59 15 67 5
13 60 51 42 10 73 70 43
21 66 54 24 9 52 41 47
