80
331
4
75
2
89
70
0 3
0 25
0 47
0 51
0 53
0 64
1 18
1 19
1 60
1 69
1 73
1 74
2 11
2 27
2 29
2 42
2 43
2 51
2 53
2 56
2 57
2 60
2 64
2 75
3 6
3 19
3 26
3 38
3 43
3 50
3 59
3 70
3 73
3 77
4 14
4 16
4 52
4 53
4 56
4 61
5 9
5 14
5 24
5 35
5 36
5 43
5 65
5 69
5 75
6 7
6 14
6 22
6 29
6 34
6 36
6 43
6 49
6 52
6 55
6 59
6 60
6 67
6 79
7 8
7 21
7 33
7 35
7 53
7 60
7 64
8 21
8 40
8 45
8 69
8 72
8 75
9 23
9 51
9 58
9 59
9 67
9 71
9 73
9 78
10 19
10 22
10 24
10 29
10 40
10 65
11 47
11 51
11 57
11 58
11 60
11 62
11 64
12 26
12 31
12 41
12 55
12 56
12 61
13 20
13 50
13 63
13 68
14 19
14 31
14 38
14 45
14 52
14 53
14 54
14 59
14 63
14 67
14 72
14 74
15 40
15 52
15 56
15 61
15 68
16 27
16 31
16 36
16 39
16 48
16 53
16 64
16 65
16 67
17 27
17 31
17 44
17 48
17 55
17 67
17 72
17 74
17 78
18 21
18 46
18 48
18 49
18 62
18 67
18 72
18 74
19 21
19 55
19 61
19 79
20 33
20 50
20 71
20 72
20 74
21 23
21 24
21 27
21 39
21 41
21 45
21 66
21 69
21 74
21 75
21 76
21 79
22 27
22 35
22 50
22 51
22 55
22 57
22 67
22 68
22 74
23 38
23 45
23 68
23 73
24 40
24 50
24 55
25 45
25 46
25 48
25 56
25 62
25 70
25 78
26 29
26 38
26 50
26 62
26 68
27 34
27 41
27 65
27 68
28 42
28 59
28 61
28 62
28 65
29 38
29 40
29 45
29 56
29 58
29 59
29 60
29 76
30 37
30 46
30 48
30 52
31 33
31 46
31 56
31 74
32 34
32 58
32 60
33 45
33 76
34 44
34 52
34 56
34 60
34 72
34 77
35 43
35 52
36 41
36 44
36 55
36 64
36 65
36 74
37 55
37 56
37 59
37 60
37 64
37 68
37 69
37 75
38 40
38 43
38 49
38 71
38 74
39 72
39 74
40 57
40 60
40 68
40 69
41 48
41 59
41 64
43 54
43 56
43 68
43 70
43 72
44 65
45 50
45 64
45 68
45 70
45 73
45 76
46 47
46 54
46 70
46 79
47 62
47 66
47 70
47 77
48 61
48 68
48 70
48 72
50 57
50 70
51 78
52 71
52 77
53 61
53 68
53 73
54 57
54 62
54 74
54 76
55 59
55 65
55 75
55 77
55 78
55 79
56 69
57 67
58 61
58 74
59 66
60 64
60 74
61 67
62 67
63 78
64 68
64 75
65 77
65 78
66 71
67 71
68 72
69 70
70 71
71 77
72 73
72 75
72 77
76 77
15 8 66 34 23 2 28 75 6 54 29 71 17 33 49 77 46 67 60 47 53 4 32 0
21 12 55 43 3 79 18 16 56 50 19 30 70 36 13 1 42 40 78 73 68 58 74 51
63 5 41 57 76 65 69 45 27 14 25 62 31 7 61 26 20 48 39 9 59 38 64 52
22 35 44 10 72 11 24 37
