80
1215
5
35
76
28
89
40
0 2
0 5
0 6
0 9
0 11
0 12
0 13
0 14
0 15
0 20
0 22
0 27
0 28
0 30
0 31
0 35
0 36
0 37
0 39
0 40
0 46
0 48
0 49
0 53
0 56
0 58
0 59
0 62
0 64
0 66
0 68
0 69
0 75
0 77
1 2
1 5
1 7
1 8
1 9
1 11
1 13
1 15
1 16
1 19
1 20
1 21
1 23
1 25
1 35
1 41
1 43
1 44
1 45
1 49
1 51
1 52
1 53
1 57
1 59
1 60
1 61
1 66
1 70
1 73
1 78
1 79
2 3
2 5
2 8
2 9
2 11
2 15
2 16
2 19
2 20
2 23
2 25
2 28
2 32
2 33
2 34
2 36
2 41
2 49
2 50
2 53
2 55
2 57
2 71
2 72
2 73
2 74
2 76
2 77
2 78
3 4
3 7
3 8
3 9
3 11
3 16
3 17
3 18
3 22
3 23
3 26
3 36
3 44
3 46
3 48
3 49
3 52
3 53
3 55
3 58
3 59
3 61
3 69
3 71
3 72
3 73
3 74
4 6
4 15
4 16
4 17
4 21
4 22
4 23
4 26
4 30
4 33
4 37
4 38
4 52
4 55
4 57
4 59
4 61
4 63
4 64
4 68
4 70
4 73
4 74
4 76
4 79
5 7
5 8
5 9
5 12
5 16
5 23
5 25
5 28
5 30
5 31
5 33
5 40
5 46
5 50
5 52
5 56
5 57
5 59
5 60
5 62
5 64
5 67
5 68
5 73
5 75
5 78
6 8
6 9
6 12
6 14
6 20
6 21
6 23
6 30
6 33
6 34
6 35
6 36
6 38
6 42
6 43
6 47
6 48
6 53
6 54
6 59
6 60
6 62
6 64
6 66
6 67
6 76
6 77
7 8
7 9
7 10
7 12
7 17
7 18
7 22
7 24
7 27
7 29
7 33
7 34
7 38
7 39
7 41
7 42
7 43
7 47
7 51
7 52
7 53
7 54
7 56
7 58
7 59
7 60
7 61
7 62
7 64
7 65
7 66
7 67
7 69
7 71
7 72
7 73
7 76
7 77
7 79
8 9
8 10
8 13
8 14
8 16
8 17
8 18
8 19
8 21
8 22
8 23
8 27
8 28
8 29
8 30
8 31
8 32
8 34
8 36
8 37
8 40
8 44
8 46
8 47
8 48
8 51
8 52
8 53
8 54
8 57
8 60
8 62
8 66
8 68
8 75
9 10
9 12
9 13
9 15
9 16
9 28
9 32
9 33
9 37
9 39
9 40
9 41
9 44
9 45
9 49
9 51
9 53
9 58
9 59
9 61
9 66
9 67
9 68
9 75
9 76
10 12
10 13
10 15
10 16
10 18
10 22
10 27
10 28
10 29
10 30
10 34
10 36
10 40
10 44
10 46
10 47
10 48
10 49
10 50
10 53
10 54
10 56
10 58
10 61
10 64
10 66
10 68
10 70
10 73
10 77
11 13
11 15
11 19
11 22
11 25
11 26
11 31
11 42
11 46
11 48
11 49
11 53
11 55
11 56
11 58
11 59
11 60
11 62
11 70
11 75
11 76
12 14
12 15
12 17
12 23
12 24
12 28
12 29
12 31
12 33
12 36
12 38
12 39
12 41
12 45
12 46
12 58
12 61
12 65
12 70
12 74
13 14
13 15
13 16
13 17
13 18
13 22
13 24
13 27
13 29
13 30
13 33
13 41
13 43
13 45
13 46
13 47
13 48
13 51
13 55
13 57
13 58
13 65
13 73
13 74
13 79
14 15
14 17
14 19
14 26
14 33
14 34
14 38
14 39
14 44
14 45
14 46
14 52
14 53
14 59
14 62
14 63
14 64
14 68
14 70
14 79
15 16
15 19
15 20
15 23
15 24
15 25
15 29
15 32
15 36
15 38
15 39
15 40
15 41
15 42
15 46
15 49
15 53
15 57
15 58
15 60
15 66
15 69
15 73
15 74
15 75
15 79
16 17
16 21
16 23
16 30
16 31
16 32
16 33
16 34
16 37
16 38
16 39
16 43
16 47
16 51
16 54
16 55
16 56
16 59
16 60
16 62
16 63
16 66
16 67
16 69
16 71
16 72
17 18
17 23
17 24
17 26
17 32
17 38
17 40
17 44
17 46
17 47
17 48
17 49
17 51
17 54
17 57
17 59
17 60
17 65
17 67
17 68
17 70
17 75
17 78
18 23
18 29
18 32
18 34
18 35
18 36
18 38
18 41
18 42
18 45
18 50
18 52
18 55
18 59
18 61
18 65
18 66
18 68
18 74
18 78
18 79
19 20
19 21
19 22
19 23
19 24
19 27
19 29
19 30
19 34
19 35
19 36
19 38
19 45
19 48
19 50
19 51
19 55
19 58
19 61
19 66
19 67
19 68
19 74
19 76
20 22
20 23
20 26
20 29
20 30
20 31
20 32
20 39
20 40
20 41
20 42
20 44
20 45
20 48
20 50
20 51
20 55
20 58
20 59
20 62
20 67
20 70
20 71
20 76
20 79
21 27
21 28
21 29
21 35
21 40
21 41
21 43
21 46
21 47
21 48
21 50
21 51
21 55
21 56
21 57
21 61
21 63
21 67
21 69
21 74
21 75
21 76
21 77
21 79
22 24
22 25
22 29
22 30
22 33
22 36
22 37
22 38
22 44
22 46
22 47
22 49
22 50
22 53
22 56
22 57
22 58
22 59
22 61
22 62
22 65
22 68
22 69
22 71
22 72
22 76
22 77
23 24
23 25
23 30
23 35
23 36
23 38
23 40
23 42
23 45
23 46
23 47
23 56
23 58
23 59
23 61
23 66
23 70
23 72
23 73
23 78
23 79
24 28
24 32
24 34
24 37
24 40
24 45
24 46
24 49
24 50
24 52
24 53
24 56
24 57
24 58
24 62
24 63
24 66
24 68
24 71
24 73
24 74
24 75
25 28
25 31
25 36
25 38
25 44
25 46
25 48
25 54
25 57
25 60
25 63
25 64
25 67
25 68
25 70
25 71
25 73
25 75
25 76
25 79
26 28
26 29
26 30
26 31
26 32
26 33
26 37
26 40
26 42
26 46
26 51
26 52
26 55
26 56
26 72
26 78
27 28
27 32
27 34
27 35
27 37
27 38
27 39
27 44
27 45
27 49
27 51
27 53
27 58
27 59
27 62
27 66
27 67
27 69
27 71
27 72
27 75
27 79
28 35
28 36
28 39
28 41
28 42
28 43
28 44
28 46
28 51
28 52
28 53
28 60
28 62
28 64
28 65
28 67
28 71
28 75
28 76
28 77
28 79
29 30
29 33
29 34
29 38
29 39
29 41
29 47
29 48
29 50
29 56
29 60
29 61
29 62
29 65
29 70
29 75
29 77
30 32
30 37
30 40
30 45
30 51
30 52
30 53
30 54
30 58
30 59
30 66
30 67
30 69
30 78
31 33
31 35
31 37
31 44
31 45
31 47
31 48
31 49
31 51
31 52
31 66
31 69
31 72
31 77
32 33
32 34
32 35
32 41
32 44
32 46
32 50
32 54
32 55
32 56
32 57
32 58
32 59
32 60
32 61
32 62
32 66
32 70
32 73
32 74
32 75
33 38
33 43
33 44
33 45
33 46
33 51
33 57
33 60
33 64
33 65
33 68
33 69
33 70
33 71
33 72
33 74
33 75
33 79
34 37
34 41
34 44
34 45
34 46
34 49
34 59
34 61
34 68
34 72
34 73
34 74
34 77
34 78
35 37
35 38
35 41
35 42
35 43
35 44
35 47
35 49
35 53
35 58
35 59
35 61
35 62
35 66
35 70
35 73
35 75
36 38
36 45
36 47
36 48
36 55
36 58
36 63
36 64
36 67
36 73
36 77
37 39
37 43
37 46
37 50
37 55
37 56
37 59
37 65
37 67
37 72
37 73
38 40
38 47
38 57
38 63
38 64
38 68
38 72
38 75
38 76
38 77
38 78
39 40
39 44
39 50
39 58
39 59
39 62
39 63
39 64
39 66
39 69
39 70
39 71
39 72
39 75
39 79
40 42
40 47
40 48
40 50
40 51
40 52
40 56
40 57
40 58
40 59
40 64
40 66
40 67
40 68
40 70
40 71
40 74
40 75
40 78
40 79
41 43
41 47
41 48
41 49
41 50
41 54
41 62
41 64
41 67
41 69
41 75
41 76
41 79
42 46
42 47
42 51
42 55
42 61
42 63
42 64
42 65
42 66
42 68
42 71
42 73
42 76
43 44
43 45
43 47
43 50
43 52
43 55
43 56
43 61
43 62
43 65
43 67
43 68
43 69
43 70
43 71
43 72
43 73
43 77
43 78
44 45
44 47
44 52
44 53
44 56
44 57
44 58
44 64
44 67
44 69
44 71
44 73
44 74
44 78
45 49
45 51
45 52
45 54
45 56
45 57
45 60
45 61
45 66
45 67
45 68
45 73
45 74
45 75
45 76
45 77
45 79
46 48
46 49
46 52
46 55
46 57
46 59
46 60
46 62
46 63
46 64
46 67
46 69
46 70
46 72
46 74
46 75
46 78
46 79
47 48
47 53
47 54
47 56
47 58
47 59
47 61
47 66
47 67
47 74
47 77
47 78
47 79
48 53
48 58
48 63
48 66
48 78
48 79
49 52
49 53
49 57
49 58
49 61
49 66
49 69
49 70
49 71
49 72
49 74
49 76
49 77
50 51
50 64
50 65
50 66
50 72
50 73
51 52
51 53
51 55
51 60
51 61
51 62
51 65
51 67
51 68
51 71
51 75
51 76
51 78
51 79
52 53
52 57
52 58
52 59
52 60
52 63
52 64
52 70
52 72
52 75
52 78
53 54
53 55
53 59
53 61
53 62
53 65
53 69
53 70
53 72
53 77
53 78
54 55
54 57
54 58
54 59
54 61
54 63
54 67
54 68
54 71
54 72
55 61
55 63
55 64
55 68
55 71
55 75
55 76
55 77
56 61
56 62
56 64
56 65
56 67
56 70
56 71
56 72
56 75
56 77
56 78
57 58
57 59
57 60
57 61
57 64
57 65
57 67
57 68
57 74
57 75
57 76
58 60
58 64
58 65
58 67
58 69
58 70
58 74
58 77
58 78
59 61
59 63
59 65
59 66
59 68
59 75
59 76
59 78
60 64
60 68
60 74
60 75
60 77
61 63
61 64
61 66
61 72
61 73
61 74
61 76
61 77
61 79
62 65
62 67
62 68
62 73
62 74
62 75
62 76
63 64
63 67
63 70
63 71
63 74
63 75
63 77
63 78
63 79
64 66
64 67
64 71
65 66
65 68
65 72
65 73
65 75
65 77
65 78
65 79
66 67
66 72
66 74
66 75
66 76
67 72
67 73
67 75
67 76
67 79
68 72
68 73
69 71
69 72
69 74
69 75
69 76
69 77
69 79
70 73
70 78
71 72
71 73
71 76
71 77
72 77
72 79
73 76
73 79
74 77
74 79
75 76
76 78
66 27 7 15 0 41 34 21 73 71 77 3 29 12 32 30
8 46 49 74 52 56 1 2 53 45 62 39 5 69 63 22
68 42 70 20 25 6 18 72 28 78 75 17 40 4 37 24
47 76 67 57 38 31 11 61 59 16 33 50 64 9 26 43
19 48 14 51 65 36 79 58 44 54 13 60 10 35 23 55
