80
1935
4
29
76
41
73
0 2
0 5
0 7
0 8
0 10
0 11
0 12
0 17
0 18
0 19
0 22
0 23
0 26
0 29
0 30
0 31
0 33
0 34
0 35
0 37
0 40
0 41
0 43
0 45
0 46
0 48
0 49
0 50
0 51
0 52
0 53
0 54
0 56
0 57
0 58
0 63
0 66
0 67
0 68
0 70
0 72
0 74
0 75
0 77
0 78
0 79
1 2
1 3
1 5
1 6
1 8
1 9
1 10
1 11
1 17
1 18
1 19
1 20
1 21
1 22
1 23
1 24
1 27
1 28
1 29
1 30
1 31
1 32
1 33
1 34
1 35
1 37
1 38
1 39
1 40
1 41
1 42
1 43
1 44
1 45
1 46
1 47
1 49
1 50
1 51
1 52
1 53
1 54
1 55
1 56
1 57
1 58
1 60
1 61
1 62
1 64
1 65
1 68
1 69
1 73
1 74
1 75
1 76
1 79
2 3
2 4
2 6
2 8
2 9
2 12
2 13
2 14
2 15
2 19
2 21
2 22
2 23
2 24
2 27
2 28
2 30
2 31
2 34
2 41
2 44
2 46
2 47
2 48
2 50
2 51
2 53
2 54
2 55
2 57
2 58
2 60
2 61
2 62
2 63
2 65
2 66
2 67
2 72
2 73
2 77
2 78
3 4
3 5
3 6
3 7
3 11
3 12
3 13
3 14
3 15
3 16
3 18
3 19
3 20
3 21
3 22
3 24
3 27
3 29
3 30
3 31
3 33
3 35
3 36
3 38
3 39
3 40
3 41
3 42
3 43
3 45
3 46
3 47
3 48
3 49
3 53
3 56
3 57
3 58
3 59
3 60
3 64
3 65
3 66
3 67
3 68
3 72
3 73
3 74
3 75
3 79
4 9
4 11
4 12
4 13
4 14
4 15
4 16
4 17
4 18
4 20
4 21
4 22
4 23
4 24
4 25
4 27
4 29
4 31
4 34
4 35
4 36
4 37
4 38
4 41
4 46
4 47
4 48
4 51
4 52
4 53
4 55
4 57
4 61
4 62
4 63
4 65
4 67
4 70
4 72
4 73
4 75
4 76
4 77
4 78
4 79
5 6
5 7
5 10
5 12
5 13
5 14
5 17
5 19
5 21
5 22
5 23
5 25
5 27
5 28
5 29
5 32
5 33
5 34
5 36
5 37
5 40
5 42
5 44
5 49
5 50
5 53
5 55
5 56
5 58
5 60
5 61
5 62
5 63
5 65
5 67
5 70
5 71
5 72
5 73
5 74
5 76
5 77
6 7
6 10
6 13
6 14
6 15
6 16
6 17
6 19
6 23
6 24
6 28
6 30
6 32
6 33
6 34
6 35
6 39
6 41
6 42
6 45
6 46
6 47
6 48
6 49
6 50
6 52
6 57
6 59
6 60
6 62
6 65
6 67
6 68
6 71
6 72
6 75
6 76
6 77
6 78
6 79
7 8
7 10
7 12
7 13
7 14
7 18
7 19
7 20
7 21
7 23
7 24
7 25
7 30
7 31
7 32
7 34
7 35
7 36
7 38
7 40
7 41
7 44
7 45
7 50
7 54
7 56
7 58
7 59
7 60
7 62
7 64
7 65
7 66
7 67
7 68
7 69
7 71
7 72
7 76
7 77
7 78
7 79
8 9
8 10
8 11
8 12
8 13
8 14
8 16
8 17
8 22
8 23
8 24
8 25
8 26
8 27
8 28
8 31
8 32
8 33
8 34
8 36
8 37
8 39
8 41
8 43
8 45
8 47
8 48
8 55
8 56
8 57
8 58
8 59
8 60
8 61
8 64
8 65
8 66
8 69
8 70
8 71
8 75
9 13
9 15
9 16
9 19
9 24
9 25
9 28
9 29
9 30
9 31
9 33
9 34
9 37
9 39
9 40
9 46
9 47
9 49
9 50
9 52
9 53
9 54
9 55
9 56
9 58
9 59
9 60
9 61
9 63
9 64
9 67
9 68
9 69
9 71
9 72
9 73
9 75
9 77
9 79
10 14
10 15
10 17
10 18
10 19
10 23
10 26
10 28
10 30
10 31
10 33
10 34
10 36
10 37
10 38
10 39
10 40
10 41
10 42
10 43
10 44
10 46
10 47
10 48
10 52
10 53
10 55
10 58
10 60
10 61
10 64
10 66
10 69
10 71
10 73
10 74
10 75
10 76
10 77
10 79
11 12
11 14
11 16
11 18
11 19
11 21
11 22
11 23
11 27
11 28
11 30
11 32
11 35
11 36
11 37
11 38
11 39
11 40
11 41
11 44
11 45
11 46
11 47
11 49
11 51
11 52
11 54
11 55
11 56
11 57
11 59
11 60
11 61
11 63
11 64
11 65
11 66
11 67
11 68
11 69
11 70
11 71
11 72
11 75
11 76
11 78
12 14
12 15
12 17
12 22
12 24
12 25
12 26
12 27
12 28
12 29
12 30
12 31
12 32
12 33
12 34
12 35
12 37
12 39
12 40
12 43
12 44
12 46
12 48
12 49
12 50
12 51
12 55
12 57
12 61
12 62
12 65
12 66
12 67
12 68
12 69
12 70
12 71
12 73
12 77
12 78
13 17
13 18
13 19
13 20
13 22
13 23
13 27
13 30
13 32
13 33
13 34
13 35
13 36
13 38
13 39
13 40
13 41
13 42
13 48
13 49
13 51
13 52
13 53
13 55
13 56
13 57
13 58
13 59
13 61
13 62
13 64
13 65
13 66
13 67
13 68
13 69
13 70
13 71
13 72
13 73
13 74
13 75
13 77
13 79
14 15
14 16
14 17
14 20
14 21
14 25
14 26
14 27
14 28
14 29
14 33
14 34
14 36
14 40
14 42
14 43
14 44
14 46
14 48
14 50
14 52
14 53
14 54
14 55
14 58
14 59
14 60
14 61
14 62
14 63
14 64
14 67
14 68
14 71
14 72
14 74
14 76
14 77
14 78
14 79
15 16
15 17
15 18
15 20
15 21
15 22
15 23
15 24
15 25
15 26
15 29
15 31
15 37
15 39
15 41
15 46
15 48
15 51
15 52
15 53
15 54
15 55
15 56
15 57
15 58
15 59
15 60
15 61
15 63
15 66
15 67
15 69
15 70
15 74
15 75
15 76
15 77
15 78
16 17
16 18
16 19
16 21
16 22
16 24
16 25
16 26
16 28
16 30
16 31
16 32
16 33
16 34
16 35
16 36
16 38
16 39
16 44
16 46
16 47
16 49
16 50
16 51
16 52
16 53
16 54
16 58
16 60
16 61
16 62
16 63
16 64
16 67
16 68
16 70
16 73
16 76
16 77
16 79
17 18
17 20
17 25
17 27
17 30
17 35
17 36
17 37
17 38
17 39
17 40
17 42
17 43
17 44
17 45
17 47
17 48
17 49
17 52
17 53
17 54
17 55
17 56
17 57
17 58
17 59
17 61
17 62
17 64
17 66
17 67
17 69
17 72
17 76
17 78
17 79
18 19
18 20
18 22
18 23
18 25
18 28
18 29
18 30
18 33
18 35
18 36
18 37
18 38
18 39
18 41
18 42
18 43
18 44
18 47
18 48
18 50
18 52
18 56
18 57
18 58
18 59
18 60
18 62
18 63
18 64
18 65
18 73
18 74
18 76
18 77
18 78
18 79
19 22
19 25
19 26
19 29
19 30
19 31
19 34
19 35
19 36
19 38
19 41
19 45
19 46
19 47
19 48
19 49
19 50
19 51
19 52
19 54
19 55
19 56
19 58
19 60
19 61
19 63
19 66
19 67
19 69
19 70
19 71
19 73
19 78
20 23
20 31
20 32
20 33
20 36
20 37
20 39
20 40
20 41
20 44
20 45
20 46
20 47
20 48
20 49
20 50
20 51
20 52
20 54
20 55
20 58
20 59
20 61
20 62
20 63
20 64
20 65
20 66
20 67
20 69
20 71
20 72
20 73
20 76
20 79
21 22
21 23
21 24
21 26
21 28
21 30
21 31
21 34
21 35
21 36
21 37
21 38
21 45
21 47
21 48
21 49
21 51
21 52
21 53
21 54
21 55
21 56
21 61
21 62
21 63
21 65
21 67
21 69
21 70
21 74
21 75
21 76
21 77
21 78
22 23
22 25
22 26
22 28
22 29
22 30
22 32
22 37
22 38
22 39
22 40
22 42
22 44
22 45
22 46
22 51
22 52
22 62
22 63
22 66
22 68
22 69
22 70
22 71
22 72
22 75
22 77
22 78
22 79
23 25
23 26
23 27
23 29
23 30
23 33
23 36
23 37
23 40
23 41
23 43
23 45
23 48
23 50
23 51
23 52
23 54
23 55
23 56
23 57
23 58
23 60
23 61
23 63
23 64
23 65
23 66
23 67
23 68
23 69
23 70
23 73
23 75
23 78
23 79
24 26
24 32
24 34
24 35
24 39
24 40
24 42
24 44
24 47
24 48
24 49
24 50
24 51
24 55
24 56
24 58
24 59
24 60
24 61
24 62
24 63
24 64
24 66
24 67
24 73
24 75
24 76
24 77
24 78
25 26
25 29
25 32
25 33
25 34
25 35
25 36
25 39
25 41
25 42
25 43
25 47
25 48
25 51
25 52
25 53
25 55
25 56
25 58
25 59
25 60
25 62
25 64
25 65
25 68
25 69
25 70
25 71
25 72
25 73
25 75
25 76
25 78
26 28
26 30
26 32
26 33
26 34
26 36
26 37
26 38
26 39
26 40
26 41
26 42
26 46
26 48
26 49
26 50
26 51
26 52
26 57
26 58
26 59
26 61
26 62
26 63
26 65
26 68
26 70
26 71
26 73
26 74
26 75
26 76
26 77
26 78
27 28
27 29
27 30
27 32
27 33
27 34
27 35
27 36
27 39
27 40
27 41
27 42
27 43
27 46
27 48
27 49
27 50
27 53
27 54
27 55
27 58
27 59
27 60
27 61
27 63
27 64
27 65
27 66
27 67
27 68
27 69
27 71
27 72
27 76
27 78
27 79
28 30
28 31
28 35
28 36
28 37
28 38
28 40
28 41
28 45
28 48
28 49
28 50
28 52
28 55
28 56
28 58
28 59
28 62
28 63
28 64
28 66
28 67
28 68
28 70
28 71
28 73
28 74
28 75
28 76
28 77
28 78
29 30
29 31
29 33
29 35
29 38
29 39
29 40
29 41
29 42
29 45
29 47
29 48
29 49
29 50
29 51
29 54
29 56
29 57
29 58
29 60
29 61
29 66
29 67
29 69
29 70
29 72
29 73
29 76
29 79
30 31
30 32
30 34
30 35
30 37
30 38
30 41
30 43
30 44
30 45
30 46
30 47
30 48
30 52
30 54
30 55
30 56
30 59
30 61
30 65
30 66
30 67
30 68
30 69
30 70
30 71
30 73
30 74
30 76
30 79
31 32
31 34
31 36
31 38
31 39
31 40
31 41
31 44
31 47
31 48
31 50
31 53
31 54
31 56
31 59
31 60
31 63
31 65
31 67
31 68
31 70
31 72
31 73
31 74
31 75
31 76
31 79
32 33
32 36
32 38
32 39
32 40
32 41
32 42
32 43
32 44
32 47
32 48
32 49
32 50
32 51
32 52
32 54
32 55
32 56
32 57
32 59
32 60
32 61
32 62
32 65
32 67
32 68
32 69
32 70
32 72
32 73
32 77
32 79
33 35
33 36
33 37
33 38
33 39
33 40
33 41
33 42
33 44
33 45
33 47
33 50
33 55
33 56
33 58
33 59
33 61
33 62
33 64
33 65
33 66
33 67
33 68
33 69
33 70
33 71
33 72
33 74
33 76
33 78
33 79
34 36
34 38
34 39
34 41
34 42
34 43
34 44
34 45
34 48
34 49
34 50
34 51
34 52
34 53
34 54
34 55
34 56
34 57
34 59
34 60
34 61
34 62
34 63
34 64
34 65
34 67
34 68
34 69
34 71
34 74
34 75
34 76
34 77
35 37
35 38
35 39
35 40
35 41
35 42
35 43
35 44
35 46
35 47
35 49
35 50
35 51
35 52
35 54
35 55
35 56
35 57
35 58
35 60
35 61
35 62
35 63
35 64
35 65
35 68
35 70
35 76
35 79
36 40
36 42
36 45
36 46
36 53
36 54
36 56
36 57
36 58
36 59
36 60
36 61
36 64
36 65
36 66
36 67
36 73
36 74
36 75
36 77
36 78
37 39
37 40
37 41
37 42
37 43
37 44
37 45
37 46
37 47
37 49
37 53
37 55
37 56
37 57
37 60
37 62
37 65
37 66
37 67
37 68
37 72
37 73
37 75
37 76
37 77
37 78
37 79
38 39
38 40
38 42
38 43
38 45
38 49
38 51
38 52
38 54
38 55
38 56
38 57
38 59
38 60
38 61
38 62
38 65
38 66
38 68
38 69
38 70
38 71
38 73
38 74
38 75
38 77
38 78
38 79
39 40
39 41
39 42
39 43
39 44
39 47
39 48
39 49
39 52
39 55
39 56
39 58
39 59
39 60
39 61
39 62
39 64
39 65
39 66
39 67
39 69
39 70
39 71
39 72
39 73
39 75
40 42
40 44
40 47
40 48
40 49
40 51
40 52
40 53
40 56
40 57
40 58
40 59
40 61
40 66
40 67
40 71
40 73
40 75
40 76
40 78
40 79
41 42
41 43
41 45
41 46
41 47
41 48
41 49
41 53
41 54
41 55
41 56
41 57
41 60
41 61
41 62
41 63
41 64
41 65
41 66
41 69
41 70
41 73
41 74
41 75
41 76
41 77
41 78
41 79
42 43
42 44
42 45
42 46
42 49
42 50
42 51
42 52
42 54
42 56
42 58
42 60
42 61
42 62
42 63
42 65
42 75
42 76
42 77
43 44
43 45
43 47
43 48
43 49
43 55
43 56
43 57
43 59
43 60
43 61
43 62
43 65
43 66
43 67
43 70
43 71
43 72
43 74
43 75
43 77
43 79
44 46
44 48
44 52
44 53
44 54
44 55
44 57
44 58
44 59
44 62
44 63
44 64
44 65
44 66
44 68
44 69
44 70
44 72
44 74
44 76
44 77
44 78
44 79
45 46
45 47
45 48
45 49
45 53
45 54
45 55
45 58
45 59
45 61
45 62
45 64
45 65
45 66
45 67
45 68
45 69
45 70
45 71
45 74
45 75
45 76
45 78
45 79
46 47
46 48
46 50
46 51
46 53
46 56
46 57
46 58
46 59
46 60
46 62
46 63
46 66
46 67
46 68
46 69
46 71
46 75
46 77
47 49
47 50
47 52
47 53
47 55
47 56
47 57
47 58
47 60
47 61
47 62
47 63
47 66
47 67
47 68
47 69
47 70
47 71
47 72
47 75
47 77
48 49
48 51
48 53
48 54
48 55
48 58
48 59
48 60
48 62
48 63
48 64
48 65
48 66
48 68
48 69
48 70
48 71
48 73
48 76
48 78
49 51
49 52
49 53
49 54
49 55
49 57
49 60
49 61
49 62
49 64
49 66
49 67
49 69
49 70
49 71
49 72
49 75
49 78
49 79
50 51
50 53
50 54
50 55
50 57
50 61
50 63
50 64
50 65
50 66
50 67
50 68
50 69
50 71
50 72
50 73
50 75
50 76
50 77
51 53
51 54
51 56
51 57
51 59
51 60
51 62
51 63
51 68
51 69
51 71
51 73
51 74
51 75
51 76
51 79
52 53
52 54
52 57
52 58
52 59
52 60
52 62
52 63
52 64
52 66
52 67
52 68
52 70
52 72
52 74
52 76
52 77
52 78
52 79
53 54
53 55
53 56
53 58
53 59
53 61
53 62
53 64
53 65
53 66
53 67
53 68
53 69
53 70
53 78
53 79
54 55
54 56
54 57
54 58
54 59
54 62
54 63
54 65
54 66
54 67
54 69
54 70
54 71
54 72
54 75
54 76
54 79
55 57
55 58
55 60
55 62
55 63
55 64
55 65
55 67
55 68
55 69
55 70
55 72
55 73
55 75
55 76
55 77
55 78
55 79
56 57
56 58
56 59
56 61
56 62
56 63
56 68
56 69
56 72
56 73
56 74
56 77
56 78
57 59
57 60
57 64
57 66
57 67
57 68
57 69
57 70
57 71
57 72
57 73
57 74
57 75
57 77
57 78
58 60
58 61
58 62
58 63
58 64
58 66
58 67
58 68
58 70
58 71
58 76
58 77
58 78
59 60
59 64
59 67
59 69
59 72
59 73
59 77
60 61
60 64
60 66
60 67
60 68
60 69
60 70
60 71
60 73
60 78
60 79
61 65
61 67
61 69
61 73
61 74
61 75
61 77
62 64
62 65
62 67
62 68
62 69
62 71
62 72
62 74
62 77
62 78
62 79
63 65
63 66
63 67
63 68
63 69
63 72
63 73
63 74
63 75
63 76
63 77
64 65
64 66
64 67
64 70
64 72
64 73
64 74
64 76
64 77
64 79
65 67
65 69
65 72
65 74
65 75
65 76
65 77
65 78
66 69
66 70
66 72
66 73
66 74
66 75
66 76
66 77
66 78
66 79
67 68
67 69
67 70
67 71
67 72
67 73
67 75
67 78
68 70
68 71
68 72
68 73
68 75
68 76
68 78
69 72
69 73
69 75
69 76
69 77
69 78
70 74
70 75
70 76
70 77
70 78
71 73
71 74
71 75
71 76
71 79
72 75
72 76
72 77
72 78
72 79
73 74
73 76
73 77
73 78
73 79
74 77
74 78
74 79
75 76
75 79
76 77
76 78
77 79
78 79
32 73 79 65 6 69 60 57 56 54 59 1 71 42 24 7 28 45 50 2
31 27 77 5 15 34 0 18 62 37 74 78 4 35 70 47 26 48 64 12
46 25 9 40 44 68 58 72 8 67 63 38 61 51 66 39 3 22 33 52
19 55 30 23 75 49 13 20 53 43 41 10 17 21 76 14 16 29 11 36
