80
655
20
39
53
83
28
8
47
13
32
17
2
32
64
75
26
97
41
32
82
78
24
0 15
0 31
0 34
0 37
0 46
0 51
0 54
0 57
0 59
0 65
0 67
0 68
0 71
0 73
0 74
0 75
0 78
1 3
1 5
1 6
1 7
1 8
1 9
1 12
1 14
1 18
1 22
1 24
1 26
1 29
1 31
1 33
1 44
1 54
1 59
1 61
1 62
1 66
1 69
1 70
1 73
1 77
1 78
2 4
2 12
2 24
2 38
2 42
2 51
2 54
2 66
2 69
2 76
2 79
3 9
3 16
3 20
3 22
3 28
3 30
3 31
3 35
3 38
3 42
3 44
3 47
3 49
3 54
3 62
3 71
3 75
4 6
4 8
4 14
4 15
4 27
4 30
4 33
4 35
4 37
4 57
4 59
4 66
4 75
5 8
5 10
5 15
5 22
5 25
5 32
5 33
5 34
5 36
5 39
5 41
5 42
5 44
5 48
5 52
5 57
5 58
5 63
5 66
5 67
5 68
5 73
5 79
6 13
6 29
6 30
6 32
6 38
6 40
6 43
6 44
6 46
6 48
6 57
6 59
6 61
6 65
6 67
6 70
6 71
6 72
6 73
7 14
7 19
7 28
7 34
7 37
7 44
7 50
7 51
7 55
7 56
7 60
7 62
7 65
7 76
8 9
8 11
8 12
8 13
8 27
8 36
8 37
8 39
8 44
8 47
8 51
8 54
8 59
8 60
8 64
8 65
8 66
8 69
8 76
9 14
9 17
9 19
9 26
9 27
9 34
9 37
9 39
9 42
9 46
9 47
9 48
9 51
9 57
9 58
9 61
9 63
9 71
9 72
9 73
9 75
9 78
10 15
10 16
10 25
10 33
10 34
10 38
10 49
10 54
10 58
10 59
10 67
10 68
10 71
10 73
10 75
10 76
10 77
11 14
11 17
11 20
11 25
11 28
11 32
11 38
11 49
11 56
11 58
11 68
11 72
11 75
11 76
12 20
12 41
12 61
12 77
12 79
13 14
13 17
13 29
13 38
13 61
13 65
13 66
13 67
13 74
13 75
13 77
14 17
14 22
14 43
14 44
14 47
14 57
14 59
14 65
14 66
15 22
15 34
15 42
15 54
15 56
15 59
15 66
15 70
15 76
15 79
16 21
16 28
16 31
16 35
16 36
16 38
16 39
16 40
16 42
16 43
16 47
16 57
16 61
16 63
16 65
16 68
17 22
17 26
17 35
17 36
17 37
17 38
17 41
17 42
17 51
17 65
17 66
17 76
18 20
18 24
18 25
18 26
18 28
18 35
18 40
18 42
18 45
18 59
18 62
18 65
18 69
19 29
19 31
19 32
19 35
19 36
19 40
19 41
19 46
19 48
19 59
19 68
19 71
19 75
20 21
20 23
20 30
20 33
20 41
20 57
20 63
20 64
20 67
20 68
21 30
21 33
21 38
21 49
21 50
21 54
21 56
21 58
21 62
21 63
21 64
21 74
22 27
22 32
22 43
22 49
22 50
22 51
22 54
22 56
22 61
22 68
22 76
22 77
23 29
23 39
23 40
23 48
23 50
23 51
23 53
23 55
23 66
23 72
23 73
23 74
23 79
24 25
24 27
24 53
24 57
24 65
24 67
24 71
24 73
24 76
24 79
25 28
25 36
25 38
25 45
25 52
25 58
25 67
25 72
25 79
26 34
26 36
26 38
26 40
26 41
26 44
26 45
26 49
26 52
26 70
26 77
26 79
27 29
27 40
27 54
27 59
27 60
27 74
27 77
28 33
28 43
28 53
28 54
28 69
28 70
29 30
29 36
29 42
29 47
29 49
29 59
29 60
29 65
29 66
29 71
29 75
29 77
30 32
30 51
30 52
30 59
30 66
31 33
31 35
31 44
31 45
31 54
31 55
31 61
31 67
31 74
31 77
32 33
32 34
32 48
32 52
32 53
32 57
32 63
32 70
32 74
32 75
32 78
33 34
33 38
33 42
33 43
33 46
33 53
33 54
33 58
33 63
33 69
33 74
33 78
34 36
34 44
34 49
34 50
34 52
34 62
34 65
34 67
34 70
34 76
35 36
35 41
35 49
35 50
35 56
35 66
35 69
35 71
36 48
36 49
36 50
36 53
36 54
36 58
36 61
36 65
36 67
36 74
36 75
36 76
37 38
37 39
37 44
37 49
37 51
37 52
37 59
37 62
37 64
37 69
37 72
37 75
37 78
38 39
38 43
38 45
38 49
38 50
38 51
38 56
38 62
38 71
38 73
39 57
39 63
40 41
40 42
40 51
40 57
40 62
40 64
40 65
41 46
41 47
41 49
41 52
41 55
41 56
41 62
41 77
42 59
42 63
42 69
42 74
42 77
43 44
43 45
43 53
43 54
43 61
43 68
43 73
43 79
44 46
44 49
44 50
44 56
44 61
44 62
44 66
44 70
44 71
45 60
45 69
45 73
45 74
46 50
46 60
46 75
47 54
47 59
47 62
47 68
47 70
47 77
47 78
48 52
48 56
48 61
48 63
48 69
48 72
48 75
48 76
48 79
49 56
49 57
49 67
49 71
50 52
50 57
50 58
50 64
50 71
50 74
50 79
51 53
51 57
51 63
51 65
51 68
51 70
51 75
51 76
52 56
52 61
53 56
53 59
53 67
53 73
53 75
53 77
54 57
54 58
54 64
54 68
55 58
55 61
55 66
55 72
55 76
56 60
56 62
56 64
56 65
56 67
56 71
56 72
57 58
57 71
57 75
57 78
58 59
58 66
58 72
58 76
59 61
59 65
59 66
59 67
59 78
60 62
60 69
60 72
60 73
61 75
61 77
62 64
62 67
62 70
62 71
62 77
63 64
63 66
63 77
64 70
64 72
64 75
65 66
65 68
65 74
65 79
66 67
66 70
66 76
66 78
66 79
67 68
67 76
68 72
68 74
68 75
69 70
69 74
69 75
69 76
69 77
71 74
71 75
71 79
72 74
74 77
74 79
40 33 59 34
41 12 5 78
39 25 48 75
21 46 79 62
30 6 52 60
31 66 55 20
77 7 14 3
72 50 68 61
2 15 43 76
49 38 23 64
37 53 18 0
36 10 26 67
45 8 17 9
51 28 56 22
73 71 1 42
27 13 16 54
44 35 32 69
63 29 4 58
24 65 70 19
47 74 57 11
