80
637
7
69
31
34
12
99
87
63
0 3
0 4
0 20
0 21
0 29
0 30
0 31
0 39
0 43
0 45
0 47
0 52
0 57
0 64
0 69
0 71
0 77
1 12
1 13
1 17
1 22
1 25
1 31
1 39
1 43
1 48
1 51
1 55
1 62
1 65
1 68
1 74
1 75
1 76
2 10
2 15
2 25
2 26
2 35
2 40
2 41
2 42
2 58
2 60
2 63
2 69
2 71
2 75
3 4
3 9
3 17
3 20
3 28
3 31
3 39
3 41
3 45
3 49
3 55
3 70
3 78
4 6
4 7
4 8
4 9
4 15
4 19
4 25
4 36
4 46
4 47
4 57
4 58
4 69
4 70
4 75
4 79
5 19
5 22
5 28
5 31
5 33
5 36
5 39
5 41
5 47
5 49
5 51
5 56
5 70
5 78
5 79
6 8
6 9
6 13
6 15
6 29
6 30
6 32
6 33
6 36
6 37
6 39
6 45
6 58
6 63
6 69
6 70
6 71
6 72
6 77
6 79
7 14
7 26
7 33
7 35
7 36
7 42
7 56
7 60
7 62
7 66
7 72
7 74
7 75
7 78
8 14
8 19
8 35
8 36
8 37
8 42
8 45
8 54
8 56
8 63
8 64
8 65
8 69
8 70
8 71
8 77
9 10
9 18
9 23
9 28
9 29
9 33
9 37
9 43
9 44
9 47
9 50
9 56
9 64
9 69
9 73
10 12
10 20
10 25
10 28
10 35
10 42
10 52
10 61
10 63
10 67
10 72
10 76
11 13
11 16
11 17
11 18
11 27
11 29
11 30
11 31
11 38
11 39
11 42
11 45
11 56
11 58
11 62
11 70
11 73
12 18
12 29
12 31
12 32
12 33
12 35
12 38
12 39
12 41
12 43
12 59
12 63
12 65
12 74
13 14
13 15
13 18
13 22
13 25
13 26
13 28
13 50
13 61
13 72
13 75
13 76
13 78
13 79
14 17
14 20
14 35
14 36
14 42
14 47
14 48
14 50
14 60
14 61
14 64
14 66
14 72
14 76
14 79
15 23
15 27
15 28
15 34
15 43
15 48
15 51
15 56
15 62
15 76
16 27
16 40
16 41
16 46
16 53
16 54
16 58
16 59
16 62
16 64
16 65
16 71
16 74
16 76
17 19
17 22
17 26
17 27
17 40
17 47
17 56
17 65
17 72
18 19
18 20
18 21
18 29
18 32
18 37
18 38
18 39
18 42
18 43
18 44
18 50
18 53
18 57
18 63
18 64
18 65
18 71
18 77
19 21
19 27
19 31
19 49
19 53
19 61
19 63
19 70
19 72
19 75
19 78
20 26
20 29
20 37
20 45
20 47
20 55
20 56
20 61
20 65
20 74
20 76
21 36
21 37
21 49
21 53
21 56
21 69
21 72
22 35
22 37
22 41
22 44
22 45
22 52
22 55
22 59
22 61
22 73
23 24
23 26
23 29
23 30
23 39
23 43
23 44
23 52
23 59
23 61
23 64
23 67
23 70
23 79
24 35
24 43
24 48
24 57
24 59
24 63
24 71
24 72
24 77
24 79
25 35
25 40
25 41
25 44
25 46
25 58
25 60
25 68
25 69
25 78
26 29
26 35
26 37
26 44
26 46
26 49
26 52
26 59
26 74
26 79
27 32
27 37
27 39
27 59
27 64
27 65
27 71
27 77
28 29
28 30
28 33
28 39
28 43
28 44
28 46
28 53
28 58
28 60
28 66
29 33
29 36
29 37
29 39
29 40
29 46
29 53
29 54
29 59
29 61
29 68
29 69
29 75
30 33
30 38
30 45
30 46
30 47
30 64
30 69
30 77
31 32
31 36
31 50
31 58
31 64
31 67
32 35
32 36
32 37
32 50
32 52
32 61
32 66
32 72
32 76
33 36
33 45
33 49
33 50
33 56
33 63
33 70
33 72
33 73
33 76
34 49
34 55
34 60
34 68
34 73
34 74
34 77
34 78
35 49
35 74
35 76
35 79
36 39
36 42
36 43
36 45
36 47
36 49
36 51
36 55
36 57
36 67
36 77
37 42
37 46
37 59
37 67
37 73
37 79
38 39
38 44
38 47
38 48
38 50
38 51
38 52
38 53
38 57
38 58
38 71
38 74
38 77
39 40
39 48
39 51
39 54
39 65
39 67
39 73
40 41
40 52
40 62
40 65
40 66
40 67
40 70
40 72
40 74
40 78
41 43
41 50
41 51
41 53
41 58
41 77
42 50
42 62
42 63
42 71
42 72
42 76
43 45
43 59
43 67
43 68
43 71
44 52
44 54
44 56
44 58
44 65
44 78
44 79
45 46
45 61
45 77
45 78
46 51
46 52
46 60
46 66
46 68
46 77
47 50
47 56
47 58
47 59
47 62
47 63
47 68
47 75
48 51
48 52
48 58
48 73
48 74
48 76
49 51
49 52
49 53
49 59
49 66
49 71
49 73
50 51
50 53
50 57
50 59
50 69
50 74
50 75
50 79
51 56
51 59
51 65
51 66
51 70
51 74
52 61
52 65
52 66
52 67
52 70
52 73
52 76
53 57
53 58
53 59
53 62
53 71
53 72
54 60
54 63
54 67
54 69
54 72
54 73
54 78
55 62
55 67
55 68
55 74
56 65
56 68
56 69
56 73
57 61
57 65
57 70
57 72
57 74
58 62
58 63
58 65
58 68
58 70
59 65
59 66
59 71
59 76
60 63
60 64
60 75
61 71
61 76
61 77
62 67
62 69
62 73
62 76
63 71
63 74
63 75
63 76
64 65
64 73
64 78
65 67
65 75
65 77
65 79
66 68
66 71
67 72
67 77
68 72
68 75
69 73
69 76
70 71
70 76
70 77
71 74
71 75
71 79
72 74
75 76
76 79
15 69 37 39 3 29 34 8 18 65 58 30
28 21 35 56 32 53 66 5 70 60 50 47
78 43 52 54 75 79 27 4 1 13 49 46
33 17 59 42 64 61 20 23 45 67 6 48
74 38 41 44 26 2 36 25 76 68 24 7
12 51 77 62 72 19 40 14 9 63 10 31
73 22 11 0 16 71 57 55
