80
301
4
62
52
95
54
0 8
0 20
0 21
0 32
0 39
0 52
0 55
0 72
0 76
1 3
1 8
1 9
1 11
1 40
1 58
2 9
2 10
2 13
2 18
2 22
2 31
2 48
2 51
2 56
3 4
3 5
3 41
3 48
3 59
3 60
3 63
3 68
3 70
4 15
4 38
4 48
4 53
4 78
5 17
5 24
5 36
5 38
5 45
5 49
5 56
5 58
6 10
6 11
6 13
6 55
6 56
6 61
6 72
7 9
7 12
7 19
7 22
7 34
7 46
7 52
7 67
8 12
8 15
8 17
8 39
8 66
8 70
8 74
8 76
8 78
9 13
9 22
9 23
9 38
9 47
9 55
9 67
9 73
10 11
10 12
10 31
10 42
10 52
10 59
10 70
11 13
11 16
11 22
11 23
11 33
11 36
11 46
11 53
11 55
11 60
11 70
12 22
12 23
12 27
12 31
12 39
12 51
12 55
12 65
13 35
13 59
14 32
14 35
14 64
14 74
15 20
15 23
15 24
15 38
15 50
15 58
15 66
15 67
15 78
16 27
16 29
16 32
16 33
16 45
16 48
17 24
17 26
17 28
17 46
17 50
17 73
17 78
18 31
18 32
18 33
18 35
18 56
18 70
19 39
19 41
19 44
19 45
19 57
19 59
20 53
20 67
21 27
21 37
21 41
21 42
21 43
21 52
21 60
21 61
21 62
21 64
22 26
22 32
22 46
23 54
23 58
23 64
23 68
24 40
24 42
24 46
24 49
24 54
24 70
24 74
25 30
25 35
25 61
25 71
26 30
26 38
26 52
26 59
26 78
27 32
27 67
27 71
28 37
28 39
28 44
28 59
28 69
28 77
29 38
29 43
29 53
30 31
30 38
30 66
30 69
31 41
31 47
31 60
32 36
32 65
32 71
32 75
33 49
33 53
33 54
33 68
33 76
34 41
34 56
34 61
34 72
35 41
35 68
35 74
35 76
36 50
36 55
36 65
36 68
37 45
37 47
37 64
37 69
38 51
38 52
38 55
38 59
39 56
39 74
39 76
40 44
40 51
40 73
41 45
41 57
42 64
42 73
43 66
44 61
44 62
44 65
44 68
44 69
44 78
45 64
45 70
46 52
46 79
47 48
47 49
47 65
48 66
48 74
49 52
49 60
50 56
50 67
50 68
51 67
51 75
51 76
51 78
52 56
52 60
52 77
53 55
53 60
53 70
53 76
54 64
54 69
54 73
54 74
56 64
56 65
56 73
56 75
56 76
56 79
57 76
58 68
59 60
59 73
59 78
60 65
60 77
61 67
62 64
62 79
63 74
64 68
66 69
66 74
67 71
67 73
67 77
68 74
69 70
71 75
76 77
77 78
42 53 32 75 79 4 14 33 50 70 45 46 77 60 7 54 69 74 34 3
57 55 49 63 11 59 25 6 43 24 58 64 61 19 52 2 18 39 22 28
40 73 35 68 66 62 10 76 23 9 0 15 41 48 51 67 71 72 27 38
26 44 30 37 31 20 56 65 12 13 16 78 47 5 36 29 8 21 1 17
