90
383
7
3
90
24
62
25
95
72
0 1
0 2
0 6
0 10
0 43
0 47
0 51
0 52
0 55
0 69
0 84
1 5
1 14
1 18
1 21
1 46
1 59
1 88
2 14
2 31
2 52
2 64
2 79
2 80
3 7
3 29
3 44
3 55
3 58
3 64
3 67
3 72
4 28
4 36
4 51
4 53
4 64
4 71
4 85
5 14
5 51
5 55
5 68
5 72
5 78
5 87
6 9
6 35
6 39
6 48
6 52
6 59
6 82
7 21
7 24
7 37
7 52
7 69
7 74
7 82
7 89
8 19
8 27
8 28
8 40
8 43
8 44
8 56
8 57
8 65
8 72
8 79
8 88
9 18
9 23
9 25
9 45
9 46
9 57
9 64
9 72
10 12
10 16
10 21
10 46
10 49
10 53
10 55
10 57
10 72
10 73
10 78
10 80
10 82
10 85
11 32
11 42
11 48
11 56
11 58
11 62
12 14
12 20
12 24
12 31
12 83
13 18
13 28
13 33
13 35
13 59
13 76
13 77
13 85
14 22
14 36
14 46
14 86
14 87
15 16
15 26
15 27
15 28
15 36
15 49
15 59
15 66
15 68
15 72
16 25
16 27
16 31
16 41
16 45
16 46
16 47
16 57
16 83
16 85
17 31
17 34
17 57
17 77
17 79
18 20
18 22
18 28
18 44
18 48
18 52
18 53
18 72
19 24
19 47
19 65
19 74
19 81
19 82
20 24
20 37
20 43
20 56
20 58
20 67
20 80
21 25
21 34
21 54
21 65
21 88
22 25
22 35
22 56
22 62
22 64
22 72
22 86
23 29
23 36
23 37
23 51
23 55
23 57
23 60
23 62
23 88
24 25
24 34
24 37
24 43
24 46
24 55
24 56
24 59
24 61
24 74
25 31
25 34
25 37
25 39
25 40
25 56
25 67
25 80
25 83
25 87
26 41
26 51
26 59
26 60
26 70
27 28
27 35
27 65
27 67
27 68
27 72
27 74
27 78
27 80
27 83
28 59
28 60
28 64
28 72
29 31
29 37
29 42
29 54
29 80
30 50
30 64
30 68
31 50
31 66
31 72
31 74
31 80
32 34
32 51
32 62
32 70
32 73
32 88
33 42
33 45
33 48
33 54
33 62
33 78
33 79
33 86
33 88
34 44
34 52
34 68
34 84
35 41
35 42
35 46
35 60
35 62
35 79
35 81
36 45
36 52
36 55
36 69
36 80
37 52
37 83
38 46
38 69
38 80
39 52
39 86
40 54
40 72
40 80
40 83
41 42
41 52
41 53
41 81
42 43
42 46
42 53
42 68
42 72
43 57
43 85
44 63
44 68
45 55
45 64
45 67
45 69
45 70
45 71
46 47
46 55
47 48
47 49
47 63
47 82
47 84
48 60
48 63
48 66
48 79
49 69
49 80
49 83
49 85
49 87
50 53
50 54
50 55
50 58
50 88
51 75
51 76
51 81
52 64
52 69
52 88
53 65
53 75
53 85
54 86
56 60
56 62
56 73
56 80
56 83
57 63
57 66
57 75
58 80
59 64
59 81
60 63
60 65
60 66
60 75
60 76
60 77
61 75
62 73
62 81
64 71
64 73
64 74
64 87
64 88
65 67
65 87
66 70
66 74
66 79
67 81
68 78
68 83
68 87
70 71
70 88
71 72
71 89
72 77
72 82
72 86
73 80
73 81
75 82
75 88
77 80
77 84
77 89
79 89
80 82
82 83
82 85
86 89
47 54 81 42 41 89 77 37 32 85 75 83 0
49 53 30 61 40 34 44 18 38 16 76 74 71
21 9 50 4 14 19 88 39 80 20 51 58 5
66 31 7 65 6 8 78 70 55 15 33 13 26
25 69 56 86 11 2 3 10 24 35 62 57 22
67 17 52 12 28 82 27 23 45 87 68 43 46
1 79 64 73 59 29 36 60 63 72 48 84
