90
834
5
1
77
64
82
68
0 16
0 19
0 20
0 21
0 26
0 30
0 33
0 42
0 47
0 53
0 57
0 58
0 66
0 69
0 79
0 80
0 83
0 87
0 89
1 4
1 5
1 22
1 23
1 30
1 32
1 34
1 35
1 44
1 45
1 47
1 49
1 50
1 51
1 59
1 61
1 72
1 84
2 6
2 9
2 16
2 37
2 42
2 55
2 64
2 71
2 74
2 80
3 6
3 7
3 16
3 22
3 23
3 24
3 25
3 26
3 28
3 32
3 33
3 47
3 48
3 53
3 56
3 63
3 70
3 74
3 78
3 84
4 17
4 19
4 23
4 25
4 29
4 30
4 35
4 37
4 38
4 41
4 43
4 44
4 45
4 48
4 59
4 74
4 78
4 80
4 85
4 88
5 6
5 8
5 10
5 11
5 16
5 18
5 19
5 22
5 23
5 24
5 31
5 33
5 34
5 35
5 36
5 47
5 53
5 59
5 62
5 63
5 65
5 68
5 70
5 75
5 82
5 85
6 11
6 17
6 24
6 25
6 26
6 32
6 33
6 37
6 42
6 48
6 55
6 58
6 68
6 69
6 72
6 73
6 77
6 79
6 80
6 85
7 14
7 20
7 25
7 26
7 31
7 33
7 48
7 49
7 52
7 57
7 61
7 63
7 67
7 72
7 74
7 81
7 82
7 88
8 10
8 12
8 26
8 27
8 28
8 30
8 32
8 57
8 68
8 72
8 81
8 82
8 86
8 88
9 17
9 19
9 24
9 29
9 34
9 37
9 38
9 41
9 47
9 59
9 61
9 74
9 79
9 83
9 85
9 88
10 11
10 20
10 24
10 25
10 26
10 28
10 32
10 39
10 45
10 50
10 51
10 52
10 53
10 59
10 60
10 61
10 66
10 69
10 75
10 76
10 78
10 80
10 85
10 88
11 19
11 20
11 22
11 23
11 33
11 35
11 38
11 40
11 45
11 54
11 57
11 62
11 63
11 69
11 76
11 79
11 81
11 82
11 85
11 89
12 35
12 41
12 47
12 50
12 56
12 63
12 65
12 78
12 79
12 80
12 88
12 89
13 19
13 23
13 26
13 31
13 32
13 35
13 39
13 41
13 46
13 47
13 52
13 67
13 69
13 72
13 73
13 86
13 88
14 22
14 23
14 24
14 40
14 41
14 42
14 43
14 45
14 46
14 53
14 64
14 67
14 73
14 82
14 83
14 85
15 18
15 20
15 39
15 40
15 43
15 49
15 53
15 56
15 59
15 72
15 81
15 84
15 85
16 56
16 64
16 65
16 66
16 67
16 71
16 73
16 75
16 82
16 85
16 86
16 87
16 88
16 89
17 31
17 32
17 33
17 40
17 45
17 47
17 57
17 60
17 66
17 67
17 73
17 86
18 19
18 22
18 26
18 35
18 41
18 42
18 46
18 55
18 59
18 72
18 76
18 88
19 23
19 26
19 28
19 40
19 47
19 55
19 60
19 66
19 69
19 73
19 75
19 76
19 78
19 82
19 83
19 88
20 22
20 28
20 34
20 39
20 49
20 50
20 51
20 53
20 62
20 64
20 65
20 68
20 73
20 82
20 88
21 28
21 41
21 49
21 52
21 53
21 55
21 59
21 60
21 66
21 69
21 74
21 78
21 82
21 84
21 85
22 23
22 26
22 27
22 33
22 37
22 43
22 47
22 49
22 63
22 67
22 74
22 81
22 84
22 86
22 88
23 24
23 26
23 34
23 37
23 42
23 44
23 48
23 49
23 50
23 54
23 55
23 59
23 61
23 63
23 66
23 70
23 72
23 73
23 75
23 77
23 78
23 81
23 84
23 89
24 25
24 27
24 29
24 32
24 38
24 49
24 55
24 77
24 82
24 87
25 33
25 37
25 38
25 41
25 47
25 51
25 52
25 53
25 57
25 61
25 63
25 72
25 77
25 78
25 79
25 85
25 89
26 28
26 43
26 46
26 48
26 53
26 55
26 58
26 61
26 65
26 72
26 82
26 85
26 86
27 30
27 31
27 32
27 33
27 40
27 49
27 54
27 57
27 58
27 60
27 64
27 68
27 70
27 73
27 75
27 76
27 79
27 85
27 86
28 31
28 41
28 42
28 48
28 52
28 59
28 64
28 69
28 70
28 85
28 88
29 41
29 55
29 60
29 61
29 67
29 68
29 69
29 73
29 85
29 89
30 31
30 36
30 38
30 42
30 49
30 50
30 71
30 80
30 87
30 88
30 89
31 39
31 40
31 48
31 51
31 54
31 55
31 67
31 75
31 80
31 81
31 82
31 85
32 33
32 43
32 47
32 48
32 66
32 75
32 81
32 83
32 84
32 87
32 88
32 89
33 35
33 36
33 38
33 44
33 48
33 50
33 52
33 54
33 60
33 75
33 83
33 86
33 87
34 38
34 54
34 61
34 71
34 72
34 80
35 38
35 48
35 51
35 53
35 55
35 59
35 61
35 63
35 65
35 73
35 79
35 84
36 39
36 42
36 44
36 47
36 50
36 51
36 53
36 55
37 45
37 54
37 61
37 64
37 65
37 67
37 69
37 70
37 71
37 72
37 73
37 78
37 79
37 84
37 86
38 41
38 44
38 46
38 54
38 62
38 66
38 73
38 75
38 80
39 44
39 49
39 51
39 53
39 55
39 60
39 61
39 63
40 42
40 43
40 53
40 56
40 59
40 88
40 89
41 43
41 46
41 55
41 60
41 61
41 82
41 86
41 88
41 89
42 59
42 70
42 73
42 79
42 83
42 87
43 45
43 47
43 50
43 55
43 58
43 61
43 72
43 76
43 77
43 80
43 83
43 84
44 50
44 56
44 80
44 85
45 48
45 52
45 67
45 73
45 76
45 82
45 88
46 48
46 51
46 53
46 59
46 60
46 61
46 66
46 74
46 76
46 82
46 87
47 50
47 53
47 54
47 68
47 72
47 76
47 82
47 84
47 85
48 55
48 56
48 57
48 66
48 67
48 68
48 71
48 72
48 84
48 85
49 50
49 51
49 55
49 58
49 61
49 68
49 75
49 76
49 83
49 84
50 62
50 63
50 64
50 67
50 73
50 79
50 81
50 83
50 86
51 52
51 60
51 63
51 65
51 68
51 69
51 75
51 76
51 79
51 81
51 89
52 53
52 59
52 61
52 86
52 88
53 56
53 59
53 63
53 67
53 75
53 79
53 82
53 86
53 88
54 55
54 56
54 57
54 60
54 61
54 63
54 65
54 70
54 77
54 79
54 84
55 59
55 62
55 65
55 67
55 70
55 83
55 84
56 64
56 65
56 71
56 76
57 62
57 66
57 70
57 71
57 75
57 76
57 77
57 80
57 81
57 86
57 87
58 65
58 74
58 79
59 63
59 74
59 82
59 84
59 89
60 68
60 71
60 77
60 79
61 68
61 70
61 77
61 86
61 89
62 69
62 74
62 76
62 78
62 89
63 64
63 69
63 84
64 66
65 72
65 85
66 70
66 76
66 78
66 79
66 81
66 85
67 80
67 81
67 88
68 74
68 82
68 84
69 74
69 75
69 85
69 89
70 76
70 89
71 73
71 75
71 82
71 84
71 85
71 88
72 76
72 88
72 89
73 76
73 87
74 75
74 76
74 80
74 82
74 83
75 82
75 85
75 89
76 77
76 78
76 80
76 82
77 80
77 81
77 88
78 79
78 81
79 82
79 87
80 87
80 89
81 83
81 85
81 86
82 83
83 84
84 85
84 86
84 88
84 89
85 86
86 87
87 89
74 79 39 66 47 64 80 56 53 31 55 84 22 65 51 44 21 59
37 78 68 1 49 10 73 60 52 67 35 3 58 46 14 24 85 25
34 48 36 89 87 5 6 32 18 2 86 13 62 12 69 15 57 83
76 27 20 75 8 38 41 50 19 7 82 28 9 72 71 0 4 26
11 23 70 30 43 88 54 42 61 45 33 40 77 81 17 16 29 63
