90
407
5
57
94
40
29
36
0 7
0 20
0 22
0 36
0 37
0 41
0 48
0 51
0 67
1 3
1 7
1 16
1 59
1 75
1 85
1 88
2 30
2 47
2 56
2 73
2 78
2 81
2 87
3 5
3 10
3 42
3 54
3 60
3 63
3 77
3 79
4 7
4 11
4 13
4 16
4 23
4 24
4 34
4 46
4 59
4 62
4 64
4 67
4 76
5 12
5 26
5 37
5 40
5 47
5 86
6 13
6 33
6 46
6 48
6 56
6 73
6 78
6 79
7 22
7 25
7 38
7 41
7 51
7 52
7 62
7 65
7 66
7 74
7 82
7 89
8 38
8 44
8 46
8 49
8 62
8 64
8 67
8 79
8 82
9 13
9 14
9 28
9 33
9 49
9 62
9 68
9 71
9 73
9 77
9 78
9 81
9 84
9 88
10 18
10 48
10 63
10 68
10 71
10 77
10 80
10 83
11 23
11 24
11 45
11 58
11 65
11 78
12 15
12 16
12 29
12 30
12 39
12 51
12 60
12 76
13 25
13 41
13 48
13 58
13 62
14 22
14 29
14 31
14 39
14 49
14 52
14 61
14 68
14 75
14 81
14 85
15 28
15 51
15 59
15 61
15 89
16 23
16 34
16 51
16 52
16 55
16 59
16 75
17 45
17 50
17 66
17 69
17 80
17 82
18 31
18 56
18 68
18 69
18 70
18 87
19 39
19 46
19 63
19 79
19 86
20 31
20 38
20 45
20 49
20 59
20 85
21 44
21 50
21 58
22 27
22 39
22 48
22 51
22 53
22 61
22 71
22 79
22 80
22 88
23 29
23 35
23 47
23 62
23 66
24 25
24 37
24 41
24 58
24 69
24 70
24 72
24 76
24 79
24 88
25 32
25 58
25 69
25 78
25 81
26 34
26 41
26 43
26 46
26 76
26 84
27 29
27 32
27 49
27 77
27 87
28 32
28 37
28 51
28 56
28 71
28 87
29 34
29 39
29 52
29 53
29 70
29 73
30 35
30 47
30 59
30 63
31 49
31 56
31 63
31 65
31 80
31 89
32 37
32 48
32 58
32 63
32 77
32 79
33 47
33 48
33 59
33 66
33 67
33 87
34 36
34 58
34 84
35 39
35 40
35 49
35 58
35 69
35 71
35 73
36 52
36 55
36 81
37 38
37 45
37 60
37 70
37 75
37 81
37 83
37 86
37 88
38 52
38 56
38 59
38 65
38 68
38 89
39 70
39 73
39 78
40 46
40 56
40 60
40 63
40 65
40 74
40 78
40 79
40 80
40 81
40 89
41 46
41 53
41 61
41 64
41 77
41 87
42 46
42 65
42 72
42 80
43 45
43 46
43 47
43 66
43 70
43 84
44 53
44 64
44 65
44 68
45 49
45 52
45 53
45 68
45 70
46 55
46 64
46 69
46 78
46 89
47 48
47 52
47 58
47 64
47 77
47 78
47 83
47 85
48 86
49 57
49 60
49 70
49 73
49 88
50 55
50 79
50 85
51 76
52 59
52 89
53 56
53 60
53 63
53 71
53 89
54 65
54 71
54 73
54 77
54 81
54 83
54 88
55 57
55 82
56 62
56 63
56 78
56 84
57 68
57 71
57 73
57 82
57 85
57 89
58 64
58 78
59 73
60 70
60 73
60 82
60 83
60 85
60 89
61 69
61 71
61 79
61 83
62 68
62 69
62 82
64 75
66 71
67 70
67 74
67 76
67 79
67 88
68 71
68 80
69 73
69 75
70 76
71 87
72 83
72 84
72 87
73 77
73 78
73 87
74 79
75 80
75 81
75 86
75 88
76 89
77 78
79 88
80 87
82 89
84 89
87 88
12 3 10 78 47 79 48 36 1 65 6 41 64 21 43 83 29 54 51 38 80 20
32 74 8 45 52 15 49 17 35 7 59 39 44 63 24 75 33 26 82 57 11 23
25 28 4 0 42 69 70 77 14 34 76 72 53 46 84 68 71 81 66 62 19 60
56 89 30 73 2 22 40 88 5 37 67 50 86 31 55 27 85 87 61 16 18 13
9 58
