90
806
7
99
0
93
23
12
89
96
0 3
0 4
0 9
0 13
0 20
0 21
0 30
0 32
0 35
0 36
0 37
0 39
0 40
0 43
0 59
0 61
0 69
0 77
1 2
1 4
1 9
1 11
1 12
1 15
1 17
1 18
1 19
1 28
1 31
1 34
1 37
1 39
1 48
1 49
1 57
1 61
1 65
1 71
1 79
1 89
2 5
2 6
2 11
2 16
2 22
2 24
2 36
2 40
2 43
2 44
2 48
2 49
2 54
2 56
2 73
2 78
3 4
3 7
3 19
3 21
3 23
3 38
3 41
3 43
3 50
3 65
3 66
3 80
3 86
3 87
3 89
4 10
4 11
4 17
4 21
4 29
4 34
4 45
4 48
4 54
4 57
4 66
4 67
5 10
5 11
5 17
5 20
5 28
5 30
5 31
5 38
5 39
5 41
5 42
5 45
5 50
5 51
5 56
5 62
5 66
5 67
5 69
5 74
5 76
5 82
6 13
6 21
6 22
6 31
6 43
6 46
6 50
6 52
6 58
6 71
6 76
6 79
6 80
6 84
6 85
6 87
6 88
6 89
7 21
7 22
7 24
7 33
7 34
7 38
7 41
7 42
7 59
7 65
7 68
7 69
7 70
7 71
7 76
7 77
8 11
8 13
8 15
8 28
8 34
8 49
8 54
8 56
8 61
8 67
8 77
8 89
9 19
9 26
9 37
9 51
9 52
9 64
9 65
9 70
9 75
9 77
9 81
9 88
10 11
10 13
10 32
10 34
10 36
10 37
10 43
10 45
10 50
10 51
10 57
10 61
10 63
10 68
10 83
10 88
10 89
11 13
11 21
11 29
11 40
11 46
11 54
11 55
11 59
11 64
11 71
11 73
11 78
11 82
11 87
12 14
12 16
12 21
12 22
12 33
12 46
12 51
12 53
12 55
12 61
12 73
12 78
12 81
12 83
13 19
13 28
13 29
13 32
13 34
13 40
13 43
13 62
13 63
13 68
13 70
13 81
13 85
14 16
14 18
14 19
14 26
14 27
14 33
14 34
14 35
14 41
14 47
14 55
14 59
14 61
14 62
14 65
14 66
14 69
14 79
14 80
14 87
15 19
15 21
15 34
15 35
15 42
15 52
15 65
15 69
15 76
15 89
16 28
16 32
16 33
16 34
16 37
16 38
16 49
16 55
16 60
16 62
16 63
16 66
16 67
16 68
16 72
16 73
16 75
16 76
16 79
16 88
17 23
17 26
17 32
17 36
17 43
17 44
17 47
17 50
17 54
17 56
17 59
17 60
17 61
17 63
17 68
17 73
17 76
17 80
17 86
17 87
18 21
18 30
18 33
18 34
18 40
18 43
18 46
18 48
18 49
18 56
18 57
18 63
18 67
18 70
18 72
18 74
18 84
19 33
19 44
19 47
19 52
19 59
19 64
19 82
19 85
20 24
20 40
20 43
20 44
20 47
20 49
20 61
20 62
20 64
20 67
20 81
20 82
20 84
21 24
21 28
21 33
21 34
21 38
21 41
21 49
21 50
21 53
21 54
21 57
21 59
21 76
21 77
21 84
22 30
22 40
22 49
22 55
22 56
22 73
22 78
22 80
22 83
22 84
22 89
23 29
23 30
23 31
23 40
23 43
23 45
23 55
23 58
23 59
23 64
23 65
23 69
23 70
23 87
24 30
24 37
24 38
24 42
24 46
24 48
24 59
24 62
24 71
24 78
24 84
24 86
24 87
25 33
25 37
25 40
25 44
25 45
25 46
25 52
25 53
25 55
25 58
25 63
25 70
25 73
25 83
26 36
26 42
26 46
26 54
26 55
26 57
26 60
26 69
26 71
26 72
26 75
26 76
26 82
26 84
26 88
27 33
27 37
27 38
27 43
27 49
27 54
27 58
27 76
27 77
27 81
28 31
28 40
28 43
28 45
28 50
28 54
28 55
28 58
28 72
28 77
28 78
28 82
28 84
29 34
29 35
29 38
29 45
29 46
29 50
29 64
29 65
29 69
29 79
29 83
29 86
29 88
30 32
30 35
30 36
30 41
30 42
30 46
30 47
30 49
30 56
30 58
30 61
30 64
30 69
30 70
30 71
30 74
30 75
30 77
30 83
30 89
31 37
31 51
31 54
31 57
31 65
31 72
31 78
31 84
32 33
32 36
32 39
32 56
32 58
32 74
32 77
32 84
32 86
33 54
33 66
33 69
33 74
34 35
34 45
34 49
34 51
34 65
34 75
34 76
34 79
34 80
35 40
35 49
35 52
35 53
35 55
35 63
35 67
35 71
35 73
35 77
35 78
36 42
36 44
36 68
36 72
36 73
37 43
37 45
37 55
37 59
37 60
37 61
37 62
37 66
37 71
37 81
37 84
38 40
38 44
38 52
38 56
38 58
38 60
38 64
38 67
38 68
38 71
38 73
38 78
38 80
38 83
38 85
39 45
39 47
39 49
39 56
39 59
39 60
39 61
39 63
39 69
39 70
39 77
39 84
39 89
40 44
40 49
40 65
40 68
40 70
40 76
40 78
40 83
40 85
40 87
41 44
41 48
41 50
41 51
41 58
41 64
41 68
41 75
41 79
41 83
41 87
41 89
42 48
42 53
42 56
42 60
42 69
42 70
42 71
42 74
42 79
43 45
43 51
43 52
43 53
43 54
43 55
43 64
43 69
43 77
44 56
44 59
44 61
44 66
44 70
44 72
44 76
44 78
44 83
44 87
45 59
45 60
45 61
45 62
45 64
45 67
45 69
45 71
45 74
45 76
45 87
45 88
46 49
46 53
46 54
46 62
46 63
46 68
46 72
46 78
46 79
46 84
46 88
47 51
47 54
47 56
47 87
48 57
48 61
48 63
48 68
48 72
48 74
48 78
48 79
48 81
48 84
49 50
49 52
49 56
49 57
49 61
49 72
49 79
50 51
50 52
50 60
50 63
50 73
50 79
50 84
51 52
51 55
51 61
51 63
51 66
51 73
51 76
51 88
52 53
52 56
52 57
52 61
52 62
52 65
52 67
52 73
52 77
52 79
52 86
53 57
53 65
53 66
53 78
53 81
53 83
54 59
54 66
54 71
54 73
54 74
54 85
55 56
55 57
55 73
55 76
55 77
55 84
55 89
56 58
56 62
56 64
56 70
56 75
56 78
56 80
56 83
56 87
57 58
57 71
57 72
57 74
57 81
58 67
58 71
58 82
58 85
59 60
59 61
59 66
59 76
59 84
59 88
60 62
60 65
60 68
60 72
60 75
60 76
60 80
60 82
60 88
61 65
61 74
61 89
62 67
62 68
62 76
62 88
63 72
63 75
63 79
63 89
64 69
64 73
64 75
64 81
64 83
64 88
65 68
65 69
65 73
65 77
65 78
65 82
65 86
66 68
66 70
66 86
66 87
66 89
67 68
67 69
67 79
67 86
67 87
68 71
68 75
68 87
68 88
69 70
69 71
70 72
70 75
70 78
70 85
70 86
71 75
71 77
71 78
71 83
71 86
71 88
72 75
72 80
72 87
72 88
73 76
74 82
74 87
75 81
75 88
76 80
76 89
77 82
77 88
77 89
78 83
78 88
79 80
79 86
79 87
79 88
80 86
81 83
82 85
82 89
83 85
84 88
84 89
85 87
85 89
86 89
87 89
2 16 51 3 89 76 87 52 61 62 19 44 23
71 27 9 35 8 68 26 54 37 15 80 53 21
28 88 83 18 66 46 72 6 57 73 79 70 12
41 33 13 17 25 56 74 50 24 43 30 4 81
20 1 82 64 75 84 14 48 11 39 22 40 38
42 63 7 47 67 60 77 45 69 78 49 29 59
55 65 5 0 34 58 36 86 32 31 85 10
