90
413
5
74
73
44
20
45
0 4
0 10
0 13
0 17
0 25
0 31
0 45
0 53
0 66
0 71
0 77
1 18
1 26
1 34
1 41
1 53
1 54
1 61
1 70
1 78
1 86
1 89
2 14
2 25
2 61
2 65
2 70
2 80
3 27
3 33
3 35
3 54
3 59
3 66
3 67
3 75
3 86
4 7
4 17
4 23
4 26
4 30
4 32
4 37
4 38
4 69
4 80
4 83
5 9
5 16
5 18
5 25
5 30
5 35
5 37
5 43
5 47
5 77
5 89
6 11
6 15
6 31
6 34
6 53
6 63
6 67
6 87
7 17
7 39
7 43
7 61
7 62
7 74
7 75
8 20
8 45
8 46
8 68
8 71
8 84
9 20
9 32
9 36
9 51
9 54
9 55
9 79
9 85
9 89
10 27
10 34
10 52
10 58
10 60
10 62
10 71
11 12
11 38
11 39
11 42
11 43
11 54
11 71
11 81
11 86
11 89
12 22
12 27
12 36
12 40
12 45
12 87
13 40
13 58
13 64
13 69
13 71
13 77
14 16
14 30
14 32
14 35
14 68
14 82
15 33
15 38
15 40
15 57
15 77
15 78
16 17
16 27
16 29
16 34
16 59
17 26
17 40
17 82
18 45
18 48
18 58
18 67
18 88
19 39
19 44
20 21
20 42
20 47
20 49
20 61
20 71
20 76
20 77
21 28
21 32
21 35
21 49
21 55
21 59
21 65
22 35
22 54
22 55
22 59
22 62
22 63
22 64
22 75
22 80
23 50
23 57
23 62
23 71
23 72
23 78
24 32
24 41
24 57
24 58
24 66
24 74
24 77
25 39
25 43
25 54
25 57
25 58
25 69
25 74
25 86
26 51
26 57
26 60
26 76
26 77
26 88
27 35
27 36
27 44
27 54
27 65
27 69
27 76
27 88
28 33
28 39
28 41
28 53
28 64
28 69
28 72
28 78
29 31
29 44
29 47
29 54
29 75
29 85
30 36
30 40
30 50
30 58
30 64
30 81
30 87
31 36
31 40
31 44
31 51
31 54
31 61
31 64
31 70
31 73
31 74
31 89
32 50
32 56
32 67
32 83
33 60
33 64
33 70
33 75
33 77
33 81
33 87
33 88
34 35
34 37
34 39
34 47
34 50
34 77
34 84
35 46
35 47
35 53
35 58
35 68
35 73
35 76
36 39
36 80
36 83
36 88
37 40
37 41
37 73
37 79
37 87
38 39
38 45
38 46
38 57
39 44
39 49
39 56
39 58
39 64
39 68
39 75
39 87
40 48
40 69
40 72
40 87
41 46
41 68
41 88
42 48
42 50
42 59
42 60
42 85
43 56
43 59
43 61
43 63
43 75
43 88
44 55
44 57
44 70
44 76
45 62
45 69
45 83
46 54
46 61
46 62
46 66
46 83
47 48
47 57
47 67
48 49
48 51
48 70
48 82
49 54
49 57
49 58
49 69
49 71
49 77
49 80
49 84
49 86
50 54
50 58
50 77
50 80
50 89
51 58
51 61
51 67
52 60
52 80
52 81
52 85
53 58
53 61
53 66
53 69
55 65
55 70
56 60
56 88
57 63
57 70
57 74
58 59
58 63
58 64
58 75
59 73
61 68
61 74
61 80
61 83
62 76
62 80
62 87
63 68
63 75
63 79
63 84
64 66
64 70
65 66
65 68
65 71
65 75
65 79
66 72
66 76
66 83
66 88
67 76
67 83
67 89
68 73
68 75
69 72
69 83
69 88
70 86
71 72
71 74
71 79
71 83
72 74
72 80
72 86
74 80
74 84
74 88
75 76
75 80
76 83
77 87
78 81
78 82
79 82
80 81
81 83
81 85
83 87
84 87
84 89
85 87
88 89
68 18 46 28 49 76 37 7 89 71 57 52 25 0 83 21 4 36
64 40 79 65 63 15 12 42 56 44 77 41 60 27 75 17 50 2
55 67 51 86 47 31 23 30 8 19 5 80 39 3 24 20 45 85
1 29 87 88 69 32 59 82 33 53 22 34 38 13 78 11 58 43
61 14 70 10 16 74 81 54 48 72 62 9 66 6 26 35 73 84
