90
834
10
4
6
70
19
14
71
56
47
76
22
0 2
0 11
0 28
0 29
0 38
0 40
0 43
0 48
0 56
0 60
0 61
0 69
0 70
0 72
0 74
0 75
0 76
0 85
0 87
1 4
1 6
1 7
1 8
1 10
1 14
1 27
1 35
1 37
1 44
1 59
1 60
1 68
1 86
2 3
2 4
2 16
2 18
2 22
2 39
2 49
2 50
2 52
2 59
2 60
2 61
2 65
2 69
2 78
2 79
2 80
2 83
2 87
3 7
3 8
3 9
3 18
3 19
3 23
3 32
3 37
3 39
3 40
3 41
3 43
3 46
3 68
3 70
3 72
4 13
4 14
4 15
4 32
4 35
4 38
4 51
4 59
4 64
4 68
4 69
4 72
4 74
4 76
4 82
4 83
4 84
4 86
5 11
5 14
5 21
5 37
5 38
5 49
5 58
5 67
5 69
5 76
5 89
6 24
6 31
6 33
6 36
6 42
6 48
6 50
6 54
6 68
6 70
6 71
6 74
6 75
6 77
6 78
6 80
6 81
6 82
6 83
6 85
7 17
7 24
7 25
7 32
7 39
7 48
7 49
7 51
7 52
7 62
7 68
7 82
7 87
7 88
8 10
8 13
8 23
8 24
8 33
8 38
8 41
8 46
8 57
8 59
8 66
8 67
8 76
8 77
9 11
9 16
9 17
9 22
9 23
9 25
9 26
9 31
9 49
9 55
9 61
9 75
9 78
9 81
9 83
9 88
9 89
10 13
10 19
10 24
10 31
10 53
10 65
10 66
10 71
10 80
10 84
10 88
11 12
11 14
11 15
11 24
11 29
11 38
11 48
11 54
11 57
11 64
11 68
11 69
11 71
11 75
11 84
11 85
11 88
12 14
12 15
12 20
12 25
12 29
12 33
12 35
12 37
12 40
12 42
12 45
12 47
12 48
12 53
12 65
12 71
12 74
12 86
12 88
12 89
13 15
13 18
13 23
13 25
13 26
13 34
13 39
13 40
13 42
13 43
13 44
13 46
13 63
13 66
13 70
13 71
13 72
13 77
13 89
14 15
14 16
14 18
14 28
14 34
14 50
14 53
14 63
14 70
14 72
14 74
14 76
14 80
14 88
15 20
15 22
15 27
15 29
15 35
15 48
15 49
15 54
15 60
15 69
15 75
15 78
15 84
15 88
16 35
16 36
16 38
16 42
16 47
16 48
16 52
16 61
16 62
16 69
16 85
16 88
17 23
17 24
17 25
17 27
17 32
17 33
17 34
17 35
17 37
17 44
17 45
17 52
17 54
17 63
17 67
17 74
17 77
17 82
17 85
17 87
18 22
18 26
18 29
18 36
18 37
18 49
18 52
18 54
18 60
18 68
18 70
18 71
18 75
18 80
18 85
19 25
19 32
19 34
19 41
19 46
19 49
19 61
19 68
19 69
19 72
19 78
20 22
20 35
20 39
20 40
20 42
20 45
20 47
20 53
20 61
20 64
20 71
20 72
20 74
20 88
21 27
21 30
21 31
21 32
21 35
21 45
21 53
21 64
21 65
21 69
21 75
21 79
21 80
21 82
21 85
21 86
22 23
22 25
22 26
22 32
22 37
22 41
22 46
22 50
22 51
22 54
22 56
22 65
22 68
22 76
22 79
22 83
22 89
23 28
23 31
23 34
23 38
23 51
23 70
23 76
23 77
23 82
23 88
24 25
24 26
24 27
24 28
24 30
24 32
24 45
24 55
24 59
24 68
24 69
25 31
25 32
25 33
25 35
25 37
25 38
25 42
25 46
25 48
25 55
25 57
25 58
25 60
25 69
25 73
25 81
25 82
25 85
25 86
26 31
26 36
26 43
26 44
26 54
26 58
26 60
26 63
26 66
26 70
26 78
26 81
26 88
27 29
27 31
27 32
27 35
27 36
27 39
27 40
27 61
27 65
27 71
27 74
27 79
27 80
27 81
27 82
27 84
28 29
28 48
28 52
28 56
28 57
28 70
28 76
28 78
28 89
29 30
29 32
29 34
29 42
29 51
29 62
29 71
29 75
29 77
30 33
30 39
30 40
30 42
30 44
30 47
30 48
30 62
30 65
30 66
30 70
30 73
30 74
30 76
30 84
30 85
31 32
31 35
31 36
31 38
31 42
31 44
31 46
31 60
31 62
31 69
31 70
31 75
31 79
31 84
31 86
31 88
32 36
32 38
32 41
32 53
32 54
32 60
32 75
32 76
32 77
33 38
33 39
33 43
33 50
33 52
33 55
33 56
33 59
33 60
33 63
33 68
33 72
33 78
33 79
33 85
34 48
34 53
34 54
34 58
34 59
34 60
34 62
34 63
34 67
34 77
34 81
34 82
34 86
35 36
35 43
35 44
35 46
35 48
35 57
35 63
35 71
35 74
35 79
35 84
35 86
36 37
36 40
36 44
36 45
36 48
36 50
36 60
36 62
36 73
36 74
36 81
36 87
36 89
37 46
37 48
37 59
37 73
37 75
37 76
37 89
38 50
38 59
38 63
38 69
38 70
38 71
38 72
38 76
38 77
38 82
39 48
39 52
39 65
39 72
39 78
39 84
39 87
40 46
40 54
40 58
40 64
40 77
40 79
40 82
40 85
40 87
40 88
41 52
41 53
41 54
41 62
41 63
41 69
41 77
41 82
42 45
42 49
42 52
42 63
42 66
42 67
42 72
42 75
42 80
42 89
43 46
43 61
43 62
43 79
43 81
43 86
44 46
44 48
44 49
44 50
44 51
44 52
44 58
44 60
44 77
44 80
44 82
44 89
45 47
45 50
45 55
45 57
45 67
45 73
45 76
45 79
45 82
45 85
45 87
45 88
46 53
46 55
46 59
46 66
46 71
46 76
46 77
46 79
46 87
47 52
47 54
47 56
47 57
47 58
47 59
47 63
47 64
47 73
47 80
47 85
47 89
48 58
48 65
48 66
48 68
48 71
48 74
48 78
48 81
48 83
49 51
49 52
49 54
49 55
49 64
49 65
49 66
49 68
49 70
49 72
49 79
49 85
50 58
50 61
50 62
50 65
50 71
50 76
50 77
50 82
50 83
50 86
51 53
51 65
51 68
51 82
52 56
52 60
52 81
53 56
53 57
53 70
53 71
53 74
53 77
53 79
53 82
53 83
54 55
54 57
54 60
54 77
54 85
54 89
55 59
55 61
55 66
55 69
55 73
55 86
55 89
56 61
56 65
56 66
56 67
56 68
56 74
56 84
56 89
57 60
57 63
57 64
57 77
57 79
57 81
57 84
58 64
58 69
58 79
58 82
59 62
59 63
59 64
59 65
59 69
59 74
59 75
59 81
60 67
60 70
60 71
60 76
60 80
60 82
60 83
60 85
61 68
61 71
61 79
61 80
61 82
62 63
62 68
62 69
62 77
62 78
62 79
62 80
63 64
63 66
63 70
63 74
63 75
63 78
63 83
64 76
64 77
64 82
64 84
64 85
64 87
64 89
65 69
65 72
65 75
65 83
65 89
66 76
66 81
66 82
66 85
66 89
67 69
67 70
67 74
67 79
67 83
67 89
68 71
68 75
68 81
68 83
68 86
69 75
69 78
69 79
69 80
69 81
69 88
70 83
71 72
71 83
71 85
71 86
72 74
72 84
73 80
73 84
73 85
73 87
74 80
74 88
75 78
75 79
75 81
75 85
75 87
75 89
76 78
76 79
76 81
77 78
77 81
77 82
77 85
77 86
78 86
78 88
79 81
79 85
79 89
80 84
81 86
82 86
82 87
83 84
83 86
86 87
86 88
33 70 20 86 85 42 26 72 41
73 63 69 31 40 88 28 67 0
80 1 29 89 25 78 48 2 56
8 9 65 32 3 47 22 35 11
52 45 39 13 36 79 77 84 27
19 5 7 81 51 23 15 21 30
60 71 43 57 53 50 44 68 12
54 16 66 4 83 74 58 64 62
18 37 6 75 49 17 10 61 76
46 38 24 14 34 82 59 87 55
